# time_axis
5.999999999999999 7.0 7.30102999566398 7.477121254719661 7.602059991327962 7.698970004336018 7.778151250383643 7.845098040014256 7.903089986991943 7.954242509439324 8.0 8.041392685158224 8.079181246047623 8.113943352306837 8.146128035678238 8.176091259055681 8.204119982655925 8.230448921378272 8.255272505103306 8.278753600952827 8.301029995663981 8.47712125471966 8.60205999132796 8.698970004336019 8.778151250383644 8.845098040014257 8.903089986991942 8.954242509439323 8.999999999999998 9.004321373782641 9.008600171761916 9.012837224705171 9.017033339298779 9.021189299069936 9.02530586526477 9.02938377768521 9.033423755486949 9.041392685158224 9.079181246047623 9.146128035678236 9.204119982655923 9.255272505103305 9.301029995663981 9.361727836017593 9.414973347970816 9.462397997898954 9.477121254719663 9.505149978319904 9.544068044350274 9.57978359661681 9.60205999132796 9.612783856719734 9.653212513775342 9.698970004336017 9.778151250383642 9.845098040014257 9.903089986991944 9.954242509439325 10.0 10.041392685158225 10.079181246047623 10.113943352306835 10.146128035678236 
# total_gas_mass_list
8.702059991327962 8.690735963097168 8.68356820879164 8.677257120961452 8.671214254213897 8.665298920733356 8.659373402992621 8.653459156282965 8.647426864160858 8.641314246654012 8.63510203356051 8.628782984807533 8.622369560786014 8.615862353269732 8.609257731389498 8.602550402384349 8.595739758037793 8.58882108279865 8.581791692694093 8.574647459359497 8.56738369719594 8.578326663028468 8.57844913962484 8.57853452904236 8.57858609221156 8.578633547582069 8.578664533359087 8.578710357812865 8.578741611031509 8.578744686095385 8.578746746344866 8.57874859518593 8.578751539705108 8.578755894387431 8.578758125910754 8.57876167798518 8.578764205976846 8.578766208462875 8.578786689754912 8.578838751534871 8.578876166599466 8.578909190280717 8.578938381808678 8.57897694916533 8.579014430947653 8.579040195259251 8.57904913268479 8.579067128809127 8.579091261139862 8.57911243455035 8.579127726495146 8.579139600730377 8.579159193677325 8.579181386000357 8.579231053259306 8.579289468008854 8.579312170653983 8.579343311638803 8.579371027429707 8.57940440084549 8.579397595132692 8.579438944902613 8.579463849921757 
# ejected_gas_mass_list
-10.0 -10.0 6.621914347723306 6.99186046839366 7.199524113841583 7.343910337466883 7.453234860588313 7.54170712487989 7.61477856443011 7.677350717874068 7.731933861568209 7.780298780676943 7.823806486260253 7.863363009130595 7.89962353119795 7.933085138619974 7.964160139865403 7.993161224448869 8.020351031850566 8.045941129643422 8.070106794894045 8.103606234087957 8.103971536141541 8.104226100185624 8.104379772974992 8.10452117144638 8.10461348045889 8.104749971144448 8.104843044254512 8.104852201179728 8.104858336118896 8.104863841484446 8.104872609397388 8.104885576146346 8.10489222075706 8.104902797317356 8.10491032449246 8.104916286896415 8.104977266840528 8.105132247310596 8.105243603928383 8.105341874938913 8.105428730036104 8.105543463852936 8.105654948924448 8.105731570767759 8.105758148152354 8.105811660279072 8.105883411769586 8.10594635916708 8.105991817521838 8.106027113875793 8.106085350062202 8.106151306125591 8.106298894214877 8.106472433223994 8.106539866014176 8.106632351583519 8.10671465368842 8.106813742398398 8.106793536834452 8.106916291060417 8.106990214986453 
# stellar_mass_list
-10.0 7.144004116335582 7.29055782809203 7.378886773304349 7.445205433405749 7.498881079431195 7.543563581597974 7.581788673287492 7.61627163258231 7.647491880393321 7.675991468399572 7.70220716016648 7.726485039885392 7.749096903219894 7.770263651163758 7.790162808443837 7.808941637740094 7.826722594436114 7.843609880522066 7.859690208951494 7.87504003804001 7.718511749514762 7.680804499701706 7.656426241268173 7.638361236667064 7.624024145935534 7.612150458824624 7.602030221698102 7.593210948598196 7.5923902967284675 7.591581385445238 7.590782065646984 7.589991786859183 7.589206306624144 7.588427245797831 7.587656786394513 7.58690039995592 7.585419088849328 7.578430486348279 7.5663236292815315 7.556083400399036 7.54721356356874 7.539411811792775 7.529235779979585 7.5204646113991345 7.512736804231785 7.51028110240116 7.505852724713117 7.499611664211237 7.493875895429903 7.490470765251198 7.488780201912909 7.482466809982495 7.475352058014072 7.463271899888911 7.453145508429165 7.444462073981786 7.436765786656388 7.4298101611438785 7.423777161799808 7.417849998637587 7.412685124021422 7.407640766892209 
# remnant_mass_list
-10.0 -10.0 6.110853715082936 6.458172000500879 6.647253688652629 6.768707331494461 6.845953244795857 6.89657232782626 6.939555809674958 6.97815724083336 7.013568127246515 7.046431972929229 7.077161379350008 7.106054514947178 7.133335995392592 7.1591874531361075 7.183756753904864 7.2071682705369575 7.229526518596965 7.250924209548734 7.271439145091848 7.337910234096402 7.358912016430088 7.372051905337714 7.381524236643733 7.3888726957675965 7.394843294121069 7.399849150466583 7.40414979488788 7.404546817866705 7.404937629272151 7.405323445455553 7.405704361350534 7.406082787665631 7.406457843902274 7.4068282998371835 7.407191223828438 7.407900390827102 7.411226348113422 7.416903080702009 7.4216208638961065 7.425646478350893 7.4291402254542875 7.433631508579208 7.437443883269557 7.440759230735857 7.441807952784824 7.443677608011851 7.446297227531727 7.448684387046914 7.450083259216983 7.450778481021207 7.453354811103398 7.4562282433761276 7.461026754560875 7.464979343492709 7.4683156221269815 7.4712374500045415 7.473850947972875 7.47607798787868 7.478273276363203 7.480150290912621 7.4819831488160204 
# BH_mass_list
-10.0 -10.0 5.93204337602581 6.233073371689791 6.391678215997973 6.488275310498865 6.540478414832196 6.567303958052928 6.592568491785641 6.616443742713231 6.639074571398157 6.660584299767833 6.6810787802056835 6.700649546906035 6.71937628719087 6.737328801623176 6.7545685747854805 6.771150045988386 6.78712164617294 6.802526650803234 6.817403886595296 6.831788321147242 6.831788321147242 6.831788321147242 6.831788321147242 6.831788321147242 6.831788321147242 6.831788321147242 6.831788321147242 6.831788321147242 6.831788321147242 6.831788321147242 6.831788321147242 6.831788321147242 6.831788321147242 6.831788321147242 6.831788321147242 6.831788321147242 6.831788321147242 6.831788321147242 6.831788321147242 6.831788321147242 6.831788321147242 6.831788321147242 6.831788321147242 6.831788321147242 6.831788321147242 6.831788321147242 6.831788321147242 6.831788321147242 6.831788321147242 6.831788321147242 6.831788321147242 6.831788321147242 6.831788321147242 6.831788321147242 6.831788321147242 6.831788321147242 6.831788321147242 6.831788321147242 6.831788321147242 6.831788321147242 6.831788321147242 
# NS_mass_list
-10.0 -10.0 5.639120075424626 6.065061662050109 6.295449583007318 6.4452644270246395 6.541218638083027 6.604805499907392 6.653211398833879 6.694378484225596 6.7308308533600085 6.764085883309151 6.794974611368682 6.8238115368174705 6.850852347937865 6.876307729023172 6.90035333921377 6.92313717021045 6.944785067973309 6.965404942152412 6.985090020573062 7.02172689909804 7.02172689909804 7.02172689909804 7.02172689909804 7.02172689909804 7.02172689909804 7.02172689909804 7.02172689909804 7.02172689909804 7.02172689909804 7.02172689909804 7.02172689909804 7.02172689909804 7.02172689909804 7.02172689909804 7.02172689909804 7.02172689909804 7.02172689909804 7.02172689909804 7.02172689909804 7.02172689909804 7.02172689909804 7.02172689909804 7.02172689909804 7.02172689909804 7.02172689909804 7.02172689909804 7.02172689909804 7.02172689909804 7.02172689909804 7.02172689909804 7.02172689909804 7.02172689909804 7.02172689909804 7.02172689909804 7.02172689909804 7.02172689909804 7.02172689909804 7.02172689909804 7.02172689909804 7.02172689909804 7.02172689909804 
# WD_mass_list
-10.0 -10.0 -10.0 -10.0 -10.0 3.7050331070591738 4.816214490668951 5.2124811108578255 5.458207864932877 5.630810318194784 5.76408696386362 5.870726984632656 5.958626027130069 6.034003176351622 6.100280435249465 6.15960049258946 6.213379188620377 6.262619392525334 6.308048282911021 6.3502419170725455 6.38962844765456 6.650391525645674 6.744263700426039 6.795989470879554 6.830648725325088 6.856228604541528 6.876254828962361 6.892562532721885 6.906243407155706 6.90749164196919 6.9087179639724665 6.909926302766232 6.911117054433042 6.91229782995419 6.913465942541111 6.914617638185114 6.915743913473396 6.917939004082919 6.928135103709426 6.945175630509176 6.959007853712285 6.9705864889141615 6.980475336729531 6.992978398306606 7.003414249921143 7.012362448876222 7.015169030007367 7.020144629773571 7.027056903744644 7.0332970116684015 7.036928194970873 7.038725935153542 7.045348517290205 7.05266297954608 7.064714272934954 7.074492801017063 7.08264613102928 7.089713332301355 7.095978279994141 7.101275686096638 7.106461257777848 7.110866946367569 7.115144430379519 
