# time_axis
1000000 10000000 20000000 30000000 40000000 50000000 60000000 70000000 80000000 90000000 100000000 110000000 120000000 130000000 140000000 150000000 200000000 300000000 400000000 500000000 600000000 700000000 800000000 900000000 1000000000 1010000000 1020000000 1030000000 1040000000 1050000000 1060000000 1070000000 1080000000 1100000000 1200000000 1400000000 1600000000 1800000000 2000000000 2300000000 2600000000 2900000000 3000000000 3200000000 3500000000 3800000000 4000000000 4100000000 4500000000 5000000000 6000000000 7000000000 8000000000 9000000000 10000000000 11000000000 12000000000 13000000000 14000000000 
# SNIa_energy_release_list
0 0.0 0.0 0.0 0.0 0.0 1.5812000530714273e+54 7.162668556010954e+55 2.6491049653533764e+56 4.58385986832713e+56 6.3579977085788745e+56 7.94026697926622e+56 9.347578689305405e+56 1.060741585556863e+57 1.1745321524285385e+57 1.2782119695807784e+57 1.6915404948628346e+57 2.237808081680413e+57 2.6089093115801542e+57 2.890385471257724e+57 3.117231828679508e+57 3.307244852175081e+57 3.4707422836614685e+57 3.614219951982021e+57 3.742060680569477e+57 3.754104526882717e+57 3.766030295588545e+57 3.7778439369189876e+57 3.789533819801594e+57 3.80111004627124e+57 3.8125738752121455e+57 3.823922437800037e+57 3.83516228875411e+57 3.857327965658224e+57 3.962288937830484e+57 4.147653463816015e+57 4.307694865259323e+57 4.448505640335893e+57 4.574234919406823e+57 4.740698521901365e+57 4.88645989644105e+57 5.016101142519785e+57 5.056334968110486e+57 5.132836569678074e+57 5.2389962747964015e+57 5.3363698494877006e+57 5.397064235133395e+57 5.426267629434271e+57 5.536339882860076e+57 5.660825618701775e+57 5.876081661541986e+57 6.057907090798232e+57 6.215292478092013e+57 6.354082375943893e+57 6.478095870974159e+57 6.590364656303576e+57 6.6927862174905e+57 6.786980968277379e+57 6.87417617203678e+57 
# SNII_energy_release_list
0 -1.6550673281339468e+53 -4.997513358243015e+54 8.562395978404997e+55 3.758764163892708e+56 6.685576068472279e+56 9.147839345897633e+56 1.0735293652319742e+57 1.1212057857752797e+57 1.1396010147010664e+57 1.1462502111983728e+57 1.1485687114100557e+57 1.149393402123172e+57 1.149694355561139e+57 1.1498301303802809e+57 1.1499065842436604e+57 1.1500045638324672e+57 1.1500045638324672e+57 1.1500045638324672e+57 1.1500045638324672e+57 1.1500045638324672e+57 1.1500045638324672e+57 1.1500045638324672e+57 1.1500045638324672e+57 1.1500045638324672e+57 1.1500045638324672e+57 1.1500045638324672e+57 1.1500045638324672e+57 1.1500045638324672e+57 1.1500045638324672e+57 1.1500045638324672e+57 1.1500045638324672e+57 1.1500045638324672e+57 1.1500045638324672e+57 1.1500045638324672e+57 1.1500045638324672e+57 1.1500045638324672e+57 1.1500045638324672e+57 1.1500045638324672e+57 1.1500045638324672e+57 1.1500045638324672e+57 1.1500045638324672e+57 1.1500045638324672e+57 1.1500045638324672e+57 1.1500045638324672e+57 1.1500045638324672e+57 1.1500045638324672e+57 1.1500045638324672e+57 1.1500045638324672e+57 1.1500045638324672e+57 1.1500045638324672e+57 1.1500045638324672e+57 1.1500045638324672e+57 1.1500045638324672e+57 1.1500045638324672e+57 1.1500045638324672e+57 1.1500045638324672e+57 1.1500045638324672e+57 1.1500045638324672e+57 
# SN_energy_per_current_crossing_time_list
0.0 -5.4551819307428804e+54 -2.1535995475271971e+55 2.436342928044335e+56 7.744265187718966e+56 7.876207046152321e+56 6.7236478946113595e+56 4.468033669726707e+56 1.5398316160771249e+56 7.269086321609332e+55 3.8051360199545076e+55 2.379995178727294e+55 1.7728698444372062e+55 1.4697104980655874e+55 1.2954598972529685e+55 1.1729355000220082e+55 9.443065110389011e+54 6.401370143892341e+54 4.448910276802057e+54 3.435907010002525e+54 2.8109650728451543e+54 2.385096453797079e+54 2.0756411667727592e+54 1.839995823125663e+54 1.654567678447841e+54 1.5601421256580994e+54 1.5461532871090913e+54 1.532906533960159e+54 1.5181399438399794e+54 1.5046445090651748e+54 1.4912692895216838e+54 1.4775015047543452e+54 1.4645936654534337e+54 1.4464278355317149e+54 1.3803986483309816e+54 1.2358906326552724e+54 1.0799799822375935e+54 9.605061799687214e+53 8.659128671890444e+53 7.74059035527549e+53 6.854178203220174e+53 6.157181826008853e+53 5.750946323979266e+53 5.499147004408344e+53 5.129252578736556e+53 4.738837602290396e+53 4.450694956999288e+53 4.291653958908246e+53 4.077090893372122e+53 3.720505552180163e+53 3.264728329443179e+53 2.790257583196717e+53 2.441382620867731e+53 2.1737482207649207e+53 1.9608621345217274e+53 1.7894247480506252e+53 1.6457275978404811e+53 1.524731369990054e+53 1.4209220700616924e+53 
# SN_energy_per_final_crossing_time_list
0.0 -7.991338947606627e+53 -2.0997805875355606e+55 3.938016332937943e+56 1.261311337316227e+57 1.2718655616615068e+57 1.0702505391992936e+57 7.012533416053965e+56 2.3867834020438846e+56 1.114662121303251e+56 5.780565224787486e+55 3.5859657696167305e+55 2.651712286104739e+55 2.1837961118823604e+55 1.9133186111383157e+55 1.7227767902755766e+55 1.3556254653505336e+55 8.901907866518079e+54 6.047418952613416e+54 4.586900084386301e+54 3.6966597000350415e+54 3.0964283245328035e+54 2.6643335731911152e+54 2.3380940314126992e+54 2.0832764288723983e+54 1.9626500423276728e+54 1.9434082639820757e+54 1.925136127961555e+54 1.9049686070078197e+54 1.886447300947877e+54 1.8681311410767838e+54 1.849347481210525e+54 1.8316319701388097e+54 1.8060454103542226e+54 1.7104307969303673e+54 1.5103384969782367e+54 1.304007271213513e+54 1.1473173373209951e+54 1.0244342566008052e+54 9.042233075844421e+53 7.917696735456107e+53 7.042058117931775e+53 6.556453598363887e+53 6.2333023707586305e+53 5.766550660672663e+53 5.289291740611803e+53 4.9453403613102066e+53 4.75894839323135e+53 4.484308982915021e+53 4.057207778387075e+53 3.5077853918407646e+53 2.9630043189249834e+53 2.564732470010828e+53 2.2617027136436395e+53 2.0209083123450388e+53 1.829518000712207e+53 1.6690488750074928e+53 1.534985807778547e+53 1.4209220700616924e+53 
# total_energy_release_list
0 -1.6550673281339468e+53 -4.997513358243015e+54 8.562395978404997e+55 3.758764163892708e+56 6.685576068472279e+56 9.163651346428348e+56 1.1451560507920838e+57 1.3861162823106173e+57 1.5979870015337794e+57 1.7820499820562603e+57 1.9425954093366776e+57 2.0841512710537123e+57 2.210435941118002e+57 2.324362282808819e+57 2.4281185538244388e+57 2.8415450586953018e+57 3.38781264551288e+57 3.7589138754126214e+57 4.040390035090191e+57 4.267236392511975e+57 4.457249416007548e+57 4.620746847493936e+57 4.764224515814489e+57 4.8920652444019446e+57 4.904109090715184e+57 4.916034859421012e+57 4.9278485007514544e+57 4.939538383634061e+57 4.951114610103707e+57 4.962578439044613e+57 4.9739270016325036e+57 4.9851668525865775e+57 5.0073325294906915e+57 5.112293501662951e+57 5.297658027648482e+57 5.45769942909179e+57 5.59851020416836e+57 5.72423948323929e+57 5.8907030857338315e+57 6.036464460273517e+57 6.166105706352252e+57 6.206339531942953e+57 6.282841133510542e+57 6.389000838628868e+57 6.486374413320168e+57 6.547068798965862e+57 6.576272193266739e+57 6.686344446692543e+57 6.810830182534243e+57 7.026086225374454e+57 7.207911654630699e+57 7.36529704192448e+57 7.50408693977636e+57 7.628100434806626e+57 7.740369220136043e+57 7.842790781322966e+57 7.936985532109846e+57 8.024180735869246e+57 
# binding_energy_list
8.9536476554959e+54 8.9536476554959e+54 8.9536476554959e+54 8.9536476554959e+54 8.912509381337514e+54 8.892011178579445e+54 8.85115609830841e+54 8.830799004185586e+54 8.810488730080146e+54 8.790225168308896e+54 8.770008211436303e+54 8.749837752274363e+54 8.729713683881166e+54 8.709635899560761e+54 8.68960429286302e+54 8.68960429286302e+54 8.629785477669702e+54 8.531001140175843e+54 8.452788451602891e+54 8.394599865193965e+54 8.356030182312423e+54 8.317637711026743e+54 8.279421637123327e+54 8.241381150129963e+54 8.20351544329821e+54 8.20351544329821e+54 8.20351544329821e+54 8.20351544329821e+54 8.20351544329821e+54 8.20351544329821e+54 8.184647881347836e+54 8.184647881347836e+54 8.184647881347836e+54 8.184647881347836e+54 8.147042840208421e+54 8.109610578538388e+54 8.072350302488317e+54 8.035261221856194e+54 7.99834255007026e+54 7.94328234724279e+54 7.90678627999831e+54 7.870457896951001e+54 7.870457896951001e+54 7.852356346100775e+54 7.816278045883308e+54 7.798301105232642e+54 7.780365510398008e+54 7.780365510398008e+54 7.744617978025239e+54 7.72680585095699e+54 7.673614893618154e+54 7.638357835776954e+54 7.603262769401822e+54 7.568328950209705e+54 7.533555637337217e+54 7.516228940182015e+54 7.481695005111584e+54 7.464487584100623e+54 7.447319739059888e+54 
# total_gas_kinetic_energy_list
3.555417159551863e+57 1.5228208792543021e+59 3.012077053614756e+59 7.505020085266257e+58 3.0474271646780784e+58 1.1299080259715369e+58 3.9789547073614917e+57 1.3495331963613264e+57 4.520746687346735e+56 1.4569740164455638e+56 5.071261688205691e+55 1.503611340433766e+55 7.949751730069373e+54 1.2037440427926695e+55 3.603921701654917e+54 1.3616659665949027e+55 8.664600439476286e+55 1.9534573371339828e+56 2.7675708648926202e+56 3.4125518206577697e+56 3.947882384035159e+56 4.407342696160576e+56 4.816108774116154e+56 5.185693067778419e+56 5.52455198571762e+56 5.557369005477978e+56 5.5888599180490895e+56 5.620159141178714e+56 5.651741280547419e+56 5.683073079753832e+56 5.714068251446824e+56 5.745180874291741e+56 5.776875323650493e+56 5.8363732582545895e+56 6.124312346052257e+56 6.6475626002096e+56 7.106927064597293e+56 7.521441471500466e+56 7.892815783060673e+56 8.381810080625504e+56 8.81172184914518e+56 9.194571631972879e+56 9.317398504893222e+56 9.538460001321946e+56 9.85024063617608e+56 1.01214230789814e+57 1.028929566183249e+57 1.0364331188336434e+57 1.0662496705029273e+57 1.0970478159850666e+57 1.1490544929049289e+57 1.1886643856576235e+57 1.2264417870402479e+57 1.259695137387887e+57 1.2935591829348024e+57 1.3218908734737734e+57 1.350909485110468e+57 1.3773556906481297e+57 1.401419274552845e+57 
