# time_axis
5.999999999999999 7.0 7.30102999566398 7.477121254719661 7.602059991327962 7.698970004336018 7.778151250383643 7.845098040014256 7.903089986991943 7.954242509439324 8.0 8.041392685158224 8.079181246047623 8.113943352306837 8.146128035678238 8.176091259055681 8.301029995663981 8.47712125471966 8.60205999132796 8.698970004336019 8.778151250383644 8.845098040014257 8.903089986991942 8.954242509439323 8.999999999999998 9.004321373782641 9.008600171761916 9.012837224705171 9.017033339298779 9.021189299069936 9.02530586526477 9.02938377768521 9.033423755486949 9.041392685158224 9.079181246047623 9.146128035678236 9.204119982655923 9.255272505103305 9.301029995663981 9.361727836017593 9.414973347970816 9.462397997898954 9.477121254719663 9.505149978319904 9.544068044350274 9.57978359661681 9.60205999132796 9.612783856719734 9.653212513775342 9.698970004336017 9.778151250383642 9.845098040014257 9.903089986991944 9.954242509439325 10.0 10.041392685158225 10.079181246047623 10.113943352306835 10.146128035678236 
# total_gas_mass_list
8.7873673767305 10.42567569006224 10.721969761300674 10.118583865744805 9.727506351870925 9.297827699090117 8.846270454833514 8.383193085387607 7.920357294594426 7.477725914359918 7.093250987239882 6.811148626032563 6.642303913315464 6.551680951149566 6.499453007973215 6.463461609049888 7.179735300190953 7.518314399477238 7.6660438253768985 7.757788391664384 7.822767070629171 7.872203137969317 7.911739578980137 7.9443954152592635 7.972160476918467 7.974753539356597 7.977224324353094 7.979688382163985 7.982183326779886 7.984612824570241 7.986962964926029 7.989306915809981 7.991731321872149 7.996164327152719 8.017067025021763 8.05243337170543 8.081035649231543 8.10509609202261 8.12547409769147 8.150821005994581 8.171872801685533 8.189722828194563 8.195278631505232 8.205123431292348 8.218590074504363 8.229965019823085 8.236833675943407 8.239873805105436 8.251732310291166 8.263610057504106 8.28285890386401 8.29693875915518 8.309932962476289 8.32106475218055 8.332073938475322 8.341079114998047 8.350063188900615 8.358151058162283 8.365368226360069 
# ejected_gas_mass_list
-10.0 -10.0 -10.0 6.2297522484760295 6.892729547152384 7.18816289173474 7.339912399881992 7.437290719344173 7.51029965138474 7.567960174592805 7.615073281465991 7.65421889832915 7.687356272370315 7.715915127345811 7.740910144064766 7.763071119018853 7.846095982217339 7.944578691536324 8.005969361476254 8.050326839502763 8.084670135881995 8.112412799750768 8.135590258769605 8.155387475857328 8.172677257171745 8.174313226393837 8.17587540226146 8.177436577322469 8.179020625983258 8.180566312618605 8.182064501612482 8.183561670086755 8.18511329709132 8.187958487196925 8.201513696170066 8.224965067724083 8.244396140777187 8.261056037620047 8.275386027376289 8.29348554364594 8.308745065446509 8.321841631712596 8.325947023496825 8.333255232619232 8.343320742923023 8.35188382212525 8.357081274376892 8.359388082508108 8.368423183928169 8.377531404598724 8.392414070969414 8.403394022648307 8.413596287113613 8.422388053773227 8.43112923689179 8.438312974819763 8.445509716208834 8.452013734261104 8.457837482658356 
# stellar_mass_list
-10.0 7.203899289616999 8.849887128902264 9.284742721436263 9.282034361700898 9.270089262074684 9.254812917406293 9.240835320528094 9.229141246149211 9.219462665603741 9.211326896025202 9.204342245127428 9.198223559935046 9.192776402375445 9.187862671974688 9.183383580623811 9.165368860661722 9.14125325027955 9.124563348943019 9.111708189583311 9.101216833537311 9.092323342232719 9.084590001534782 9.077731762603639 9.071552716835425 9.070957890815492 9.070390148169981 9.069831340838364 9.069273237254675 9.06871364606748 9.068151828197516 9.067587382458331 9.067023425161052 9.065951543117961 9.0608288599718 9.051644433338758 9.0436354793388 9.03644193714009 9.03002173947878 9.021460601343545 9.01380425609131 9.006924629768214 9.004690791939666 9.00065519468141 8.994806653614887 8.989521038281417 8.986139571944694 8.984595854968632 8.978279503113828 8.97140172579373 8.958881219045907 8.948240711055949 8.938937805013103 8.930391929363406 8.922289444367305 8.915361252149419 8.908428982141332 8.902182484477906 8.896466513678769 
# remnant_mass_list
-10.0 -10.0 5.753779848038121 7.406378449134625 7.932685080304374 8.101504544644257 8.186361744143618 8.237309270522125 8.271304551112841 8.296173503492135 8.315575361602342 8.331411605728272 8.344765086351236 8.356293349703009 8.366420629819713 8.37543696647544 8.409619676445255 8.451081666434963 8.477258562203973 8.49617628092073 8.51087820227213 8.522855829757788 8.532928134535005 8.541605966801262 8.54922780536212 8.54995224197606 8.55064144392395 8.551318158892506 8.55199273966437 8.552667867493453 8.553344390960518 8.554022948854263 8.554699652863336 8.555980338978316 8.562029706000269 8.572586504431259 8.5814992191345 8.589283958412201 8.596058554408392 8.604849175766644 8.612486649458285 8.619174394970917 8.621313119826201 8.625129459186793 8.630570568563131 8.635390876861976 8.63843046057134 8.639804341788423 8.64536157547291 8.651271383830364 8.661693832377503 8.670213109733268 8.677418946555417 8.68385188805414 8.689794246879421 8.694745065762241 8.69959879202491 8.703878090051964 8.707717844050647 
# BH_mass_list
-10.0 -10.0 5.460523940626527 7.1087070749615195 7.576142650902144 7.642201934371897 7.666416775159567 7.675086587189894 7.678110795907909 7.679108248778693 7.679425512850101 7.679513013346466 7.67952906123868 7.679536672319053 7.679541831671663 7.679546019294643 7.679549732386396 7.679549732386396 7.679549732386396 7.679549732386396 7.679549732386396 7.679549732386396 7.679549732386396 7.679549732386396 7.679549732386396 7.679549732386396 7.679549732386396 7.679549732386396 7.679549732386396 7.679549732386396 7.679549732386396 7.679549732386396 7.679549732386396 7.679549732386396 7.679549732386396 7.679549732386396 7.679549732386396 7.679549732386396 7.679549732386396 7.679549732386396 7.679549732386396 7.679549732386396 7.679549732386396 7.679549732386396 7.679549732386396 7.679549732386396 7.679549732386396 7.679549732386396 7.679549732386396 7.679549732386396 7.679549732386396 7.679549732386396 7.679549732386396 7.679549732386396 7.679549732386396 7.679549732386396 7.679549732386396 7.679549732386396 7.679549732386396 
# NS_mass_list
-10.0 -10.0 5.44483406369609 7.101963655473107 7.680869261898496 7.916187697119665 8.02871253908833 8.083233460473684 8.098781777800031 8.104565912224876 8.106613763266717 8.10731078878527 8.107543496107901 8.107619241001826 8.107648345081724 8.107662557785895 8.10767992718811 8.10767992718811 8.10767992718811 8.10767992718811 8.10767992718811 8.10767992718811 8.10767992718811 8.10767992718811 8.10767992718811 8.10767992718811 8.10767992718811 8.10767992718811 8.10767992718811 8.10767992718811 8.10767992718811 8.10767992718811 8.10767992718811 8.10767992718811 8.10767992718811 8.10767992718811 8.10767992718811 8.10767992718811 8.10767992718811 8.10767992718811 8.10767992718811 8.10767992718811 8.10767992718811 8.10767992718811 8.10767992718811 8.10767992718811 8.10767992718811 8.10767992718811 8.10767992718811 8.10767992718811 8.10767992718811 8.10767992718811 8.10767992718811 8.10767992718811 8.10767992718811 8.10767992718811 8.10767992718811 8.10767992718811 8.10767992718811 
# WD_mass_list
-10.0 -10.0 -10.0 -10.0 -10.0 3.8149067541098347 5.563051575351854 6.629130714046988 7.132699562531693 7.35770711907726 7.493983134302626 7.5871850410090715 7.6559094967516605 7.709331049415127 7.752485936787715 7.788377849932394 7.907747608235943 8.027712897466815 8.093921767803234 8.138314641411954 8.171131403865884 8.196904690669536 8.217969186360815 8.235703685065337 8.250983434974076 8.252421861288394 8.253788136555832 8.255127589906344 8.256460789248843 8.257793050103992 8.259126047557372 8.260461034166061 8.26179036850468 8.264300732509776 8.276063862464987 8.296231921838043 8.31292194086827 8.327261312528048 8.339567684344875 8.355308206569914 8.36878416392754 8.380438570204618 8.384137785619084 8.390705944796133 8.399999445346578 8.408164691894452 8.413281510840013 8.415586306090454 8.424859163818654 8.434634623005918 8.45166734170256 8.465401768500444 8.476892446584158 8.487056446011616 8.496368904136988 8.504073012695178 8.511579175316912 8.51815937844668 8.524034307529588 
