# time_axis
1000000 10000000 20000000 30000000 40000000 50000000 60000000 70000000 80000000 90000000 100000000 110000000 120000000 130000000 140000000 150000000 200000000 300000000 400000000 500000000 600000000 700000000 800000000 900000000 1000000000 1010000000 1020000000 1030000000 1040000000 1050000000 1060000000 1070000000 1080000000 1100000000 1200000000 1400000000 1600000000 1800000000 2000000000 2300000000 2600000000 2900000000 3000000000 3200000000 3500000000 3800000000 4000000000 4100000000 4500000000 5000000000 6000000000 7000000000 8000000000 9000000000 10000000000 11000000000 12000000000 13000000000 14000000000 
# SNIa_energy_release_list
0 0.0 0.0 0.0 0.0 0.0 5.75583733132163e+54 2.6584729880287817e+55 4.8414265686106585e+55 6.817698537554144e+55 8.559827612771439e+55 1.0099993104134389e+56 1.147518847566332e+56 1.271602860180736e+56 1.3846170245436625e+56 1.4883758526124164e+56 1.9086457528246127e+56 2.4765846287069235e+56 2.868049015972329e+56 3.167142893904548e+56 3.409271897208016e+56 3.6126628740228107e+56 3.788052915709144e+56 3.942216110081253e+56 4.079748348516998e+56 4.092716173723095e+56 4.105564473537184e+56 4.118278003145703e+56 4.130866793598566e+56 4.143334295258152e+56 4.155676207280294e+56 4.167899052872956e+56 4.180008092104936e+56 4.203890007962997e+56 4.317022417358511e+56 4.5170015514343945e+56 4.689834236036622e+56 4.842025431198779e+56 4.977996004380578e+56 5.158126546241682e+56 5.315940028785455e+56 5.456363404455995e+56 5.499981724364317e+56 5.582855668072122e+56 5.697920642053127e+56 5.803478500194945e+56 5.869285228937674e+56 5.900957350353819e+56 6.020345026528357e+56 6.155375551968448e+56 6.388923567328901e+56 6.5862674474306835e+56 6.757124517892669e+56 6.907832632413362e+56 7.042528803954001e+56 7.164390562036393e+56 7.275624825351313e+56 7.377933097667637e+56 7.47264182266611e+56 
# SNII_energy_release_list
0 0.0 5.646636969575392e+54 2.9726340365736147e+55 6.513559180994691e+55 1.0133507089664486e+56 1.2851276667046514e+56 1.36395906016581e+56 1.386827642499127e+56 1.39346483373033e+56 1.395392566820225e+56 1.3959642373068455e+56 1.396140392424254e+56 1.3962035985140763e+56 1.39623516947352e+56 1.3962514016068502e+56 1.396281196911815e+56 1.396281196911815e+56 1.396281196911815e+56 1.396281196911815e+56 1.396281196911815e+56 1.396281196911815e+56 1.396281196911815e+56 1.396281196911815e+56 1.396281196911815e+56 1.396281196911815e+56 1.396281196911815e+56 1.396281196911815e+56 1.396281196911815e+56 1.396281196911815e+56 1.396281196911815e+56 1.396281196911815e+56 1.396281196911815e+56 1.396281196911815e+56 1.396281196911815e+56 1.396281196911815e+56 1.396281196911815e+56 1.396281196911815e+56 1.396281196911815e+56 1.396281196911815e+56 1.396281196911815e+56 1.396281196911815e+56 1.396281196911815e+56 1.396281196911815e+56 1.396281196911815e+56 1.396281196911815e+56 1.396281196911815e+56 1.396281196911815e+56 1.396281196911815e+56 1.396281196911815e+56 1.396281196911815e+56 1.396281196911815e+56 1.396281196911815e+56 1.396281196911815e+56 1.396281196911815e+56 1.396281196911815e+56 1.396281196911815e+56 1.396281196911815e+56 1.396281196911815e+56 
# SN_energy_per_current_crossing_time_list
0.0 0.0 1.4012389913131248e+55 5.48705409952144e+55 7.946772440027518e+55 8.127965578888517e+55 6.175253770255378e+55 1.9620019488895806e+55 7.062818153769496e+54 3.207874395197255e+54 1.93914568996663e+54 1.4597443717421102e+54 1.2304191227246618e+54 1.0913686697433414e+54 9.907687442244532e+53 9.090850192214604e+53 7.433870667013605e+53 5.105274861123147e+53 3.5698165179583445e+53 2.7608637862540996e+53 2.258990054688679e+53 1.915703657981867e+53 1.6663251129675384e+53 1.4763280459383536e+53 1.3268721922618355e+53 1.2519723185283754e+53 1.241283854702903e+53 1.2291073331183847e+53 1.217888838687823e+53 1.2069940735439637e+53 1.1956729827742267e+53 1.1849707478898653e+53 1.1747444846640127e+53 1.1599538814334843e+53 1.1061125365871556e+53 9.893658507711e+52 8.643258712036153e+52 7.686324221605791e+52 6.929252973504619e+52 6.195121166293742e+52 5.488129682462412e+52 4.932881536908372e+52 4.6120142074359206e+52 4.4076026931699807e+52 4.1152446186245037e+52 3.804707209504151e+52 3.575316586676507e+52 3.4492305054861176e+52 3.279991063037677e+52 2.996833843903698e+52 2.636746351304624e+52 2.2601560719334e+52 1.9817583441548745e+52 1.768730342756679e+52 1.5987515112147301e+52 1.4605056477377752e+52 1.3462318354058636e+52 1.2492696488827846e+52 1.1659773251486219e+52 
# SN_energy_per_final_crossing_time_list
0.0 0.0 1.8537822275548618e+55 7.90532956892958e+55 1.1624802758169032e+56 1.1884233277123654e+56 8.993256919228828e+55 2.8444510174319605e+55 1.0195196517199197e+55 4.612006090308997e+54 2.7776404110210906e+54 2.083805893524944e+54 1.7508609197029227e+54 1.548372601631017e+54 1.4017038065476688e+54 1.282723868698491e+54 1.0367610617305154e+54 6.992004710862985e+53 4.819393346938286e+53 3.682202244464263e+53 2.980896719042739e+53 2.50398542594356e+53 2.159260529232405e+53 1.8979327302025383e+53 1.6931858336768147e+53 1.5964938971611378e+53 1.581778896314142e+53 1.5651870771544136e+53 1.5498301998388316e+53 1.534898103270166e+53 1.5194365215060664e+53 1.5047780244183293e+53 1.490767104514465e+53 1.4700742921021854e+53 1.39279484648032e+53 1.230990786958047e+53 1.0638882072058626e+53 9.36827534364946e+52 8.369799362201944e+52 7.39207246147468e+52 6.476240432678718e+52 5.762597267052647e+52 5.369935238279185e+52 5.10138528475064e+52 4.7219567356941695e+52 4.331810298245008e+52 4.0507964581649005e+52 3.8992157703711526e+52 3.6745115965803504e+52 3.3247735278578176e+52 2.8752545264244085e+52 2.429538455503781e+52 2.10345424883715e+52 1.8553965777688505e+52 1.6582704687793674e+52 1.5002635367449191e+52 1.3694264050845717e+52 1.2595368135077663e+52 1.1659773251486219e+52 
# total_energy_release_list
0 0 5.646636969575392e+54 2.9726340365736147e+55 6.513559180994691e+55 1.0133507089664486e+56 1.3426860400178677e+56 1.629806358968688e+56 1.8709702993601927e+56 2.0752346874857443e+56 2.251375328097369e+56 2.4059635477202844e+56 2.543659239990586e+56 2.6678064586948126e+56 2.7808521940171826e+56 2.8846272542192666e+56 3.3049269497364277e+56 3.8728658256187385e+56 4.264330212884144e+56 4.563424090816363e+56 4.805553094119831e+56 5.008944070934626e+56 5.184334112620959e+56 5.338497306993068e+56 5.476029545428813e+56 5.488997370634909e+56 5.5018456704489996e+56 5.514559200057518e+56 5.527147990510381e+56 5.539615492169968e+56 5.55195740419211e+56 5.564180249784772e+56 5.576289289016752e+56 5.6001712048748114e+56 5.713303614270326e+56 5.913282748346209e+56 6.086115432948437e+56 6.238306628110594e+56 6.374277201292393e+56 6.554407743153497e+56 6.712221225697269e+56 6.852644601367811e+56 6.8962629212761326e+56 6.979136864983937e+56 7.094201838964943e+56 7.19975969710676e+56 7.265566425849489e+56 7.297238547265635e+56 7.416626223440172e+56 7.551656748880263e+56 7.7852047642407165e+56 7.982548644342498e+56 8.153405714804483e+56 8.304113829325176e+56 8.438810000865815e+56 8.560671758948208e+56 8.671906022263129e+56 8.774214294579453e+56 8.868923019577925e+56 
# binding_energy_list
8.669618757582214e+54 8.669618757582214e+54 8.669618757582214e+54 8.669618757582214e+54 8.649679187756885e+54 8.649679187756885e+54 8.629785477669702e+54 8.629785477669702e+54 8.609937521846052e+54 8.609937521846052e+54 8.590135215053907e+54 8.590135215053907e+54 8.590135215053907e+54 8.570378452303692e+54 8.570378452303692e+54 8.570378452303692e+54 8.531001140175843e+54 8.472274141405911e+54 8.433347577642791e+54 8.394599865193965e+54 8.356030182312423e+54 8.336811846196331e+54 8.298507675144166e+54 8.279421637123327e+54 8.260379495771817e+54 8.241381150129963e+54 8.241381150129963e+54 8.241381150129963e+54 8.241381150129963e+54 8.241381150129963e+54 8.241381150129963e+54 8.241381150129963e+54 8.241381150129963e+54 8.222426499470695e+54 8.20351544329821e+54 8.165823713585906e+54 8.128305161640929e+54 8.090958991783846e+54 8.053784411990643e+54 8.016780633876855e+54 7.979946872679785e+54 7.94328234724279e+54 7.925013304804734e+54 7.90678627999831e+54 7.888601176185516e+54 7.852356346100775e+54 7.834296427662088e+54 7.834296427662088e+54 7.798301105232642e+54 7.780365510398008e+54 7.709034690644309e+54 7.673614893618154e+54 7.638357835776954e+54 7.603262769401822e+54 7.568328950209705e+54 7.533555637337217e+54 7.498942093324558e+54 7.464487584100623e+54 7.447319739059888e+54 
# total_gas_kinetic_energy_list
1.5237098334911527e+59 4.267967054815027e+59 1.2379310141781326e+59 3.5902609008904467e+58 1.0416182690424857e+58 3.0254929864910533e+57 8.822422649482711e+56 2.6078606100374507e+56 8.06018915886465e+55 2.833160505107276e+55 1.304504206205401e+55 8.436992665408958e+54 6.924394163711127e+54 6.322525497204605e+54 5.9985077577072914e+54 5.763634224019882e+54 2.4128523352199781e+55 5.49422392558073e+55 8.04989393318352e+55 1.0223372179261412e+56 1.2129560464340678e+56 1.3835630077466119e+56 1.5412598323434225e+56 1.687986307105151e+56 1.8267934965095033e+56 1.839941937272075e+56 1.8528783803290407e+56 1.8658432205839523e+56 1.8788960634845913e+56 1.8920509087286446e+56 1.9053145527126364e+56 1.9186367590635579e+56 1.931669770227948e+56 1.9564885060399553e+56 2.0797794844142957e+56 2.3093301589114437e+56 2.5183328202083367e+56 2.7110870829127934e+56 2.888374008107286e+56 3.12858246404427e+56 3.345963449136755e+56 3.543244871543456e+56 3.608065824661291e+56 3.7246341034774456e+56 3.892236474928506e+56 4.040928407043631e+56 4.133411569685682e+56 4.175483564088277e+56 4.343743734872198e+56 4.521664574664117e+56 4.827740891769552e+56 5.076333996957997e+56 5.298137527820636e+56 5.505722570044163e+56 5.706236349460187e+56 5.879405618631554e+56 6.055018527628186e+56 6.215250189377651e+56 6.363265863022874e+56 
