# time_axis
5.999999999999999 7.0 7.30102999566398 7.477121254719661 7.602059991327962 7.698970004336018 7.778151250383643 7.845098040014256 7.903089986991943 7.954242509439324 8.0 8.041392685158224 8.079181246047623 8.113943352306837 8.146128035678238 8.176091259055681 8.301029995663981 8.47712125471966 8.60205999132796 8.698970004336019 8.778151250383644 8.845098040014257 8.903089986991942 8.954242509439323 8.999999999999998 9.004321373782641 9.008600171761916 9.012837224705171 9.017033339298779 9.021189299069936 9.02530586526477 9.02938377768521 9.033423755486949 9.041392685158224 9.079181246047623 9.146128035678236 9.204119982655923 9.255272505103305 9.301029995663981 9.361727836017593 9.414973347970816 9.462397997898954 9.477121254719663 9.505149978319904 9.544068044350274 9.57978359661681 9.60205999132796 9.612783856719734 9.653212513775342 9.698970004336017 9.778151250383642 9.845098040014257 9.903089986991944 9.954242509439325 10.0 10.041392685158225 10.079181246047623 10.113943352306835 10.146128035678236 
# total_gas_mass_list
10.425925345093205 10.873344324172983 10.335819979296929 9.798255300800745 9.260876010014606 8.72403985724737 8.188916401384018 7.659686050768577 7.1494634304968825 6.693610120035678 6.352110561584092 6.156772623568665 6.066260219455519 6.023600621273851 5.998491211388321 5.979534081023756 6.59878254939729 6.9515436429847846 7.116838649244365 7.223232535245522 7.300421765205234 7.3600685259715 7.408510862775102 7.448934389563931 7.483803025856596 7.486955994205062 7.490034735478972 7.493096917332676 7.496156633507493 7.499217187686825 7.502279995426509 7.505333107321988 7.508297333393167 7.513886115012553 7.5405653312002885 7.585963217325178 7.623215100458717 7.654657169997388 7.6815378250212945 7.715365366927469 7.743752584231867 7.7679168685976885 7.77555518315007 7.788942712766105 7.807455657275775 7.823208328166066 7.832708352460846 7.836958552919407 7.853516204922913 7.870311186034709 7.89761170274242 7.918467877560649 7.936271766205863 7.952286655990207 7.967214767368074 7.9797058293276795 7.9919853668989775 8.002947193251412 8.0128084611443 
# ejected_gas_mass_list
-10.0 -10.0 5.040994461273926 5.812862960891199 6.199956109523678 6.401059476754316 6.53112460787959 6.630352812064661 6.7102204507227725 6.776598635533648 6.83225341473659 6.879574479719289 6.920493602145953 6.9564154757242145 6.988357384300474 7.017052326398541 7.127636430105069 7.264598972821383 7.35282754138073 7.417743016504482 7.4686204607456235 7.509992107025234 7.544842376227151 7.574739998260104 7.601099305974111 7.60350807870412 7.605864119664016 7.608211370114697 7.61056058265294 7.6129142762197874 7.6152735307082375 7.6176291131730185 7.619919730075364 7.624248117628923 7.645081539438124 7.68116031694298 7.711327804966494 7.7371642082784415 7.759511299492234 7.787957215881993 7.812093902764811 7.832822283127406 7.839408252898411 7.85098948723944 7.8670828408385916 7.88084628928065 7.889176835807292 7.89291105080148 7.907500412109877 7.92236545422996 7.946666838450569 7.965342586471133 7.981358073999389 7.995819755479886 8.00934597833334 8.020697150322984 8.03188480597196 8.041895426429992 8.050919541347637 
# stellar_mass_list
-10.0 8.27718369381228 8.852775071598575 8.925247719240534 8.937595771304284 8.936696304781012 8.933000469026583 8.929069141404998 8.925460686099663 8.922231842144386 8.919333269894695 8.916703776409486 8.914294064056744 8.91206598190849 8.909990566128988 8.908045666549699 8.899741111277711 8.887403336906333 8.878064502085453 8.870429699360171 8.863903102919677 8.858181386903487 8.853045498858744 8.848385249833747 8.844070978207045 8.843666652436122 8.843269498881735 8.842872154937336 8.84247274944288 8.842070846034236 8.84166631318189 8.841260631387918 8.840864333575833 8.840111654459921 8.836405359032266 8.829610694064701 8.823498072820511 8.81790871018839 8.81279885190872 8.805811824514207 8.799412404108274 8.79354066177587 8.791598260903088 8.788087442308838 8.782910237049633 8.778131267856994 8.775061387241747 8.773639365757761 8.767773171185532 8.761241047546694 8.749040268811552 8.738422633724726 8.729135280169 8.720602954741599 8.712494087320708 8.705580908520231 8.698643928635603 8.692410989053759 8.68669363709635 
# remnant_mass_list
-10.0 -10.0 6.149017798920437 6.805442232260213 7.04703104706669 7.173224967581246 7.252702990904906 7.308665067600148 7.35144160395371 7.385917111242032 7.414708134042326 7.439386130936532 7.460946881041575 7.4800662445238295 7.497222216330008 7.512764161840116 7.57384901280697 7.652009308681385 7.703367731295911 7.741349158241602 7.77138350273637 7.796087045715774 7.817095163238977 7.8352835365418185 7.851436501528707 7.852917947012582 7.854367715049151 7.855813217361483 7.857261140431625 7.858713010458047 7.860169416277362 7.861624726914183 7.863041307804398 7.865717371544918 7.878643932100213 7.901308232361118 7.920641456889497 7.937516025276363 7.95231844736268 7.971663927303295 7.9885431992280855 8.00337560306792 8.00815280417405 8.016626928078987 8.028769373595576 8.039617415154355 8.046412685440504 8.049514898301036 8.062029114240186 8.075439983726222 8.099134457373632 8.118438842097838 8.134413666660377 8.148403165107746 8.161132940737449 8.171573274035588 8.181695506014691 8.190499805999327 8.198344947150584 
# BH_mass_list
-10.0 -10.0 5.797132664897761 6.3771085539948364 6.461240019709704 6.482874417427345 6.488955058321084 6.490705714286575 6.491204803501941 6.491341547508199 6.491374150482483 6.491378453256479 6.491380413210329 6.4913816631996495 6.491382678028408 6.491383597910577 6.491384466114805 6.491384466114805 6.491384466114805 6.491384466114805 6.491384466114805 6.491384466114805 6.491384466114805 6.491384466114805 6.491384466114805 6.491384466114805 6.491384466114805 6.491384466114805 6.491384466114805 6.491384466114805 6.491384466114805 6.491384466114805 6.491384466114805 6.491384466114805 6.491384466114805 6.491384466114805 6.491384466114805 6.491384466114805 6.491384466114805 6.491384466114805 6.491384466114805 6.491384466114805 6.491384466114805 6.491384466114805 6.491384466114805 6.491384466114805 6.491384466114805 6.491384466114805 6.491384466114805 6.491384466114805 6.491384466114805 6.491384466114805 6.491384466114805 6.491384466114805 6.491384466114805 6.491384466114805 6.491384466114805 6.491384466114805 6.491384466114805 
# NS_mass_list
-10.0 -10.0 5.893507239842348 6.6027350602042105 6.916531012039867 7.072707395700825 7.1520447347751706 7.172584637752711 7.178364362642875 7.180024260618567 7.180501313732011 7.180638114492242 7.180676898064003 7.180688799985146 7.180693822505981 7.180696296770689 7.1807008123125335 7.1807008123125335 7.1807008123125335 7.1807008123125335 7.1807008123125335 7.1807008123125335 7.1807008123125335 7.1807008123125335 7.1807008123125335 7.1807008123125335 7.1807008123125335 7.1807008123125335 7.1807008123125335 7.1807008123125335 7.1807008123125335 7.1807008123125335 7.1807008123125335 7.1807008123125335 7.1807008123125335 7.1807008123125335 7.1807008123125335 7.1807008123125335 7.1807008123125335 7.1807008123125335 7.1807008123125335 7.1807008123125335 7.1807008123125335 7.1807008123125335 7.1807008123125335 7.1807008123125335 7.1807008123125335 7.1807008123125335 7.1807008123125335 7.1807008123125335 7.1807008123125335 7.1807008123125335 7.1807008123125335 7.1807008123125335 7.1807008123125335 7.1807008123125335 7.1807008123125335 7.1807008123125335 7.1807008123125335 
# WD_mass_list
-10.0 -10.0 -10.0 -10.0 -10.0 4.589663593866613 5.791628245019504 6.376581076683089 6.631854629026343 6.783981020599163 6.888232551953949 6.965925540734688 7.027101125307416 7.077162321930131 7.119295426843761 7.155515967691374 7.2838448276599435 7.425131072987728 7.508511678615904 7.566612491799373 7.610788195257387 7.646105422216261 7.6754913464985846 7.700492668423013 7.722378141853673 7.724371053890808 7.7263190860364395 7.728259167514668 7.730200289274536 7.73214449519904 7.734092566854157 7.736036976844555 7.7379275434643935 7.741493407542149 7.758617056059833 7.788254954219553 7.813174531990108 7.834671218543698 7.853344882390052 7.877506440240381 7.89837545173066 7.916559593274288 7.922386840484398 7.932689356156686 7.947377414079217 7.960428206255898 7.9685700122030125 7.97227861801381 7.987187203528944 8.003074631917263 8.030930154762439 8.053433544071538 8.071933490998397 8.088047876157278 8.102644014259141 8.11456899754962 8.12609230410942 8.136085432685572 8.144967114316094 
