# time_axis
5.999999999999999 7.0 7.30102999566398 7.477121254719661 7.602059991327962 7.698970004336018 7.778151250383643 7.845098040014256 7.903089986991943 7.954242509439324 8.0 8.041392685158224 8.079181246047623 8.113943352306837 8.146128035678238 8.176091259055681 8.301029995663981 8.47712125471966 8.60205999132796 8.698970004336019 8.778151250383644 8.845098040014257 8.903089986991942 8.954242509439323 8.999999999999998 9.004321373782641 9.008600171761916 9.012837224705171 9.017033339298779 9.021189299069936 9.02530586526477 9.02938377768521 9.033423755486949 9.041392685158224 9.079181246047623 9.146128035678236 9.204119982655923 9.255272505103305 9.301029995663981 9.361727836017593 9.414973347970816 9.462397997898954 9.477121254719663 9.505149978319904 9.544068044350274 9.57978359661681 9.60205999132796 9.612783856719734 9.653212513775342 9.698970004336017 9.778151250383642 9.845098040014257 9.903089986991944 9.954242509439325 10.0 10.041392685158225 10.079181246047623 10.113943352306835 10.146128035678236 
# total_gas_mass_list
8.7873673767305 10.425843483324162 10.72572602602347 10.35622116158614 9.974172093605585 9.565339235054779 9.133189736137611 8.683430248208788 8.221753282729233 7.755154431881516 7.296369567848695 6.871872612735639 6.526855868506481 6.299415710086456 6.176774254546889 6.113829885278097 6.7517040165938775 7.086389282863643 7.23700113025943 7.331923147194287 7.399845757988784 7.451886688786278 7.493694663744738 7.528465131499872 7.558090426029908 7.56086385065136 7.563518918141338 7.566117131696898 7.568688169079532 7.571251572085687 7.573810427884398 7.576368575585973 7.5789141269838725 7.583753496090853 7.606282741235466 7.644452092103343 7.675427625708284 7.701626400268206 7.723855647070391 7.751580706931668 7.774778441156049 7.79442551179121 7.800613759686725 7.811449287314498 7.826398225882573 7.839001329634658 7.846654718841047 7.850045384899487 7.863254629235943 7.876537505412333 7.8980338450567835 7.914394313830142 7.928463218105043 7.941217679177802 7.953149883564499 7.963232249009906 7.97312416598775 7.982092418801567 7.990142293843487 
# ejected_gas_mass_list
-10.0 -10.0 3.9286888360721837 5.592319116073642 6.236931371433183 6.5622490105716205 6.7395755102266985 6.854705139935932 6.94031131363302 7.007915353204806 7.063318843558354 7.109484914236037 7.1485706937872875 7.182212849659197 7.211608103544352 7.237628516023706 7.334828167585008 7.449847114473384 7.521550021973445 7.573423830760681 7.613662433524339 7.646203842406301 7.6733901112734255 7.6966879330813205 7.717017690304602 7.718943057258927 7.720789776531905 7.7226002750620735 7.7243950652915325 7.726187716058696 7.7279803561140135 7.729775657761619 7.731565245866074 7.734976020753647 7.751001102566358 7.778689826516591 7.80164253709387 7.821381504905344 7.838356763481063 7.8598121235552085 7.877998235512759 7.893562662119252 7.898495079366497 7.907165800103452 7.919198402377426 7.929404996253151 7.935630378713631 7.938394918165893 7.94920265417401 7.960130314269692 7.977938902331846 7.991592649014595 8.003401230010672 8.01415911489228 8.024267804498734 8.032842154765996 8.041283244601594 8.048960330663348 8.055870563545426 
# stellar_mass_list
-10.0 6.701181229114218 8.348242213388291 8.79934680265211 8.873896207021213 8.888360709741123 8.885420451715847 8.877915523627166 8.870029919001398 8.862905430864387 8.856687183593053 8.851255331012167 8.846453798806174 8.84215316851184 8.8382553117633 8.834687205041744 8.82021904693883 8.800426784300566 8.786432979283555 8.775484611543206 8.76643698222258 8.758688550828893 8.751894289163848 8.745821220374472 8.74031871567558 8.73978681440715 8.73927501599977 8.738773087933593 8.738273448016738 8.737772925026912 8.73727037817536 8.7367653121325 8.736260084776845 8.73529173596074 8.730672404015138 8.722331452159027 8.714999881554089 8.708359398309552 8.702389895428547 8.694378447587093 8.687155557883752 8.680618259012068 8.678488609601244 8.674621988528392 8.66899464675539 8.663888342196145 8.660600760716468 8.659099786832584 8.65292889979815 8.646171323435201 8.633751859856043 8.623110689259157 8.613804222342262 8.605254172511165 8.59715192919296 8.590220297075284 8.583288013278207 8.577037969157068 8.57132235723616 
# remnant_mass_list
-10.0 -10.0 5.097681599940854 6.7507159696103125 7.2824963351618095 7.486548230653668 7.592716233297483 7.656867917508149 7.699799465442481 7.731124305081024 7.755497417147542 7.775363628079288 7.79210666254452 7.806561690650249 7.819269328915679 7.830594824766576 7.873688461813297 7.926404614989982 7.959987727489273 7.984419193454811 8.003508070676553 8.019125833347244 8.032301518466015 8.043691064275162 8.053709960550705 8.054664045977795 8.055579187967378 8.056474197623832 8.057362995494584 8.058251265659493 8.05914102692323 8.06003324492201 8.060923702430348 8.062623309534017 8.070619478892699 8.084609085779249 8.096450264010347 8.106828920536287 8.115887844570128 8.127662069749439 8.137920735359849 8.146926094683588 8.14980601111619 8.154963116292219 8.162320078089138 8.1688421148143 8.17296827575284 8.174831735601973 8.182379019944348 8.190419819348023 8.20463843807994 8.21626723413219 8.226042793121694 8.234719873465549 8.242687921798238 8.249306402389797 8.255761960506781 8.261438916899445 8.266515331900361 
# BH_mass_list
-10.0 -10.0 4.827372060368331 6.4757192165063895 6.945525951095364 7.053513175240916 7.091473465746547 7.105426212550042 7.110473134792602 7.112244912378493 7.11283266765631 7.1130150536532275 7.113060523364281 7.11306757373081 7.113070759320471 7.113072646212884 7.113074068882408 7.113074068882408 7.113074068882408 7.113074068882408 7.113074068882408 7.113074068882408 7.113074068882408 7.113074068882408 7.113074068882408 7.113074068882408 7.113074068882408 7.113074068882408 7.113074068882408 7.113074068882408 7.113074068882408 7.113074068882408 7.113074068882408 7.113074068882408 7.113074068882408 7.113074068882408 7.113074068882408 7.113074068882408 7.113074068882408 7.113074068882408 7.113074068882408 7.113074068882408 7.113074068882408 7.113074068882408 7.113074068882408 7.113074068882408 7.113074068882408 7.113074068882408 7.113074068882408 7.113074068882408 7.113074068882408 7.113074068882408 7.113074068882408 7.113074068882408 7.113074068882408 7.113074068882408 7.113074068882408 7.113074068882408 7.113074068882408 
# NS_mass_list
-10.0 -10.0 4.763591547073979 6.421992129458848 7.014658440836418 7.28657422084373 7.426604354645846 7.497945072332103 7.5242526394280125 7.534233444300901 7.5379171512212615 7.53922578074519 7.539672534261723 7.539820299156485 7.539866555772136 7.5398832478880715 7.539894876398071 7.539894876398071 7.539894876398071 7.539894876398071 7.539894876398071 7.539894876398071 7.539894876398071 7.539894876398071 7.539894876398071 7.539894876398071 7.539894876398071 7.539894876398071 7.539894876398071 7.539894876398071 7.539894876398071 7.539894876398071 7.539894876398071 7.539894876398071 7.539894876398071 7.539894876398071 7.539894876398071 7.539894876398071 7.539894876398071 7.539894876398071 7.539894876398071 7.539894876398071 7.539894876398071 7.539894876398071 7.539894876398071 7.539894876398071 7.539894876398071 7.539894876398071 7.539894876398071 7.539894876398071 7.539894876398071 7.539894876398071 7.539894876398071 7.539894876398071 7.539894876398071 7.539894876398071 7.539894876398071 7.539894876398071 7.539894876398071 
# WD_mass_list
-10.0 -10.0 -10.0 -10.0 -10.0 3.243019812549149 4.992893423722681 6.0642036056935265 6.575199179172645 6.824568150770481 6.976620361382569 7.080335644133548 7.156493783113135 7.215455785549438 7.262957283352892 7.302387907114148 7.433353760432732 7.565526513456949 7.63907997917073 7.688746136530189 7.72568083987631 7.7548297527219265 7.77874427215717 7.798957017358037 7.816407937408069 7.818054366158008 7.819631131960896 7.82117089273228 7.82269771031527 7.824221385907941 7.825745389905105 7.827271372526574 7.828792129361894 7.831688679905373 7.845210721559972 7.868467396347054 7.887777292037451 7.904436620214148 7.918785307058554 7.937180536483148 7.952985210231392 7.966696345878936 7.971050177748819 7.978810096775997 7.989800869277184 7.999468603749056 8.005549121800314 8.008286292940948 8.019316620896184 8.030972558824248 8.051352528907913 8.06781112354253 8.081508207497725 8.093564447993113 8.104554278589873 8.113625419654984 8.122424546206187 8.130123634699814 8.136978221490056 
