# time_axis
1000000 10000000 20000000 30000000 40000000 50000000 60000000 70000000 80000000 90000000 100000000 200000000 300000000 400000000 500000000 600000000 700000000 800000000 900000000 1000000000 1010000000 1020000000 1030000000 1040000000 1050000000 1060000000 1070000000 1080000000 1100000000 1200000000 1400000000 1600000000 1800000000 2000000000 2300000000 2600000000 2900000000 3000000000 3200000000 3500000000 3800000000 4000000000 4100000000 4500000000 5000000000 6000000000 7000000000 8000000000 9000000000 10000000000 11000000000 12000000000 13000000000 14000000000 
# SNIa_energy_release_list
0 0.0 0.0 0.0 0.0 0.0 1.0020451166590748e+56 2.822820708943997e+56 5.3358249710210735e+56 8.44846140487156e+56 1.2090012685947934e+57 3.240941267310656e+57 4.284402300495807e+57 4.9932838500432836e+57 5.531047687986124e+57 5.96450121602505e+57 6.32762857782006e+57 6.640092625378675e+57 6.914327721265003e+57 7.15868563266087e+57 7.18171658968025e+57 7.204515679260009e+57 7.22708457276558e+57 7.249433746863625e+57 7.271565093287643e+57 7.293472513946351e+57 7.315169621856524e+57 7.336658488889195e+57 7.379028734804401e+57 7.579665990993843e+57 7.934040428975443e+57 8.240018597990114e+57 8.50924432924901e+57 8.749620063797086e+57 9.06791822430365e+57 9.346631068951784e+57 9.59452862446814e+57 9.671459196432509e+57 9.817755813376517e+57 1.0020779489784675e+58 1.0206975902570448e+58 1.032303064444595e+58 1.0378889351561408e+58 1.0589400222096048e+58 1.0827455779035871e+58 1.1239108584801933e+58 1.1586800971231479e+58 1.1887829232930816e+58 1.2153254451402978e+58 1.2390517869404708e+58 1.260515874190181e+58 1.2801035186813208e+58 1.2981190855838907e+58 1.3147955993583895e+58 
# SNII_energy_release_list
0 -1.983750474610368e+56 -1.5986568205458932e+56 -4.224824102960351e+54 2.2273066651154094e+56 4.977453217220453e+56 9.700718168632472e+56 1.20603310436493e+57 1.327391312104208e+57 1.3790889774548117e+57 1.3790889774548117e+57 1.3790889774548117e+57 1.3790889774548117e+57 1.3790889774548117e+57 1.3790889774548117e+57 1.3790889774548117e+57 1.3790889774548117e+57 1.3790889774548117e+57 1.3790889774548117e+57 1.3790889774548117e+57 1.3790889774548117e+57 1.3790889774548117e+57 1.3790889774548117e+57 1.3790889774548117e+57 1.3790889774548117e+57 1.3790889774548117e+57 1.3790889774548117e+57 1.3790889774548117e+57 1.3790889774548117e+57 1.3790889774548117e+57 1.3790889774548117e+57 1.3790889774548117e+57 1.3790889774548117e+57 1.3790889774548117e+57 1.3790889774548117e+57 1.3790889774548117e+57 1.3790889774548117e+57 1.3790889774548117e+57 1.3790889774548117e+57 1.3790889774548117e+57 1.3790889774548117e+57 1.3790889774548117e+57 1.3790889774548117e+57 1.3790889774548117e+57 1.3790889774548117e+57 1.3790889774548117e+57 1.3790889774548117e+57 1.3790889774548117e+57 1.3790889774548117e+57 1.3790889774548117e+57 1.3790889774548117e+57 1.3790889774548117e+57 1.3790889774548117e+57 1.3790889774548117e+57 
# SN_energy_per_current_crossing_time_list
0.0 -2.596680389434681e+56 3.9739760253156804e+55 1.5865266830002674e+56 2.3619619381715603e+56 2.9562064597131793e+56 9.455557262757425e+56 5.651076305455913e+56 3.265218388111139e+56 1.6369034382305308e+56 3.5719002408070955e+55 2.1167461546297957e+55 1.1157399121555771e+55 7.704452560966644e+54 5.9134126703990166e+54 4.809668159364002e+54 4.05894076450912e+54 3.51414127255179e+54 3.1004427723788425e+54 2.775417027699094e+54 2.6169650370953762e+54 2.5916944568455595e+54 2.566588970143044e+54 2.5426572437082794e+54 2.5189147512378834e+54 2.4944438642830455e+54 2.471509969434983e+54 2.4487451580506005e+54 2.415976271309568e+54 2.296440325802901e+54 2.0408805693188836e+54 1.7715636523666978e+54 1.5659355145211735e+54 1.403749860463171e+54 1.245677104129861e+54 1.0956468334388567e+54 9.783236489033187e+53 9.119210114387135e+53 8.690459097899212e+53 8.06524987199517e+53 7.41750849714941e+53 6.94706598760586e+53 6.692953006814506e+53 6.32556924172014e+53 5.7422652813168426e+53 4.994283152467648e+53 4.238860366544263e+53 3.6853685749548936e+53 3.261790883307111e+53 2.9256026038732534e+53 2.6546623089879257e+53 2.429404958096107e+53 2.2402981301948073e+53 2.0785957915629872e+53 
# SN_energy_per_final_crossing_time_list
0.0 -7.326187739757339e+56 1.2799702376165407e+56 5.173174468926326e+56 7.54352272970941e+56 9.140908188502228e+56 1.5824035387485742e+57 8.069801763285903e+56 4.346917489140657e+56 2.1062871234405728e+56 4.5389061946393665e+55 2.5326527997103627e+55 1.3005918032792206e+55 8.835648898388017e+54 6.702801709743672e+54 5.402656043120833e+54 4.5260958989083426e+54 3.894617682403424e+54 3.418123979124799e+54 3.0457284605806726e+54 2.8706269777654694e+54 2.8417265318620145e+54 2.8130344084655363e+54 2.785648118861523e+54 2.7584976189046733e+54 2.7305870400096936e+54 2.7043732161898596e+54 2.678417634738043e+54 2.6405583336459663e+54 2.500785008098338e+54 2.2084988067243313e+54 1.9068881632700755e+54 1.677843101808678e+54 1.4980468849236733e+54 1.322445098213315e+54 1.1579785275146555e+54 1.029949110073181e+54 9.588788477613017e+53 9.117359191845272e+53 8.435099507327314e+53 7.735970983984818e+53 7.232653698347526e+53 6.962346873114762e+53 6.559629540807821e+53 5.934349175185138e+53 5.1309272502677955e+53 4.333711115905394e+53 3.7520796394902777e+53 3.308315811992916e+53 2.957301201072314e+53 2.6753290304123694e+53 2.4414452538740493e+53 2.2454981930075554e+53 2.0785957915629872e+53 
# total_energy_release_list
0 -1.983750474610368e+56 -1.5986568205458932e+56 -4.224824102960351e+54 2.2273066651154094e+56 4.977453217220453e+56 1.0702763285291547e+57 1.4883151752593297e+57 1.8609738092063152e+57 2.2239351179419678e+57 2.588090246049605e+57 4.620030244765468e+57 5.663491277950619e+57 6.372372827498095e+57 6.910136665440936e+57 7.343590193479862e+57 7.706717555274871e+57 8.019181602833487e+57 8.293416698719815e+57 8.537774610115682e+57 8.560805567135062e+57 8.583604656714822e+57 8.606173550220393e+57 8.628522724318436e+57 8.650654070742454e+57 8.672561491401164e+57 8.694258599311335e+57 8.715747466344008e+57 8.758117712259214e+57 8.958754968448655e+57 9.313129406430255e+57 9.619107575444925e+57 9.88833330670382e+57 1.0128709041251899e+58 1.0447007201758462e+58 1.0725720046406596e+58 1.0973617601922952e+58 1.1050548173887321e+58 1.119684479083133e+58 1.1399868467239486e+58 1.158606488002526e+58 1.1702119621900763e+58 1.1757978329016219e+58 1.1968489199550859e+58 1.2206544756490684e+58 1.2618197562256745e+58 1.296588994868629e+58 1.326691821038563e+58 1.353234342885779e+58 1.376960684685952e+58 1.3984247719356623e+58 1.418012416426802e+58 1.436027983329372e+58 1.4527044971038708e+58 
# binding_energy_list
2.22330989065141e+58 3.090295432513605e+58 3.0060763026282415e+58 2.818382931264472e+58 2.630267991895392e+58 2.4603676041476173e+58 1.8365383433483588e+58 1.6943378004473254e+58 1.6405897731995522e+58 1.6180800376430778e+58 1.6180800376430778e+58 1.6143585568264805e+58 1.610645635178273e+58 1.610645635178273e+58 1.6069412530128887e+58 1.6069412530128887e+58 1.6069412530128887e+58 1.6032453906900353e+58 1.6032453906900353e+58 1.6032453906900353e+58 1.6032453906900353e+58 1.6032453906900353e+58 1.6032453906900353e+58 1.6032453906900353e+58 1.6032453906900353e+58 1.6032453906900353e+58 1.6032453906900353e+58 1.6032453906900353e+58 1.6032453906900353e+58 1.6032453906900353e+58 1.599558028614671e+58 1.599558028614671e+58 1.599558028614671e+58 1.599558028614671e+58 1.599558028614671e+58 1.5958791472367435e+58 1.5958791472367435e+58 1.5958791472367435e+58 1.5958791472367435e+58 1.5958791472367435e+58 1.5958791472367435e+58 1.5958791472367435e+58 1.5958791472367435e+58 1.5922087270511635e+58 1.5922087270511635e+58 1.5922087270511635e+58 1.5922087270511635e+58 1.5885467485977806e+58 1.5885467485977806e+58 1.5885467485977806e+58 1.5885467485977806e+58 1.584893192461124e+58 1.584893192461124e+58 1.584893192461124e+58 
# total_gas_kinetic_energy_list
1.1314014568181348e+59 1.1022310949059404e+59 1.0830609774521116e+59 1.0668123333916858e+59 1.0520474814384309e+59 1.0378433145692804e+59 1.053551567773431e+59 1.0583134872705457e+59 1.0602163749825062e+59 1.0609274654283655e+59 1.0609401098544118e+59 1.0610095943400646e+59 1.0610452741941908e+59 1.0610695013063336e+59 1.0610878723137238e+59 1.0611026252106813e+59 1.0611150925870057e+59 1.061125775560825e+59 1.06113514354127e+59 1.0611434927011405e+59 1.0611442788429549e+59 1.0611450571239755e+59 1.0611458155337773e+59 1.0611465959166377e+59 1.0611473475639689e+59 1.0611481011335186e+59 1.0611488811187845e+59 1.061149581705446e+59 1.0611510139797909e+59 1.0611578797452547e+59 1.0611700941182235e+59 1.0611804600459385e+59 1.0611896485989302e+59 1.0611978715944611e+59 1.0612087329318899e+59 1.0612182906140274e+59 1.0612267277853905e+59 1.0612293489124029e+59 1.0612343450863962e+59 1.061241293910034e+59 1.0612476567264594e+59 1.061251617401982e+59 1.0612535576665585e+59 1.0612607302311957e+59 1.0612688447034573e+59 1.0612829234763946e+59 1.0612948084716023e+59 1.0613050839738225e+59 1.0613141510657024e+59 1.0613222571572536e+59 1.0613295566956952e+59 1.0613362793452445e+59 1.0613424322739294e+59 1.0613481331638473e+59 
