# time_axis
1000000 10000000 20000000 30000000 40000000 50000000 60000000 70000000 80000000 90000000 100000000 110000000 120000000 130000000 140000000 150000000 200000000 300000000 400000000 500000000 600000000 700000000 800000000 900000000 1000000000 1010000000 1020000000 1030000000 1040000000 1050000000 1060000000 1070000000 1080000000 1100000000 1200000000 1400000000 1600000000 1800000000 2000000000 2300000000 2600000000 2900000000 3000000000 3200000000 3500000000 3800000000 4000000000 4100000000 4500000000 5000000000 6000000000 7000000000 8000000000 9000000000 10000000000 11000000000 12000000000 13000000000 14000000000 
# SNIa_energy_release_list
0 0.0 0.0 0.0 0.0 0.0 1.4842585646139952e+54 6.723608526715142e+55 1.8574578862533474e+56 3.1594688816871098e+56 4.390099019065761e+56 5.498712923271299e+56 6.487473133258482e+56 7.372814035814754e+56 8.172026503871114e+56 8.899721857767935e+56 1.1796467805817533e+57 1.561846297549383e+57 1.8212750836346756e+57 2.017982972236719e+57 2.1764862159110193e+57 2.309237046664904e+57 2.4234548193349696e+57 2.5236820259937682e+57 2.6129804851133837e+57 2.6213934489351005e+57 2.6297256525672173e+57 2.6379751148680477e+57 2.6461412020586325e+57 2.654227724976517e+57 2.6622343075097067e+57 2.670161578903563e+57 2.6780131425022815e+57 2.6934958090548274e+57 2.7668105304476437e+57 2.8962796442880004e+57 3.0080588921210907e+57 3.1064058130812957e+57 3.1942160422262714e+57 3.310476540979783e+57 3.4122750121552774e+57 3.502814985113237e+57 3.53091900459125e+57 3.5843407288456025e+57 3.6584827568565915e+57 3.7264832459157244e+57 3.768869470505276e+57 3.789265918518523e+57 3.866135793749695e+57 3.953072801759207e+57 4.103398954667236e+57 4.230370769574992e+57 4.340285097594465e+57 4.437211858828154e+57 4.52382617865772e+57 4.6022142056494085e+57 4.673738962977944e+57 4.739519561154349e+57 4.800411527492706e+57 
# SNII_energy_release_list
0 0.0 2.220139868511194e+54 1.0067622573358488e+56 2.8241403788072168e+56 4.7721625051025615e+56 6.480823118213003e+56 7.506923170326776e+56 7.954980834323304e+56 8.127716283259502e+56 8.190071665925003e+56 8.211741220709473e+56 8.219276351415471e+56 8.221989942839933e+56 8.223096988525156e+56 8.223695000718486e+56 8.224379671231016e+56 8.224379671231016e+56 8.224379671231016e+56 8.224379671231016e+56 8.224379671231016e+56 8.224379671231016e+56 8.224379671231016e+56 8.224379671231016e+56 8.224379671231016e+56 8.224379671231016e+56 8.224379671231016e+56 8.224379671231016e+56 8.224379671231016e+56 8.224379671231016e+56 8.224379671231016e+56 8.224379671231016e+56 8.224379671231016e+56 8.224379671231016e+56 8.224379671231016e+56 8.224379671231016e+56 8.224379671231016e+56 8.224379671231016e+56 8.224379671231016e+56 8.224379671231016e+56 8.224379671231016e+56 8.224379671231016e+56 8.224379671231016e+56 8.224379671231016e+56 8.224379671231016e+56 8.224379671231016e+56 8.224379671231016e+56 8.224379671231016e+56 8.224379671231016e+56 8.224379671231016e+56 8.224379671231016e+56 8.224379671231016e+56 8.224379671231016e+56 8.224379671231016e+56 8.224379671231016e+56 8.224379671231016e+56 8.224379671231016e+56 8.224379671231016e+56 8.224379671231016e+56 
# SN_energy_per_current_crossing_time_list
0.0 0.0 7.497700064553561e+54 2.480633076421214e+56 4.305485179889973e+56 4.600699321066101e+56 4.083320593380986e+56 2.54436532133463e+56 1.2074041537933057e+56 5.490589257540153e+55 2.7141723193024664e+55 1.5950356191508e+55 1.1334561285812399e+55 9.184616060393786e+54 7.99563014603862e+54 7.214377220725396e+54 5.785851300339876e+54 3.9146227744067236e+54 2.717809864820252e+54 2.097886996784785e+54 1.715777371748334e+54 1.455432739877146e+54 1.266368803585836e+54 1.122432356760098e+54 1.0091573043550188e+54 9.515677910013382e+53 9.432248197695926e+53 9.346310698760581e+53 9.259477548258391e+53 9.176832598220479e+53 9.093638903567755e+53 9.011049957800015e+53 8.932417534775714e+53 8.820938358648037e+53 8.417656074192595e+53 7.534961390348754e+53 6.5833465697569e+53 5.854272688147289e+53 5.277289695267215e+53 4.7165469866337795e+53 4.175746333500818e+53 3.750679756724108e+53 3.503853332106601e+53 3.3490841618800702e+53 3.1239212977280538e+53 2.885661812301835e+53 2.7100840278528027e+53 2.613444093653713e+53 2.4822659534552367e+53 2.2649977044430253e+53 1.9870339270278414e+53 1.6982904578759755e+53 1.4855453651247032e+53 1.3227444021044704e+53 1.1927498082982109e+53 1.0881216320078824e+53 1.00080932283754e+53 9.271410353164503e+52 8.640564312207818e+52 
# SN_energy_per_final_crossing_time_list
0.0 0.0 8.40100370958486e+54 3.7255758266183263e+56 6.876954266146204e+56 7.371310853642313e+56 6.467673647936296e+56 3.976061811208141e+56 1.863614237823907e+56 8.383857448738075e+55 4.10578913117494e+55 2.39309750133197e+55 1.6881789680411497e+55 1.3589801419757523e+55 1.1759723236113532e+55 1.0552277910950663e+55 8.272775396847297e+54 5.423407561028638e+54 3.6812920413047596e+54 2.7912830942919584e+54 2.2491595410979473e+54 1.8837330432953675e+54 1.620749122912017e+54 1.422223122433055e+54 1.2671442973554276e+54 1.1937987772292927e+54 1.1823389138996002e+54 1.1705979267508938e+54 1.1587670064269062e+54 1.1474768435932138e+54 1.1361333105026997e+54 1.1248790672703602e+54 1.1141361382408443e+54 1.098494465824721e+54 1.0403352089274831e+54 9.18582755536223e+53 7.930732391734214e+53 6.977709430028327e+53 6.2301316398687936e+53 5.499117956256303e+53 4.815064503958999e+53 4.2825378902569005e+53 3.987957727986117e+53 3.7902688305695228e+53 3.5069156069329007e+53 3.2164210065200647e+53 3.007300646875226e+53 2.894254060047469e+53 2.7269570213728206e+53 2.467270656503357e+53 2.1331266998194462e+53 1.8017288626415979e+53 1.559683283683164e+53 1.375389832806429e+53 1.2290563860048056e+53 1.11232536779172e+53 1.014935635643874e+53 9.334260711509901e+52 8.640564312207818e+52 
# total_energy_release_list
0 0 2.220139868511194e+54 1.0067622573358488e+56 2.8241403788072168e+56 4.7721625051025615e+56 6.495665703859143e+56 8.17928402299829e+56 9.812438720576652e+56 1.1287185164946613e+57 1.2580170684990765e+57 1.3710454143980771e+57 1.4706749484673953e+57 1.5594803978654688e+57 1.639512349239627e+57 1.712341685848642e+57 2.002084747704855e+57 2.3842842646724846e+57 2.6437130507577774e+57 2.8404209393598204e+57 2.998924183034121e+57 3.1316750137880054e+57 3.245892786458071e+57 3.34611999311687e+57 3.4354184522364854e+57 3.443831416058202e+57 3.452163619690319e+57 3.4604130819911495e+57 3.468579169181734e+57 3.4766656920996185e+57 3.4846722746328084e+57 3.492599546026665e+57 3.500451109625383e+57 3.515933776177929e+57 3.589248497570745e+57 3.718717611411102e+57 3.8304968592441925e+57 3.9288437802043974e+57 4.016654009349373e+57 4.132914508102885e+57 4.234712979278379e+57 4.325252952236338e+57 4.353356971714351e+57 4.406778695968704e+57 4.480920723979693e+57 4.548921213038826e+57 4.591307437628377e+57 4.6117038856416246e+57 4.6885737608727964e+57 4.7755107688823085e+57 4.9258369217903376e+57 5.052808736698094e+57 5.1627230647175665e+57 5.259649825951255e+57 5.3462641457808215e+57 5.42465217277251e+57 5.496176930101045e+57 5.5619575282774506e+57 5.622849494615808e+57 
# binding_energy_list
8.933054837332963e+54 8.933054837332963e+54 8.933054837332963e+54 8.933054837332963e+54 8.892011178579445e+54 8.871560120379617e+54 8.85115609830841e+54 8.810488730080146e+54 8.790225168308896e+54 8.770008211436303e+54 8.749837752274363e+54 8.729713683881166e+54 8.709635899560761e+54 8.68960429286302e+54 8.68960429286302e+54 8.669618757582214e+54 8.609937521846052e+54 8.51138038202376e+54 8.452788451602891e+54 8.394599865193965e+54 8.336811846196331e+54 8.298507675144166e+54 8.260379495771817e+54 8.222426499470695e+54 8.20351544329821e+54 8.20351544329821e+54 8.20351544329821e+54 8.184647881347836e+54 8.184647881347836e+54 8.184647881347836e+54 8.184647881347836e+54 8.184647881347836e+54 8.184647881347836e+54 8.165823713585906e+54 8.147042840208421e+54 8.090958991783846e+54 8.053784411990643e+54 8.016780633876855e+54 7.979946872679785e+54 7.94328234724279e+54 7.90678627999831e+54 7.870457896951001e+54 7.852356346100775e+54 7.834296427662088e+54 7.816278045883308e+54 7.798301105232642e+54 7.780365510398008e+54 7.762471166286928e+54 7.744617978025239e+54 7.709034690644309e+54 7.673614893618154e+54 7.638357835776954e+54 7.603262769401822e+54 7.568328950209705e+54 7.533555637337217e+54 7.516228940182015e+54 7.481695005111584e+54 7.464487584100623e+54 7.447319739059888e+54 
# total_gas_kinetic_energy_list
3.555417159551863e+57 1.522838756287064e+59 1.5273289884047346e+59 7.505168438844824e+58 3.047008416419016e+58 1.1300447483200436e+58 3.9748132092460456e+57 1.3511965982255481e+57 4.483847343196481e+56 1.4716567329475809e+56 4.7603932945953757e+55 1.641031935506796e+55 5.227380759943923e+54 8.785385220166862e+54 2.6558938816662692e+54 8.912650016103709e+54 6.013207751813979e+55 1.3609946320685157e+56 1.9300170439645046e+56 2.3807142544652977e+56 2.7549065276915155e+56 3.074727906046568e+56 3.3608318173031063e+56 3.619315963907496e+56 3.8558962779733296e+56 3.8786014838361774e+56 3.9006647910902573e+56 3.922441680513424e+56 3.944165236293594e+56 3.9659381682140525e+56 3.987767680398252e+56 4.009716299462885e+56 4.031775052579538e+56 4.073506652925933e+56 4.274950792441861e+56 4.640555961677361e+56 4.961055400278531e+56 5.250499989728184e+56 5.513332446855678e+56 5.851445161899605e+56 6.1520747170796244e+56 6.418986775199466e+56 6.505351100443106e+56 6.659083280757379e+56 6.8767344573732065e+56 7.066242764369201e+56 7.183190301487676e+56 7.235450992398627e+56 7.443420644958916e+56 7.658963788801383e+56 8.019781386049137e+56 8.305969219460478e+56 8.560865766859074e+56 8.800403343936664e+56 9.026555427510184e+56 9.226417796396156e+56 9.426601753145214e+56 9.610914088213882e+56 9.784277198019613e+56 
