# time_axis
5.999999999999999 7.0 7.30102999566398 7.477121254719661 7.602059991327962 7.698970004336018 7.778151250383643 7.845098040014256 7.903089986991943 7.954242509439324 8.0 8.041392685158224 8.079181246047623 8.113943352306837 8.146128035678238 8.176091259055681 8.301029995663981 8.47712125471966 8.60205999132796 8.698970004336019 8.778151250383644 8.845098040014257 8.903089986991942 8.954242509439323 8.999999999999998 9.004321373782641 9.008600171761916 9.012837224705171 9.017033339298779 9.021189299069936 9.02530586526477 9.02938377768521 9.033423755486949 9.041392685158224 9.079181246047623 9.146128035678236 9.204119982655923 9.255272505103305 9.301029995663981 9.361727836017593 9.414973347970816 9.462397997898954 9.477121254719663 9.505149978319904 9.544068044350274 9.57978359661681 9.60205999132796 9.612783856719734 9.653212513775342 9.698970004336017 9.778151250383642 9.845098040014257 9.903089986991944 9.954242509439325 10.0 10.041392685158225 10.079181246047623 10.113943352306835 10.146128035678236 
# total_gas_mass_list
8.7873673767305 10.425680712264016 10.427111471753978 10.118584998671647 9.727342975842847 9.297228150259132 8.84503692254098 8.38034967172379 7.912555024561749 7.4574639891114884 7.046264652051924 6.725089867388768 6.521112801200988 6.410459243161258 6.349924197358896 6.310487395079906 7.025347676709319 7.363432534487011 7.510962249830393 7.602561461031366 7.66751819945626 7.716775813496914 7.756334903433759 7.78900420458073 7.816745319170951 7.819308933555064 7.821785787185361 7.824214600307504 7.826621605527981 7.829019658565287 7.831410562689765 7.833798926825655 7.836180058152066 7.840656793635472 7.861602973800757 7.896979241141844 7.925548576679808 7.949581707753221 7.970141691930149 7.9952658367259195 8.01629488021119 8.034140980184219 8.039784398076725 8.049520184648106 8.062977320858744 8.074337897523144 8.081198140202249 8.084232218465129 8.096056866985979 8.107958511232013 8.127085725752998 8.141616722558549 8.154164751785569 8.165606671816526 8.175991420930842 8.185145653833201 8.194130149932347 8.202195131884535 8.2096424961101 
# ejected_gas_mass_list
-10.0 -10.0 4.595367218104072 6.2567476420277455 6.771731543941658 7.032799494427332 7.183102859374783 7.282507713392907 7.355901019443361 7.413665169032918 7.460718182292151 7.499852544704181 7.533005355933936 7.5615751844724395 7.5865839517929325 7.608735707517602 7.691664806067551 7.7899711318945855 7.8512344130285765 7.895484194670945 7.929786290231271 7.9574038246583205 7.980573067057216 8.000361301098188 8.017621761855697 8.01923779560852 8.020802484202996 8.022340013446316 8.023866848199036 8.025391079167994 8.02691381704176 8.028437974075807 8.029960532300183 8.032831214514832 8.046403155239545 8.069842614161661 8.089236581960499 8.105865099833531 8.120313367191313 8.138241996593667 8.15347417294439 8.16655872717029 8.170726114513352 8.177948655912362 8.188000242834521 8.196546773443213 8.20173440165826 8.204035088922831 8.213038388111798 8.222158949980724 8.236937765713929 8.248263180334067 8.258109764343505 8.267141345719251 8.27538153987162 8.282678857118112 8.28987101926284 8.296352237163381 8.302357999617167 
# stellar_mass_list
-10.0 7.176533461095034 8.82252623455674 9.06899446938057 9.115180013147187 9.112869202349854 9.099602568692026 9.085865873658339 9.074036117928397 9.064190447261568 9.055926691238252 9.048851148048632 9.042669053642602 9.037176401940131 9.032228876187762 9.027724238084364 9.009641733472924 8.985480051662044 8.96877342554574 8.95591108314141 8.94540808726403 8.936512424166189 8.928775586601402 8.92191592676785 8.915735024304173 8.915145327481552 8.914574831955088 8.914013769675599 8.913454938739358 8.912895116310219 8.91233330892543 8.911768734598473 8.911206256098433 8.910134295628666 8.905008995955452 8.895823201700736 8.88781327587262 8.880621793992947 8.874197598544205 8.865635609965107 8.857978539535951 8.851098450885148 8.848864534919406 8.844828528324012 8.83897942410891 8.833693797805356 8.830311599766734 8.828768300532618 8.822452164327634 8.815573342503782 8.803052777515349 8.79241152934601 8.783108585561473 8.774561932304962 8.766459456125519 8.7595308521321 8.752598684698686 8.746351592547938 8.740635931067443 
# remnant_mass_list
-10.0 -10.0 5.797915716791427 7.449851800701658 7.821058292540659 7.983235885503731 8.067888510662224 8.117881744974222 8.150759275624084 8.174466042340914 8.192797724316447 8.207702453699332 8.220240920713527 8.231059673442491 8.240564543570581 8.24902887904623 8.281166223286126 8.32027665111203 8.345053406286665 8.363000183320699 8.376982609770495 8.388380965342202 8.397979829557794 8.406256001854427 8.413532030914547 8.41421757507836 8.414878908357252 8.415527786092643 8.416172848126537 8.416817861270884 8.417464006732516 8.418112308406048 8.418756922153479 8.419980492909115 8.425764761474088 8.435863549794638 8.444397576673058 8.451854480241098 8.458354346098139 8.46679004886416 8.474124637019624 8.480551240231085 8.482607137377332 8.486276965607944 8.491511289849695 8.496150037036946 8.499076752055576 8.50039920907263 8.50575129126577 8.511446812866948 8.521496589830836 8.529718128317105 8.536676011171405 8.542891474305746 8.548635130779562 8.553422723497132 8.55811777824158 8.562259073222954 8.565975537958126 
# BH_mass_list
-10.0 -10.0 5.564001174905544 7.212189218538512 7.509017761441325 7.603605226976344 7.636828199041007 7.648548658891772 7.652611905354102 7.653970108464149 7.654398800869092 7.654531611297728 7.654552079056736 7.65455985701595 7.654564719769672 7.654568488754602 7.65457176733495 7.65457176733495 7.65457176733495 7.65457176733495 7.65457176733495 7.65457176733495 7.65457176733495 7.65457176733495 7.65457176733495 7.65457176733495 7.65457176733495 7.65457176733495 7.65457176733495 7.65457176733495 7.65457176733495 7.65457176733495 7.65457176733495 7.65457176733495 7.65457176733495 7.65457176733495 7.65457176733495 7.65457176733495 7.65457176733495 7.65457176733495 7.65457176733495 7.65457176733495 7.65457176733495 7.65457176733495 7.65457176733495 7.65457176733495 7.65457176733495 7.65457176733495 7.65457176733495 7.65457176733495 7.65457176733495 7.65457176733495 7.65457176733495 7.65457176733495 7.65457176733495 7.65457176733495 7.65457176733495 7.65457176733495 7.65457176733495 
# NS_mass_list
-10.0 -10.0 5.417468235174125 7.074602636152772 7.5307665738321266 7.748690010470184 7.864764139133299 7.918698652945603 7.939871159327962 7.947680729513028 7.950438018023279 7.951379072982519 7.951691107776275 7.9517926023843195 7.951828295875571 7.9518444854356325 7.951861842508115 7.951861842508115 7.951861842508115 7.951861842508115 7.951861842508115 7.951861842508115 7.951861842508115 7.951861842508115 7.951861842508115 7.951861842508115 7.951861842508115 7.951861842508115 7.951861842508115 7.951861842508115 7.951861842508115 7.951861842508115 7.951861842508115 7.951861842508115 7.951861842508115 7.951861842508115 7.951861842508115 7.951861842508115 7.951861842508115 7.951861842508115 7.951861842508115 7.951861842508115 7.951861842508115 7.951861842508115 7.951861842508115 7.951861842508115 7.951861842508115 7.951861842508115 7.951861842508115 7.951861842508115 7.951861842508115 7.951861842508115 7.951861842508115 7.951861842508115 7.951861842508115 7.951861842508115 7.951861842508115 7.951861842508115 7.951861842508115 
# WD_mass_list
-10.0 -10.0 -10.0 -10.0 -10.0 3.7875409255878694 5.535690249027034 6.572571358696853 6.977384701475218 7.196196785714123 7.333336718170647 7.427808099614316 7.497468016992201 7.551519388598561 7.59510711240944 7.631297676561247 7.7513513179265265 7.871652823290842 7.937957121308863 7.982387739298636 8.0152480168336 8.041031000199556 8.062107439775563 8.07984715009199 8.095132703868682 8.096558523130696 8.097931690179916 8.099276812673885 8.100611892750235 8.101944755605226 8.103277846618507 8.104613271950496 8.105939010572632 8.108449757562777 8.120219751546703 8.140391727021635 8.157084432989762 8.171420100073124 8.18373471688179 8.199477104683261 8.212954470691118 8.224609897202766 8.22830920199845 8.234878081558142 8.244172533420457 8.252337827948445 8.257455769722405 8.25975992295765 8.26903241258303 8.278809411890995 8.29584213966771 8.30957746765744 8.32106808555012 8.331232925052388 8.340545237168715 8.348249749165404 8.355755685967937 8.36233644542682 8.368210955268266 
