# time_axis
1000000 10000000 20000000 30000000 40000000 50000000 60000000 70000000 80000000 90000000 100000000 110000000 120000000 130000000 140000000 150000000 200000000 300000000 400000000 500000000 600000000 700000000 800000000 900000000 1000000000 1010000000 1020000000 1030000000 1040000000 1050000000 1060000000 1070000000 1080000000 1100000000 1200000000 1400000000 1600000000 1800000000 2000000000 2300000000 2600000000 2900000000 3000000000 3200000000 3500000000 3800000000 4000000000 4100000000 4500000000 5000000000 6000000000 7000000000 8000000000 9000000000 10000000000 11000000000 12000000000 13000000000 14000000000 
# SNIa_energy_release_list
0 0.0 0.0 0.0 0.0 0.0 1.8167653063627878e+55 5.114757090871971e+55 9.175551417092941e+55 1.3563813663841823e+56 1.8017905898799281e+56 2.238454122154748e+56 2.6578391473323528e+56 3.055660476866313e+56 3.4302550060024413e+56 3.7815410580375016e+56 5.229816342969414e+56 7.098243424123188e+56 8.334368007206622e+56 9.262775798365661e+56 1.0007146152057182e+57 1.0628647123468358e+57 1.1162238346139431e+57 1.1629774587383528e+57 1.2045852760060341e+57 1.2085051328645653e+57 1.2123848915161867e+57 1.2162251453478223e+57 1.2200272023081183e+57 1.2237912162714454e+57 1.2275177161872241e+57 1.2312079120063012e+57 1.234862422283421e+57 1.2420679511031383e+57 1.2761711474553393e+57 1.3363485756026725e+57 1.388259243677106e+57 1.4339025667565806e+57 1.4746334302684353e+57 1.5285363774761649e+57 1.575714150017524e+57 1.617660085843699e+57 1.6306751797858052e+57 1.655422266272906e+57 1.689754587527212e+57 1.721234603138803e+57 1.740855976061576e+57 1.7502981218024573e+57 1.78587814853123e+57 1.826108500155317e+57 1.8956573347000347e+57 1.954390094550261e+57 2.005229234353227e+57 2.050050880194956e+57 2.0901136291459802e+57 2.126351405179436e+57 2.1594216475195976e+57 2.1898335933183117e+57 2.2179847726809976e+57 
# SNII_energy_release_list
0 0.0 4.626779174779314e+55 1.1410902113513258e+56 1.8237952203767463e+56 2.4446240297826292e+56 2.9213795591834824e+56 3.2694271486705964e+56 3.523517988369787e+56 3.709019432299927e+56 3.8444493656069747e+56 3.943325845844164e+56 4.0155171021976965e+56 4.068227021384316e+56 4.106714536154103e+56 4.1348187752183344e+56 4.170319771005659e+56 4.170319771005659e+56 4.170319771005659e+56 4.170319771005659e+56 4.170319771005659e+56 4.170319771005659e+56 4.170319771005659e+56 4.170319771005659e+56 4.170319771005659e+56 4.170319771005659e+56 4.170319771005659e+56 4.170319771005659e+56 4.170319771005659e+56 4.170319771005659e+56 4.170319771005659e+56 4.170319771005659e+56 4.170319771005659e+56 4.170319771005659e+56 4.170319771005659e+56 4.170319771005659e+56 4.170319771005659e+56 4.170319771005659e+56 4.170319771005659e+56 4.170319771005659e+56 4.170319771005659e+56 4.170319771005659e+56 4.170319771005659e+56 4.170319771005659e+56 4.170319771005659e+56 4.170319771005659e+56 4.170319771005659e+56 4.170319771005659e+56 4.170319771005659e+56 4.170319771005659e+56 4.170319771005659e+56 4.170319771005659e+56 4.170319771005659e+56 4.170319771005659e+56 4.170319771005659e+56 4.170319771005659e+56 4.170319771005659e+56 4.170319771005659e+56 4.170319771005659e+56 
# SN_energy_per_current_crossing_time_list
0.0 0.0 6.348209951170697e+55 8.958545891718781e+55 8.924786139198756e+55 8.125189067684004e+55 6.370805018456747e+55 4.79266541176731e+55 3.6189421970039584e+55 2.7430921003143556e+55 2.0882238101932745e+55 1.5979596652286297e+55 1.2305477401972718e+55 9.549111745321303e+54 7.478490407750483e+54 5.920263846988646e+54 2.6684366919111768e+54 1.0794439949514722e+54 7.306582976623852e+53 5.580340038518011e+53 4.533494127347683e+53 3.826305383719279e+53 3.315284711745823e+53 2.927942006471739e+53 2.6239323718063555e+53 2.4736014380277285e+53 2.449862637785254e+53 2.4264511131844905e+53 2.4038242940497726e+53 2.3812575707658443e+53 2.358992323667976e+53 2.337456105134577e+53 2.3162540958631696e+53 2.2861497357419e+53 2.1761635360750823e+53 1.9388501126312855e+53 1.6863303408362757e+53 1.493363348243918e+53 1.3409720164151888e+53 1.192601539693628e+53 1.0509874802019326e+53 9.400363741362399e+52 8.766872828895013e+52 8.362952994354066e+52 7.771207686240577e+52 7.154655291247901e+52 6.706120298762904e+52 6.461518143583754e+52 6.114245492233329e+52 5.556431572727793e+52 4.840317860242246e+52 4.112827492568199e+52 3.579323996438292e+52 3.1713283487342113e+52 2.847897086387539e+52 2.586425162571818e+52 2.3697433134400537e+52 2.1872777674581154e+52 2.031447157943347e+52 
# SN_energy_per_final_crossing_time_list
0.0 0.0 8.903411383652703e+55 1.3054834717436938e+56 1.3137440364924213e+56 1.1946743253048257e+56 9.305411450299308e+55 6.935545041299137e+55 5.182560358284934e+55 3.8863105192727695e+55 2.9275240223994487e+55 2.2178069362286038e+55 1.6918288658747418e+55 1.3013844675708004e+55 1.0109387205913028e+55 7.943112193779769e+54 3.456517328846665e+54 1.3482955136385173e+54 8.920129912913123e+53 6.699582083095251e+53 5.371529980972236e+53 4.4848791795407225e+53 3.850504303331103e+53 3.373837935080507e+53 3.002505900292558e+53 2.8286495468688087e+53 2.7997138538319e+53 2.771206361037278e+53 2.7436427109583746e+53 2.7161900997991584e+53 2.689119189450256e+53 2.662921404584239e+53 2.6371699815782097e+53 2.5998290966265882e+53 2.4609569785304415e+53 2.1712636583936265e+53 1.872990430847238e+53 1.646858160972676e+53 1.4696115543814605e+53 1.296582610852124e+53 1.1348151198510369e+53 1.008968410920927e+53 9.391960194073958e+52 8.929003979534027e+52 8.258303679940289e+52 7.572209488665814e+52 7.079593672680409e+52 6.813647088486713e+52 6.418820260290582e+52 5.806210277508987e+52 5.018787328725994e+52 4.238277073182266e+52 3.6686571718523894e+52 3.234422397955214e+52 2.891010584225467e+52 2.614992650394298e+52 2.3864168867988993e+52 2.1945887262618145e+52 2.031447157943347e+52 
# total_energy_release_list
0 0 4.626779174779314e+55 1.1410902113513258e+56 1.8237952203767463e+56 2.4446240297826292e+56 3.1030560898197613e+56 3.7809028577577935e+56 4.441073130079081e+56 5.06540079868411e+56 5.646239955486903e+56 6.181779967998913e+56 6.67335624953005e+56 7.123887498250629e+56 7.536969542156544e+56 7.916359833255836e+56 9.400136113975074e+56 1.1268563195128846e+57 1.2504687778212281e+57 1.343309556937132e+57 1.417746592306284e+57 1.4798966894474017e+57 1.533255811714509e+57 1.5800094358389187e+57 1.6216172531066e+57 1.6255371099651312e+57 1.6294168686167524e+57 1.6332571224483882e+57 1.6370591794086842e+57 1.6408231933720112e+57 1.6445496932877902e+57 1.648239889106867e+57 1.651894399383987e+57 1.659099928203704e+57 1.693203124555905e+57 1.7533805527032383e+57 1.805291220777672e+57 1.8509345438571467e+57 1.891665407369001e+57 1.9455683545767308e+57 1.99274612711809e+57 2.034692062944265e+57 2.047707156886371e+57 2.072454243373472e+57 2.1067865646277778e+57 2.138266580239369e+57 2.157887953162142e+57 2.167330098903023e+57 2.2029101256317958e+57 2.243140477255883e+57 2.3126893118006006e+57 2.3714220716508267e+57 2.422261211453793e+57 2.4670828572955217e+57 2.507145606246546e+57 2.5433833822800017e+57 2.5764536246201635e+57 2.6068655704188776e+57 2.6350167497815635e+57 
# binding_energy_list
8.871560120379617e+54 8.871560120379617e+54 8.830799004185586e+54 8.770008211436303e+54 8.729713683881166e+54 8.669618757582214e+54 8.629785477669702e+54 8.570378452303692e+54 8.531001140175843e+54 8.491804750363178e+54 8.472274141405911e+54 8.433347577642791e+54 8.413951416451895e+54 8.394599865193965e+54 8.356030182312423e+54 8.336811846196331e+54 8.260379495771817e+54 8.165823713585906e+54 8.090958991783846e+54 8.053784411990643e+54 7.99834255007026e+54 7.96159350417325e+54 7.94328234724279e+54 7.90678627999831e+54 7.888601176185516e+54 7.888601176185516e+54 7.888601176185516e+54 7.888601176185516e+54 7.888601176185516e+54 7.870457896951001e+54 7.870457896951001e+54 7.870457896951001e+54 7.870457896951001e+54 7.870457896951001e+54 7.852356346100775e+54 7.816278045883308e+54 7.798301105232642e+54 7.762471166286928e+54 7.744617978025239e+54 7.709034690644309e+54 7.691304402866145e+54 7.673614893618154e+54 7.673614893618154e+54 7.655966069112569e+54 7.638357835776954e+54 7.620790100254084e+54 7.620790100254084e+54 7.620790100254084e+54 7.603262769401822e+54 7.585775750291883e+54 7.550922276654341e+54 7.533555637337217e+54 7.516228940182015e+54 7.498942093324558e+54 7.498942093324558e+54 7.481695005111584e+54 7.464487584100623e+54 7.447319739059888e+54 7.447319739059888e+54 
# total_gas_kinetic_energy_list
4.278785394632788e+59 4.271298614231769e+59 3.1180877122272682e+59 2.2762714089995727e+59 1.6617517777445878e+59 1.2131499313699988e+59 8.856662956117754e+58 6.465983881471827e+58 4.7207392077526323e+58 3.446661872903112e+58 2.516538124672021e+58 1.8375036658725074e+58 1.3417683909901326e+58 9.798459685075528e+57 7.156110706229553e+57 5.2269183504623616e+57 5.238337990099238e+57 5.252774031318858e+57 5.2623424942688995e+57 5.2693779130865765e+57 5.274902565466763e+57 5.27943675893627e+57 5.283320961053988e+57 5.286722519896891e+57 5.289757921543632e+57 5.290041984281854e+57 5.290322108111331e+57 5.290599516006835e+57 5.290875085305606e+57 5.29114950438864e+57 5.291423455408356e+57 5.291696034802892e+57 5.291962913284365e+57 5.2924827209064285e+57 5.294958132532256e+57 5.29932163271275e+57 5.303032985204483e+57 5.306285887372676e+57 5.309141869648395e+57 5.312808859442235e+57 5.315943741225817e+57 5.31867091413059e+57 5.319535339306558e+57 5.321075438310599e+57 5.323212016542077e+57 5.3250374948827654e+57 5.326160158057158e+57 5.326658831365403e+57 5.3286078332576074e+57 5.3306029104937206e+57 5.3338605376875965e+57 5.33639417972333e+57 5.338643814281991e+57 5.3407399755712484e+57 5.34274838850932e+57 5.344493292057831e+57 5.3462257454921466e+57 5.3478526476999164e+57 5.349330913825767e+57 
