# time_axis
5.999999999999999 7.0 7.30102999566398 7.477121254719661 7.602059991327962 7.698970004336018 7.778151250383643 7.845098040014256 7.903089986991943 7.954242509439324 8.0 8.041392685158224 8.079181246047623 8.113943352306837 8.146128035678238 8.176091259055681 8.301029995663981 8.47712125471966 8.60205999132796 8.698970004336019 8.778151250383644 8.845098040014257 8.903089986991942 8.954242509439323 8.999999999999998 9.004321373782641 9.008600171761916 9.012837224705171 9.017033339298779 9.021189299069936 9.02530586526477 9.02938377768521 9.033423755486949 9.041392685158224 9.079181246047623 9.146128035678236 9.204119982655923 9.255272505103305 9.301029995663981 9.361727836017593 9.414973347970816 9.462397997898954 9.477121254719663 9.505149978319904 9.544068044350274 9.57978359661681 9.60205999132796 9.612783856719734 9.653212513775342 9.698970004336017 9.778151250383642 9.845098040014257 9.903089986991944 9.954242509439325 10.0 10.041392685158225 10.079181246047623 10.113943352306835 10.146128035678236 
# total_gas_mass_list
10.87444351720968 10.873682950097395 10.737011680284594 10.60034921267285 10.463694110144173 10.327045429885965 10.19040434071847 10.053772405876515 9.9171515899814 9.780544229518938 9.643953147909503 9.507381992866405 9.370835406183888 9.234319526650621 9.097842283904468 8.961413961193761 8.96235868387792 8.96352540597164 8.964295646512342 8.964876614139358 8.965342638056562 8.96572945411323 8.96605986755101 8.966347365825502 8.966602381514093 8.966626196696764 8.966649663083311 8.966672895817474 8.966695954962008 8.96671889667958 8.96674177893122 8.96676453092551 8.966786812366227 8.966830198797181 8.967036147873621 8.967397392996695 8.967702033224073 8.967966770498577 8.968197983693448 8.968493858344555 8.968746246304418 8.968966113465264 8.969035784038354 8.969159770184259 8.969330625507501 8.969477223897838 8.969567396063931 8.969607709265025 8.96976436610674 8.969925640505673 8.970188957047624 8.970394414523913 8.97057618835881 8.970744551204072 8.970904737358225 8.971044310347096 8.971181688549372 8.971310796333256 8.971428116544203 
# ejected_gas_mass_list
-10.0 -10.0 5.867867473265982 6.318837132161258 6.551402845542766 6.694700857749031 6.795038731264838 6.870165254332112 6.928780973735025 6.975744669905133 7.014084241766215 7.0458887861664445 7.072632898089498 7.095420057602964 7.115065822253349 7.132186293858166 7.191737257290995 7.2556823969394735 7.293343076532358 7.319774011726546 7.339894782586095 7.355931038239181 7.3691859554655395 7.380406924075377 7.39012912707719 7.3910263294236405 7.391908630066787 7.392780430337373 7.3936440356639626 7.394501587680802 7.395355278463044 7.396202493528921 7.3970306307651645 7.398638784175032 7.406194418790742 7.419146284415331 7.429784304865956 7.438827785447751 7.44657928448371 7.456306791925136 7.464440873268756 7.471408537113489 7.473594025949613 7.47745719662435 7.4827268135553 7.487199495893251 7.489928662315393 7.491143445138568 7.495833144491267 7.500610487585027 7.508303084650987 7.514215311473722 7.519382037566506 7.524115248256761 7.52857287452161 7.532421249846913 7.536177289831125 7.539678912884937 7.542837429491532 
# stellar_mass_list
-10.0 8.129716022312989 8.265518882592444 8.270214259570224 8.255629811767847 8.234853904695143 8.212250119817783 8.18976670781116 8.16834334695024 8.148419798398773 8.130158143254727 8.11356571281362 8.098564061106064 8.085030024057927 8.072822941035163 8.061797165581677 8.013085070275832 7.966134099020285 7.936838153267541 7.9155689383849905 7.898921048006209 7.885285529330536 7.8737477771805535 7.863775729760685 7.85497394500723 7.8541547672349425 7.853348601223571 7.852551112689375 7.851759212250944 7.850970911644198 7.850184298165895 7.849402068768811 7.848636948614824 7.847149138286358 7.840090225440687 7.827744899438463 7.81724624879942 7.808072164718056 7.800006768450634 7.78949778548448 7.780343700734584 7.772288152355285 7.7697163730104295 7.765084042540846 7.758483870914395 7.75262755759454 7.748906422255297 7.7472302540041404 7.740448706475247 7.7331785770853765 7.720321965989877 7.7096582468061685 7.700344071733502 7.691785288421058 7.683684029616855 7.676745170173363 7.669813246476998 7.663555628206607 7.657841670378451 
# remnant_mass_list
-10.0 -10.0 7.180010804324802 7.518592989750884 7.681341399878214 7.778453644777774 7.842183363637512 7.886376274216919 7.918169774505118 7.941661573888693 7.959390808768293 7.973014205724698 7.983653834779981 7.992091053085123 7.998880830347441 8.004424654381227 8.01895944737316 8.032327292767048 8.040004668892843 8.045277499253885 8.049236419084595 8.05237295675549 8.054954939283265 8.057134398014625 8.059019531146012 8.059193018412316 8.059363356262786 8.059531556472622 8.059698373571843 8.059864257856603 8.060029676021507 8.060193976801166 8.060354208169832 8.060664581236692 8.062124690018447 8.064625202098343 8.06669886576796 8.06847336047967 8.070003187067416 8.071955058644576 8.073620266582898 8.075058032060504 8.075513749988323 8.076322715832124 8.077466279373713 8.078463449390261 8.079092598328309 8.079371632491991 8.080502874805212 8.081688857992441 8.083750314708302 8.085414692286168 8.086840494248005 8.088134562453181 8.08934828689699 8.090362779469123 8.091374800910385 8.092272956212726 8.093080653412747 
# BH_mass_list
-10.0 -10.0 7.0361315674788925 7.3367814460815515 7.471813966685533 7.549212667152495 7.598108999220651 7.630621554476781 7.6529091738162185 7.668487582957412 7.6795184402452925 7.687398907326472 7.693063792105218 7.697153985664297 7.700116576292787 7.702267373527808 7.703831475221808 7.703831475221808 7.703831475221808 7.703831475221808 7.703831475221808 7.703831475221808 7.703831475221808 7.703831475221808 7.703831475221808 7.703831475221808 7.703831475221808 7.703831475221808 7.703831475221808 7.703831475221808 7.703831475221808 7.703831475221808 7.703831475221808 7.703831475221808 7.703831475221808 7.703831475221808 7.703831475221808 7.703831475221808 7.703831475221808 7.703831475221808 7.703831475221808 7.703831475221808 7.703831475221808 7.703831475221808 7.703831475221808 7.703831475221808 7.703831475221808 7.703831475221808 7.703831475221808 7.703831475221808 7.703831475221808 7.703831475221808 7.703831475221808 7.703831475221808 7.703831475221808 7.703831475221808 7.703831475221808 7.703831475221808 7.703831475221808 
# NS_mass_list
-10.0 -10.0 6.630269284919391 7.052691115188065 7.26423810416631 7.390548837474954 7.466790897467024 7.515054447923211 7.547183514697019 7.569224159505015 7.5846372246099305 7.595554493472789 7.603355535509929 7.608964194327235 7.613014235699018 7.615947973400773 7.619586368897515 7.619586368897515 7.619586368897515 7.619586368897515 7.619586368897515 7.619586368897515 7.619586368897515 7.619586368897515 7.619586368897515 7.619586368897515 7.619586368897515 7.619586368897515 7.619586368897515 7.619586368897515 7.619586368897515 7.619586368897515 7.619586368897515 7.619586368897515 7.619586368897515 7.619586368897515 7.619586368897515 7.619586368897515 7.619586368897515 7.619586368897515 7.619586368897515 7.619586368897515 7.619586368897515 7.619586368897515 7.619586368897515 7.619586368897515 7.619586368897515 7.619586368897515 7.619586368897515 7.619586368897515 7.619586368897515 7.619586368897515 7.619586368897515 7.619586368897515 7.619586368897515 7.619586368897515 7.619586368897515 7.619586368897515 7.619586368897515 
# WD_mass_list
-10.0 -10.0 -10.0 -10.0 -10.0 4.668281576244134 5.777577496361171 6.182554476022144 6.415979187861091 6.571953360388678 6.684505337117433 6.76972429733718 6.836449536575568 6.890031700004632 6.933927439211826 6.970493371848725 7.088213071342399 7.190824017003382 7.241519156965069 7.273655834494814 7.296547799694965 7.314004050764202 7.327955503605185 7.339454921974954 7.3492066020810585 7.350095236000993 7.35096631692543 7.351825089602433 7.35267545423928 7.353519738898176 7.354360340204944 7.355193971923472 7.356005720858835 7.357574648847196 7.364895136610675 7.377207422173187 7.387211605680272 7.395630081746593 7.402786038867936 7.4117838734498855 7.419346725668258 7.425795133255046 7.427823620369619 7.431406499763029 7.436432620768282 7.4407789893604575 7.443504132109311 7.444708566129949 7.44956540581529 7.454612982148518 7.463281399534243 7.470185334405556 7.476034230841187 7.481291730140261 7.486179645584417 7.490233762068445 7.494249960787745 7.497791186568377 7.500957472660466 
