# time_axis
5.999999999999999 7.0 7.30102999566398 7.477121254719661 7.602059991327962 7.698970004336018 7.778151250383643 7.845098040014256 7.903089986991943 7.954242509439324 8.0 8.301029995663981 8.47712125471966 8.60205999132796 8.698970004336019 8.778151250383644 8.845098040014257 8.903089986991942 8.954242509439323 8.999999999999998 9.004321373782641 9.008600171761916 9.012837224705171 9.017033339298779 9.021189299069936 9.02530586526477 9.02938377768521 9.033423755486949 9.041392685158224 9.079181246047623 9.146128035678236 9.204119982655923 9.255272505103305 9.301029995663981 9.361727836017593 9.414973347970816 9.462397997898954 9.477121254719663 9.505149978319904 9.544068044350274 9.57978359661681 9.60205999132796 9.612783856719734 9.653212513775342 9.698970004336017 9.778151250383642 9.845098040014257 9.903089986991944 9.954242509439325 10.0 10.041392685158225 10.079181246047623 10.113943352306835 10.146128035678236 
# total_gas_mass_list
11.222878745280337 11.221572461262165 11.220351907252992 11.219230927074804 11.218116292133491 11.21705135179012 11.215988170197793 11.214932622980625 11.213897137494845 11.212880737439482 11.211876030855935 11.212930560179883 11.21306374707003 11.213129843153652 11.21317175859708 11.213201527600024 11.213223862079104 11.213241549529481 11.213255996476905 11.213268018695013 11.213269153812726 11.21327025254984 11.21327131376657 11.213272329739137 11.213273399536385 11.213274423070988 11.21327542930756 11.21327641062124 11.213278356620515 11.213287318216718 11.2133020227514 11.213313720914957 11.213323348666032 11.21333140040345 11.21334123723912 11.213349208791117 11.21335584946966 11.213357822916551 11.213361430504305 11.213366260070982 11.213370340468684 11.213372838825222 11.213373962630788 11.21337816544157 11.213382449878521 11.213389195688983 11.213394311282961 11.213398670471822 11.213402509595413 11.213406227984198 11.213409128661835 11.213412113813845 11.213414333911443 11.21341707073506 
# ejected_gas_mass_list
-10.0 -10.0 7.520931719196179 8.026175143095042 8.261877515567573 8.445998537203383 8.576808167712185 8.680721939819728 8.770833938708737 8.850419069884198 8.920417030354612 9.089391760767224 9.106744248296048 9.115106828095296 9.120328440313985 9.12399945137802 9.12673359473796 9.12888680922668 9.130637713126125 9.132089433042584 9.132226253690316 9.132358648526054 9.132486484269982 9.132608834881022 9.132737630504613 9.132860821003492 9.132981895776643 9.133099939487678 9.133333932622804 9.134409892768494 9.136169662654794 9.137564611357403 9.138709349836994 9.139664408418485 9.140828387585058 9.141769386525151 9.142551742427985 9.1427839703403 9.143208179887402 9.143775437290117 9.144254129091502 9.144546965755177 9.144678625128035 9.145170654737486 9.145671672215359 9.146459360491596 9.14705575032487 9.147563316436294 9.148009841751017 9.148441891026133 9.148778632704708 9.149124911014535 9.149382265472717 9.149699311060436 
# stellar_mass_list
-10.0 8.847842856620996 8.92375961717257 8.967633554285694 9.00059045657036 9.027677933067135 9.050987122457633 9.071613641558773 9.090212917108552 9.10723268318502 9.122969783696517 8.608556086760782 8.53675542435902 8.49484060071376 8.465631890615457 8.443413824365477 8.425617880317859 8.410834425213617 8.398244946928902 8.387306976427949 8.386287036100635 8.38528475919769 8.384297845250703 8.383321914633532 8.382354087780868 8.381393724573902 8.380440216568653 8.37950026361985 8.377668847214984 8.369072593324995 8.35425646075162 8.341868239520847 8.33120276561232 8.321911910998924 8.309976649481541 8.299768170133033 8.290881853556497 8.288103000518912 8.283013215787992 8.275902693811494 8.269683791035419 8.265697068391264 8.263930275456824 8.256864871340236 8.249331868365054 8.23624985182608 8.225555250673887 8.216212520876462 8.207616570690963 8.199565193030262 8.192574617378028 8.185684666411698 8.179365042678494 8.173685257409717 
# remnant_mass_list
-10.0 -10.0 7.833026163353074 8.167982397144037 8.362907228327817 8.500311090863976 8.606190803636768 8.692240057657173 8.764672632150113 8.82700090846098 8.881614352964865 8.965177662229623 8.973654192206201 8.9779978869684 8.980782111926978 8.982773467501197 8.98429230186334 8.985504137479893 8.986501045838697 8.987341589480183 8.987418805726527 8.987494393003653 8.987568572105593 8.987641754794566 8.987714209248729 8.987786003293188 8.987857185373954 8.987927139135198 8.988062641736471 8.988690516404013 8.989739585823065 8.99058437952693 8.991289691391561 8.991886556867055 8.99262867472303 8.993243348726425 8.993763322288695 8.993924320566204 8.994212463271706 8.994610695053051 8.994947156649497 8.995162980619025 8.995254540933356 8.995627154178791 8.996007364025148 8.996653623325942 8.997159092026436 8.997592385612455 8.99799143728816 8.998366441637035 8.99867949244135 8.998994749398156 8.9992788920236 8.999526676508536 
# BH_mass_list
-10.0 -10.0 7.6715092877994095 7.972539283463392 8.148630542519072 8.273569279127372 8.370479292135428 8.449660538183053 8.516607327813665 8.574364932837412 8.625080663016016 8.670258570672296 8.670258570672296 8.670258570672296 8.670258570672296 8.670258570672296 8.670258570672296 8.670258570672296 8.670258570672296 8.670258570672296 8.670258570672296 8.670258570672296 8.670258570672296 8.670258570672296 8.670258570672296 8.670258570672296 8.670258570672296 8.670258570672296 8.670258570672296 8.670258570672296 8.670258570672296 8.670258570672296 8.670258570672296 8.670258570672296 8.670258570672296 8.670258570672296 8.670258570672296 8.670258570672296 8.670258570672296 8.670258570672296 8.670258570672296 8.670258570672296 8.670258570672296 8.670258570672296 8.670258570672296 8.670258570672296 8.670258570672296 8.670258570672296 8.670258570672296 8.670258570672296 8.670258570672296 8.670258570672296 8.670258570672296 8.670258570672296 
# NS_mass_list
-10.0 -10.0 7.325201321894077 7.727155493880479 7.95335567779216 8.109113193606895 8.223516532662616 8.313980407520415 8.38881045212593 8.452503357293391 8.507878448535779 8.58747115159628 8.58747115159628 8.58747115159628 8.58747115159628 8.58747115159628 8.58747115159628 8.58747115159628 8.58747115159628 8.58747115159628 8.58747115159628 8.58747115159628 8.58747115159628 8.58747115159628 8.58747115159628 8.58747115159628 8.58747115159628 8.58747115159628 8.58747115159628 8.58747115159628 8.58747115159628 8.58747115159628 8.58747115159628 8.58747115159628 8.58747115159628 8.58747115159628 8.58747115159628 8.58747115159628 8.58747115159628 8.58747115159628 8.58747115159628 8.58747115159628 8.58747115159628 8.58747115159628 8.58747115159628 8.58747115159628 8.58747115159628 8.58747115159628 8.58747115159628 8.58747115159628 8.58747115159628 8.58747115159628 8.58747115159628 8.58747115159628 
# WD_mass_list
-10.0 -10.0 -10.0 -10.0 -10.0 5.16674582649522 6.263186530698598 6.666500078865516 6.919638109911273 7.102930233863616 7.245784561770584 7.833458506992803 7.936211278352851 7.981365974228467 8.008233404019101 8.02657720775549 8.040119051453358 8.050661491465323 8.059167707009403 8.066227295233672 8.066870782275066 8.067499882630495 8.068116484495832 8.068724050162556 8.069324834489745 8.069919422796206 8.07050823717995 8.071086208087397 8.072203836367946 8.077349841305994 8.085830359372178 8.092555716364302 8.098101801890344 8.102747360730612 8.108463750838046 8.113149426229297 8.117079211528658 8.118289755110915 8.120449021347612 8.12341804142006 8.125912913960835 8.127506753775778 8.128181393514652 8.130917600419421 8.133694332172348 8.13837921207621 8.142013364139459 8.145107906720195 8.147941227379679 8.150589418113428 8.152789545637082 8.15499556230022 8.156975662778738 8.15869610752936 
