# time_axis
1000000 10000000 20000000 30000000 40000000 50000000 60000000 70000000 80000000 90000000 100000000 200000000 300000000 400000000 500000000 600000000 700000000 800000000 900000000 1000000000 1010000000 1020000000 1030000000 1040000000 1050000000 1060000000 1070000000 1080000000 1100000000 1200000000 1400000000 1600000000 1800000000 2000000000 2300000000 2600000000 2900000000 3000000000 3200000000 3500000000 3800000000 4000000000 4100000000 4500000000 5000000000 6000000000 7000000000 8000000000 9000000000 10000000000 11000000000 12000000000 13000000000 14000000000 
# SNIa_energy_release_list
0 0.0 0.0 0.0 0.0 0.0 7.096079919808598e+55 1.9990079305752947e+56 3.778616332038689e+56 5.273252094027034e+56 6.562652100963505e+56 1.4339301518406968e+57 1.8560277563627835e+57 2.1475476749793605e+57 2.3705003221634935e+57 2.5510960398988874e+57 2.7028602026359397e+57 2.8337647930426493e+57 2.948852225414564e+57 3.0515455293190525e+57 3.0612315005071235e+57 3.0708212512087742e+57 3.080318110862429e+57 3.0897186333556504e+57 3.0990272237663802e+57 3.108244766526619e+57 3.117372750217463e+57 3.126414631843478e+57 3.144249675485626e+57 3.228739028382189e+57 3.378114551963369e+57 3.507230404038434e+57 3.620935130339049e+57 3.722529124382222e+57 3.857125465386832e+57 3.975058566917124e+57 4.080001009939438e+57 4.112584677537687e+57 4.1745377683678565e+57 4.260534691013101e+57 4.339432410387337e+57 4.388619014238407e+57 4.4122908766814524e+57 4.501534976561303e+57 4.6024610997162834e+57 4.777036808457888e+57 4.92456473973958e+57 5.0522839551621675e+57 5.164937311118651e+57 5.265629294320073e+57 5.356747403586118e+57 5.4399053100485766e+57 5.516389915508403e+57 5.587194283315787e+57 
# SNII_energy_release_list
0 -4.954818527482586e+55 1.7742621402675995e+56 4.906546358378707e+56 8.985203590199648e+56 1.0583253793838501e+57 1.1318763772382105e+57 1.1603382589964133e+57 1.1603382589964133e+57 1.1603382589964133e+57 1.1603382589964133e+57 1.1603382589964133e+57 1.1603382589964133e+57 1.1603382589964133e+57 1.1603382589964133e+57 1.1603382589964133e+57 1.1603382589964133e+57 1.1603382589964133e+57 1.1603382589964133e+57 1.1603382589964133e+57 1.1603382589964133e+57 1.1603382589964133e+57 1.1603382589964133e+57 1.1603382589964133e+57 1.1603382589964133e+57 1.1603382589964133e+57 1.1603382589964133e+57 1.1603382589964133e+57 1.1603382589964133e+57 1.1603382589964133e+57 1.1603382589964133e+57 1.1603382589964133e+57 1.1603382589964133e+57 1.1603382589964133e+57 1.1603382589964133e+57 1.1603382589964133e+57 1.1603382589964133e+57 1.1603382589964133e+57 1.1603382589964133e+57 1.1603382589964133e+57 1.1603382589964133e+57 1.1603382589964133e+57 1.1603382589964133e+57 1.1603382589964133e+57 1.1603382589964133e+57 1.1603382589964133e+57 1.1603382589964133e+57 1.1603382589964133e+57 1.1603382589964133e+57 1.1603382589964133e+57 1.1603382589964133e+57 1.1603382589964133e+57 1.1603382589964133e+57 1.1603382589964133e+57 
# SN_energy_per_current_crossing_time_list
0.0 -3.0294037344707664e+55 1.1638281727805514e+56 1.6028736288819558e+56 4.047562784915721e+56 2.0332195024109548e+56 1.0846728273935674e+56 5.083440261988888e+55 1.0707847272234189e+55 9.336287036759266e+54 8.296563018399262e+54 5.770511284892631e+54 3.3085417188334425e+54 2.3582713940896768e+54 1.842596501089591e+54 1.516338669475763e+54 1.2898239660391088e+54 1.1235740412636257e+54 9.959077424535841e+53 8.948575347943507e+53 8.445527170054388e+53 8.366752264827332e+53 8.29075237589479e+53 8.21165067354412e+53 8.136308026082747e+53 8.061596437400838e+53 7.98804397302727e+53 7.917282199996165e+53 7.817111259577774e+53 7.445100657985482e+53 6.639454962724527e+53 5.779739544813413e+53 5.119940915733448e+53 4.597372065248564e+53 4.0855516850798695e+53 3.5980225323337203e+53 3.2153842827673954e+53 2.998943065926391e+53 2.857642385495878e+53 2.6529254157130556e+53 2.440526424571456e+53 2.2859990360512784e+53 2.2020384007235895e+53 2.0814167479137437e+53 1.8886153041637116e+53 1.641146505064076e+53 1.391982195111039e+53 1.2088564323914934e+53 1.0692317318146738e+53 9.582613348649365e+52 8.689709385733956e+52 7.947843739570515e+52 7.321343199085433e+52 6.791330225321883e+52 
# SN_energy_per_final_crossing_time_list
0.0 -1.4081495302021405e+56 5.805510389018138e+56 8.011700273491827e+56 1.0432316157875606e+57 4.08746408755584e+56 1.949337549360157e+56 8.516680454039227e+55 1.706943893485972e+55 1.433607182801465e+55 1.236751560787825e+55 7.459115288493094e+54 4.048626247783266e+54 2.796166530248478e+54 2.1384910260849648e+54 1.732216803003707e+54 1.4556736786643692e+54 1.255595281750034e+54 1.1038821222841921e+54 9.850015759507624e+53 9.290476128547843e+53 9.198184492034732e+53 9.109086347180852e+53 9.016682800658028e+53 8.928504465078666e+53 8.841174448602262e+53 8.755272231864869e+53 8.6726858641815e+53 8.55340388649146e+53 8.103950558604765e+53 7.1638130502052e+53 6.1921913571136334e+53 5.453098222612571e+53 4.872286723423046e+53 4.303351272381978e+53 3.7705895920970737e+53 3.355248681622646e+53 3.1253219746812486e+53 2.9711719159164057e+53 2.749517287945243e+53 2.522539606374004e+53 2.3589114609668865e+53 2.270529910477478e+53 2.14000269939016e+53 1.9361026782177706e+53 1.674474787500593e+53 1.4150410911345751e+53 1.225042175947999e+53 1.0805352338890681e+53 9.658055429909386e+52 8.739759829733725e+52 7.976242442688292e+52 7.336160591733344e+52 6.791330225321883e+52 
# total_energy_release_list
0 -4.954818527482586e+55 1.7742621402675995e+56 4.906546358378707e+56 8.985203590199648e+56 1.0583253793838501e+57 1.2028371764362964e+57 1.3602390520539428e+57 1.5381998922002823e+57 1.687663468399117e+57 1.8166034690927638e+57 2.59426841083711e+57 3.016366015359197e+57 3.307885933975774e+57 3.530838581159907e+57 3.711434298895301e+57 3.863198461632353e+57 3.9941030520390626e+57 4.1091904844109775e+57 4.2118837883154655e+57 4.221569759503537e+57 4.231159510205188e+57 4.240656369858842e+57 4.2500568923520634e+57 4.2593654827627936e+57 4.268583025523032e+57 4.2777110092138765e+57 4.2867528908398915e+57 4.3045879344820396e+57 4.3890772873786024e+57 4.538452810959783e+57 4.667568663034847e+57 4.781273389335462e+57 4.8828673833786355e+57 5.017463724383245e+57 5.135396825913537e+57 5.240339268935851e+57 5.2729229365341005e+57 5.33487602736427e+57 5.4208729500095144e+57 5.49977066938375e+57 5.5489572732348206e+57 5.572629135677866e+57 5.6618732355577166e+57 5.762799358712697e+57 5.9373750674543015e+57 6.084902998735993e+57 6.212622214158581e+57 6.325275570115064e+57 6.425967553316486e+57 6.517085662582531e+57 6.60024356904499e+57 6.676728174504816e+57 6.747532542312201e+57 
# binding_energy_list
1.5170503674593275e+59 1.5170503674593275e+59 1.4621771744567153e+59 1.3835663789717753e+59 1.1271974561755094e+59 9.88553094656933e+58 9.332543007969886e+58 8.994975815300365e+58 8.749837752274364e+58 8.590135215053908e+58 8.452788451602891e+58 7.852356346100774e+58 7.638357835776955e+58 7.516228940182015e+58 7.430191378967052e+58 7.362070974947316e+58 7.328245331389075e+58 7.277798045368273e+58 7.261059574351499e+58 7.227698036021732e+58 7.227698036021732e+58 7.227698036021732e+58 7.227698036021732e+58 7.227698036021732e+58 7.211074791828946e+58 7.211074791828946e+58 7.211074791828946e+58 7.211074791828946e+58 7.211074791828946e+58 7.194489780036983e+58 7.161434102128968e+58 7.12853030126522e+58 7.112135136533237e+58 7.095777679633873e+58 7.079457843841402e+58 7.063175542629565e+58 7.046930689671453e+58 7.030723198838356e+58 7.030723198838356e+58 7.014552984199657e+58 7.014552984199657e+58 6.998419960022717e+58 6.998419960022717e+58 6.998419960022717e+58 6.982324040771733e+58 6.966265141107743e+58 6.950243175887948e+58 6.950243175887948e+58 6.934258060165708e+58 6.934258060165708e+58 6.918309709189419e+58 6.918309709189419e+58 6.918309709189419e+58 6.902398038402398e+58 
# total_gas_kinetic_energy_list
3.2276708403329913e+59 3.1953583373635075e+59 3.1647426611535236e+59 3.1357157439626324e+59 3.1408829775253625e+59 3.144086319160695e+59 3.145440936672335e+59 3.1462599274855025e+59 3.1468568888546968e+59 3.147326394126323e+59 3.1477058064182594e+59 3.1494526861135173e+59 3.1501092142179686e+59 3.1504758221126214e+59 3.1507128090009754e+59 3.150882321781134e+59 3.1510082086160277e+59 3.1511101966640103e+59 3.151194347107548e+59 3.1512657687531986e+59 3.1512721729361646e+59 3.151278414910494e+59 3.1512845749225084e+59 3.1512907944492144e+59 3.1512970698413855e+59 3.1513032792424248e+59 3.15130942226938e+59 3.151315359591699e+59 3.1513266961799195e+59 3.151379778269594e+59 3.1514685151889423e+59 3.1515395366582335e+59 3.151598188912028e+59 3.1516473783588582e+59 3.1517070859743307e+59 3.1517559044668505e+59 3.1517962043157645e+59 3.1518083948083227e+59 3.1518298470979872e+59 3.1518593489194924e+59 3.151883450918082e+59 3.151897974113632e+59 3.1519048141492776e+59 3.1519293207872605e+59 3.151953850678008e+59 3.151991422461443e+59 3.1520193900005287e+59 3.1520429452439023e+59 3.152063913001438e+59 3.15208473972455e+59 3.1520999996106944e+59 3.1521166438201076e+59 3.1521278680299283e+59 3.1521439052016115e+59 
