# time_axis
5.999999999999999 7.0 7.30102999566398 7.477121254719661 7.602059991327962 7.698970004336018 7.778151250383643 7.845098040014256 7.903089986991943 7.954242509439324 8.0 8.301029995663981 8.47712125471966 8.60205999132796 8.698970004336019 8.778151250383644 8.845098040014257 8.903089986991942 8.954242509439323 8.999999999999998 9.004321373782641 9.008600171761916 9.012837224705171 9.017033339298779 9.021189299069936 9.02530586526477 9.02938377768521 9.033423755486949 9.041392685158224 9.079181246047623 9.146128035678236 9.204119982655923 9.255272505103305 9.301029995663981 9.361727836017593 9.414973347970816 9.462397997898954 9.477121254719663 9.505149978319904 9.544068044350274 9.57978359661681 9.60205999132796 9.612783856719734 9.653212513775342 9.698970004336017 9.778151250383642 9.845098040014257 9.903089986991944 9.954242509439325 10.0 10.041392685158225 10.079181246047623 10.113943352306835 10.146128035678236 
# total_gas_mass_list
10.7 10.695630352818199 10.691519396779666 10.687599086639937 10.68854514589369 10.689094698762167 10.689330966297717 10.689474468367143 10.689573781794751 10.689647168116696 10.689704426831302 10.689963559884509 10.690059687465462 10.69011392797225 10.69015026609338 10.690176897444127 10.690197078170677 10.69021338696432 10.690226777618774 10.690238116991416 10.690239132311307 10.690240129498124 10.69024111985383 10.690242111050287 10.690243104489966 10.69024408523316 10.690245054589187 10.690245994168166 10.690247808768653 10.690256232362929 10.690270307620848 10.690281543361355 10.690290811108788 10.690298564715988 10.690308042755577 10.690315825129177 10.690322287204378 10.690324232608939 10.69032770064014 10.690332448289343 10.690336405636248 10.69033881303452 10.690339935026453 10.690344039232322 10.690348140631292 10.690354583682694 10.69035949133821 10.690363655938913 10.690367343430669 10.690370954326637 10.690373663178015 10.690376573197376 10.690378359251646 10.690381239889813 
# ejected_gas_mass_list
-10.0 -10.0 7.520931719196179 7.967091682064464 8.298683982120695 8.416191995042343 8.458377330124568 8.482142812090558 8.497864697550774 8.509129314217969 8.51772113256712 8.554623469343307 8.56755806390566 8.574691208519697 8.579405798505539 8.582829045456963 8.585405401763277 8.587476428680311 8.589169591022213 8.590598278848496 8.590725975464956 8.590851355241755 8.590975840588483 8.59110039618228 8.591225198115223 8.591348370149193 8.591470078018135 8.591588014934477 8.591815695554056 8.59287106853734 8.59462886816031 8.596027004430093 8.597176899701717 8.598136613278601 8.599306920604896 8.600265521214059 8.601059901196832 8.601298766929013 8.601724264837516 8.602306091321557 8.602790475828243 8.60308488264812 8.603222026281822 8.6037233271114 8.60422371243607 8.605008634840711 8.605605565621063 8.606111479268156 8.606558946591006 8.606996676573939 8.607324769414358 8.607676953821086 8.607892970433182 8.60824114852339 
# stellar_mass_list
-10.0 8.847842856620996 8.92375961717257 8.967633554285694 8.47264291746148 8.355662138777282 8.293116599124014 8.250201728732026 8.217659281712686 8.191566101129954 8.169864908000443 8.052114864487505 7.996059608053549 7.96004344040013 7.933874454563927 7.913512195765395 7.896954174279171 7.883040392982631 7.871119288327724 7.8606341914509485 7.859667538270847 7.858733454558028 7.857801939192657 7.856867388436128 7.85593079706508 7.8549916688110795 7.854057442580667 7.85315328535587 7.851431459338904 7.843171536354554 7.828843494896818 7.816769080512573 7.80635827782032 7.7973212288944564 7.7856395659971716 7.775576282597429 7.766833259635908 7.76403626364672 7.759103300309051 7.752087235355917 7.745870073440139 7.7420065784953005 7.740247042757068 7.733199332665799 7.725721603497835 7.7127131478367925 7.7020744068461315 7.692788440703875 7.684257842688291 7.676147550939145 7.669236469639166 7.662298332345089 7.656067742613802 7.650349492203978 
# remnant_mass_list
-10.0 -10.0 7.833026163353074 8.167982397144037 8.362907228327817 8.395104956732853 8.409252399401309 8.417780718946943 8.423590276888847 8.427952790996374 8.431391981534059 8.447391515760716 8.45362856331146 8.457228224685684 8.459657417290456 8.461443909332008 8.462831985574073 8.463955062459235 8.464885821569487 8.465682446932796 8.465754586291602 8.465823723448924 8.46589264864885 8.465961894355582 8.466031367841623 8.466101133021988 8.466170465122907 8.466237046635928 8.466362331499125 8.46695891039074 8.467963830295712 8.468780674628333 8.46946382860542 8.470039043568082 8.470759925233263 8.471362581714933 8.471870830149244 8.472033107751 8.47230879304914 8.472699438224101 8.473035542236266 8.473241778116847 8.473332741808544 8.473703685857833 8.474079458393655 8.47471954531657 8.475220249185806 8.475648800767306 8.47604245471199 8.476420713098054 8.476727567123232 8.477045257351213 8.477322671781018 8.477572319435362 
# BH_mass_list
-10.0 -10.0 7.6715092877994095 7.972539283463392 8.148630542519072 8.148630542519072 8.148630542519072 8.148630542519072 8.148630542519072 8.148630542519072 8.148630542519072 8.148630542519072 8.148630542519072 8.148630542519072 8.148630542519072 8.148630542519072 8.148630542519072 8.148630542519072 8.148630542519072 8.148630542519072 8.148630542519072 8.148630542519072 8.148630542519072 8.148630542519072 8.148630542519072 8.148630542519072 8.148630542519072 8.148630542519072 8.148630542519072 8.148630542519072 8.148630542519072 8.148630542519072 8.148630542519072 8.148630542519072 8.148630542519072 8.148630542519072 8.148630542519072 8.148630542519072 8.148630542519072 8.148630542519072 8.148630542519072 8.148630542519072 8.148630542519072 8.148630542519072 8.148630542519072 8.148630542519072 8.148630542519072 8.148630542519072 8.148630542519072 8.148630542519072 8.148630542519072 8.148630542519072 8.148630542519072 8.148630542519072 
# NS_mass_list
-10.0 -10.0 7.325201321894077 7.727155493880479 7.95335567779216 8.031074958969523 8.056734697226135 8.065345469794421 8.065345469794421 8.065345469794421 8.065345469794421 8.065345469794421 8.065345469794421 8.065345469794421 8.065345469794421 8.065345469794421 8.065345469794421 8.065345469794421 8.065345469794421 8.065345469794421 8.065345469794421 8.065345469794421 8.065345469794421 8.065345469794421 8.065345469794421 8.065345469794421 8.065345469794421 8.065345469794421 8.065345469794421 8.065345469794421 8.065345469794421 8.065345469794421 8.065345469794421 8.065345469794421 8.065345469794421 8.065345469794421 8.065345469794421 8.065345469794421 8.065345469794421 8.065345469794421 8.065345469794421 8.065345469794421 8.065345469794421 8.065345469794421 8.065345469794421 8.065345469794421 8.065345469794421 8.065345469794421 8.065345469794421 8.065345469794421 8.065345469794421 8.065345469794421 8.065345469794421 8.065345469794421 
# WD_mass_list
-10.0 -10.0 -10.0 -10.0 -10.0 5.16674582649522 6.263186530698598 6.666500078865516 6.911897834432487 7.035084601519346 7.112980602495612 7.363691753589202 7.433875525854352 7.470146086660245 7.493170893021106 7.509434761392408 7.5217081795426655 7.531418437762577 7.539323059234518 7.545989252574148 7.5465884940807015 7.547162115471152 7.547733315833229 7.548306507912816 7.548880917894897 7.549457068400403 7.550028977630398 7.5505775754925475 7.5516082114688885 7.556486627511898 7.564597073832584 7.571093318475623 7.5764619119232695 7.580937806626091 7.586491042631618 7.591086621901004 7.594929735169142 7.596150607462626 7.598217890329201 7.6011327018912285 7.60362707097178 7.605151521623721 7.6058224378806845 7.608549155256326 7.611296373316283 7.615941711995756 7.619545886608072 7.62261037944613 7.625409037190024 7.628083724981505 7.630243169642037 7.632469212961185 7.634405079946083 7.6361408880768895 
