# time_axis
1000000 10000000 20000000 30000000 40000000 50000000 60000000 70000000 80000000 90000000 100000000 110000000 120000000 130000000 140000000 150000000 200000000 300000000 400000000 500000000 600000000 700000000 800000000 900000000 1000000000 1010000000 1020000000 1030000000 1040000000 1050000000 1060000000 1070000000 1080000000 1100000000 1200000000 1400000000 1600000000 1800000000 2000000000 2300000000 2600000000 2900000000 3000000000 3200000000 3500000000 3800000000 4000000000 4100000000 4500000000 5000000000 6000000000 7000000000 8000000000 9000000000 10000000000 11000000000 12000000000 13000000000 14000000000 
# SNIa_energy_release_list
0 0.0 0.0 0.0 0.0 0.0 1.1552710328824118e+53 5.235427500240739e+54 1.9455687424920805e+55 4.059537334353236e+55 6.576765892718178e+55 9.26365121452031e+55 1.1963930037680674e+56 1.4584782845867762e+56 1.7077195319523414e+56 1.9419878999266952e+56 2.8962331207186814e+56 4.085118427488902e+56 4.8528996301947416e+56 5.422890067409253e+56 5.876716556162436e+56 6.253929332331968e+56 6.576709607398951e+56 6.858833655444104e+56 7.109416484545552e+56 7.1329974826108454e+56 7.1563344651890425e+56 7.17943451489639e+56 7.202299366586891e+56 7.224934785104795e+56 7.247344468938465e+56 7.269530765494265e+56 7.2914988765586925e+56 7.33480045158808e+56 7.5396067932787635e+56 7.900479910968533e+56 8.211299271555584e+56 8.484263392922902e+56 8.727622856491786e+56 9.049404541612377e+56 9.33080015215655e+56 9.580825461111992e+56 9.658358115955328e+56 9.805792242078689e+56 1.0010241122870682e+57 1.0197630908078296e+57 1.031441195523371e+57 1.0370595997437169e+57 1.058224383329636e+57 1.0821533516462621e+57 1.1235023217858013e+57 1.1584027805735988e+57 1.1886067983474107e+57 1.2152269055620095e+57 1.2390163669408575e+57 1.2605358866507323e+57 1.2801694217715765e+57 1.2982224203770258e+57 1.3149324744005921e+57 
# SNII_energy_release_list
0 0.0 1.1333531072281886e+53 5.2092799224149504e+54 2.24189595841707e+55 5.287867149216136e+55 9.290357176615445e+55 1.3320957882297437e+56 1.6588331918315456e+56 1.9031803122386596e+56 2.0786230873916977e+56 2.202054831471766e+56 2.2880291263684507e+56 2.3476250733152147e+56 2.3888435994809975e+56 2.4173243075897137e+56 2.4579050018224105e+56 2.4579050018224105e+56 2.4579050018224105e+56 2.4579050018224105e+56 2.4579050018224105e+56 2.4579050018224105e+56 2.4579050018224105e+56 2.4579050018224105e+56 2.4579050018224105e+56 2.4579050018224105e+56 2.4579050018224105e+56 2.4579050018224105e+56 2.4579050018224105e+56 2.4579050018224105e+56 2.4579050018224105e+56 2.4579050018224105e+56 2.4579050018224105e+56 2.4579050018224105e+56 2.4579050018224105e+56 2.4579050018224105e+56 2.4579050018224105e+56 2.4579050018224105e+56 2.4579050018224105e+56 2.4579050018224105e+56 2.4579050018224105e+56 2.4579050018224105e+56 2.4579050018224105e+56 2.4579050018224105e+56 2.4579050018224105e+56 2.4579050018224105e+56 2.4579050018224105e+56 2.4579050018224105e+56 2.4579050018224105e+56 2.4579050018224105e+56 2.4579050018224105e+56 2.4579050018224105e+56 2.4579050018224105e+56 2.4579050018224105e+56 2.4579050018224105e+56 2.4579050018224105e+56 2.4579050018224105e+56 2.4579050018224105e+56 2.4579050018224105e+56 
# SN_energy_per_current_crossing_time_list
0.0 0.0 9.599643239703932e+53 2.5255416812976e+55 6.748320242147675e+55 1.0525281790624573e+56 1.285047628195355e+56 1.2436595942882555e+56 9.92481978685502e+55 7.416681144623902e+55 5.382658747123751e+55 3.8659016163346825e+55 2.775437420040014e+55 2.0034102997905805e+55 1.4597372961492004e+55 1.07702605092422e+55 4.4765782626822644e+54 1.333441361446524e+54 8.744578679308346e+53 6.575282745097781e+53 5.2936060755257266e+53 4.443482274494917e+53 3.836269312041419e+53 3.380534641302217e+53 3.025328032719524e+53 2.849055613705608e+53 2.821606929307674e+53 2.79494574571285e+53 2.7684356098538223e+53 2.742574484967672e+53 2.717120469822923e+53 2.691915968696604e+53 2.6673078779881605e+53 2.6323998562677456e+53 2.506624886496588e+53 2.2353818948070672e+53 1.946395115118852e+53 1.7265241368144045e+53 1.5534396080995315e+53 1.386391059768773e+53 1.22602088604669e+53 1.1004935982074458e+53 1.0271644852812893e+53 9.825839579762687e+52 9.163707617007993e+52 8.464561848869406e+52 7.952388494571046e+52 7.668969849386037e+52 7.28833987115875e+52 6.656866563232147e+52 5.852050942181919e+52 5.011011231482062e+52 4.392275231838678e+52 3.917125359690473e+52 3.5402334184464016e+52 3.233844505080274e+52 2.9794043219350756e+52 2.7641746836563245e+52 2.5795489156358305e+52 
# SN_energy_per_final_crossing_time_list
0.0 0.0 4.665518175919489e+53 2.0977771232722911e+55 7.084471093041918e+55 1.2538928832829267e+56 1.647828119886962e+56 1.6671253590856715e+56 1.3669867015014518e+56 1.0385035959392704e+56 7.610797634726633e+55 5.495921462287371e+55 3.956029964346478e+55 2.8578878742582714e+55 2.0815425075642982e+55 1.5340685534494538e+55 6.287215874429023e+54 1.8352949664730896e+54 1.1852320561574794e+54 8.799003355500027e+53 7.00576805615997e+53 5.823073979053551e+53 4.982793636474228e+53 4.355179110631827e+53 3.86827393959339e+53 3.640223897729877e+53 3.602554965944149e+53 3.5659793852070465e+53 3.5296716157362012e+53 3.49425377144046e+53 3.459406866749593e+53 3.424922333691062e+53 3.3912408059773316e+53 3.3422552301400826e+53 3.1616174063737946e+53 2.78541846156189e+53 2.3990758600486786e+53 2.106888171299464e+53 1.8783830365644144e+53 1.6557927655482998e+53 1.4479780476675836e+53 1.2865558138191074e+53 1.1968798870753625e+53 1.1379781885590407e+53 1.0520330814134437e+53 9.642520535876715e+52 9.013807589482269e+52 8.673190699297956e+52 8.168075709349512e+52 7.387880875356125e+52 6.383084754584276e+52 5.387621158752058e+52 4.6626265352822435e+52 4.1093744282744226e+52 3.672404602452016e+52 3.32199127868315e+52 3.030849820093009e+52 2.7868607073912753e+52 2.5795489156358305e+52 
# total_energy_release_list
0 0 1.1333531072281886e+53 5.2092799224149504e+54 2.24189595841707e+55 5.287867149216136e+55 9.301909886944269e+55 1.384450063232151e+56 1.8533900660807535e+56 2.3091340456739833e+56 2.7362996766635156e+56 3.128419952923797e+56 3.484422130136518e+56 3.806103357901991e+56 4.096563131433339e+56 4.359312207516409e+56 5.354138122541092e+56 6.5430234293113125e+56 7.310804632017152e+56 7.880795069231663e+56 8.334621557984847e+56 8.711834334154377e+56 9.034614609221362e+56 9.316738657266515e+56 9.567321486367963e+56 9.590902484433257e+56 9.614239467011453e+56 9.637339516718802e+56 9.660204368409302e+56 9.682839786927205e+56 9.705249470760877e+56 9.727435767316675e+56 9.749403878381104e+56 9.792705453410491e+56 9.997511795101175e+56 1.0358384912790942e+57 1.0669204273377994e+57 1.0942168394745313e+57 1.1185527858314197e+57 1.1507309543434787e+57 1.1788705153978961e+57 1.2038730462934402e+57 1.2116263117777737e+57 1.2263697243901098e+57 1.2468146124693092e+57 1.2655535909900706e+57 1.2772316957056121e+57 1.282850099925958e+57 1.304014883511877e+57 1.327943851828503e+57 1.3692928219680424e+57 1.40419328075584e+57 1.4343972985296517e+57 1.4610174057442506e+57 1.4848068671230984e+57 1.5063263868329735e+57 1.5259599219538174e+57 1.5440129205592669e+57 1.5607229745828333e+57 
# binding_energy_list
8.669618757582214e+54 8.669618757582214e+54 8.669618757582214e+54 8.669618757582214e+54 8.669618757582214e+54 8.669618757582214e+54 8.649679187756885e+54 8.649679187756885e+54 8.649679187756885e+54 8.629785477669702e+54 8.629785477669702e+54 8.609937521846052e+54 8.609937521846052e+54 8.609937521846052e+54 8.590135215053907e+54 8.590135215053907e+54 8.550667128846876e+54 8.491804750363178e+54 8.452788451602891e+54 8.413951416451895e+54 8.375292821268861e+54 8.336811846196331e+54 8.317637711026743e+54 8.279421637123327e+54 8.260379495771817e+54 8.260379495771817e+54 8.260379495771817e+54 8.260379495771817e+54 8.241381150129963e+54 8.241381150129963e+54 8.241381150129963e+54 8.241381150129963e+54 8.241381150129963e+54 8.241381150129963e+54 8.20351544329821e+54 8.165823713585906e+54 8.128305161640929e+54 8.090958991783846e+54 8.072350302488317e+54 8.016780633876855e+54 7.979946872679785e+54 7.94328234724279e+54 7.94328234724279e+54 7.90678627999831e+54 7.888601176185516e+54 7.852356346100775e+54 7.834296427662088e+54 7.834296427662088e+54 7.798301105232642e+54 7.780365510398008e+54 7.72680585095699e+54 7.673614893618154e+54 7.638357835776954e+54 7.603262769401822e+54 7.568328950209705e+54 7.533555637337217e+54 7.498942093324558e+54 7.464487584100623e+54 7.447319739059888e+54 
# total_gas_kinetic_energy_list
3.555417159551863e+57 1.5234893976272667e+59 3.041372734631811e+59 2.84904813780403e+59 2.270532876001601e+59 1.6796789025488082e+59 1.1987559933288654e+59 8.406935021413778e+58 5.846172093636412e+58 4.0491473326944164e+58 2.7993635891794793e+58 1.9338492098764178e+58 1.3356352093608616e+58 9.225417095129114e+57 6.373940443201823e+57 4.4059375468594655e+57 4.441690738713006e+57 4.500051962122261e+57 4.5476658313303745e+57 4.5877915556294376e+57 4.622677063237805e+57 4.653708301942586e+57 4.682115818799129e+57 4.708550706028377e+57 4.73330253983832e+57 4.7357209069239206e+57 4.7381073161323875e+57 4.7404623152732536e+57 4.7427960118395316e+57 4.7451188941735295e+57 4.747439379186367e+57 4.749764039236523e+57 4.752092601167317e+57 4.7566801622102555e+57 4.778769685644315e+57 4.819814142230323e+57 4.856922498402042e+57 4.891332141333659e+57 4.923057807072441e+57 4.965807615719485e+57 5.004385339587092e+57 5.039453823410047e+57 5.050793687053788e+57 5.07174462377949e+57 5.1016514757744774e+57 5.127811593786543e+57 5.1445234209705896e+57 5.151918635437505e+57 5.181748039837779e+57 5.213204483403806e+57 5.267400159199771e+57 5.311361047937618e+57 5.350581711343695e+57 5.3872934561323975e+57 5.422501415167763e+57 5.45319562711936e+57 5.484082964214705e+57 5.512452091958444e+57 5.5384685943229496e+57 
