# time_axis
5.999999999999999 7.0 7.30102999566398 7.477121254719661 7.602059991327962 7.698970004336018 7.778151250383643 7.845098040014256 7.903089986991943 7.954242509439324 8.0 8.041392685158224 8.079181246047623 8.113943352306837 8.146128035678238 8.176091259055681 8.301029995663981 8.47712125471966 8.60205999132796 8.698970004336019 8.778151250383644 8.845098040014257 8.903089986991942 8.954242509439323 8.999999999999998 9.004321373782641 9.008600171761916 9.012837224705171 9.017033339298779 9.021189299069936 9.02530586526477 9.02938377768521 9.033423755486949 9.041392685158224 9.079181246047623 9.146128035678236 9.204119982655923 9.255272505103305 9.301029995663981 9.361727836017593 9.414973347970816 9.462397997898954 9.477121254719663 9.505149978319904 9.544068044350274 9.57978359661681 9.60205999132796 9.612783856719734 9.653212513775342 9.698970004336017 9.778151250383642 9.845098040014257 9.903089986991944 9.954242509439325 10.0 10.041392685158225 10.079181246047623 10.113943352306835 10.146128035678236 
# total_gas_mass_list
8.7873673767305 10.425863451032134 10.726171138442519 10.697821612030992 10.599257893295652 10.468361361789139 10.321869926159756 10.167780568651878 10.010018067344005 9.850513216834605 9.690211084248176 9.529574558734334 9.3688366908908 9.208126513332077 9.047532176572634 8.887134205613975 8.890467069563783 8.895736365047089 8.899957310162481 8.90357558900889 8.906773346701765 8.909636931144634 8.912238660514358 8.914629966225057 8.91684356570231 8.917058585639408 8.917270546283307 8.917479514683544 8.917686394174535 8.917892116331046 8.918097427887416 8.918302913316854 8.918508544914523 8.918913067462269 8.920851139761918 8.92440633961013 8.927565679735613 8.930449647039547 8.93307338169686 8.93656912598072 8.939687440029006 8.942492344836456 8.943394293524266 8.945051583064243 8.947401531978935 8.949442191010057 8.950738204039473 8.951310131735774 8.953603869212198 8.956002190860893 8.96007997419448 8.963339795311338 8.966228981117096 8.968913193601143 8.97147219390648 8.973690758970532 8.975908970058027 8.977940998922561 8.979794016651498 
# ejected_gas_mass_list
-10.0 -10.0 3.343569833690401 5.012075261546719 5.699835008019937 6.100025899158766 6.356992675453399 6.5389598049166775 6.677234387868967 6.787121782616467 6.8770726857961195 6.952108124934024 7.015620798161546 7.070077327786797 7.1173234052479275 7.1587609870703774 7.308420951891278 7.47463902223129 7.574158828840755 7.644988444986333 7.699618452498985 7.743604875330968 7.780260366457666 7.8115966333002165 7.838857393961893 7.8414235832640085 7.843939739080172 7.846407377425155 7.848837774617442 7.851242302040738 7.853629956604717 7.856007682813544 7.858375256886131 7.862998689494416 7.88454805630355 7.921720993690781 7.952508715852357 7.97900438504435 8.001921953076835 8.03088718584489 8.055370089456797 8.076411530886752 8.082994443403322 8.094870589808439 8.111246344119888 8.125051005200305 8.133628352381336 8.137368301199361 8.152099780311078 8.167065814170552 8.191561828900134 8.21035128654527 8.22646252234317 8.241004875335758 8.254509697685801 8.265949329571905 8.277149936060896 8.287211484687864 8.296227612591009 
# stellar_mass_list
-10.0 6.579759066228756 8.227752898005336 8.692484437336352 8.895117303285975 9.004461842399312 9.068116434370886 9.10653561734863 9.130079527625332 9.144488766450861 9.153136222801065 9.158087410179212 9.160645435357752 9.161650240189793 9.16165102756141 9.161010218212347 9.15052231553596 9.136487672285483 9.12636468759518 9.118264043615024 9.111429831554233 9.105474840332025 9.100170821008906 9.095365716292562 9.090966753235202 9.090541800043908 9.090123242298949 9.089710918202874 9.089303054196842 9.088897789962896 9.08849363933553 9.088089460373652 9.087685275844224 9.086890823009968 9.083101038542255 9.0761815529533 9.070003369611952 9.064329611786448 9.05913470996457 9.052079502745235 9.04563536155542 9.039711812409813 9.037784149978926 9.034203016817196 9.028974785388336 9.024217347381168 9.021079141780342 9.01966258339805 9.013777637149778 9.007239941970237 8.995007266670864 8.9843437805452 8.975006661460347 8.96642570009162 8.958331668352187 8.951370565322653 8.944443648072541 8.938164638664732 8.93245358612959 
# remnant_mass_list
-10.0 -10.0 4.451593171336912 6.107042841971679 6.667575555969232 6.972710545711057 7.166487930642138 7.30016890530169 7.397525116962771 7.4714014704083045 7.529321723734154 7.575971887223768 7.614412002933715 7.646713348959124 7.674321703370949 7.698270918973428 7.782566812459835 7.876904035813145 7.9347266442468705 7.976168746282638 8.008325042979004 8.034513733865158 8.056553085009625 8.075565838771487 8.092237924609504 8.093813407810178 8.095359145503927 8.096876057474466 8.098371010525225 8.099851034153573 8.101321719083655 8.102787310217527 8.104247741065505 8.107102957364477 8.120451997128031 8.14373443958904 8.163423635613706 8.180669729605107 8.195808468227968 8.215444329844884 8.232519891044326 8.247545718557637 8.252305106342007 8.26098177833211 8.273283913000167 8.284115883079885 8.291082995386304 8.294181365126411 8.306768050003829 8.320222910563954 8.34403301210407 8.363458748168956 8.379545370481692 8.393633260625606 8.40635463727796 8.416878893944252 8.42699601456542 8.435873217225595 8.443715459578208 
# BH_mass_list
-10.0 -10.0 4.099708037314237 5.74807471244453 6.218162813148331 6.4275277568033635 6.543084748341205 6.6123195411762055 6.655748549766552 6.683806284048824 6.702301371683966 6.7146648427412545 6.723011093044428 6.728684561119003 6.732560151465108 6.735216972164346 6.737043081604739 6.737043081604739 6.737043081604739 6.737043081604739 6.737043081604739 6.737043081604739 6.737043081604739 6.737043081604739 6.737043081604739 6.737043081604739 6.737043081604739 6.737043081604739 6.737043081604739 6.737043081604739 6.737043081604739 6.737043081604739 6.737043081604739 6.737043081604739 6.737043081604739 6.737043081604739 6.737043081604739 6.737043081604739 6.737043081604739 6.737043081604739 6.737043081604739 6.737043081604739 6.737043081604739 6.737043081604739 6.737043081604739 6.737043081604739 6.737043081604739 6.737043081604739 6.737043081604739 6.737043081604739 6.737043081604739 6.737043081604739 6.737043081604739 6.737043081604739 6.737043081604739 6.737043081604739 6.737043081604739 6.737043081604739 6.737043081604739 
# NS_mass_list
-10.0 -10.0 4.196082612258823 5.857123509500029 6.4769376076059935 6.826977139359293 7.046717150482644 7.185634254974289 7.27110988853726 7.325082045387574 7.359917441462602 7.382801267892973 7.398040485690143 7.408293611682739 7.415244487162852 7.419982780871205 7.426332292882061 7.426332292882061 7.426332292882061 7.426332292882061 7.426332292882061 7.426332292882061 7.426332292882061 7.426332292882061 7.426332292882061 7.426332292882061 7.426332292882061 7.426332292882061 7.426332292882061 7.426332292882061 7.426332292882061 7.426332292882061 7.426332292882061 7.426332292882061 7.426332292882061 7.426332292882061 7.426332292882061 7.426332292882061 7.426332292882061 7.426332292882061 7.426332292882061 7.426332292882061 7.426332292882061 7.426332292882061 7.426332292882061 7.426332292882061 7.426332292882061 7.426332292882061 7.426332292882061 7.426332292882061 7.426332292882061 7.426332292882061 7.426332292882061 7.426332292882061 7.426332292882061 7.426332292882061 7.426332292882061 7.426332292882061 7.426332292882061 
# WD_mass_list
-10.0 -10.0 -10.0 -10.0 -10.0 2.8922389662830876 4.6452072306247665 5.725514979045667 6.250725854501575 6.561121001198232 6.770020411162409 6.921186124862257 7.035974691604305 7.126272858713792 7.199288235296458 7.259658956905907 7.454326821261036 7.635200077529614 7.731573292240227 7.795972912339901 7.8437825148948495 7.881523174524131 7.912543969502373 7.93881009091221 7.96149395810821 7.9636215166031565 7.965706285817816 7.967749669038166 7.969761055634552 7.97175000611725 7.973724104520395 7.9756890955824495 7.977644926692637 7.981462260633539 7.999199400330476 8.029722146859402 8.055152070866473 8.077159223451716 8.096283901149814 8.120836381794499 8.141968345865767 8.160404645571328 8.166214508174988 8.176770538545469 8.1916604150181 8.204698767143782 8.21305048071751 8.21675610797286 8.231757204996327 8.247702689115924 8.275703167570946 8.298353877736977 8.316987099531012 8.333217408459518 8.347805937200473 8.359828245613128 8.371346956339854 8.381423769500616 8.390302883012833 
