# time_axis
5.999999999999999 7.0 7.30102999566398 7.477121254719661 7.602059991327962 7.698970004336018 7.778151250383643 7.845098040014256 7.903089986991943 7.954242509439324 8.0 8.041392685158224 8.079181246047623 8.113943352306837 8.146128035678238 8.176091259055681 8.301029995663981 8.47712125471966 8.60205999132796 8.698970004336019 8.778151250383644 8.845098040014257 8.903089986991942 8.954242509439323 8.999999999999998 9.004321373782641 9.008600171761916 9.012837224705171 9.017033339298779 9.021189299069936 9.02530586526477 9.02938377768521 9.033423755486949 9.041392685158224 9.079181246047623 9.146128035678236 9.204119982655923 9.255272505103305 9.301029995663981 9.361727836017593 9.414973347970816 9.462397997898954 9.477121254719663 9.505149978319904 9.544068044350274 9.57978359661681 9.60205999132796 9.612783856719734 9.653212513775342 9.698970004336017 9.778151250383642 9.845098040014257 9.903089986991944 9.954242509439325 10.0 10.041392685158225 10.079181246047623 10.113943352306835 10.146128035678236 
# total_gas_mass_list
8.902365504625783 10.470642226781973 10.700826603451892 10.622579499306887 10.493857821784637 10.347780128620947 10.195797146337013 10.041870683864309 9.887337287597774 9.732636954826193 9.577916152191088 9.423229473217056 9.26860657784536 9.114073193532551 8.95966073107262 8.805410344372403 8.80809969530656 8.811827308018573 8.814523407604364 8.816691260413641 8.818526291101689 8.820104627321735 8.821497420469818 8.822744049988207 8.823862242004946 8.823969445280621 8.824076779946317 8.824179616045452 8.82428102410347 8.82438692516492 8.824488306964728 8.824588887142378 8.824690349621687 8.824889004750704 8.825826203991493 8.827511885653882 8.828962998975056 8.830252734885162 8.8314077609905 8.832906717883455 8.834205137912717 8.835366376167377 8.835729110682308 8.836398914229354 8.837336923651492 8.838149746274594 8.838656321433657 8.838879981035921 8.839765436404633 8.840694814749329 8.84224589986485 8.84344319467668 8.844429267217944 8.845301251265335 8.846056936846079 8.846689422294242 8.847292013085463 8.847838101684797 8.848323956437921 
# ejected_gas_mass_list
-10.0 -10.0 3.7195614573871603 5.634292655361382 6.1905648967191125 6.476264862742044 6.651593736388781 6.7756043170185425 6.871209026891999 6.947080963723432 7.0086232997330375 7.059398832980653 7.102021605852503 7.1382738359698 7.169534046113815 7.196809149783233 7.294495397454192 7.4021344078214195 7.466574921055026 7.512484736858387 7.5480372398142945 7.57655663126163 7.600335304426985 7.620627880891068 7.63810318813457 7.639744532775775 7.641382101545501 7.642945644028467 7.644482342174748 7.646081723462297 7.647607716915215 7.649116714560851 7.650634007747869 7.653590497460821 7.667290824922424 7.690964381515929 7.7104272485686005 7.727074079470198 7.741499073308643 7.759586322180618 7.774714921330723 7.787849270991588 7.791878954767544 7.79923172461322 7.809342357821753 7.817934347484767 7.823212366110397 7.825524360777566 7.834569900369062 7.843884988920842 7.859042244038347 7.870426353240726 7.879605894566464 7.887581689455342 7.894389854344025 7.900016087787122 7.905316919825132 7.9100717138688115 7.914263683453457 
# stellar_mass_list
-10.0 6.379486759345445 7.957282053439161 8.288345311767245 8.360111440648446 8.39182174115273 8.407577096434045 8.415475450966145 8.418708026438592 8.418883775134558 8.416971812079602 8.413610826648311 8.40924653497536 8.40420241399008 8.398740071436121 8.393088885194317 8.356015102405808 8.309910719022854 8.277699123898852 8.252252775573972 8.230902818008325 8.21241302616926 8.196007596201838 8.181230341461196 8.167746034171145 8.166449721040237 8.165170466826007 8.163909666694357 8.162641704536739 8.161420299342778 8.160188118031806 8.15895351476952 8.15772426323907 8.155303763332848 8.143765828674736 8.122767856029594 8.104059479945006 8.086898231036365 8.071166042470795 8.049755777582495 8.030177513833715 8.011957655536014 8.00604627976714 7.994941743146875 7.978771542000244 7.96390502542095 7.954002842617672 7.9495510086513175 7.930880893271379 7.90983330284581 7.869643352139078 7.834134456784648 7.804061354463261 7.7771927860090555 7.752571625207972 7.731780972163006 7.711587671023757 7.69351344704217 7.677412532569432 
# remnant_mass_list
-10.0 -10.0 4.908238898652219 6.929077708438188 7.401278229046742 7.601553255605758 7.7136380115135585 7.783389472037344 7.8297080825856264 7.862072583306987 7.885671194014979 7.903537735291028 7.917534698594128 7.928839591465849 7.93820627691012 7.946151610454049 7.973168735875682 8.003395784037174 8.02232452692333 8.036165176624563 8.04705436134743 8.05599664872922 8.063562720768575 8.070100705936344 8.075841066479398 8.076381593812169 8.076913385864552 8.077436211703938 8.077951028643755 8.07845980659115 8.07896651599242 8.079471650039679 8.079974713605381 8.080956302108225 8.085547608552499 8.093555711168184 8.1003217236001 8.106246239271956 8.111449391470675 8.118194101282112 8.124055777099757 8.12922254683641 8.130859368738305 8.13384426414043 8.13808161113706 8.141801803309065 8.144207731838273 8.145267562485614 8.149610028786844 8.154242871490558 8.162469171267258 8.169054817280069 8.174152279269933 8.178375870153076 8.182005293937246 8.184857753976846 8.187506949789636 8.189752224962062 8.19164361621266 
# BH_mass_list
-10.0 -10.0 4.661860097538126 6.776963997914201 7.222879983926733 7.386013182510441 7.466556522844187 7.510251464658656 7.535105707279998 7.549500767817023 7.5578968005956115 7.562802683239993 7.565672172282292 7.567348734161841 7.568314810129715 7.568867374585383 7.569177859743321 7.569177859743321 7.569177859743321 7.569177859743321 7.569177859743321 7.569177859743321 7.569177859743321 7.569177859743321 7.569177859743321 7.569177859743321 7.569177859743321 7.569177859743321 7.569177859743321 7.569177859743321 7.569177859743321 7.569177859743321 7.569177859743321 7.569177859743321 7.569177859743321 7.569177859743321 7.569177859743321 7.569177859743321 7.569177859743321 7.569177859743321 7.569177859743321 7.569177859743321 7.569177859743321 7.569177859743321 7.569177859743321 7.569177859743321 7.569177859743321 7.569177859743321 7.569177859743321 7.569177859743321 7.569177859743321 7.569177859743321 7.569177859743321 7.569177859743321 7.569177859743321 7.569177859743321 7.569177859743321 7.569177859743321 7.569177859743321 
# NS_mass_list
-10.0 -10.0 4.54467684680863 6.399622576692834 6.928734504429752 7.193944719988029 7.350065094506539 7.445311577951949 7.503575698135921 7.539990071352227 7.563166820422348 7.57809403109402 7.587776305508498 7.5940744590322815 7.598171216172034 7.60083004197092 7.604050428437399 7.604050428437399 7.604050428437399 7.604050428437399 7.604050428437399 7.604050428437399 7.604050428437399 7.604050428437399 7.604050428437399 7.604050428437399 7.604050428437399 7.604050428437399 7.604050428437399 7.604050428437399 7.604050428437399 7.604050428437399 7.604050428437399 7.604050428437399 7.604050428437399 7.604050428437399 7.604050428437399 7.604050428437399 7.604050428437399 7.604050428437399 7.604050428437399 7.604050428437399 7.604050428437399 7.604050428437399 7.604050428437399 7.604050428437399 7.604050428437399 7.604050428437399 7.604050428437399 7.604050428437399 7.604050428437399 7.604050428437399 7.604050428437399 7.604050428437399 7.604050428437399 7.604050428437399 7.604050428437399 7.604050428437399 7.604050428437399 
# WD_mass_list
-10.0 -10.0 -10.0 -10.0 -10.0 3.037383959396316 4.680987012062217 5.670944769158699 6.144117421158923 6.427595927109042 6.617934079288503 6.754898124934585 6.858213217796575 6.938922922083689 7.003646204955157 7.0567216333217635 7.22380334993025 7.3713998363412365 7.447279335780972 7.497163160687253 7.533726304056527 7.56223155802044 7.585394366386343 7.604765882803107 7.621317679869721 7.6228552761267 7.624364588764473 7.625845151410077 7.627299852517133 7.628734404847186 7.630160093535381 7.631578355095676 7.632987847626797 7.635729646508383 7.648409241732337 7.669979165085982 7.687696882069875 7.702854894867993 7.715908157297199 7.732487420260121 7.746599386279956 7.7588212151557565 7.762652148121949 7.769588907720583 7.779329611303785 7.7877813502755515 7.793198803277776 7.795573387579985 7.8052287163334 7.81540175973703 7.83315423085935 7.84709293233169 7.857723125754812 7.866430030207874 7.873841231790412 7.8796210942722205 7.884954523629688 7.889449173419565 7.893217468956348 
