# time_axis
1000000 10000000 20000000 30000000 40000000 50000000 60000000 70000000 80000000 90000000 100000000 110000000 120000000 130000000 140000000 150000000 200000000 300000000 400000000 500000000 600000000 700000000 800000000 900000000 1000000000 1010000000 1020000000 1030000000 1040000000 1050000000 1060000000 1070000000 1080000000 1100000000 1200000000 1400000000 1600000000 1800000000 2000000000 2300000000 2600000000 2900000000 3000000000 3200000000 3500000000 3800000000 4000000000 4100000000 4500000000 5000000000 6000000000 7000000000 8000000000 9000000000 10000000000 11000000000 12000000000 13000000000 14000000000 
# SNIa_energy_release_list
0 0.0 0.0 0.0 0.0 0.0 9.59763153409435e+55 2.7037099029616953e+56 5.110676271046935e+56 8.09197293075197e+56 1.1579866522290861e+57 1.5520926335405334e+57 1.9871924821160546e+57 2.4597168230417843e+57 2.9666683445962954e+57 3.505494647375322e+57 6.60968223236122e+57 1.0869495086213718e+58 1.3356049341538234e+58 1.5135781945827536e+58 1.6525742655871036e+58 1.7667214553800102e+58 1.863600801980641e+58 1.9477739557191246e+58 2.022197777086539e+58 2.0291875928851333e+58 2.0361025705792013e+58 2.042944314356382e+58 2.0497140512253286e+58 2.0564141273274633e+58 2.063044596929898e+58 2.0696067833488353e+58 2.076102995838644e+58 2.0889022341257946e+58 2.1493387374507367e+58 2.255479280787926e+58 2.3465861119676242e+58 2.426390262385376e+58 2.497396478217555e+58 2.591106748813654e+58 2.672910984719447e+58 2.7454988676559573e+58 2.767988021533017e+58 2.8107625762205423e+58 2.869976119468398e+58 2.924230816571606e+58 2.958020345761739e+58 2.9742741015108844e+58 3.0354674894612954e+58 3.1046277443804756e+58 3.224024395449101e+58 3.324707975722255e+58 3.411796562969207e+58 3.488513936355968e+58 3.5570610549544075e+58 3.619030629265577e+58 3.675565184090478e+58 3.727537516433275e+58 3.775635162154904e+58 
# SNII_energy_release_list
0 -3.0521055339580137e+56 -2.640175981346948e+56 -1.147730850637983e+56 9.095516166621756e+55 3.3233798510685915e+56 5.73688212342581e+56 8.138935779070172e+56 1.0529936742384422e+57 1.2909936157415415e+57 1.5297965779619306e+57 1.767781844512954e+57 2.0054153927948572e+57 2.2436307628630747e+57 2.4829408869529285e+57 2.7233828407285825e+57 3.620742351609625e+57 3.620742351609625e+57 3.620742351609625e+57 3.620742351609625e+57 3.620742351609625e+57 3.620742351609625e+57 3.620742351609625e+57 3.620742351609625e+57 3.620742351609625e+57 3.620742351609625e+57 3.620742351609625e+57 3.620742351609625e+57 3.620742351609625e+57 3.620742351609625e+57 3.620742351609625e+57 3.620742351609625e+57 3.620742351609625e+57 3.620742351609625e+57 3.620742351609625e+57 3.620742351609625e+57 3.620742351609625e+57 3.620742351609625e+57 3.620742351609625e+57 3.620742351609625e+57 3.620742351609625e+57 3.620742351609625e+57 3.620742351609625e+57 3.620742351609625e+57 3.620742351609625e+57 3.620742351609625e+57 3.620742351609625e+57 3.620742351609625e+57 3.620742351609625e+57 3.620742351609625e+57 3.620742351609625e+57 3.620742351609625e+57 3.620742351609625e+57 3.620742351609625e+57 3.620742351609625e+57 3.620742351609625e+57 3.620742351609625e+57 3.620742351609625e+57 3.620742351609625e+57 
# SN_energy_per_current_crossing_time_list
0.0 -1.1525552419576002e+56 1.3305436694958619e+55 4.861741649713374e+55 7.183265697426453e+55 8.756483696429944e+55 8.880847164294581e+55 9.271312868796105e+55 9.664975636431344e+55 1.0059505158970967e+56 1.0587437263075456e+56 1.1239058710045524e+56 1.1999811512076908e+56 1.2833959606551604e+56 1.3727204997817816e+56 1.466421943523751e+56 3.726484546903277e+56 3.6473585547653377e+55 2.3388146385192882e+55 1.7742160472971372e+55 1.4436636851016673e+55 1.2229378920278841e+55 1.0637567492297912e+55 9.430486144918778e+54 8.480808540356362e+54 7.977410191386037e+54 7.904050646041266e+54 7.832069356642435e+54 7.761078250560401e+54 7.692342049701541e+54 7.62342733350134e+54 7.555649163330777e+54 7.490199289619466e+54 7.39903485932727e+54 7.076281810885007e+54 6.34644497921121e+54 5.540884950262478e+54 4.922359367146909e+54 4.4321039521368496e+54 3.957823938299788e+54 3.497416373239787e+54 3.135390597647126e+54 2.9232620349630177e+54 2.795862762456221e+54 2.600050876750325e+54 2.398276950753979e+54 2.2494952562581972e+54 2.16823181482367e+54 2.0551715151829656e+54 1.87218614536891e+54 1.6358260020300296e+54 1.3926329549651131e+54 1.2142235382609163e+54 1.0771609725133501e+54 9.68527188457282e+53 8.805987837463702e+53 8.075727426787778e+53 7.460322741033082e+53 6.9347693897718545e+53 
# SN_energy_per_final_crossing_time_list
0.0 -1.3038690410472234e+57 1.5837983526111304e+56 5.73819509767279e+56 7.909897607278942e+56 9.280754820591183e+56 9.417881218255353e+56 9.48692767369793e+56 9.540026840026993e+56 9.580535325547442e+56 9.684451773391702e+56 9.71835076459136e+56 9.763933192506163e+56 9.840262269084389e+56 9.931991153082102e+56 1.0021465456229053e+57 7.795516365503002e+56 6.141843190418077e+55 3.5851402032505297e+55 2.5660372770915607e+55 2.0040600408557202e+55 1.6457862455175346e+55 1.3968166575043692e+55 1.2136174260265242e+55 1.0730505215902871e+55 1.0077990286837647e+55 9.9700879168427e+54 9.864498481538386e+54 9.760678160275266e+54 9.660240530511993e+54 9.559881143641745e+54 9.461429728058313e+54 9.366307819826801e+54 9.227038512429199e+54 8.713798918731181e+54 7.651727853880143e+54 6.56793960062749e+54 5.753123372158167e+54 5.118875619052336e+54 4.5037486158761115e+54 3.931540394557912e+54 3.48859922423808e+54 3.2425099725488305e+54 3.083640249514138e+54 2.8458237474639335e+54 2.607499854914753e+54 2.4359050137162586e+54 2.3434836808930267e+54 2.2057318359768775e+54 1.9943197285711454e+54 1.7214735329542933e+54 1.4516665006265112e+54 1.2556524544548384e+54 1.1061191969879772e+54 9.883196000168347e+53 8.934838713675906e+53 8.151211860413434e+53 7.4934258015833905e+53 6.9347693897718545e+53 
# total_energy_release_list
0 -3.0521055339580137e+56 -2.640175981346948e+56 -1.147730850637983e+56 9.095516166621756e+55 3.3233798510685915e+56 6.696645276835245e+56 1.0842645682031868e+57 1.5640613013431357e+57 2.1001909088167387e+57 2.6877832301910167e+57 3.3198744780534877e+57 3.992607874910912e+57 4.703347585904859e+57 5.4496092315492236e+57 6.228877488103905e+57 1.0230424583970845e+58 1.4490237437823341e+58 1.697679169314786e+58 1.875652429743716e+58 2.014648500748066e+58 2.1287956905409727e+58 2.2256750371416036e+58 2.3098481908800871e+58 2.3842720122475015e+58 2.3912618280460958e+58 2.3981768057401638e+58 2.4050185495173445e+58 2.411788286386291e+58 2.4184883624884258e+58 2.4251188320908606e+58 2.4316810185097978e+58 2.4381772309996064e+58 2.450976469286757e+58 2.5114129726116995e+58 2.6175535159488886e+58 2.7086603471285864e+58 2.788464497546338e+58 2.859470713378518e+58 2.953180983974617e+58 3.034985219880409e+58 3.1075731028169196e+58 3.13006225669398e+58 3.1728368113815045e+58 3.2320503546293604e+58 3.286305051732569e+58 3.320094580922701e+58 3.336348336671847e+58 3.397541724622258e+58 3.466701979541438e+58 3.586098630610063e+58 3.686782210883217e+58 3.7738707981301694e+58 3.85058817151693e+58 3.91913529011537e+58 3.9811048644265394e+58 4.03763941925144e+58 4.089611751594237e+58 4.137709397315866e+58 
# binding_energy_list
1.976969640111858e+59 2.0090928126087156e+59 1.958844673505997e+59 1.870682140365794e+59 1.7298163592150997e+59 1.6443717232149357e+59 1.6032453906900353e+59 1.534616982799294e+59 1.468926277643872e+59 1.4092887984218776e+59 1.3489628825916615e+59 1.2793813041575226e+59 1.210598133550478e+59 1.1455129414455291e+59 1.088930093333431e+59 1.0351421666793452e+59 5.649369748123057e+58 5.046612975635317e+58 4.8083934844973095e+58 4.6665938031428535e+58 4.56036915951295e+58 4.487453899331332e+58 4.4360864393143093e+58 4.395416154378252e+58 4.3551187368557146e+58 4.3451022417156966e+58 4.3451022417156966e+58 4.3451022417156966e+58 4.335108783875293e+58 4.335108783875293e+58 4.335108783875293e+58 4.335108783875293e+58 4.325138310350115e+58 4.325138310350115e+58 4.295364267648899e+58 4.24619563946313e+58 4.2072662838444635e+58 4.178303666466239e+58 4.159106104940219e+58 4.13047501990161e+58 4.102041029866064e+58 4.083193863326894e+58 4.073802778041122e+58 4.064433291652144e+58 4.0457589169744206e+58 4.036453929676065e+58 4.027170343254562e+58 4.027170343254562e+58 4.008667176273042e+58 3.999447497610945e+58 3.9719154946943725e+58 3.953666200681291e+58 3.9445730207527524e+58 3.935500754557764e+58 3.9174187710778627e+58 3.908408957924009e+58 3.899419866765444e+58 3.8904514499428365e+58 3.88150365990647e+58 
# total_gas_kinetic_energy_list
2.141598176204964e+59 2.1280565725944316e+59 2.1165905088039258e+59 2.1067119081613283e+59 2.099234731373972e+59 2.0892766943831758e+59 2.0781776144964833e+59 2.0690751179924474e+59 2.0600681761522324e+59 2.051137828934421e+59 2.042680596470578e+59 2.0356531793308114e+59 2.0289685932354046e+59 2.022324688139464e+59 2.01573744149187e+59 2.009225028759683e+59 2.0473022107953808e+59 2.05553198148916e+59 2.0589844725644984e+59 2.0610086113847624e+59 2.0623808928320184e+59 2.0633922917116767e+59 2.064182090566398e+59 2.064824465840463e+59 2.065361620355568e+59 2.0654104071202774e+59 2.065458604889588e+59 2.065505876934415e+59 2.0655523347743017e+59 2.065597864284103e+59 2.0656432620744648e+59 2.0656878648338474e+59 2.065731921765491e+59 2.0658175407959296e+59 2.0662097560063834e+59 2.0668560697489857e+59 2.067368158480079e+59 2.067787020156367e+59 2.0681359953692802e+59 2.068563971680044e+59 2.068909201778169e+59 2.0691938546155016e+59 2.069278908487415e+59 2.0694331577227645e+59 2.0696379844010532e+59 2.0698136605558597e+59 2.0699181878982017e+59 2.069966724771954e+59 2.0701454763064685e+59 2.0703320888136122e+59 2.070624377015239e+59 2.070844468154836e+59 2.0710249709270783e+59 2.0711832095043543e+59 2.0713244973576394e+59 2.071452528750801e+59 2.0715692288884176e+59 2.0716783544010287e+59 2.0717767382265536e+59 
