# time_axis
5.999999999999999 7.0 7.30102999566398 7.477121254719661 7.602059991327962 7.698970004336018 7.778151250383643 7.845098040014256 7.903089986991943 7.954242509439324 8.0 8.301029995663981 8.47712125471966 8.60205999132796 8.698970004336019 8.778151250383644 8.845098040014257 8.903089986991942 8.954242509439323 8.999999999999998 9.004321373782641 9.008600171761916 9.012837224705171 9.017033339298779 9.021189299069936 9.02530586526477 9.02938377768521 9.033423755486949 9.041392685158224 9.079181246047623 9.146128035678236 9.204119982655923 9.255272505103305 9.301029995663981 9.361727836017593 9.414973347970816 9.462397997898954 9.477121254719663 9.505149978319904 9.544068044350274 9.57978359661681 9.60205999132796 9.612783856719734 9.653212513775342 9.698970004336017 9.778151250383642 9.845098040014257 9.903089986991944 9.954242509439325 10.0 10.041392685158225 10.079181246047623 10.113943352306835 10.146128035678236 
# total_gas_mass_list
10.032023214705404 10.021758128535671 10.011971221473138 10.0022981720386 10.004865013198746 10.00619588039154 10.006766270783492 10.007112603100033 10.007352231549557 10.00752891396598 10.007667325168434 10.008291977132515 10.008523741511574 10.008654663477488 10.008742360470807 10.008806410780638 10.008855301117146 10.008894598362005 10.008926926419873 10.008954257566991 10.008956779414095 10.008959162744507 10.00896154665289 10.008963932532811 10.008966312244914 10.008968673712305 10.008971012116366 10.008973277605179 10.008977644837683 10.008997963267209 10.009031866604163 10.009058983093858 10.009081343208729 10.009100031960891 10.009122920828382 10.009141672267363 10.009157258760498 10.00916198490715 10.009170334258059 10.009181780874068 10.009191348262217 10.009197172048735 10.009199827964313 10.009209433398697 10.009219835047494 10.009235578086308 10.009247596025174 10.009257805634311 10.009266870804693 10.009275752724445 10.00928236908226 10.00928950010293 10.00929404727498 10.009300897742678 
# ejected_gas_mass_list
-10.0 -10.0 7.220931719196178 7.616958297434259 8.004275017737486 8.120660492121992 8.162437458297243 8.185996743810627 8.201590609676533 8.212745211140472 8.221290845919908 8.257924592029577 8.270780015679234 8.277880153858524 8.282573195726973 8.285969629117046 8.288544740754594 8.290603769411264 8.292290489335288 8.293711499759027 8.293842387003862 8.293966049499323 8.294089707447322 8.294213433099115 8.294336804478704 8.294459196031388 8.294580358920427 8.294697712145716 8.294923848814147 8.295974427769098 8.297721894462818 8.299114603706006 8.300259739253269 8.301214586152621 8.302381228518382 8.303334702496336 8.304125686359672 8.304365250241558 8.30478815459326 8.30536728373655 8.305850755279119 8.306144792239689 8.306278821912564 8.30676321796788 8.307287170085559 8.308079002227235 8.308682520996387 8.309194583811255 8.30964875190585 8.310093288090611 8.310424144321699 8.31078046031442 8.311007519546857 8.311349372423015 
# stellar_mass_list
-10.0 8.547842856620997 8.623759617172569 8.667633554285695 8.17264291746148 8.055662138777281 7.993116599124013 7.950201728732026 7.917659281712686 7.891566101129953 7.8698649080004435 7.752114864487505 7.696059608053549 7.66004344040013 7.633874454563927 7.613512195765394 7.596954174279171 7.58304039298263 7.571119288327724 7.560634191450948 7.559667538270848 7.558733454558029 7.557801939192659 7.556867388436127 7.555930797065079 7.55499166881108 7.5540574425806675 7.55315328535587 7.551431459338904 7.543171536354554 7.52884349489682 7.5167690805125735 7.50635827782032 7.497321228894456 7.485639565997171 7.475576282597429 7.4668332596359095 7.464036263646722 7.45910330030905 7.452087235355917 7.445870073440139 7.4420065784953 7.440247042757068 7.433199332665798 7.425721603497837 7.412713147836792 7.4020744068461335 7.3927884407038755 7.384257842688291 7.3761475509391445 7.369236469639166 7.362298332345089 7.356067742613803 7.3503494922039785 
# remnant_mass_list
-10.0 -10.0 7.533026163353074 7.867982397144036 8.062907228327816 8.095104956732854 8.109252399401308 8.117780718946944 8.123590276888846 8.127952790996373 8.131391981534058 8.147391515760715 8.15362856331146 8.157228224685685 8.159657417290457 8.161443909332007 8.162831985574075 8.163955062459234 8.164885821569488 8.165682446932795 8.165754586291602 8.165823723448923 8.165892648648851 8.165961894355581 8.166031367841622 8.166101133021987 8.166170465122908 8.16623704663593 8.166362331499124 8.166958910390742 8.167963830295712 8.168780674628332 8.16946382860542 8.170039043568082 8.170759925233265 8.171362581714932 8.171870830149244 8.172033107751002 8.17230879304914 8.172699438224102 8.173035542236267 8.173241778116848 8.173332741808544 8.173703685857832 8.174079458393654 8.174719545316568 8.175220249185806 8.175648800767307 8.17604245471199 8.176420713098054 8.176727567123233 8.177045257351212 8.177322671781017 8.177572319435361 
# BH_mass_list
-10.0 -10.0 7.371509287799409 7.672539283463391 7.848630542519072 7.848630542519072 7.848630542519072 7.848630542519072 7.848630542519072 7.848630542519072 7.848630542519072 7.848630542519072 7.848630542519072 7.848630542519072 7.848630542519072 7.848630542519072 7.848630542519072 7.848630542519072 7.848630542519072 7.848630542519072 7.848630542519072 7.848630542519072 7.848630542519072 7.848630542519072 7.848630542519072 7.848630542519072 7.848630542519072 7.848630542519072 7.848630542519072 7.848630542519072 7.848630542519072 7.848630542519072 7.848630542519072 7.848630542519072 7.848630542519072 7.848630542519072 7.848630542519072 7.848630542519072 7.848630542519072 7.848630542519072 7.848630542519072 7.848630542519072 7.848630542519072 7.848630542519072 7.848630542519072 7.848630542519072 7.848630542519072 7.848630542519072 7.848630542519072 7.848630542519072 7.848630542519072 7.848630542519072 7.848630542519072 7.848630542519072 
# NS_mass_list
-10.0 -10.0 7.025201321894077 7.427155493880479 7.653355677792161 7.731074958969522 7.756734697226134 7.765345469794421 7.765345469794421 7.765345469794421 7.765345469794421 7.765345469794421 7.765345469794421 7.765345469794421 7.765345469794421 7.765345469794421 7.765345469794421 7.765345469794421 7.765345469794421 7.765345469794421 7.765345469794421 7.765345469794421 7.765345469794421 7.765345469794421 7.765345469794421 7.765345469794421 7.765345469794421 7.765345469794421 7.765345469794421 7.765345469794421 7.765345469794421 7.765345469794421 7.765345469794421 7.765345469794421 7.765345469794421 7.765345469794421 7.765345469794421 7.765345469794421 7.765345469794421 7.765345469794421 7.765345469794421 7.765345469794421 7.765345469794421 7.765345469794421 7.765345469794421 7.765345469794421 7.765345469794421 7.765345469794421 7.765345469794421 7.765345469794421 7.765345469794421 7.765345469794421 7.765345469794421 7.765345469794421 
# WD_mass_list
-10.0 -10.0 -10.0 -10.0 -10.0 4.866745826495221 5.963186530698599 6.366500078865516 6.611897834432488 6.735084601519347 6.812980602495612 7.063691753589201 7.133875525854352 7.170146086660245 7.193170893021106 7.209434761392409 7.2217081795426665 7.231418437762577 7.2393230592345175 7.245989252574147 7.246588494080702 7.247162115471153 7.247733315833228 7.248306507912816 7.248880917894897 7.249457068400402 7.250028977630398 7.250577575492548 7.251608211468889 7.256486627511898 7.264597073832585 7.271093318475622 7.27646191192327 7.280937806626091 7.286491042631617 7.2910866219010035 7.294929735169142 7.296150607462625 7.2982178903292 7.301132701891229 7.303627070971782 7.305151521623722 7.305822437880685 7.308549155256326 7.311296373316283 7.315941711995756 7.319545886608072 7.32261037944613 7.325409037190023 7.328083724981505 7.330243169642038 7.332469212961184 7.334405079946082 7.3361408880768915 
