# time_axis
1000000 10000000 20000000 30000000 40000000 50000000 60000000 70000000 80000000 90000000 100000000 200000000 300000000 400000000 500000000 600000000 700000000 800000000 900000000 1000000000 1010000000 1020000000 1030000000 1040000000 1050000000 1060000000 1070000000 1080000000 1100000000 1200000000 1400000000 1600000000 1800000000 2000000000 2300000000 2600000000 2900000000 3000000000 3200000000 3500000000 3800000000 4000000000 4100000000 4500000000 5000000000 6000000000 7000000000 8000000000 9000000000 10000000000 11000000000 12000000000 13000000000 14000000000 
# SNIa_energy_release_list
0 0.0 0.0 0.0 0.0 0.0 7.096079919808598e+55 1.9990079305752947e+56 3.778616332038689e+56 5.982860086007894e+56 8.5616600315388e+56 2.295104069257868e+57 3.0340411452026343e+57 3.536042506781855e+57 3.916865197156155e+57 4.2238195273905405e+57 4.480971699236644e+57 4.702246152520288e+57 4.896448401987249e+57 5.0694928327693546e+57 5.0858024289065114e+57 5.1019478258619156e+57 5.117930207229249e+57 5.133756992161866e+57 5.149429520309244e+57 5.1649434732487435e+57 5.1803084911705546e+57 5.195526041290293e+57 5.2255309428898006e+57 5.3676141666031486e+57 5.6185678703484306e+57 5.835249285680705e+57 6.025904104882027e+57 6.19612851841172e+57 6.421534455502984e+57 6.618907666291582e+57 6.794458730472633e+57 6.848937862984734e+57 6.952539234676815e+57 7.096312425070577e+57 7.22816922512313e+57 7.310354518951722e+57 7.349911405494917e+57 7.49898672520535e+57 7.667568082403289e+57 7.959084019197505e+57 8.205305763168388e+57 8.418481853508673e+57 8.606445302628692e+57 8.77446569893586e+57 8.926465719690925e+57 9.065177528609623e+57 9.192756517235927e+57 9.310852870943219e+57 
# SNII_energy_release_list
0 -4.954818527482586e+55 1.7742621402675995e+56 4.906546358378707e+56 8.48972173745139e+56 1.23575159341061e+57 1.672079198350907e+57 1.8318842187147923e+57 1.9054352165691526e+57 1.9338970983273553e+57 1.9338970983273553e+57 1.9338970983273553e+57 1.9338970983273553e+57 1.9338970983273553e+57 1.9338970983273553e+57 1.9338970983273553e+57 1.9338970983273553e+57 1.9338970983273553e+57 1.9338970983273553e+57 1.9338970983273553e+57 1.9338970983273553e+57 1.9338970983273553e+57 1.9338970983273553e+57 1.9338970983273553e+57 1.9338970983273553e+57 1.9338970983273553e+57 1.9338970983273553e+57 1.9338970983273553e+57 1.9338970983273553e+57 1.9338970983273553e+57 1.9338970983273553e+57 1.9338970983273553e+57 1.9338970983273553e+57 1.9338970983273553e+57 1.9338970983273553e+57 1.9338970983273553e+57 1.9338970983273553e+57 1.9338970983273553e+57 1.9338970983273553e+57 1.9338970983273553e+57 1.9338970983273553e+57 1.9338970983273553e+57 1.9338970983273553e+57 1.9338970983273553e+57 1.9338970983273553e+57 1.9338970983273553e+57 1.9338970983273553e+57 1.9338970983273553e+57 1.9338970983273553e+57 1.9338970983273553e+57 1.9338970983273553e+57 1.9338970983273553e+57 1.9338970983273553e+57 1.9338970983273553e+57 
# SN_energy_per_current_crossing_time_list
0.0 -4.703143648254939e+55 1.8068410678279056e+56 2.511657928406218e+56 2.9689535228603393e+56 3.341200036648242e+56 6.230353036653353e+56 2.7864274112917484e+56 1.4781811710279843e+56 7.153664558261991e+55 1.961608435117041e+55 1.298204208999834e+55 7.072992035466571e+54 4.967206983288916e+54 3.852753687977129e+54 3.1564120041977296e+54 2.6775003607987187e+54 2.327265342866111e+54 2.059613655451835e+54 1.8482200737758126e+54 1.7430924648284838e+54 1.7266404520045888e+54 1.7102791399332667e+54 1.6946552608910324e+54 1.679156432988869e+54 1.6631801855631756e+54 1.6482022460380934e+54 1.6333490378130817e+54 1.6121174517423642e+54 1.5348997615170325e+54 1.367606404397845e+54 1.1892839796329795e+54 1.0526994390426076e+54 9.446190214839154e+53 8.39059995674517e+53 7.38486031495414e+53 6.5966239717198364e+53 6.149494992876221e+53 5.860869258282724e+53 5.439738075383433e+53 5.002488630484361e+53 4.68482023577773e+53 4.513189952433388e+53 4.264406894565931e+53 3.869357837974018e+53 3.361504410992402e+53 2.8497537177852264e+53 2.4750940705899246e+53 2.1884825774187452e+53 1.9615485406324783e+53 1.7783070101437807e+53 1.626399111062095e+53 1.4982490517566673e+53 1.3895459262193876e+53 
# SN_energy_per_final_crossing_time_list
0.0 -1.7273899649984488e+56 7.1216729279060265e+56 9.828026326876285e+56 1.1242767101312929e+57 1.2135802674568616e+57 1.377394757522651e+57 5.1658431887542945e+56 2.517168723230721e+56 1.1523914155464604e+56 3.034268922247017e+55 1.6930840496503443e+55 8.694485234967275e+54 5.906651010309106e+54 4.480837904048218e+54 3.61168762390211e+54 3.0257052109574175e+54 2.6035606137239042e+54 2.2850235095175184e+54 2.036076274160033e+54 1.919020542060215e+54 1.899700529466134e+54 1.8805197809330344e+54 1.8622119852046455e+54 1.8440618153821117e+54 1.825403531092383e+54 1.8078795313577608e+54 1.7905281672229317e+54 1.765219139938377e+54 1.671780359826744e+54 1.4763863818066131e+54 1.2747589934430916e+54 1.1216418586128436e+54 1.0014476863084777e+54 8.840574999381264e+53 7.74111230326112e+53 6.885232789965944e+53 6.410126500076956e+53 6.094974970280798e+53 5.638882848333035e+53 5.171513869978696e+53 4.835045141093646e+53 4.654344425083252e+53 4.385126989545115e+53 3.96712566946034e+53 3.4300363193637328e+53 2.8970955541047335e+53 2.508273613882363e+53 2.211616504690955e+53 1.9769624538033577e+53 1.7884634283371625e+53 1.6321116016776652e+53 1.5011205541219493e+53 1.3895459262193876e+53 
# total_energy_release_list
0 -4.954818527482586e+55 1.7742621402675995e+56 4.906546358378707e+56 8.48972173745139e+56 1.23575159341061e+57 1.743039997548993e+57 2.0317850117723218e+57 2.2832968497730214e+57 2.5321831069281448e+57 2.7900631014812353e+57 4.229001167585223e+57 4.9679382435299896e+57 5.469939605109211e+57 5.8507622954835106e+57 6.157716625717896e+57 6.414868797563999e+57 6.636143250847643e+57 6.830345500314604e+57 7.00338993109671e+57 7.019699527233866e+57 7.035844924189271e+57 7.051827305556604e+57 7.067654090489222e+57 7.0833266186366e+57 7.098840571576098e+57 7.11420558949791e+57 7.129423139617649e+57 7.159428041217155e+57 7.301511264930505e+57 7.552464968675785e+57 7.76914638400806e+57 7.959801203209382e+57 8.130025616739076e+57 8.355431553830339e+57 8.552804764618938e+57 8.728355828799987e+57 8.78283496131209e+57 8.886436333004171e+57 9.030209523397931e+57 9.162066323450486e+57 9.244251617279078e+57 9.283808503822273e+57 9.432883823532706e+57 9.601465180730645e+57 9.892981117524861e+57 1.0139202861495744e+58 1.0352378951836029e+58 1.0540342400956048e+58 1.0708362797263215e+58 1.086036281801828e+58 1.0999074626936978e+58 1.1126653615563282e+58 1.1244749969270575e+58 
# binding_energy_list
3.147748314101298e+59 3.147748314101298e+59 3.033891184194266e+59 2.8510182675038982e+59 2.6668586645214916e+59 2.4945947269429458e+59 2.1281390459827263e+59 1.9408858775927635e+59 1.8578044550916913e+59 1.8030177408595699e+59 1.766037820686164e+59 1.6143585568264805e+59 1.5667510701081502e+59 1.5417004529495679e+59 1.5240527537972906e+59 1.5100801541641555e+59 1.4996848355023802e+59 1.4927944095789944e+59 1.4859356422869968e+59 1.4825180851459516e+59 1.4825180851459516e+59 1.4825180851459516e+59 1.4791083881682131e+59 1.4791083881682131e+59 1.4791083881682131e+59 1.4791083881682131e+59 1.4791083881682131e+59 1.4791083881682131e+59 1.475706533275884e+59 1.4723125024327165e+59 1.4655478409559008e+59 1.4621771744567153e+59 1.4588142602753533e+59 1.452111617587739e+59 1.4487718535447662e+59 1.445439770745916e+59 1.442115351524865e+59 1.442115351524865e+59 1.4387985782558496e+59 1.4387985782558496e+59 1.4354894333536444e+59 1.4354894333536444e+59 1.4354894333536444e+59 1.4321878992735394e+59 1.4321878992735394e+59 1.4288939585111066e+59 1.4256075936021995e+59 1.4223287871228154e+59 1.4223287871228154e+59 1.4190575216890955e+59 1.4190575216890955e+59 1.4190575216890955e+59 1.4157937799570924e+59 1.4157937799570924e+59 
# total_gas_kinetic_energy_list
5.379451400554983e+59 5.347138897585515e+59 5.316523220682171e+59 5.28777353744192e+59 5.259728477062966e+59 5.231721728097958e+59 5.2385236285330945e+59 5.242175506183963e+59 5.243875609307467e+59 5.2449717110621945e+59 5.245793646045559e+59 5.249262925940124e+59 5.250446094343923e+59 5.25109106977738e+59 5.251502808008991e+59 5.251794443158389e+59 5.252011416763389e+59 5.252185568447908e+59 5.2523290807095255e+59 5.252450125421464e+59 5.252461218845812e+59 5.252472064531543e+59 5.252482759037049e+59 5.252493090658867e+59 5.252503428106289e+59 5.252513892847768e+59 5.2525241532728885e+59 5.252534299654258e+59 5.252553914416891e+59 5.252643996512934e+59 5.252794051895053e+59 5.252913417149841e+59 5.253012762554809e+59 5.2530957556497185e+59 5.253196057373291e+59 5.25327813560177e+59 5.253345805444234e+59 5.253366344626487e+59 5.253402496211787e+59 5.25345187582242e+59 5.253492425122789e+59 5.253516898425756e+59 5.2535281978819e+59 5.253569506516995e+59 5.25361090797959e+59 5.253674373868847e+59 5.253721605857702e+59 5.253761501397162e+59 5.253796704399869e+59 5.2538314087422525e+59 5.253857850363826e+59 5.253885862569821e+59 5.253905502650527e+59 5.253930802181867e+59 
