# time_axis
5.999999999999999 7.0 7.30102999566398 7.477121254719661 7.602059991327962 7.698970004336018 7.778151250383643 7.845098040014256 7.903089986991943 7.954242509439324 8.0 8.301029995663981 8.47712125471966 8.60205999132796 8.698970004336019 8.778151250383644 8.845098040014257 8.903089986991942 8.954242509439323 8.999999999999998 9.004321373782641 9.008600171761916 9.012837224705171 9.017033339298779 9.021189299069936 9.02530586526477 9.02938377768521 9.033423755486949 9.041392685158224 9.079181246047623 9.146128035678236 9.204119982655923 9.255272505103305 9.301029995663981 9.361727836017593 9.414973347970816 9.462397997898954 9.477121254719663 9.505149978319904 9.544068044350274 9.57978359661681 9.60205999132796 9.612783856719734 9.653212513775342 9.698970004336017 9.778151250383642 9.845098040014257 9.903089986991944 9.954242509439325 10.0 10.041392685158225 10.079181246047623 10.113943352306835 10.146128035678236 
# total_gas_mass_list
10.921848749616355 10.919232240642962 10.916780285680428 10.91448583561836 10.91226674925798 10.910082694457197 10.910774163631734 10.911149675544298 10.911324328393704 10.911435680864274 10.911515531266552 10.911827406882066 10.911931469668211 10.911988641595723 10.912026398694355 10.912053827934207 10.912074607432237 10.912091272420488 10.912104948512763 10.912116467521992 10.91211752125866 10.912118555582769 10.912119578125514 10.912120561582263 10.912121547385386 10.912122539462278 10.912123512299546 10.912124472399503 10.91212634365476 10.91213491442956 10.912149163927847 10.912160478678238 10.912169885930208 10.912177726992306 10.91218727149585 10.912195115473107 10.912201616148712 10.91220358284895 10.912207091013277 10.912211859062792 10.912215847125402 10.91221827057155 10.912219389607769 10.912223507298005 10.912227684014757 10.912234207390753 10.912239174695825 10.912243397499719 10.912247115233878 10.912250754440604 10.912253528359972 10.912256463678904 10.912258341468632 10.912261003773642 
# ejected_gas_mass_list
-10.0 -10.0 7.520931719196179 7.997092633393366 8.259955429833198 8.43657740336164 8.605094581901447 8.675083123479943 8.704170509430917 8.721753319633944 8.733940176710593 8.778529153103213 8.792450033527151 8.799913758871766 8.804774024180158 8.808271301321701 8.810902246700238 8.813000877137423 8.814715630239174 8.816154728526012 8.81628613859751 8.816415089406437 8.816542534090715 8.816665072300205 8.816787868456254 8.816911411340472 8.81703252447831 8.81715201904792 8.817384822821413 8.818449537947286 8.82021398873772 8.821609995813864 8.822767277801313 8.823729554998508 8.824898036700674 8.82585600339722 8.82664833072125 8.826887757498545 8.82731451789506 8.827893874554501 8.82837786849783 8.8286717184545 8.828807338361488 8.82930601430834 8.829811259231786 8.83059920815019 8.831198252201379 8.831706867729002 8.832154161710276 8.832591565739467 8.832924675871507 8.8332768922082 8.833502064463982 8.833821112359214 
# stellar_mass_list
-10.0 8.847842856620996 8.92375961717257 8.967633554285694 9.00059045657036 9.027677933067135 8.623387308255145 8.531830795168311 8.480996909489745 8.445062652198091 8.417190028828362 8.282061711889305 8.222504145534016 8.185034274001792 8.15808655786041 8.137229608681382 8.120336004433973 8.106194935367903 8.094077609853626 8.083499445290578 8.082509661141325 8.081538157896114 8.08058481196343 8.079650036937414 8.078716085652747 8.07777930555311 8.076844440720784 8.075926853408241 8.07414461059817 8.065797259306342 8.051326296896928 8.039196929732993 8.028690856465074 8.019575530921092 8.007850246682953 7.997744065040906 7.988960403726286 7.9861657120468745 7.981192548223771 7.9741415196876995 7.967927922781131 7.964030892554532 7.962272150231497 7.9551988112358405 7.947721505676302 7.934689657014265 7.92403335293706 7.914731354428734 7.906184821118276 7.898079626729691 7.8911530243493635 7.884218485413922 7.877972651610438 7.872256560983972 
# remnant_mass_list
-10.0 -10.0 7.833026163353074 8.167982397144037 8.362907228327817 8.500311090863976 8.606190803636768 8.627601940147736 8.63792912064021 8.644522320742052 8.649212893697095 8.668272579554685 8.674996110231396 8.678775091687625 8.681292974360158 8.683132483254496 8.684554778780944 8.685700146795194 8.68664948945725 8.687454582479347 8.687528858895917 8.687601455778063 8.687672382177135 8.687741612948882 8.68781080809802 8.68788031034482 8.687949658056642 8.688017446641503 8.688148234723782 8.688752600175661 8.689769387975513 8.690590534209152 8.691281376354475 8.691862743951905 8.692586685982642 8.693192365502457 8.693703517776479 8.693865547023954 8.694144165667705 8.694537253466816 8.694872847929693 8.695081511961442 8.695172335742914 8.695544981557921 8.695920461598993 8.696561874436679 8.697063609266891 8.697493069822164 8.697887699426825 8.698265460811117 8.698573285803553 8.698890660088713 8.699169025701709 8.699418469876411 
# BH_mass_list
-10.0 -10.0 7.6715092877994095 7.972539283463392 8.148630542519072 8.273569279127372 8.370479292135428 8.370479292135428 8.370479292135428 8.370479292135428 8.370479292135428 8.370479292135428 8.370479292135428 8.370479292135428 8.370479292135428 8.370479292135428 8.370479292135428 8.370479292135428 8.370479292135428 8.370479292135428 8.370479292135428 8.370479292135428 8.370479292135428 8.370479292135428 8.370479292135428 8.370479292135428 8.370479292135428 8.370479292135428 8.370479292135428 8.370479292135428 8.370479292135428 8.370479292135428 8.370479292135428 8.370479292135428 8.370479292135428 8.370479292135428 8.370479292135428 8.370479292135428 8.370479292135428 8.370479292135428 8.370479292135428 8.370479292135428 8.370479292135428 8.370479292135428 8.370479292135428 8.370479292135428 8.370479292135428 8.370479292135428 8.370479292135428 8.370479292135428 8.370479292135428 8.370479292135428 8.370479292135428 8.370479292135428 
# NS_mass_list
-10.0 -10.0 7.325201321894077 7.727155493880479 7.95335567779216 8.109113193606895 8.223516532662616 8.266958062519885 8.282048269785747 8.287194219410779 8.287194219410779 8.287194219410779 8.287194219410779 8.287194219410779 8.287194219410779 8.287194219410779 8.287194219410779 8.287194219410779 8.287194219410779 8.287194219410779 8.287194219410779 8.287194219410779 8.287194219410779 8.287194219410779 8.287194219410779 8.287194219410779 8.287194219410779 8.287194219410779 8.287194219410779 8.287194219410779 8.287194219410779 8.287194219410779 8.287194219410779 8.287194219410779 8.287194219410779 8.287194219410779 8.287194219410779 8.287194219410779 8.287194219410779 8.287194219410779 8.287194219410779 8.287194219410779 8.287194219410779 8.287194219410779 8.287194219410779 8.287194219410779 8.287194219410779 8.287194219410779 8.287194219410779 8.287194219410779 8.287194219410779 8.287194219410779 8.287194219410779 8.287194219410779 
# WD_mass_list
-10.0 -10.0 -10.0 -10.0 -10.0 5.16674582649522 6.263186530698598 6.666500078865516 6.919638109911273 7.102930233863616 7.242149079347816 7.5736588278842225 7.650661725457467 7.689055575565886 7.713042033869373 7.729847216083286 7.74245581704344 7.7523788821947175 7.76045448521777 7.767200793065277 7.767818571786548 7.768421635209896 7.769010111438427 7.76958384355527 7.770156615318504 7.77073126137926 7.771303964402973 7.771863150716238 7.772940233813689 7.77788714423072 7.786099947181279 7.792634699189315 7.79806671825493 7.8025924765152865 7.808171313558035 7.812791388824085 7.816657482690108 7.8178767829726254 7.819966526380849 7.822900094333086 7.825391093937926 7.8269337252440065 7.827603698935845 7.830343258336812 7.833088641202821 7.837744077802951 7.841355977963294 7.844427185408305 7.84723293717735 7.849904250784686 7.852070634423016 7.854294562027602 7.856237143403198 7.857971596106737 
