# time_axis
1000000 10000000 20000000 30000000 40000000 50000000 60000000 70000000 80000000 90000000 100000000 110000000 120000000 130000000 140000000 150000000 200000000 300000000 400000000 500000000 600000000 700000000 800000000 900000000 1000000000 1010000000 1020000000 1030000000 1040000000 1050000000 1060000000 1070000000 1080000000 1100000000 1200000000 1400000000 1600000000 1800000000 2000000000 2300000000 2600000000 2900000000 3000000000 3200000000 3500000000 3800000000 4000000000 4100000000 4500000000 5000000000 6000000000 7000000000 8000000000 9000000000 10000000000 11000000000 12000000000 13000000000 14000000000 
# SNIa_energy_release_list
0 0.0 0.0 0.0 0.0 0.0 2.6242165536351374e+55 7.385883091349939e+55 1.327441378338932e+56 1.9669097034707903e+56 2.6190761213077382e+56 3.2612665217913347e+56 3.880497592725279e+56 4.469938954778948e+56 5.0266298907351494e+56 5.549998060882335e+56 7.717555445637449e+56 1.0510044341579176e+57 1.2352074906877582e+57 1.3733952505617391e+57 1.4841195505045127e+57 1.5765301063203893e+57 1.6558470375071457e+57 1.725330787032797e+57 1.787157152921063e+57 1.7929813561433248e+57 1.7987458939915402e+57 1.8044516849608466e+57 1.810100642477358e+57 1.815693029977754e+57 1.8212296403981397e+57 1.8267122456568523e+57 1.8321417738005455e+57 1.8428468692952115e+57 1.8935103379302123e+57 1.9828992106985988e+57 2.059999088860525e+57 2.127784122925357e+57 2.1882692810161123e+57 2.268309505287903e+57 2.338359072961121e+57 2.400637315129487e+57 2.4199604131632334e+57 2.4567018720333244e+57 2.5076720382451903e+57 2.554406516150578e+57 2.583535472861932e+57 2.5975526659208517e+57 2.6503712478891774e+57 2.7100926763845986e+57 2.8133333695898156e+57 2.9005153129391726e+57 2.975978801374564e+57 3.042508689357835e+57 3.101974354711065e+57 3.155761948312789e+57 3.204847537359458e+57 3.249987015459674e+57 3.2917707235543395e+57 
# SNII_energy_release_list
0 0.0 6.68312547468123e+55 1.6477067663583851e+56 2.6398647116546096e+56 3.548928316409599e+56 4.25429327985292e+56 4.776297088782286e+56 5.162613916061122e+56 5.44852051920973e+56 5.66012106886495e+56 5.816732599229552e+56 5.9326497735358245e+56 6.01845076834839e+56 6.081963619773647e+56 6.128981289229241e+56 6.189362394461837e+56 6.189362394461837e+56 6.189362394461837e+56 6.189362394461837e+56 6.189362394461837e+56 6.189362394461837e+56 6.189362394461837e+56 6.189362394461837e+56 6.189362394461837e+56 6.189362394461837e+56 6.189362394461837e+56 6.189362394461837e+56 6.189362394461837e+56 6.189362394461837e+56 6.189362394461837e+56 6.189362394461837e+56 6.189362394461837e+56 6.189362394461837e+56 6.189362394461837e+56 6.189362394461837e+56 6.189362394461837e+56 6.189362394461837e+56 6.189362394461837e+56 6.189362394461837e+56 6.189362394461837e+56 6.189362394461837e+56 6.189362394461837e+56 6.189362394461837e+56 6.189362394461837e+56 6.189362394461837e+56 6.189362394461837e+56 6.189362394461837e+56 6.189362394461837e+56 6.189362394461837e+56 6.189362394461837e+56 6.189362394461837e+56 6.189362394461837e+56 6.189362394461837e+56 6.189362394461837e+56 6.189362394461837e+56 6.189362394461837e+56 6.189362394461837e+56 6.189362394461837e+56 
# SN_energy_per_current_crossing_time_list
0.0 0.0 1.0878703698187906e+56 1.5296279463559152e+56 1.5298536041357409e+56 1.4002205725746266e+56 1.1069790296602164e+56 8.422209921195404e+55 6.43145138906323e+55 4.928841540586558e+55 3.792058733557301e+55 2.930756835119432e+55 2.2774715676173495e+55 1.781458654659918e+55 1.4044144829293806e+55 1.1173813543158982e+55 4.925808694681758e+54 1.888596768792353e+54 1.2747316285279589e+54 9.724899069834125e+53 7.895785348615449e+53 6.661590117504159e+53 5.770371602584404e+53 5.095205934763113e+53 4.565484370373411e+53 4.303600390413303e+53 4.262239700313554e+53 4.221475368971071e+53 4.1820532567570774e+53 4.142760982240646e+53 4.103997618021084e+53 4.066482753523918e+53 4.02955756626583e+53 3.9771177404449386e+53 3.7855885758728885e+53 3.3724117749787725e+53 2.9328477187771345e+53 2.5970137380450166e+53 2.33184407070916e+53 2.073712891806106e+53 1.8273624256113226e+53 1.6343752344120458e+53 1.5241745935875334e+53 1.4539656521183677e+53 1.3510292822048032e+53 1.2438135851798817e+53 1.1658218815997512e+53 1.1232865458129401e+53 1.0628945259985642e+53 9.659194181555177e+52 8.414082810268771e+52 7.149266929896898e+52 6.22181853433957e+52 5.512521652632474e+52 4.950304559746892e+52 4.495769007795225e+52 4.119115765578917e+52 3.8019314357006346e+52 3.5310700666859454e+52 
# SN_energy_per_final_crossing_time_list
0.0 0.0 1.5060788293904714e+56 2.2071183674258295e+56 2.2358821220447997e+56 2.048624486967576e+56 1.611755280143112e+56 1.2166041292191954e+56 9.20349041964379e+55 6.983465265596149e+55 5.319668705725724e+55 4.0720305581465974e+55 3.135558478149452e+55 2.4316991475676514e+55 1.9017468346314184e+55 1.50185839684488e+55 6.384974093914063e+54 2.3598848454695553e+54 1.556668684433023e+54 1.1678012429339241e+54 9.357122165818282e+53 7.809458814616402e+53 6.702938878962143e+53 5.871953430156409e+53 5.224840969724639e+53 4.921935031191437e+53 4.871512838926726e+53 4.821866851270977e+53 4.773837867462807e+53 4.726031509510177e+53 4.678895248365898e+53 4.6332564052563325e+53 4.588401838579508e+53 4.523347015610439e+53 4.2814835190361745e+53 3.777050761173828e+53 3.2577897503245015e+53 2.864198938654844e+53 2.5557488905621342e+53 2.2546877155773913e+53 1.973256586313416e+53 1.7543427550621797e+53 1.6329621322265502e+53 1.5524790826201988e+53 1.4358006697806196e+53 1.3164837328465733e+53 1.2308192810965433e+53 1.1845691319969106e+53 1.115902119856126e+53 1.009391258536129e+53 8.724695295470472e+52 7.367597672733002e+52 6.37729098954548e+52 5.622327617870856e+52 5.025342184772711e+52 4.545498003571332e+52 4.148139600143893e+52 3.8146604792559976e+52 3.5310700666859454e+52 
# total_energy_release_list
0 0 6.68312547468123e+55 1.6477067663583851e+56 2.6398647116546096e+56 3.548928316409599e+56 4.516714935216434e+56 5.51488539791728e+56 6.4900552944000536e+56 7.41543022268052e+56 8.279197190172688e+56 9.077999121020887e+56 9.813147366261103e+56 1.0488389723127338e+57 1.1108593510508796e+57 1.1678979350111577e+57 1.3906917840099285e+57 1.669940673604101e+57 1.8541437301339418e+57 1.9923314900079227e+57 2.1030557899506962e+57 2.195466345766573e+57 2.2747832769533294e+57 2.3442670264789806e+57 2.4060933923672468e+57 2.4119175955895085e+57 2.417682133437724e+57 2.4233879244070303e+57 2.429036881923542e+57 2.4346292694239376e+57 2.4401658798443234e+57 2.445648485103036e+57 2.4510780132467293e+57 2.4617831087413952e+57 2.512446577376396e+57 2.6018354501447825e+57 2.6789353283067086e+57 2.746720362371541e+57 2.807205520462296e+57 2.887245744734087e+57 2.957295312407305e+57 3.019573554575671e+57 3.038896652609417e+57 3.075638111479508e+57 3.126608277691374e+57 3.1733427555967616e+57 3.202471712308115e+57 3.2164889053670355e+57 3.269307487335361e+57 3.329028915830782e+57 3.432269609035999e+57 3.5194515523853564e+57 3.594915040820748e+57 3.661444928804018e+57 3.7209105941572486e+57 3.7746981877589726e+57 3.8237837768056415e+57 3.868923254905857e+57 3.910706963000523e+57 
# binding_energy_list
8.871560120379617e+54 8.871560120379617e+54 8.830799004185586e+54 8.790225168308896e+54 8.729713683881166e+54 8.669618757582214e+54 8.629785477669702e+54 8.590135215053907e+54 8.550667128846876e+54 8.51138038202376e+54 8.472274141405911e+54 8.433347577642791e+54 8.413951416451895e+54 8.394599865193965e+54 8.375292821268861e+54 8.356030182312423e+54 8.260379495771817e+54 8.165823713585906e+54 8.090958991783846e+54 8.053784411990643e+54 7.99834255007026e+54 7.96159350417325e+54 7.94328234724279e+54 7.90678627999831e+54 7.888601176185516e+54 7.888601176185516e+54 7.888601176185516e+54 7.888601176185516e+54 7.888601176185516e+54 7.888601176185516e+54 7.870457896951001e+54 7.870457896951001e+54 7.870457896951001e+54 7.870457896951001e+54 7.852356346100775e+54 7.816278045883308e+54 7.798301105232642e+54 7.762471166286928e+54 7.744617978025239e+54 7.709034690644309e+54 7.691304402866145e+54 7.673614893618154e+54 7.673614893618154e+54 7.655966069112569e+54 7.638357835776954e+54 7.620790100254084e+54 7.620790100254084e+54 7.620790100254084e+54 7.603262769401822e+54 7.585775750291883e+54 7.568328950209705e+54 7.533555637337217e+54 7.516228940182015e+54 7.498942093324558e+54 7.498942093324558e+54 7.481695005111584e+54 7.464487584100623e+54 7.447319739059888e+54 7.447319739059888e+54 
# total_gas_kinetic_energy_list
4.278785394632788e+59 4.267875585916027e+59 3.158285312455085e+59 2.337228410642327e+59 1.7296559130470004e+59 1.280049298280332e+59 9.473347331663136e+58 7.011193111884934e+58 5.189130527525179e+58 3.8407346767763645e+58 2.842853531614749e+58 2.1043570590553774e+58 1.5578109875431434e+58 1.1533143104533805e+58 8.539399926073575e+57 6.323615606846006e+57 6.340776599109437e+57 6.362345475677002e+57 6.376605802482616e+57 6.387080859824557e+57 6.395302084599023e+57 6.402046984017459e+57 6.407822903890268e+57 6.412880516811925e+57 6.417392453905772e+57 6.417814804721183e+57 6.418231284992284e+57 6.418643733942387e+57 6.419053339362437e+57 6.419461175171417e+57 6.419868206559405e+57 6.420273037353359e+57 6.420669825551879e+57 6.42144262366769e+57 6.425121645088191e+57 6.431605674374427e+57 6.437119766299307e+57 6.441951817928629e+57 6.446194791071388e+57 6.45164233421064e+57 6.45629812146911e+57 6.460348427134644e+57 6.461631315612224e+57 6.463919701316976e+57 6.467092977056296e+57 6.469803752975865e+57 6.471472137334657e+57 6.472212868045102e+57 6.47510797856303e+57 6.478072456624419e+57 6.482913977245113e+57 6.486680422290337e+57 6.490024704823648e+57 6.493140753718487e+57 6.496125726417652e+57 6.498718981269379e+57 6.501294693408707e+57 6.503713374794787e+57 6.505911474021567e+57 
