# time_axis
5.999999999999999 7.0 7.30102999566398 7.477121254719661 7.602059991327962 7.698970004336018 7.778151250383643 7.845098040014256 7.903089986991943 7.954242509439324 8.0 8.041392685158224 8.079181246047623 8.113943352306837 8.146128035678238 8.176091259055681 8.301029995663981 8.47712125471966 8.60205999132796 8.698970004336019 8.778151250383644 8.845098040014257 8.903089986991942 8.954242509439323 8.999999999999998 9.004321373782641 9.008600171761916 9.012837224705171 9.017033339298779 9.021189299069936 9.02530586526477 9.02938377768521 9.033423755486949 9.041392685158224 9.079181246047623 9.146128035678236 9.204119982655923 9.255272505103305 9.301029995663981 9.361727836017593 9.414973347970816 9.462397997898954 9.477121254719663 9.505149978319904 9.544068044350274 9.57978359661681 9.60205999132796 9.612783856719734 9.653212513775342 9.698970004336017 9.778151250383642 9.845098040014257 9.903089986991944 9.954242509439325 10.0 10.041392685158225 10.079181246047623 10.113943352306835 10.146128035678236 
# total_gas_mass_list
10.87444351720968 10.873334765988682 10.742574856808599 10.611827208125915 10.481089643577867 10.350360770663562 10.21964205606388 10.088935452175043 9.958243384493096 9.827568615192526 9.696914488244525 9.566285152100281 9.4356861172022 9.30512444011333 9.174609127267383 9.044151672509283 9.045326316443319 9.046766482916802 9.04771396057083 9.048427550390858 9.048999475685848 9.049473915742823 9.049878975497585 9.050231308260493 9.05054371602239 9.050572898092376 9.050601649508458 9.050630114475636 9.050658357867142 9.050686455167268 9.050714471584563 9.05074231873442 9.050769613408647 9.050822768401394 9.051074972604422 9.051517220980287 9.051890063340192 9.05221397323134 9.05249686749146 9.052858818539594 9.053167431408738 9.05343625816995 9.05352136909908 9.053673034776578 9.053881900841686 9.05406108616785 9.054171366524216 9.054220650488553 9.054412155122291 9.054609352558744 9.054931356964552 9.055182646556073 9.055404956583407 9.055610829980264 9.055806661543727 9.055977204206547 9.056145253220631 9.056303082504655 9.056446605518014 
# ejected_gas_mass_list
-10.0 -10.0 6.027568316133495 6.478414957741304 6.71181714871743 6.856312033361812 6.9578708648758125 7.034157926834408 7.093846090929433 7.141749506421225 7.1809118050229035 7.21340527103027 7.240755816123983 7.264073809118058 7.284182341631106 7.301702619707599 7.362278901073487 7.426774983514977 7.464617136932956 7.491137215082702 7.511311104845747 7.52738224222898 7.540660987061312 7.551899678109086 7.561634614066073 7.56253326366635 7.563416895511641 7.564290013712831 7.565154660383733 7.566013185496842 7.566867607835148 7.567715259939222 7.5685445451356 7.570155154262583 7.577719275693211 7.590683450385024 7.601330058637637 7.610379331566671 7.618136724006566 7.627871245713714 7.636008556670007 7.642979246968415 7.645163948385267 7.649031049961085 7.654303052843342 7.658777421665818 7.661509356170565 7.662724938432979 7.667417633069196 7.672199541344283 7.6799010567595944 7.685821671214376 7.690995851163362 7.695735436298919 7.700198392403449 7.704049623189034 7.707812886329902 7.711319149896875 7.71448429559431 
# stellar_mass_list
-10.0 8.289416865180499 8.424965512001798 8.432765409845906 8.420976215321833 8.402528146235886 8.381795867826126 8.360771377427644 8.340449224911335 8.32132696225784 8.303622791286204 8.287395485278022 8.272611589739505 8.25918584900855 8.247008419019442 8.235958032590148 8.185392866108561 8.13802728632953 8.10859203708857 8.087252393961464 8.070562068412114 8.05689811339279 8.045340285811067 8.0353528702592 8.026540127450751 8.025719715870265 8.024912255580286 8.024113557635697 8.02332061908954 8.022531488255133 8.02174426581628 8.020961492559424 8.02019555157691 8.018705444535657 8.011638643824789 7.999281848635171 7.988775290622588 7.9795952323198005 7.971524020775396 7.961008573564631 7.951850831329217 7.943791757159899 7.941220326576834 7.936584255849986 7.929981684020383 7.924125185172852 7.920401072062529 7.918724779469497 7.91194262278385 7.904670991752997 7.891812302368075 7.881146838351018 7.871830997973388 7.863270547385255 7.855169924400342 7.848229368811675 7.841297894349838 7.835038616587908 7.829324987390505 
# remnant_mass_list
-10.0 -10.0 7.339711647192313 7.6781344753821745 7.84219750349144 7.940811727060121 8.005980413201845 8.051478752813248 8.084423798157294 8.10891380738583 8.127497449925347 8.141844901699182 8.153093107210838 8.162038331546546 8.169249726051993 8.175141782018498 8.190187522591899 8.203689179417575 8.21140857655156 8.216701575743931 8.22067216856419 8.223816273524237 8.226403457696193 8.22858680138456 8.230474660701008 8.230648448407333 8.230819099904295 8.23098759342864 8.231154662855296 8.231320750616357 8.23148632005963 8.23165075686107 8.231811188107013 8.232122110336253 8.233584104868443 8.236087309717691 8.238162787725175 8.239938628901173 8.241469731178032 8.243422991070014 8.245088975834838 8.246527473164427 8.246983129299013 8.247792845340907 8.248936892176385 8.249934107654504 8.25056383457133 8.25084289402142 8.251974261959987 8.253160534508918 8.255222390667459 8.25688709626568 8.258313204519574 8.259607574349213 8.2608212012802 8.261835990284073 8.262847947560099 8.263746385910059 8.264554037266617 
# BH_mass_list
-10.0 -10.0 7.195832410346404 7.496308384229197 7.632881462486406 7.711946893007783 7.762395316220848 7.796286209856464 7.819768213325555 7.836364685466472 7.848252295249887 7.856846101059809 7.863099428588287 7.8676710589424035 7.871024652194158 7.873490914570183 7.8753044034693644 7.8753044034693644 7.8753044034693644 7.8753044034693644 7.8753044034693644 7.8753044034693644 7.8753044034693644 7.8753044034693644 7.8753044034693644 7.8753044034693644 7.8753044034693644 7.8753044034693644 7.8753044034693644 7.8753044034693644 7.8753044034693644 7.8753044034693644 7.8753044034693644 7.8753044034693644 7.8753044034693644 7.8753044034693644 7.8753044034693644 7.8753044034693644 7.8753044034693644 7.8753044034693644 7.8753044034693644 7.8753044034693644 7.8753044034693644 7.8753044034693644 7.8753044034693644 7.8753044034693644 7.8753044034693644 7.8753044034693644 7.8753044034693644 7.8753044034693644 7.8753044034693644 7.8753044034693644 7.8753044034693644 7.8753044034693644 7.8753044034693644 7.8753044034693644 7.8753044034693644 7.8753044034693644 7.8753044034693644 
# NS_mass_list
-10.0 -10.0 6.789970127786903 7.212260581414296 7.424753061170947 7.552369351226007 7.6300091175238025 7.6796723199072945 7.713083917435575 7.736254799837368 7.752641171247862 7.764383080630533 7.772873974194296 7.779053664876418 7.783572116657319 7.7868870480349965 7.791060968386127 7.791060968386127 7.791060968386127 7.791060968386127 7.791060968386127 7.791060968386127 7.791060968386127 7.791060968386127 7.791060968386127 7.791060968386127 7.791060968386127 7.791060968386127 7.791060968386127 7.791060968386127 7.791060968386127 7.791060968386127 7.791060968386127 7.791060968386127 7.791060968386127 7.791060968386127 7.791060968386127 7.791060968386127 7.791060968386127 7.791060968386127 7.791060968386127 7.791060968386127 7.791060968386127 7.791060968386127 7.791060968386127 7.791060968386127 7.791060968386127 7.791060968386127 7.791060968386127 7.791060968386127 7.791060968386127 7.791060968386127 7.791060968386127 7.791060968386127 7.791060968386127 7.791060968386127 7.791060968386127 7.791060968386127 7.791060968386127 
# WD_mass_list
-10.0 -10.0 -10.0 -10.0 -10.0 4.827982419111646 5.937251325042718 6.342254045461911 6.576530260031528 6.733560832579246 6.847189136731535 6.933435008524173 7.0011100447406625 7.05555499122221 7.100225332019271 7.137480875704413 7.257588226877596 7.361520981679743 7.412553933053773 7.444836237317833 7.467806798119359 7.485311458125308 7.499294958079377 7.510817511209658 7.520585163912062 7.521475492266587 7.522348326751743 7.523208741723072 7.524060533426849 7.524905991370637 7.525747496784599 7.526581951495057 7.527394840916116 7.528966786039636 7.536297759246256 7.548624744304543 7.558638622252928 7.56706414658865 7.5742265427846505 7.583231260001359 7.590797971340841 7.597249899955382 7.599278180886591 7.60286449414888 7.607892869523087 7.612239538717702 7.614967242223501 7.616171807782488 7.621029273717161 7.626078163031903 7.634748375759674 7.6416537435522764 7.64750394353028 7.652762698764315 7.6576502460260665 7.661705564481845 7.665721522403793 7.669263873664882 7.672429985925162 
