# time_axis
5.999999999999999 7.0 7.30102999566398 7.477121254719661 7.602059991327962 7.698970004336018 7.778151250383643 7.845098040014256 7.903089986991943 7.954242509439324 8.0 8.041392685158224 8.079181246047623 8.113943352306837 8.146128035678238 8.176091259055681 8.204119982655925 8.230448921378272 8.255272505103306 8.278753600952827 8.301029995663981 8.47712125471966 8.60205999132796 8.698970004336019 8.778151250383644 8.845098040014257 8.903089986991942 8.954242509439323 8.999999999999998 9.004321373782641 9.008600171761916 9.012837224705171 9.017033339298779 9.021189299069936 9.02530586526477 9.02938377768521 9.033423755486949 9.041392685158224 9.079181246047623 9.146128035678236 9.204119982655923 9.255272505103305 9.301029995663981 9.361727836017593 9.414973347970816 9.462397997898954 9.477121254719663 9.505149978319904 9.544068044350274 9.57978359661681 9.60205999132796 9.612783856719734 9.653212513775342 9.698970004336017 9.778151250383642 9.845098040014257 9.903089986991944 9.954242509439325 10.0 10.041392685158225 10.079181246047623 10.113943352306835 10.146128035678236 
# total_gas_mass_list
10.546787486224655 10.543419061077675 10.541611472905013 10.540141227515749 10.538803161567431 10.537534918579139 10.536263688712872 10.534988698637648 10.533709958689617 10.532427396461031 10.53114149062424 10.529852086187692 10.528559112901597 10.527262568813473 10.525962393771074 10.524658413162081 10.523350475451503 10.522038548338845 10.520722623774468 10.519402837923101 10.518079198478521 10.521305668213351 10.521340377469915 10.52136396059122 10.521382044353436 10.52139658746525 10.521408925291338 10.521419614668162 10.521428924921294 10.521429800776756 10.521430664159135 10.521431524785559 10.521432372412022 10.521433205141912 10.521434038099505 10.521434860653613 10.521435685449058 10.52143727286362 10.52144482973028 10.521458017015334 10.521469294070364 10.521479192976766 10.521487959169885 10.521499510451823 10.521509571047524 10.521518488467827 10.521521248989652 10.5215264986663 10.521533765700267 10.52154041393496 10.521544559077652 10.5215465414717 10.521554045552946 10.521562496253418 10.521577090892706 10.52158939282137 10.52160002328932 10.521609368445787 10.521617750681083 10.521625301623365 10.52163220046516 10.52163853508243 10.521644400095736 
# ejected_gas_mass_list
-10.0 -10.0 -10.0 -10.0 -10.0 7.699234927902309 8.032409129726611 8.218701464677489 8.34865291778373 8.44853743847795 8.529736110195229 8.598145560015604 8.657251410211416 8.70928740962049 8.755765197309016 8.797751583640121 8.836032812504985 8.871209634110919 8.903748548037333 8.93402385446157 8.962331556025784 9.065486823183958 9.066477167572426 9.067148813553036 9.067663160040338 9.068076375798206 9.068426635265821 9.068729876595597 9.068993827953015 9.069018651027262 9.069043119255818 9.069067508057172 9.069091527168673 9.069115122909517 9.069138723865173 9.069162028835198 9.069185396096438 9.069230365689554 9.06944438129032 9.069817610657118 9.07013653103844 9.070416290667199 9.070663892874764 9.070989952470624 9.071273742009543 9.071525135380552 9.071602929545053 9.071750833417342 9.071955493975665 9.07214264592665 9.072259294921276 9.072315071047942 9.072526141388352 9.072763719290924 9.073173729262349 9.073519039973723 9.073817220276824 9.074079185151849 9.074314027706174 9.074525475384473 9.074718575666358 9.074895810283776 9.075059843817122 
# stellar_mass_list
-10.0 8.554821665207644 8.701375376964092 8.789704322176414 8.855464917355556 8.90855070328688 8.953357239208593 8.992294219725343 9.026807513278996 9.057857034463673 9.086112108844034 9.112061252790749 9.136071182291694 9.158426250691974 9.17935107186775 9.199027085005968 9.217601703007164 9.235197806145097 9.251918168837612 9.26785013638788 9.283068585098935 9.120343659348283 9.080540896201077 9.054843373388422 9.035814450874062 9.020716345252092 9.008211989798365 8.997554322930938 8.988271108366307 8.98740693745037 8.986552235103693 8.985708937120098 8.984877706347675 8.98405180047697 8.983236264835897 8.982424955924602 8.981627019664392 8.98006060356473 8.972704636947057 8.959952054848683 8.94917209055453 8.939831905575945 8.931614638423495 8.920905805562638 8.911639608433235 8.903495540844355 8.900979400186442 8.896228504459833 8.889661202823644 8.883728436197295 8.880000527724775 8.878245338840978 8.871562957441128 8.864146149604904 8.851324355779445 8.84063652121544 8.831295836776661 8.822829627625326 8.815053944669033 8.807977117557822 8.80133435796022 8.795129943502783 8.789346537749656 
# remnant_mass_list
-10.0 -10.0 6.514683961242206 7.146724172818893 7.449251615246998 7.646835940193816 7.792166549808566 7.906486824469843 8.000332197731424 8.07973565397801 8.148426519141198 8.208865531262973 8.262763169967197 8.311351582629442 8.35554819113825 8.396052554278832 8.433412587692407 8.46806257992633 8.500354021989585 8.530574370717112 8.558961600290695 8.672175753801048 8.70383870068631 8.722338524972523 8.73514517312088 8.74480439114759 8.752487268869642 8.75881915349534 8.7641789424468 8.764670601572176 8.765155752437373 8.765633161641343 8.766102548208975 8.766568040856635 8.767026587112817 8.767481978851048 8.767928630306157 8.76880228004669 8.772854010541502 8.779683108916206 8.785269213193832 8.789977030418836 8.79401960790422 8.799152539767174 8.803476335610066 8.807188157816409 8.808319000694562 8.810432578957034 8.813311924077354 8.815867659943548 8.817455249364885 8.818196317702764 8.820989808597046 8.824028936439896 8.829152094936793 8.83329247000692 8.836827212470016 8.839971800129378 8.842811928127313 8.845350711589703 8.847701386427671 8.849865153400971 8.851854138493922 
# BH_mass_list
-10.0 -10.0 -10.0 -10.0 -10.0 -10.0 -10.0 -10.0 -10.0 -10.0 -10.0 -10.0 -10.0 -10.0 -10.0 -10.0 -10.0 -10.0 -10.0 -10.0 -10.0 -10.0 -10.0 -10.0 -10.0 -10.0 -10.0 -10.0 -10.0 -10.0 -10.0 -10.0 -10.0 -10.0 -10.0 -10.0 -10.0 -10.0 -10.0 -10.0 -10.0 -10.0 -10.0 -10.0 -10.0 -10.0 -10.0 -10.0 -10.0 -10.0 -10.0 -10.0 -10.0 -10.0 -10.0 -10.0 -10.0 -10.0 -10.0 -10.0 -10.0 -10.0 -10.0 
# NS_mass_list
-10.0 -10.0 7.049937624296689 7.475879210922172 7.715819117469536 7.880834890579155 8.000025419765851 8.093052486825993 8.169215664807442 8.233625840885425 8.289406950056843 8.338560208965825 8.382467009048984 8.42211674928851 8.458243213733859 8.491394570057176 8.522000905137158 8.550428685206994 8.576957044803395 8.6018145611519 8.625191350053305 8.6661792487222 8.6661792487222 8.6661792487222 8.6661792487222 8.6661792487222 8.6661792487222 8.6661792487222 8.6661792487222 8.6661792487222 8.6661792487222 8.6661792487222 8.6661792487222 8.6661792487222 8.6661792487222 8.6661792487222 8.6661792487222 8.6661792487222 8.6661792487222 8.6661792487222 8.6661792487222 8.6661792487222 8.6661792487222 8.6661792487222 8.6661792487222 8.6661792487222 8.6661792487222 8.6661792487222 8.6661792487222 8.6661792487222 8.6661792487222 8.6661792487222 8.6661792487222 8.6661792487222 8.6661792487222 8.6661792487222 8.6661792487222 8.6661792487222 8.6661792487222 8.6661792487222 8.6661792487222 8.6661792487222 8.6661792487222 
# WD_mass_list
-10.0 -10.0 -10.0 -10.0 -10.0 5.115850655931237 6.226704266346765 6.636233558737003 6.8943807646536355 7.081752821956916 7.227632473077122 7.346609270814473 7.446736840345702 7.53295682988225 7.608510039074865 7.675702335277603 7.73617145067409 7.7909773462758825 7.841044451573759 7.88708714075997 7.929671139257836 8.19933119279681 8.287349199093324 8.33405569937139 8.364725586432668 8.387060526272677 8.404375765804303 8.418365220352447 8.430018405639135 8.431078977499363 8.432124150881434 8.433151332935653 8.434159988236333 8.435159041241759 8.436141987738006 8.4371169995237 8.438072166736164 8.439937248344018 8.448531906466258 8.462818918395024 8.474326989419179 8.48390597580312 8.492046932178445 8.502274755582288 8.510798643698884 8.518051194319854 8.52024908135851 8.52434260310806 8.52988947047059 8.534784632101399 8.537812246584394 8.53922207656701 8.5445171109947 8.550243433578897 8.559817393788023 8.567484072082587 8.573980616670907 8.579723223417146 8.584880567459926 8.589467596590584 8.593695604800919 8.597571386164075 8.601120699185437 
