# time_axis
1000000 10000000 20000000 30000000 40000000 50000000 60000000 70000000 80000000 90000000 100000000 110000000 120000000 130000000 140000000 150000000 200000000 300000000 400000000 500000000 600000000 700000000 800000000 900000000 1000000000 1010000000 1020000000 1030000000 1040000000 1050000000 1060000000 1070000000 1080000000 1100000000 1200000000 1400000000 1600000000 1800000000 2000000000 2300000000 2600000000 2900000000 3000000000 3200000000 3500000000 3800000000 4000000000 4100000000 4500000000 5000000000 6000000000 7000000000 8000000000 9000000000 10000000000 11000000000 12000000000 13000000000 14000000000 
# SNIa_energy_release_list
0 0.0 0.0 0.0 0.0 0.0 7.050686123059622e+52 7.268831405717833e+53 3.4376731350274814e+54 9.861478335908006e+54 1.9125461839446194e+55 3.0874139794110507e+55 4.4942976540833304e+55 6.125151013057936e+55 7.962387136456994e+55 9.9862159786445e+55 2.2063164398563086e+56 3.836979193581474e+56 4.77171257176416e+56 5.434891982985293e+56 5.95011676520235e+56 6.371769195948787e+56 6.728735307317029e+56 7.0383028736210435e+56 7.311610475800711e+56 7.337261132618741e+56 7.3626339072972375e+56 7.387735431609241e+56 7.412570382830747e+56 7.437147297882594e+56 7.461466903666879e+56 7.485533478823329e+56 7.509355477657903e+56 7.556282636981352e+56 7.777749046482244e+56 8.166264148195994e+56 8.499359023485545e+56 8.79086351987569e+56 9.050047094212222e+56 9.391874645014312e+56 9.690082507810698e+56 9.954561266926027e+56 1.003647055295187e+57 1.0192272102581198e+57 1.0407851270070862e+57 1.0605330968883624e+57 1.0728298079293807e+57 1.0787442957161048e+57 1.1010060034317112e+57 1.126164176813342e+57 1.1695806760979951e+57 1.2061794052144907e+57 1.2378308131188299e+57 1.2657066187959802e+57 1.2906116067934055e+57 1.313124052235768e+57 1.3336601490068368e+57 1.3525372085987609e+57 1.3700060901161477e+57 
# SNII_energy_release_list
0 0.0 8.986162859130758e+51 1.3937945972748496e+53 8.353147777912203e+53 2.7663281827416e+54 5.650368832521604e+54 9.356385250539425e+54 1.3695387924398144e+55 1.839689748405835e+55 2.3444739875607253e+55 2.8751811853609664e+55 3.421107405185778e+55 3.9729175281820163e+55 4.5227240414296025e+55 5.064156698032543e+55 6.23409406644249e+55 6.23409406644249e+55 6.23409406644249e+55 6.23409406644249e+55 6.23409406644249e+55 6.23409406644249e+55 6.23409406644249e+55 6.23409406644249e+55 6.23409406644249e+55 6.23409406644249e+55 6.23409406644249e+55 6.23409406644249e+55 6.23409406644249e+55 6.23409406644249e+55 6.23409406644249e+55 6.23409406644249e+55 6.23409406644249e+55 6.23409406644249e+55 6.23409406644249e+55 6.23409406644249e+55 6.23409406644249e+55 6.23409406644249e+55 6.23409406644249e+55 6.23409406644249e+55 6.23409406644249e+55 6.23409406644249e+55 6.23409406644249e+55 6.23409406644249e+55 6.23409406644249e+55 6.23409406644249e+55 6.23409406644249e+55 6.23409406644249e+55 6.23409406644249e+55 6.23409406644249e+55 6.23409406644249e+55 6.23409406644249e+55 6.23409406644249e+55 6.23409406644249e+55 6.23409406644249e+55 6.23409406644249e+55 6.23409406644249e+55 6.23409406644249e+55 6.23409406644249e+55 
# SN_energy_per_current_crossing_time_list
0.0 0.0 3.818951884452508e+52 2.852545494098277e+53 9.813197136973215e+53 2.2144615819503482e+54 2.8336961502610355e+54 3.230696063821571e+54 3.467811126628598e+54 3.541892556203854e+54 3.597551377868118e+54 3.6036245752974405e+54 3.5604887147607005e+54 3.4830943858158595e+54 3.379558013305706e+54 3.257966592947644e+54 1.8387619674412596e+54 3.697477114691284e+53 2.2134242604304945e+53 1.625107061182469e+53 1.2997838452959897e+53 1.0910444990024673e+53 9.447262756214829e+52 8.360438095913025e+52 7.517901476940727e+52 7.067990515075351e+52 7.003512145664088e+52 6.940341865748074e+52 6.878338573608645e+52 6.818238436529127e+52 6.758187112435769e+52 6.698926886068226e+52 6.641776452994513e+52 6.563158838097265e+52 6.292073388315481e+52 5.676402733672483e+52 4.988327474614335e+52 4.4631332683728217e+52 4.048681289412234e+52 3.6568885904310785e+52 3.2665776059326324e+52 2.9595006963037754e+52 2.7680621326763977e+52 2.6667144469196457e+52 2.504245655446144e+52 2.3303523254153567e+52 2.199041655908321e+52 2.1248521176483816e+52 2.0357875779103118e+52 1.8765028757748478e+52 1.675229119725474e+52 1.451458980479034e+52 1.284200472480152e+52 1.1536954413690234e+52 1.0491351257359037e+52 9.62377922590361e+51 8.90458571786602e+51 8.289766675821105e+51 7.756613310372501e+51 
# SN_energy_per_final_crossing_time_list
0.0 0.0 1.064020656738436e+52 1.5439422091842288e+53 8.240330892971112e+53 2.28644659963883e+54 3.4180240807654835e+54 4.41731137884104e+54 5.258029672208515e+54 5.852128628584534e+54 6.388320337043842e+54 6.80559172864383e+54 7.08881569770285e+54 7.257933024549294e+54 7.325847996772723e+54 7.30954779779031e+54 3.843057712708405e+54 7.2405439396245385e+53 4.150446241017238e+53 2.9446797971140955e+53 2.287724832068408e+53 1.8722405629825337e+53 1.5850173853632361e+53 1.3745561802931923e+53 1.2135530158487063e+53 1.1389522900849166e+53 1.126613639210065e+53 1.1145694553789644e+53 1.1027329541130087e+53 1.091275513142156e+53 1.0798503484132436e+53 1.0686151658181378e+53 1.0577553752141005e+53 1.0418406818546537e+53 9.833653620154635e+52 8.625513334194364e+52 7.39511611180225e+52 6.471758522383871e+52 5.754194281207268e+52 5.059328169283151e+52 4.413721003492218e+52 3.914502599423151e+52 3.6369738818070685e+52 3.4589861189129287e+52 3.1907485287005536e+52 2.9228615444266113e+52 2.7300211647675605e+52 2.626178135382239e+52 2.471186523971625e+52 2.2341696269723116e+52 1.9277994181020763e+52 1.6250736438116127e+52 1.4054004064225505e+52 1.2377543756166544e+52 1.1058427593273677e+52 9.996079817329214e+51 9.118532368487686e+51 8.381879031332715e+51 7.756613310372501e+51 
# total_energy_release_list
0 0 8.986162859130758e+51 1.3937945972748496e+53 8.353147777912203e+53 2.7663281827416e+54 5.7208756937522e+54 1.0083268391111209e+55 1.7133061059425627e+55 2.8258375819966356e+55 4.257020171505345e+55 5.962595164772018e+55 7.915405059269108e+55 1.0098068541239953e+56 1.2485111177886596e+56 1.5050372676677042e+56 2.8297258465005577e+56 4.460388600225723e+56 5.395121978408409e+56 6.058301389629542e+56 6.573526171846599e+56 6.995178602593036e+56 7.352144713961278e+56 7.6617122802652926e+56 7.93501988244496e+56 7.96067053926299e+56 7.986043313941487e+56 8.01114483825349e+56 8.035979789474995e+56 8.060556704526842e+56 8.084876310311127e+56 8.108942885467577e+56 8.132764884302152e+56 8.1796920436256e+56 8.401158453126493e+56 8.789673554840242e+56 9.122768430129793e+56 9.414272926519938e+56 9.67345650085647e+56 1.001528405165856e+57 1.0313491914454946e+57 1.0577970673570275e+57 1.0659879959596118e+57 1.0815681509225446e+57 1.103126067671511e+57 1.1228740375527872e+57 1.1351707485938055e+57 1.1410852363805296e+57 1.163346944096136e+57 1.1885051174777669e+57 1.23192161676242e+57 1.2685203458789156e+57 1.3001717537832547e+57 1.328047559460405e+57 1.3529525474578303e+57 1.3754649929001929e+57 1.3960010896712616e+57 1.4148781492631857e+57 1.4323470307805726e+57 
# binding_energy_list
7.620790100254084e+54 7.620790100254084e+54 7.620790100254084e+54 7.620790100254084e+54 7.603262769401822e+54 7.585775750291883e+54 7.568328950209705e+54 7.550922276654341e+54 7.533555637337217e+54 7.516228940182015e+54 7.481695005111584e+54 7.464487584100623e+54 7.447319739059888e+54 7.430191378967052e+54 7.396052750582375e+54 7.379042301291045e+54 7.277798045368272e+54 7.128530301265221e+54 7.014552984199657e+54 6.91830970918942e+54 6.854882264526593e+54 6.776415076106799e+54 6.714288529259496e+54 6.668067692136191e+54 6.606934480075964e+54 6.606934480075964e+54 6.606934480075964e+54 6.591738952443253e+54 6.591738952443253e+54 6.591738952443253e+54 6.591738952443253e+54 6.576578373554172e+54 6.576578373554172e+54 6.561452663029057e+54 6.516283940608428e+54 6.441692655151735e+54 6.382634861905483e+54 6.309573444801892e+54 6.266138646723311e+54 6.194410750767837e+54 6.1235039172477214e+54 6.0673632958850715e+54 6.053408747539087e+54 6.011737374832828e+54 5.970352865838415e+54 5.929253245800042e+54 5.902010801718454e+54 5.888436553555932e+54 5.8479008414448476e+54 5.7942869642687856e+54 5.7147863667186424e+54 5.6493697481230574e+54 5.59757601495107e+54 5.559042572704003e+54 5.50807696405403e+54 5.4827696492085025e+54 5.445026528424176e+54 5.407543229455771e+54 5.382697825162903e+54 
# total_gas_kinetic_energy_list
4.035575097811075e+56 2.328327622812272e+57 7.613243378021906e+57 1.5502354060979235e+58 1.6123414464405502e+58 1.787209484768654e+58 1.9646581845224683e+58 2.107899516356927e+58 2.2084429028087912e+58 2.268195834575428e+58 2.2924289300055983e+58 2.2870731689364887e+58 2.257731993709412e+58 2.2093684961465132e+58 2.14625134593556e+58 2.071995891452641e+58 7.317537677887403e+58 1.3925353188868798e+59 1.7003728130690478e+59 1.831462256531728e+59 1.8844282364375367e+59 1.9051105788758027e+59 1.9130024945510866e+59 1.9159708447770715e+59 1.9170824106723833e+59 1.9171448710815018e+59 1.9172016155235603e+59 1.9172530525181838e+59 1.9172998733113604e+59 1.9173423882884788e+59 1.9173811079176935e+59 1.9174163029185713e+59 1.9174483362734424e+59 1.9175041426273157e+59 1.9176723823488546e+59 1.9177884030545497e+59 1.9178383940840272e+59 1.9178765679030696e+59 1.9179103818904524e+59 1.9179550793133172e+59 1.9179938874799104e+59 1.918028458566994e+59 1.9180391865808182e+59 1.9180599613642333e+59 1.9180884520670162e+59 1.9181130800277203e+59 1.9181289026178874e+59 1.9181356838180185e+59 1.918162728312442e+59 1.9181909749553184e+59 1.9182389962429616e+59 1.9182762535661808e+59 1.9183070198679765e+59 1.9183338705902808e+59 1.9183577968557964e+59 1.9183777428991932e+59 1.9183967775303665e+59 1.9184140256134732e+59 1.918428978164393e+59 
