# time_axis
5.999999999999999 7.0 7.30102999566398 7.477121254719661 7.602059991327962 7.698970004336018 7.778151250383643 7.845098040014256 7.903089986991943 7.954242509439324 8.0 8.041392685158224 8.079181246047623 8.113943352306837 8.146128035678238 8.176091259055681 8.301029995663981 8.47712125471966 8.60205999132796 8.698970004336019 8.778151250383644 8.845098040014257 8.903089986991942 8.954242509439323 8.999999999999998 9.004321373782641 9.008600171761916 9.012837224705171 9.017033339298779 9.021189299069936 9.02530586526477 9.02938377768521 9.033423755486949 9.041392685158224 9.079181246047623 9.146128035678236 9.204119982655923 9.255272505103305 9.301029995663981 9.361727836017593 9.414973347970816 9.462397997898954 9.477121254719663 9.505149978319904 9.544068044350274 9.57978359661681 9.60205999132796 9.612783856719734 9.653212513775342 9.698970004336017 9.778151250383642 9.845098040014257 9.903089986991944 9.954242509439325 10.0 10.041392685158225 10.079181246047623 10.113943352306835 10.146128035678236 
# total_gas_mass_list
7.799858402487428 8.602104961578117 9.122288967848203 9.432373704338442 9.450173571219553 9.495187874561013 9.536406093153799 9.567007410724809 9.587258015280534 9.598858141281294 9.603475949793841 9.60246130619887 9.596854280157235 9.587450470671946 9.574863206709354 9.55957175049291 10.107546959053428 10.386986512624157 10.473723562630306 10.50597699883102 10.518358610008853 10.523099336599866 10.524894857672892 10.525568297571152 10.525820222331946 10.525834375061061 10.525847229234007 10.52585888688516 10.52586949401767 10.525879121758823 10.525887889282949 10.52589585890224 10.525903116990834 10.525915747710917 10.525953806956418 10.525979951736955 10.525991071558668 10.525999455091831 10.52600681499136 10.526016504965153 10.52602487523225 10.52603232277607 10.526034639135082 10.52603910493085 10.526045182278938 10.526050440732918 10.526053810739047 10.526055261081513 10.526061035362616 10.526067055865841 10.526077225721949 10.526085098417125 10.52609163803798 10.526097326510342 10.526102395072074 10.526106580719803 10.526110686863834 10.526114367365317 10.52611756380443 
# ejected_gas_mass_list
-10.0 -10.0 2.2483208044265326 3.432381726879904 4.216344127328426 4.751851738499756 5.089583662303022 5.327318736695579 5.515700724232037 5.674234174715812 5.809120127987896 5.925458616359453 6.027026339754721 6.116678699853676 6.196436672216831 6.26796092174906 6.499285497388012 6.690234965531389 6.787322290140635 6.852414624898584 6.901411397727869 6.940208558321459 6.972048024382324 6.998749530045331 7.021588161335758 7.023677685379687 7.025760341205909 7.027766754454531 7.029803383104936 7.031774334622413 7.033764601573468 7.035708866550757 7.037641403660918 7.041418750372092 7.059028328956452 7.088840193386039 7.11320817881917 7.133776811164266 7.1514973158117146 7.1738555953437775 7.192290722644118 7.208061080138934 7.212851579523308 7.221940902901487 7.234012523041332 7.244193580597377 7.2505951216297815 7.253321374514951 7.2640089683397315 7.274879264730874 7.292645454920018 7.305916548136707 7.3166404152407525 7.3257580652788885 7.333724013400232 7.340194011214441 7.3464488715685405 7.351979853329525 7.356726936547184 
# stellar_mass_list
-10.0 5.27697965720709 6.1393492328039265 6.714511455099778 7.0930652815189275 7.2673204073688815 7.400350137772493 7.508585657355865 7.598459618219797 7.6736086135474615 7.7370477682974474 7.79164190332983 7.8388060668025625 7.879804310978393 7.915642019989445 7.947157732998553 7.882050948447056 7.832059212396319 7.799808615445063 7.774741918843422 7.753692121813566 7.735377261425346 7.719098808988207 7.7044504596612455 7.691144634704809 7.689874918517953 7.688614395841365 7.687365047586912 7.686124920682922 7.684895924178399 7.683676979585618 7.682472285117248 7.681274080885491 7.678892690642867 7.667526318636888 7.646897932831944 7.628450901721603 7.611668470029238 7.596206812121541 7.574943752819834 7.555617720430577 7.5376816006029905 7.531941584945829 7.520827925903393 7.504822469351655 7.490175658716343 7.4802107929687685 7.475777123040477 7.457399768532321 7.436390404166684 7.396327225837567 7.36058373665803 7.3299564438425735 7.302407463526004 7.277184276611062 7.255585988368733 7.234670684287713 7.215725430398164 7.198921728766049 
# remnant_mass_list
-10.0 -10.0 3.3368360420861385 4.546300390281514 5.320924262172861 5.82075114958276 6.086173590775728 6.274738542502603 6.423906379307786 6.547264615712967 6.651407578683486 6.740621163819182 6.817884630345544 6.885439286292184 6.944950388002034 6.997708245077167 7.116601220082553 7.191205696785822 7.231935323834668 7.260247382212675 7.281986768971053 7.299582076500779 7.314276402142161 7.326768862818328 7.337578339922097 7.338577282885797 7.339569562230371 7.340549537534814 7.341520144350027 7.342475182282663 7.343418437755369 7.344346183653414 7.345265332391838 7.347082794106887 7.355560374608076 7.3701273387490325 7.382344629209432 7.392826502668021 7.402020010327527 7.4139357280367335 7.424083639845989 7.432993387504989 7.435747413006415 7.44094304889278 7.448134841295723 7.454417315436602 7.45854727162426 7.460337388496643 7.467555923703593 7.475336552988785 7.48898580166457 7.499930039941873 7.508445267568184 7.515517411814 7.521549044749232 7.526365063799902 7.530789303973757 7.534588678310312 7.537773591377249 
# BH_mass_list
-10.0 -10.0 2.953720086759117 4.245524162017357 5.04018340882368 5.530791714940448 5.751546319933357 5.908470539032886 6.03434447692152 6.139336476050891 6.22755003195962 6.302340024109095 6.366210748660037 6.421239136172963 6.468900182096343 6.51036485986005 6.546513784483879 6.546513784483879 6.546513784483879 6.546513784483879 6.546513784483879 6.546513784483879 6.546513784483879 6.546513784483879 6.546513784483879 6.546513784483879 6.546513784483879 6.546513784483879 6.546513784483879 6.546513784483879 6.546513784483879 6.546513784483879 6.546513784483879 6.546513784483879 6.546513784483879 6.546513784483879 6.546513784483879 6.546513784483879 6.546513784483879 6.546513784483879 6.546513784483879 6.546513784483879 6.546513784483879 6.546513784483879 6.546513784483879 6.546513784483879 6.546513784483879 6.546513784483879 6.546513784483879 6.546513784483879 6.546513784483879 6.546513784483879 6.546513784483879 6.546513784483879 6.546513784483879 6.546513784483879 6.546513784483879 6.546513784483879 6.546513784483879 
# NS_mass_list
-10.0 -10.0 3.1048158009900355 4.24501647884938 4.998610616027452 5.508267134570088 5.815418839477811 6.0265378659000195 6.18569900418624 6.31055603148708 6.413557156628942 6.5003894577948405 6.574482866780688 6.638283880390729 6.693642335756183 6.7419673370832065 6.825928121571013 6.825928121571013 6.825928121571013 6.825928121571013 6.825928121571013 6.825928121571013 6.825928121571013 6.825928121571013 6.825928121571013 6.825928121571013 6.825928121571013 6.825928121571013 6.825928121571013 6.825928121571013 6.825928121571013 6.825928121571013 6.825928121571013 6.825928121571013 6.825928121571013 6.825928121571013 6.825928121571013 6.825928121571013 6.825928121571013 6.825928121571013 6.825928121571013 6.825928121571013 6.825928121571013 6.825928121571013 6.825928121571013 6.825928121571013 6.825928121571013 6.825928121571013 6.825928121571013 6.825928121571013 6.825928121571013 6.825928121571013 6.825928121571013 6.825928121571013 6.825928121571013 6.825928121571013 6.825928121571013 6.825928121571013 6.825928121571013 
# WD_mass_list
-10.0 -10.0 -10.0 -10.0 -10.0 1.8430171909394961 3.1364232115637196 3.9791459531559563 4.581921720482544 5.013788212992419 5.30343556308403 5.52129189368915 5.696413955782067 5.842393174115041 5.966939025951714 6.074945793839965 6.456715164177369 6.72539875214083 6.835105618296659 6.902539901603854 6.950582562652812 6.987484308435602 7.017113281489528 7.041536531915711 7.062147886311047 7.064029496120076 7.065894780254009 7.06773326667192 7.069550605956281 7.07133534650353 7.073094731536045 7.0748219719780865 7.076530079985524 7.079898484807486 7.095454582139098 7.121614306767581 7.143036107273339 7.161064358618792 7.176625605522024 7.196465009810272 7.213083647624025 7.227475349830635 7.231887555667594 7.240166083889878 7.251529808865137 7.261368831662673 7.267793405075453 7.2705676369931815 7.281691592614696 7.293571732828025 7.314148958889712 7.330417416230565 7.34294009020272 7.35325415650319 7.36199074437258 7.368927933260888 7.375271219656384 7.380696420456089 7.385228684127034 
