# time_axis
1000000 10000000 20000000 30000000 40000000 50000000 60000000 70000000 80000000 90000000 100000000 110000000 120000000 130000000 140000000 150000000 200000000 300000000 400000000 500000000 600000000 700000000 800000000 900000000 1000000000 1010000000 1020000000 1030000000 1040000000 1050000000 1060000000 1070000000 1080000000 1100000000 1200000000 1400000000 1600000000 1800000000 2000000000 2300000000 2600000000 2900000000 3000000000 3200000000 3500000000 3800000000 4000000000 4100000000 4500000000 5000000000 6000000000 7000000000 8000000000 9000000000 10000000000 11000000000 12000000000 13000000000 14000000000 
# SNIa_energy_release_list
0 0.0 0.0 0.0 0.0 0.0 6.051523880980105e+52 7.467936032336529e+53 1.4245795364536687e+54 2.0117414662026904e+54 2.5204823401112212e+54 2.96804328410727e+54 3.3674346134959745e+54 3.728034297088865e+54 4.0567345812891356e+54 4.3587376416419156e+54 5.583639138686733e+54 7.241379974301355e+54 8.384831272471043e+54 9.258699604034016e+54 9.966226975776557e+54 1.0560593082811695e+55 1.1073173871672995e+55 1.152372668956023e+55 1.1925675097814922e+55 1.1963563394409508e+55 1.200112760003557e+55 1.2038283419861355e+55 1.2075072887680784e+55 1.2111516584631216e+55 1.2147587352106682e+55 1.2183307462790565e+55 1.2218700481059955e+55 1.2288500719415948e+55 1.2619163068007885e+55 1.320365124361154e+55 1.3708798659414798e+55 1.415362826888692e+55 1.455106201843642e+55 1.5077574842483185e+55 1.5538851611121772e+55 1.5949302276445484e+55 1.6076843741801438e+55 1.6319033249505e+55 1.6655357770099732e+55 1.6963904028577528e+55 1.7156258844734996e+55 1.7248832003516082e+55 1.7597776845421006e+55 1.799248895185351e+55 1.867514648367095e+55 1.925199181028754e+55 1.9751407112157017e+55 2.0191967102675674e+55 2.058565455315976e+55 2.0941848460745636e+55 2.1266992403475976e+55 2.1566043824030714e+55 2.1842880702557297e+55 
# SNII_energy_release_list
0 0.0 4.896685810272184e+52 6.550596978870848e+53 1.7979961787305327e+54 3.0596799820621843e+54 4.173452477798435e+54 4.367657668880053e+54 4.395323801860589e+54 4.3992026192752646e+54 4.399779545157288e+54 4.3999162619852563e+54 4.399957874079479e+54 4.399985560047237e+54 4.400011084571861e+54 4.40003585488322e+54 4.4000999058878274e+54 4.4000999058878274e+54 4.4000999058878274e+54 4.4000999058878274e+54 4.4000999058878274e+54 4.4000999058878274e+54 4.4000999058878274e+54 4.4000999058878274e+54 4.4000999058878274e+54 4.4000999058878274e+54 4.4000999058878274e+54 4.4000999058878274e+54 4.4000999058878274e+54 4.4000999058878274e+54 4.4000999058878274e+54 4.4000999058878274e+54 4.4000999058878274e+54 4.4000999058878274e+54 4.4000999058878274e+54 4.4000999058878274e+54 4.4000999058878274e+54 4.4000999058878274e+54 4.4000999058878274e+54 4.4000999058878274e+54 4.4000999058878274e+54 4.4000999058878274e+54 4.4000999058878274e+54 4.4000999058878274e+54 4.4000999058878274e+54 4.4000999058878274e+54 4.4000999058878274e+54 4.4000999058878274e+54 4.4000999058878274e+54 4.4000999058878274e+54 4.4000999058878274e+54 4.4000999058878274e+54 4.4000999058878274e+54 4.4000999058878274e+54 4.4000999058878274e+54 4.4000999058878274e+54 4.4000999058878274e+54 4.4000999058878274e+54 4.4000999058878274e+54 
# SN_energy_per_current_crossing_time_list
0.0 0.0 4.130522891175804e+52 4.759492791638354e+53 8.930310557226593e+53 9.884840178249658e+53 8.772286471687647e+53 1.73390846735551e+53 4.19607605647845e+52 2.0522619580954536e+52 1.561219187886244e+52 1.346985134228745e+52 1.1981100979079158e+52 1.0830969761210054e+52 9.891761976475232e+51 9.105882456003824e+51 7.441154547685797e+51 5.095688596402712e+51 3.553749583312899e+51 2.7421678274286637e+51 2.239458022842228e+51 1.8960964774912242e+51 1.6471040625341657e+51 1.4575964265838189e+51 1.3086967927410469e+51 1.2343413558783858e+51 1.2245073107334427e+51 1.2119156996528993e+51 1.2006865254411466e+51 1.190121852763247e+51 1.1786620112706503e+51 1.1679218064347364e+51 1.1579280487474139e+51 1.1430982407478538e+51 1.0892099818095961e+51 9.729518218305616e+50 8.490989035473414e+50 7.544900493298997e+50 6.7974490928149665e+50 6.0726604983927345e+50 5.376617601531439e+50 4.830809570863802e+50 4.517785629622979e+50 4.314421894077679e+50 4.0282945537324715e+50 3.7241266835864858e+50 3.4995469977309424e+50 3.3759277729643328e+50 3.21037438467226e+50 2.934006085977899e+50 2.5826720719099805e+50 2.215227490740099e+50 1.943398928228676e+50 1.7355542664840326e+50 1.5692994319274792e+50 1.4343070125039556e+50 1.3227695189790381e+50 1.2279571509238783e+50 1.1465174547284018e+50 
# SN_energy_per_final_crossing_time_list
0.0 0.0 5.407888122110609e+52 6.693674857166209e+53 1.2622563216357591e+54 1.3934005811815233e+54 1.2325539192872586e+54 2.4290190656831026e+53 5.862485499636255e+52 2.8601015464901845e+52 2.1706613327801662e+52 1.8686686177411228e+52 1.65867124586649e+52 1.496477993904978e+52 1.3641282075562816e+52 1.2534785987987484e+52 1.0159984729615039e+52 6.865518833921051e+51 4.7355933174831006e+51 3.619117874048369e+51 2.930218277703287e+51 2.4615619127106244e+51 2.1228487494721268e+51 1.8659604628332276e+51 1.6646657353494283e+51 1.569140412463037e+51 1.5557182140075893e+51 1.5388049526399678e+51 1.5236325170852115e+51 1.5093124474919603e+51 1.4938676066634206e+51 1.4793451870238513e+51 1.4657986839525526e+51 1.445385312196775e+51 1.3694351572661725e+51 1.2103262740473282e+51 1.0460317507404393e+51 9.211289232023955e+50 8.22984158364016e+50 7.268493828336759e+50 6.367912029635519e+50 5.666259189685164e+50 5.282118372758653e+50 5.0151283927935194e+50 4.6429499731310684e+50 4.259471893324982e+50 3.983178747704852e+50 3.833909085622552e+50 3.612879849234174e+50 3.269393312235446e+50 2.8272200582384663e+50 2.388999757418207e+50 2.0683240029265295e+50 1.8245752577220854e+50 1.6304530526779897e+50 1.4751738803322029e+50 1.3465807287801206e+50 1.238518781717849e+50 1.1465174547284018e+50 
# total_energy_release_list
0 0 4.896685810272184e+52 6.550596978870848e+53 1.7979961787305327e+54 3.0596799820621843e+54 4.2339677166082355e+54 5.114451272113706e+54 5.819903338314258e+54 6.410944085477955e+54 6.92026188526851e+54 7.367959546092526e+54 7.767392487575454e+54 8.128019857136102e+54 8.456745665860997e+54 8.758773496525135e+54 9.98373904457456e+54 1.1641479880189183e+55 1.278493117835887e+55 1.3658799509921844e+55 1.4366326881664385e+55 1.4960692988699522e+55 1.5473273777560822e+55 1.5923826595448056e+55 1.632577500370275e+55 1.6363663300297336e+55 1.6401227505923398e+55 1.6438383325749181e+55 1.647517279356861e+55 1.6511616490519044e+55 1.654768725799451e+55 1.6583407368678393e+55 1.6618800386947783e+55 1.6688600625303774e+55 1.7019262973895712e+55 1.7603751149499367e+55 1.8108898565302625e+55 1.8553728174774746e+55 1.8951161924324247e+55 1.9477674748371012e+55 1.9938951517009598e+55 2.034940218233331e+55 2.0476943647689265e+55 2.0719133155392827e+55 2.1055457675987559e+55 2.1364003934465355e+55 2.1556358750622823e+55 2.164893190940391e+55 2.1997876751308833e+55 2.2392588857741336e+55 2.3075246389558775e+55 2.3652091716175368e+55 2.4151507018044843e+55 2.4592067008563503e+55 2.498575445904759e+55 2.534194836663346e+55 2.5667092309363805e+55 2.5966143729918544e+55 2.6242980608445123e+55 
# binding_energy_list
2.074913517454911e+53 2.074913517454911e+53 2.074913517454911e+53 2.074913517454911e+53 2.074913517454911e+53 2.074913517454911e+53 2.0701413487910543e+53 2.0701413487910543e+53 2.0701413487910543e+53 2.0653801558105185e+53 2.0653801558105185e+53 2.0653801558105185e+53 2.0653801558105185e+53 2.0606299132700006e+53 2.0606299132700006e+53 2.0606299132700006e+53 2.0558905959841533e+53 2.046444636724674e+53 2.0370420777057063e+53 2.0323570109362208e+53 2.0230191786782596e+53 2.0183663636815596e+53 2.0137242498623976e+53 2.0044720273651593e+53 1.999861869632753e+53 1.999861869632753e+53 1.999861869632753e+53 1.999861869632753e+53 1.999861869632753e+53 1.999861869632753e+53 1.999861869632753e+53 1.999861869632753e+53 1.9952623149688667e+53 1.9952623149688667e+53 1.990673338987184e+53 1.981527025805085e+53 1.9724227361148613e+53 1.9678862897068307e+53 1.958844673505997e+53 1.9498445997580415e+53 1.9408858775927632e+53 1.93196831701693e+53 1.93196831701693e+53 1.9230917289101536e+53 1.918668740670295e+53 1.9098532585662328e+53 1.9098532585662328e+53 1.9054607179632522e+53 1.8967059212111406e+53 1.8923436186449799e+53 1.8793168168032724e+53 1.8663796908346733e+53 1.8578044550916913e+53 1.8450154191794662e+53 1.8365383433483587e+53 1.8281002161427446e+53 1.8238957023196497e+53 1.815515662773137e+53 1.8071741260109183e+53 
# total_gas_kinetic_energy_list
2.7635862844463932e+57 2.9045939515005314e+58 5.2746236581655286e+57 7.534943632922332e+56 1.058136062921696e+56 1.500269843150706e+55 2.2810595795403382e+54 4.9988164518900194e+53 2.5732299705470176e+53 2.3234053255468257e+53 2.2938213993865864e+53 2.25275009535633e+53 2.2031218267041066e+53 2.1535014132733655e+53 2.1067369284769323e+53 2.0600554332590966e+53 1.0353669940903868e+54 2.5017076927330618e+54 3.776908981241098e+54 4.897621959884325e+54 5.9063617766794354e+54 6.826872848069732e+54 7.692838654877518e+54 8.510953218066741e+54 9.295590849990616e+54 9.370024572746552e+54 9.44324219011914e+54 9.516943923516891e+54 9.591337005171924e+54 9.666455133400603e+54 9.742233835691546e+54 9.818703992265768e+54 9.894078808388385e+54 1.0035544265073014e+55 1.0747037401242095e+55 1.20898318553326e+55 1.3331293715531514e+55 1.4493638991856928e+55 1.5574355266273634e+55 1.705811516036395e+55 1.8419529079970737e+55 1.96699374645792e+55 2.0083908484920966e+55 2.083202451679283e+55 2.1916052252799523e+55 2.2886075730709667e+55 2.3493595328406713e+55 2.3770488851589035e+55 2.488692390470558e+55 2.607800573443265e+55 2.8156014460463367e+55 2.9864966052966724e+55 3.13889804023703e+55 3.281556899531065e+55 3.419443992019896e+55 3.538544029263701e+55 3.6595685442542596e+55 3.7694839173156937e+55 3.871271595610314e+55 
