# time_axis
5.999999999999999 7.0 7.30102999566398 7.477121254719661 7.602059991327962 7.698970004336018 7.778151250383643 7.845098040014256 7.903089986991943 7.954242509439324 8.0 8.041392685158224 8.079181246047623 8.113943352306837 8.146128035678238 8.176091259055681 8.301029995663981 8.47712125471966 8.60205999132796 8.698970004336019 8.778151250383644 8.845098040014257 8.903089986991942 8.954242509439323 8.999999999999998 9.004321373782641 9.008600171761916 9.012837224705171 9.017033339298779 9.021189299069936 9.02530586526477 9.02938377768521 9.033423755486949 9.041392685158224 9.079181246047623 9.146128035678236 9.204119982655923 9.255272505103305 9.301029995663981 9.361727836017593 9.414973347970816 9.462397997898954 9.477121254719663 9.505149978319904 9.544068044350274 9.57978359661681 9.60205999132796 9.612783856719734 9.653212513775342 9.698970004336017 9.778151250383642 9.845098040014257 9.903089986991944 9.954242509439325 10.0 10.041392685158225 10.079181246047623 10.113943352306835 10.146128035678236 
# total_gas_mass_list
10.721848749616356 10.719039754620512 10.716780427964277 10.714847392559905 10.71354427515295 10.711872933076293 10.709676840200391 10.707981626906605 10.706300351140456 10.704627853470523 10.70304893972676 10.701779060858673 10.700631850261022 10.699495040121793 10.698365149321633 10.697249766162429 10.707296997899768 10.709181172916198 10.709955682252335 10.710420762097028 10.710741696548988 10.710980229594458 10.711166317114952 10.71131696638331 10.711442420891593 10.711453815618977 10.711465057873717 10.711476092002314 10.711486939581203 10.711497573496983 10.711508173705036 10.71151859636609 10.711528887633134 10.711548896360338 10.711640652475706 10.711792114626226 10.711912327711143 10.71201083696082 10.712093092470175 10.71219441326874 10.712276627588915 10.712344878405947 10.71236534467464 10.712402637469541 10.712452387022966 10.712495396447135 10.712521129565594 10.712533135628753 10.712577462046422 10.712624258352543 10.712698628558853 10.71275568006112 10.712802920398774 10.712844348707291 10.712881356355354 10.712914852311577 10.712945379269089 10.712973896587972 10.712999705151798 
# ejected_gas_mass_list
-10.0 -10.0 7.321285575803528 8.024619160423574 8.425990854713135 8.584673933282973 8.644171977196724 8.746094508350064 8.830135770003213 8.901495196554603 8.968233969920442 9.040733045589016 9.107819973597904 9.166375881531588 9.218265764427827 9.265084643701552 9.478092854931376 9.508976907197319 9.521098050005088 9.528227371092685 9.53308405238719 9.536661190204525 9.539432868108944 9.541664689388625 9.543515132458472 9.543682840183813 9.543848244681024 9.544010529997301 9.544170016545 9.544326308746276 9.544482053375653 9.544635138644612 9.54478624470947 9.545079891513751 9.54642413396987 9.548634634642873 9.550381645210411 9.551808380443715 9.552996374993581 9.554455579547538 9.555636272392329 9.556614169801014 9.556907011679526 9.557440144376514 9.558150410944577 9.55876358036551 9.559130063377037 9.559300951644207 9.559931330669032 9.560595912967615 9.56165014763473 9.562457272016864 9.563124541623997 9.5637089333605 9.564230349740777 9.564701787533586 9.565131024596337 9.5655316486103 9.565893923172611 
# stellar_mass_list
-10.0 9.145694531422901 9.221611291974472 9.265485229087599 9.298442131372262 9.32552960786904 9.348845594053232 9.369702753929925 9.38859865691314 9.405956337798212 9.422067044110689 9.437141474752192 9.451326460884507 9.464660786676172 9.477213394495951 9.489106720463944 9.129423083369014 9.034172799836332 8.986115975343793 8.95409513145235 8.930281200263739 8.91145529843899 8.89597089480111 8.882862947688405 8.871522738767785 8.870472780837407 8.869431947378608 8.868409549427389 8.867400165523037 8.866407539933787 8.865413665874597 8.864433121123588 8.863462252418685 8.861567009970209 8.852721610016191 8.83752049375389 8.824840536593433 8.813973735447746 8.804530748482552 8.792368562751232 8.781991906835213 8.772982557599937 8.770191036445045 8.765032928850628 8.757906406242105 8.751526425082682 8.747594466586067 8.745741054404663 8.73867786597549 8.730950790277358 8.717868256534079 8.707150391897285 8.697914332346826 8.689588121220602 8.681970702741866 8.67501704142057 8.668521219423447 8.662401020055468 8.65679374867469 
# remnant_mass_list
-10.0 -10.0 7.044429898208306 7.644630325457002 7.932532236384718 8.12032927473856 8.25831245716803 8.365842373316585 8.453237058399083 8.526717006586216 8.589927166040926 8.645247902235228 8.694352671709616 8.738536103501465 8.778618554573077 8.815077965670607 8.90699634374427 8.944491691860541 8.960221147281914 8.969641362473165 8.976138178802872 8.980983011491423 8.984782870606807 8.987873587113583 8.990457392142769 8.99069227784689 8.990924609274547 8.991151874583004 8.991375553480475 8.991594669917122 8.991814244880914 8.9920301830838 8.992243507883103 8.992657456784316 8.99455935584277 8.99771646132611 9.000242720585783 9.002333835613118 9.004093749752547 9.006284277595519 9.008088349350727 9.00960594352435 9.01006961631899 9.010908176606625 9.012048780127175 9.013043171623913 9.013645563687012 9.013924809452632 9.014983727211902 9.016103596876874 9.017933127846703 9.01936556399049 9.020566392952356 9.021640518048615 9.022615979370801 9.023495303650563 9.024312884830533 9.025081375585494 9.025770672933257 
# BH_mass_list
-10.0 -10.0 -10.0 -10.0 -10.0 -10.0 -10.0 -10.0 -10.0 -10.0 -10.0 -10.0 -10.0 -10.0 -10.0 -10.0 -10.0 -10.0 -10.0 -10.0 -10.0 -10.0 -10.0 -10.0 -10.0 -10.0 -10.0 -10.0 -10.0 -10.0 -10.0 -10.0 -10.0 -10.0 -10.0 -10.0 -10.0 -10.0 -10.0 -10.0 -10.0 -10.0 -10.0 -10.0 -10.0 -10.0 -10.0 -10.0 -10.0 -10.0 -10.0 -10.0 -10.0 -10.0 -10.0 -10.0 -10.0 -10.0 -10.0 
# NS_mass_list
-10.0 -10.0 7.623052996695981 8.025007168682382 8.251207352594065 8.406964868408798 8.521302342025736 8.609871416571702 8.682074081618184 8.7428848763156 8.795414535325783 8.841444881063124 8.882390131516694 8.91931369565425 8.952720392052425 8.983016956047935 9.030513629058548 9.030513629058548 9.030513629058548 9.030513629058548 9.030513629058548 9.030513629058548 9.030513629058548 9.030513629058548 9.030513629058548 9.030513629058548 9.030513629058548 9.030513629058548 9.030513629058548 9.030513629058548 9.030513629058548 9.030513629058548 9.030513629058548 9.030513629058548 9.030513629058548 9.030513629058548 9.030513629058548 9.030513629058548 9.030513629058548 9.030513629058548 9.030513629058548 9.030513629058548 9.030513629058548 9.030513629058548 9.030513629058548 9.030513629058548 9.030513629058548 9.030513629058548 9.030513629058548 9.030513629058548 9.030513629058548 9.030513629058548 9.030513629058548 9.030513629058548 9.030513629058548 9.030513629058548 9.030513629058548 9.030513629058548 9.030513629058548 
# WD_mass_list
-10.0 -10.0 -10.0 -10.0 -10.0 5.464597501297124 6.559360566581407 6.962484188082743 7.215518688431638 7.3986115649335975 7.538295262111733 7.652332057983282 7.747908487156776 7.829612637840111 7.900754875926318 7.963601097761312 8.200050325786291 8.364171367286415 8.421200396211834 8.452956371965275 8.473950539937071 8.489165175853822 8.500850237682137 8.510201155312563 8.5179166056067 8.518613498966518 8.5193020855746 8.51997495815058 8.520636539024864 8.5212839793918 8.521932134852651 8.522568932028708 8.523197417124537 8.524415258578214 8.529981918054817 8.539120290226139 8.546343351438072 8.552263868644433 8.557206611152864 8.563308679030069 8.56829335614024 8.572458456279065 8.573725982761749 8.576012389900221 8.579110173729823 8.58179952745688 8.583423623898629 8.584175198897404 8.587017822266684 8.590011436079472 8.594874536011345 8.598658586119736 8.601815112805022 8.604626604551202 8.607170149380064 8.609455177853512 8.611573150999718 8.613558193382644 8.615333961675613 
