# time_axis
1000000 10000000 20000000 30000000 40000000 50000000 60000000 70000000 80000000 90000000 100000000 110000000 120000000 130000000 140000000 150000000 200000000 300000000 400000000 500000000 600000000 700000000 800000000 900000000 1000000000 1010000000 1020000000 1030000000 1040000000 1050000000 1060000000 1070000000 1080000000 1100000000 1200000000 1400000000 1600000000 1800000000 2000000000 2300000000 2600000000 2900000000 3000000000 3200000000 3500000000 3800000000 4000000000 4100000000 4500000000 5000000000 6000000000 7000000000 8000000000 9000000000 10000000000 11000000000 12000000000 13000000000 14000000000 
# SNIa_energy_release_list
0 0.0 0.0 0.0 0.0 0.0 4.65671314129786e+54 2.1512815103532133e+55 4.0484135657237773e+55 5.843178917869547e+55 7.461355473483353e+55 8.905463589798531e+55 1.019817491479673e+56 1.1363928413363388e+56 1.2423848318668744e+56 1.3395027035652087e+56 1.731038539020504e+56 2.256752866921772e+56 2.6176939782418353e+56 2.892947322668132e+56 3.1155243834395934e+56 3.3023579985101854e+56 3.463382853015971e+56 3.604863657442153e+56 3.7310428539766286e+56 3.7429384722046005e+56 3.754722605918871e+56 3.7663846652853363e+56 3.777931797226654e+56 3.7893671131928114e+56 3.8006877807490613e+56 3.8118987953285415e+56 3.823004677138041e+56 3.8449073114759064e+56 3.948653212643986e+56 4.131999011504759e+56 4.290418096712167e+56 4.429889678845291e+56 4.554477452831978e+56 4.719505991395697e+56 4.864069409386303e+56 4.99268925266061e+56 5.03263367644789e+56 5.108538649674429e+56 5.213916327366472e+56 5.310581120328123e+56 5.370841912358802e+56 5.399843954506939e+56 5.509162040918839e+56 5.632799934801399e+56 5.846631241218319e+56 6.027297922728585e+56 6.183711992704299e+56 6.32167041771567e+56 6.44497035208189e+56 6.556526431429953e+56 6.65834620078058e+56 6.751993958678607e+56 6.838684705362704e+56 
# SNII_energy_release_list
0 0.0 6.0068944302718857e+54 2.9083636155708955e+55 5.816372280437658e+55 8.562593567177427e+55 1.0600257261353289e+56 1.1395112064471194e+56 1.1705224984071949e+56 1.1826256830029014e+56 1.1873500404483696e+56 1.189198575267452e+56 1.1899364072758053e+56 1.1902349610998004e+56 1.1903650495242289e+56 1.1904322444783983e+56 1.1904942835673677e+56 1.1904942835673677e+56 1.1904942835673677e+56 1.1904942835673677e+56 1.1904942835673677e+56 1.1904942835673677e+56 1.1904942835673677e+56 1.1904942835673677e+56 1.1904942835673677e+56 1.1904942835673677e+56 1.1904942835673677e+56 1.1904942835673677e+56 1.1904942835673677e+56 1.1904942835673677e+56 1.1904942835673677e+56 1.1904942835673677e+56 1.1904942835673677e+56 1.1904942835673677e+56 1.1904942835673677e+56 1.1904942835673677e+56 1.1904942835673677e+56 1.1904942835673677e+56 1.1904942835673677e+56 1.1904942835673677e+56 1.1904942835673677e+56 1.1904942835673677e+56 1.1904942835673677e+56 1.1904942835673677e+56 1.1904942835673677e+56 1.1904942835673677e+56 1.1904942835673677e+56 1.1904942835673677e+56 1.1904942835673677e+56 1.1904942835673677e+56 1.1904942835673677e+56 1.1904942835673677e+56 1.1904942835673677e+56 1.1904942835673677e+56 1.1904942835673677e+56 1.1904942835673677e+56 1.1904942835673677e+56 1.1904942835673677e+56 1.1904942835673677e+56 
# SN_energy_per_current_crossing_time_list
0.0 0.0 9.049095583358334e+54 3.1750146339899176e+55 3.9343450174862954e+55 3.7239890029476747e+55 2.807372252994677e+55 1.1818954291751715e+55 5.293181344877079e+54 2.633821843535407e+54 1.5192478064555268e+54 1.0286323318582099e+54 7.952503929504406e+53 6.682419179020876e+53 5.900623258611382e+53 5.354798814778436e+53 4.335299770350239e+53 2.975844563020192e+53 2.0837105971436365e+53 1.614625208570363e+53 1.323448403448786e+53 1.124086443645274e+53 9.790246711679637e+52 8.68365736570182e+52 7.811987644009044e+52 7.370788526150401e+52 7.307544573933292e+52 7.237598919623452e+52 7.171989243403013e+52 7.108229437072861e+52 7.042630409018694e+52 6.980043946216321e+52 6.920051869545479e+52 6.834032587035866e+52 6.522014218099308e+52 5.840639165228624e+52 5.106498147538983e+52 4.5437204633060474e+52 4.0978062457621474e+52 3.665025553630658e+52 3.2472178629319174e+52 2.9186144100123316e+52 2.7282821487610305e+52 2.6075693068425985e+52 2.433945089535972e+52 2.2495889064208373e+52 2.1135015690172051e+52 2.0387071645587673e+52 1.9376857186708428e+52 1.7692457941997847e+52 1.5543728634416662e+52 1.3303980520686382e+52 1.1650265549919435e+52 1.0384951736142024e+52 9.376063968997246e+51 8.557212877149848e+51 7.878802735958612e+51 7.304775588955033e+51 6.811856501149889e+51 
# SN_energy_per_final_crossing_time_list
0.0 0.0 1.258668833500785e+55 4.835439664492337e+55 6.093364743639011e+55 5.754359733868866e+55 4.3062576492855005e+55 1.7979671835554145e+55 7.988724614776831e+54 3.946333426967348e+54 2.2614361087600315e+54 1.5220669039291182e+54 1.1703708451952766e+54 9.785666199618886e+53 8.601064778076641e+53 7.771982152128884e+53 6.17910307278022e+53 4.130879821939389e+53 2.836149358174694e+53 2.1628447734174356e+53 1.7489329097001132e+53 1.4680733805300513e+53 1.26527714198727e+53 1.1117068133353717e+53 9.914721156519014e+52 9.347161889918486e+52 9.259561247578366e+52 9.163639482969769e+52 9.073333520903187e+52 8.985472427713519e+52 8.895385706089715e+52 8.80922422158937e+52 8.726614557921129e+52 8.605163054505198e+52 8.151991052916816e+52 7.203336686436793e+52 6.224009578603922e+52 5.479595226819606e+52 4.894836361760687e+52 4.322455649493938e+52 3.7864297184112523e+52 3.3688328881575283e+52 3.1386934969149844e+52 2.9821740215652764e+52 2.760070120203121e+52 2.531860756210487e+52 2.367541425467523e+52 2.2788793142285505e+52 2.147458483463455e+52 1.9430068916153064e+52 1.680211822460535e+52 1.4196157676107005e+52 1.229047205370135e+52 1.0840291844833102e+52 9.688478778070103e+51 8.765687612762045e+51 8.000642332959815e+51 7.358514176609333e+51 6.811856501149889e+51 
# total_energy_release_list
0 0 6.0068944302718857e+54 2.9083636155708955e+55 5.816372280437658e+55 8.562593567177427e+55 1.1065928575483074e+56 1.3546393574824406e+56 1.5753638549795726e+56 1.766943574789856e+56 1.933485587796705e+56 2.079744934247305e+56 2.209753898755478e+56 2.3266278024361392e+56 2.4327498813911033e+56 2.529934948043607e+56 2.921532822587872e+56 3.4472471504891395e+56 3.8081882618092033e+56 4.0834416062354995e+56 4.306018667006961e+56 4.492852282077553e+56 4.6538771365833385e+56 4.795357941009521e+56 4.921537137543996e+56 4.933432755771968e+56 4.945216889486239e+56 4.956878948852704e+56 4.968426080794022e+56 4.979861396760179e+56 4.991182064316429e+56 5.0023930788959095e+56 5.0134989607054086e+56 5.035401595043274e+56 5.139147496211354e+56 5.322493295072127e+56 5.480912380279535e+56 5.620383962412659e+56 5.744971736399346e+56 5.910000274963065e+56 6.054563692953671e+56 6.183183536227978e+56 6.223127960015258e+56 6.2990329332417966e+56 6.40441061093384e+56 6.501075403895491e+56 6.56133619592617e+56 6.590338238074307e+56 6.699656324486207e+56 6.823294218368767e+56 7.037125524785687e+56 7.217792206295953e+56 7.374206276271667e+56 7.512164701283038e+56 7.635464635649258e+56 7.747020714997321e+56 7.848840484347947e+56 7.942488242245974e+56 8.029178988930072e+56 
# binding_energy_list
2.4547089156850337e+54 2.4547089156850337e+54 2.4547089156850337e+54 2.4490632418447618e+54 2.4434305526939613e+54 2.437810818368755e+54 2.432204009073831e+54 2.4266100950824045e+54 2.42102904673618e+54 2.42102904673618e+54 2.4154608344449553e+54 2.4099054286865832e+54 2.4099054286865832e+54 2.4043628000069347e+54 2.3988329190195047e+54 2.3988329190195047e+54 2.3823194693587035e+54 2.3604782331805636e+54 2.3442288153199082e+54 2.333458062281014e+54 2.3227367963571052e+54 2.3067471887200668e+54 2.3014418174085185e+54 2.2908676527677702e+54 2.2803420720004022e+54 2.2803420720004022e+54 2.2803420720004022e+54 2.2803420720004022e+54 2.2803420720004022e+54 2.2803420720004022e+54 2.2803420720004022e+54 2.275097430772067e+54 2.275097430772067e+54 2.275097430772067e+54 2.2698648518838306e+54 2.2542392121524372e+54 2.2438819237827615e+54 2.2335722228305144e+54 2.2233098906514098e+54 2.213094709605632e+54 2.2029264630534742e+54 2.1928049353504543e+54 2.1877616239495696e+54 2.1827299118429948e+54 2.172701178863761e+54 2.1677041048196875e+54 2.1627185237270246e+54 2.1627185237270246e+54 2.152781734724365e+54 2.1428906011200736e+54 2.1330449131465796e+54 2.1183611352485045e+54 2.10862814993328e+54 2.0989398836235372e+54 2.0941124558508827e+54 2.0844908830973015e+54 2.0749135174549106e+54 2.070141348791054e+54 2.0606299132700006e+54 
# total_gas_kinetic_energy_list
6.109311330384863e+58 1.711851412265095e+59 6.677139322348654e+58 2.604323047977062e+58 1.0160380787865615e+58 3.9661040588266635e+57 1.5501612588038713e+57 6.078207691615486e+56 2.4018799033238678e+56 9.668835136323917e+55 4.0564995123420336e+55 1.850831660310287e+55 9.747577723416138e+54 6.188584327648178e+54 4.674767629443476e+54 3.9715438374174865e+54 1.3387795684726804e+55 2.8076317213496915e+55 3.9493921670534343e+55 4.877554135602642e+55 5.663872435723382e+55 6.348460279858021e+55 6.966242990320032e+55 7.530209010602822e+55 8.05369896140617e+55 8.103046436080696e+55 8.151658541165023e+55 8.200091418731451e+55 8.248661326785464e+55 8.297480214745911e+55 8.346603154248246e+55 8.395877152027348e+55 8.44416417606856e+55 8.536308883164907e+55 8.98828659631733e+55 9.81473697885199e+55 1.0550714600220116e+56 1.1218009867303865e+56 1.1821904593226029e+56 1.2625254227681516e+56 1.333958421475691e+56 1.3977539415780903e+56 1.4185741209390626e+56 1.455578034884796e+56 1.5083430284417226e+56 1.554575368324447e+56 1.5831343124492969e+56 1.5960475281812838e+56 1.6472902235856672e+56 1.7007512737835515e+56 1.7911128513303905e+56 1.8633728401586318e+56 1.9277357760930938e+56 1.9879804808253693e+56 2.0461464055913976e+56 2.096376106318821e+56 2.146914949017911e+56 2.193769510774914e+56 2.2366780046962627e+56 
