# time_axis
5.999999999999999 7.0 7.30102999566398 7.477121254719661 7.602059991327962 7.698970004336018 7.778151250383643 7.845098040014256 7.903089986991943 7.954242509439324 8.0 8.041392685158224 8.079181246047623 8.113943352306837 8.146128035678238 8.176091259055681 8.301029995663981 8.47712125471966 8.60205999132796 8.698970004336019 8.778151250383644 8.845098040014257 8.903089986991942 8.954242509439323 8.999999999999998 9.004321373782641 9.008600171761916 9.012837224705171 9.017033339298779 9.021189299069936 9.02530586526477 9.02938377768521 9.033423755486949 9.041392685158224 9.079181246047623 9.146128035678236 9.204119982655923 9.255272505103305 9.301029995663981 9.361727836017593 9.414973347970816 9.462397997898954 9.477121254719663 9.505149978319904 9.544068044350274 9.57978359661681 9.60205999132796 9.612783856719734 9.653212513775342 9.698970004336017 9.778151250383642 9.845098040014257 9.903089986991944 9.954242509439325 10.0 10.041392685158225 10.079181246047623 10.113943352306835 10.146128035678236 
# total_gas_mass_list
10.029015332085148 10.4765892955119 10.067714082863967 9.658824816580948 9.250070153813589 8.841572985424163 8.433639425965117 8.027103352891562 7.623913777684874 7.2286054207857635 6.850754014317513 6.508266666402779 6.2265457289848385 6.024856205305974 5.898757827402389 5.824668676217833 6.348196169120713 6.664853353565422 6.812029028339403 6.905714139899711 6.973074329325935 7.024749269871105 7.066426222097783 7.101037676796081 7.130700785648496 7.133388691861316 7.136017240184824 7.138619401329155 7.141212454172559 7.143802041601985 7.146390352376308 7.148969860644228 7.1514803717825925 7.156233888039971 7.178768392435748 7.216923839978582 7.248015873502135 7.274166156265642 7.296412063743485 7.324220950976583 7.347478657970576 7.367170306148869 7.373424928618026 7.384221806017859 7.399179928799363 7.4118512268773316 7.419484799831098 7.422892602174663 7.436121155553963 7.449473328624527 7.471034176209148 7.487457268183327 7.501571648705415 7.514370733711125 7.526369663323079 7.536475321139355 7.546384723939591 7.555407536786725 7.5634941849952835 
# ejected_gas_mass_list
-10.0 -10.0 5.041852774053881 5.773965093113995 6.12523233884138 6.308459042112161 6.424864453250686 6.511390502345447 6.579688641974502 6.635692710062129 6.682318608752082 6.721743301332366 6.755645048647652 6.785245792868462 6.811434710054822 6.834855291338485 6.92419892131878 7.03307187362139 7.102288975004884 7.152822895309703 7.192228509409468 7.224155511759622 7.250948996707396 7.27388919384377 7.2940343031784565 7.295881449669532 7.297691259428249 7.299486257929336 7.301278288272247 7.303071218576004 7.304866547664593 7.3066590287131 7.308406679778894 7.311724155915869 7.327599094938121 7.355024825921958 7.377865889226021 7.397407470078547 7.414262307624605 7.435621682864413 7.453725230734038 7.469218702836175 7.474170983788073 7.4827544545783 7.494717716489116 7.504915957570767 7.511087533333108 7.513849351222242 7.524608942353964 7.535530513708291 7.553293737345793 7.566926954308707 7.578712838511675 7.589454490964644 7.5995703847701215 7.608123862635593 7.6165406791179775 7.624229419016888 7.6311403446759325 
# stellar_mass_list
-10.0 7.814345167095915 8.37914068375792 8.45247737912178 8.464097082507278 8.460341487817715 8.45290701666026 8.445238389053277 8.438260569295295 8.432107393893489 8.426691819323574 8.421883994020288 8.417568923239008 8.413654998038627 8.410071778406758 8.406765362344117 8.39314393377472 8.37412250340195 8.36049482774788 8.349764085381342 8.340850969094042 8.33321189278386 8.326488363270027 8.32048518394267 8.315014252624069 8.314502165607719 8.314000647072557 8.313501211020245 8.313000783562703 8.312498305598648 8.31199332565664 8.311487398178237 8.310991977315133 8.310049374649232 8.30546040690496 8.297175484033897 8.289862021200472 8.283272422099142 8.277332852749156 8.269339206213624 8.262135372340657 8.255618920818685 8.253485079901644 8.24964383715631 8.244037597230816 8.238923845294828 8.235659843917468 8.234157495286503 8.228003320898056 8.221239921594586 8.208833880790147 8.198207315555887 8.188916486093833 8.180380797610743 8.172274356274551 8.16535731200622 8.158422246640333 8.152185591743644 8.146469222677196 
# remnant_mass_list
-10.0 -10.0 6.210845537922552 6.842851617639693 7.057322867497204 7.16514387665744 7.22981727183983 7.273114689645284 7.3047724348245 7.329423522371963 7.34950225586643 7.366404818715473 7.380977535464931 7.393773605453934 7.405169236221012 7.415430176770195 7.45526591557888 7.5053250906590145 7.537774721261707 7.561581621102553 7.580299641147709 7.595637081679269 7.608632574944024 7.619858121872681 7.629794277077754 7.630710108327217 7.631604531007545 7.632493104737846 7.633381365105191 7.6342711497886055 7.635163358504802 7.636055223130283 7.63692623009045 7.63857641035316 7.646503782043976 7.660373983816067 7.6721674865196565 7.682451508851804 7.691453975416147 7.703189575199407 7.71341111174151 7.722379884831353 7.725263216145026 7.730382115654901 7.737706229571699 7.744234092610036 7.74832758261412 7.750192104902559 7.757714978050498 7.765759007642615 7.77995574019903 7.79156387209981 7.801319654414123 7.809979694992285 7.817949907394426 7.824552976821276 7.831009915436193 7.836673571325978 7.841749912220918 
# BH_mass_list
-10.0 -10.0 5.940535998350028 6.5206261098546205 6.630366825172362 6.666633156464888 6.680000380291659 6.685109201078253 6.687082318192665 6.687831254065125 6.688108642478515 6.688205471746244 6.688230047112309 6.688236085941054 6.688239242596485 6.688241226566411 6.688242710570072 6.688242710570072 6.688242710570072 6.688242710570072 6.688242710570072 6.688242710570072 6.688242710570072 6.688242710570072 6.688242710570072 6.688242710570072 6.688242710570072 6.688242710570072 6.688242710570072 6.688242710570072 6.688242710570072 6.688242710570072 6.688242710570072 6.688242710570072 6.688242710570072 6.688242710570072 6.688242710570072 6.688242710570072 6.688242710570072 6.688242710570072 6.688242710570072 6.688242710570072 6.688242710570072 6.688242710570072 6.688242710570072 6.688242710570072 6.688242710570072 6.688242710570072 6.688242710570072 6.688242710570072 6.688242710570072 6.688242710570072 6.688242710570072 6.688242710570072 6.688242710570072 6.688242710570072 6.688242710570072 6.688242710570072 6.688242710570072 
# NS_mass_list
-10.0 -10.0 5.876755485055676 6.562030656215189 6.853794195297871 6.998376076951301 7.073223864119863 7.0992483946634195 7.108992391032312 7.112730769418711 7.1141735686604335 7.114729149847886 7.114942095307267 7.1150211911087995 7.115051405665115 7.115064810435229 7.11507568112866 7.11507568112866 7.11507568112866 7.11507568112866 7.11507568112866 7.11507568112866 7.11507568112866 7.11507568112866 7.11507568112866 7.11507568112866 7.11507568112866 7.11507568112866 7.11507568112866 7.11507568112866 7.11507568112866 7.11507568112866 7.11507568112866 7.11507568112866 7.11507568112866 7.11507568112866 7.11507568112866 7.11507568112866 7.11507568112866 7.11507568112866 7.11507568112866 7.11507568112866 7.11507568112866 7.11507568112866 7.11507568112866 7.11507568112866 7.11507568112866 7.11507568112866 7.11507568112866 7.11507568112866 7.11507568112866 7.11507568112866 7.11507568112866 7.11507568112866 7.11507568112866 7.11507568112866 7.11507568112866 7.11507568112866 7.11507568112866 
# WD_mass_list
-10.0 -10.0 -10.0 -10.0 -10.0 4.356183750530846 5.547124984143779 6.128551265152819 6.390131959527313 6.54581609809258 6.651100620814131 6.728182782744587 6.787785253441374 6.835758391240839 6.8755502332731515 6.909329044970447 7.025948449894531 7.1492485627630575 7.219703062944608 7.26783613061422 7.303913468684601 7.332455264903972 7.355987822311452 7.375871528706446 7.3931503633482665 7.394728439987096 7.396267310568247 7.397793862394828 7.399317640123384 7.400841802772576 7.402367887771864 7.403891163623899 7.405376682894113 7.408185355985767 7.421575271355401 7.444610696239627 7.463827119443664 7.480323223101417 7.4945744970738275 7.512900616040208 7.528641592761413 7.542292184752126 7.546649752084325 7.554349850816908 7.565288750232414 7.574962848730429 7.580993917859531 7.583732110652033 7.594724767660428 7.606383456397429 7.626728994138998 7.643156306971876 7.6568243006346055 7.668855884867541 7.679847899726377 7.688897325442945 7.697697820438982 7.705378468673348 7.712232639616741 
