# time_axis
1000000 10000000 20000000 30000000 40000000 50000000 60000000 70000000 80000000 90000000 100000000 110000000 120000000 130000000 140000000 150000000 200000000 300000000 400000000 500000000 600000000 700000000 800000000 900000000 1000000000 1010000000 1020000000 1030000000 1040000000 1050000000 1060000000 1070000000 1080000000 1100000000 1200000000 1400000000 1600000000 1800000000 2000000000 2300000000 2600000000 2900000000 3000000000 3200000000 3500000000 3800000000 4000000000 4100000000 4500000000 5000000000 6000000000 7000000000 8000000000 9000000000 10000000000 11000000000 12000000000 13000000000 14000000000 
# SNIa_energy_release_list
0 0.0 0.0 0.0 0.0 0.0 1.9012616381698453e+54 8.088035515387718e+55 2.1211033273377588e+56 3.4871048331093063e+56 4.7394189637033255e+56 5.851741533740615e+56 6.839134871058375e+56 7.7230248765938445e+56 8.52208491889493e+56 9.251008280204072e+56 1.2165455499780869e+57 1.6033543438293684e+57 1.866846542748107e+57 2.0669754885470293e+57 2.2283993410085485e+57 2.363683344971008e+57 2.4801376743687316e+57 2.5823633415098055e+57 2.673467617136436e+57 2.6820514512333058e+57 2.6905542996477162e+57 2.6989722680444592e+57 2.70730499685111e+57 2.715557003760246e+57 2.7237272460539484e+57 2.7318165623625413e+57 2.7398291143693337e+57 2.7556299088508874e+57 2.8304581370381806e+57 2.962626268495302e+57 3.0767604362996403e+57 3.177196841910872e+57 3.2668854727849584e+57 3.3856467490628626e+57 3.48964740876882e+57 3.582154675803075e+57 3.610874103371173e+57 3.665458344386587e+57 3.741220655240119e+57 3.810712391071569e+57 3.8540289207540846e+57 3.87487322078993e+57 3.9534347779452785e+57 4.042288501692066e+57 4.195936327515928e+57 4.3257252290701064e+57 4.43807911712666e+57 4.537164582959447e+57 4.625705624069534e+57 4.705839656745257e+57 4.778960119641214e+57 4.84620904116044e+57 4.9084607720414634e+57 
# SNII_energy_release_list
0 0.0 2.8438891066594815e+54 1.2111473077504606e+56 3.2276430566461635e+56 5.263482832451283e+56 6.977057365569868e+56 7.9014318554581e+56 8.246408086761124e+56 8.35888780745876e+56 8.39315960421778e+56 8.40342322734514e+56 8.406605482614698e+56 8.407737333256853e+56 8.408344627986225e+56 8.408695502653423e+56 8.409291426670354e+56 8.409291426670354e+56 8.409291426670354e+56 8.409291426670354e+56 8.409291426670354e+56 8.409291426670354e+56 8.409291426670354e+56 8.409291426670354e+56 8.409291426670354e+56 8.409291426670354e+56 8.409291426670354e+56 8.409291426670354e+56 8.409291426670354e+56 8.409291426670354e+56 8.409291426670354e+56 8.409291426670354e+56 8.409291426670354e+56 8.409291426670354e+56 8.409291426670354e+56 8.409291426670354e+56 8.409291426670354e+56 8.409291426670354e+56 8.409291426670354e+56 8.409291426670354e+56 8.409291426670354e+56 8.409291426670354e+56 8.409291426670354e+56 8.409291426670354e+56 8.409291426670354e+56 8.409291426670354e+56 8.409291426670354e+56 8.409291426670354e+56 8.409291426670354e+56 8.409291426670354e+56 8.409291426670354e+56 8.409291426670354e+56 8.409291426670354e+56 8.409291426670354e+56 8.409291426670354e+56 8.409291426670354e+56 8.409291426670354e+56 8.409291426670354e+56 8.409291426670354e+56 
# SN_energy_per_current_crossing_time_list
0.0 0.0 8.942309416917404e+54 2.8899752045283152e+56 4.748441713071611e+56 4.835389965345779e+56 4.136654733833574e+56 2.336005395174222e+56 9.772869994523641e+55 4.101592196364043e+55 2.053872927541361e+55 1.3246638792673584e+55 1.0321107587611487e+55 8.855321013995143e+54 7.944574920249486e+54 7.233544795019776e+54 5.872202495073675e+54 3.998791732934189e+54 2.7857761998351497e+54 2.1538534717089048e+54 1.7632553135106145e+54 1.4966143952439316e+54 1.302804934077683e+54 1.155105219975298e+54 1.038810711605519e+54 9.796098701175777e+53 9.7117808562565e+53 9.622762918490855e+53 9.533169107962796e+53 9.448614160264932e+53 9.362748749075038e+53 9.277729573537025e+53 9.19733241053345e+53 9.082844991633217e+53 8.668304428634352e+53 7.760720355180973e+53 6.782009364947343e+53 6.031908677536539e+53 5.438135015671361e+53 4.860819648072248e+53 4.3039657351777605e+53 3.866184164478876e+53 3.6123623807682823e+53 3.4523082442968795e+53 3.2204758395596354e+53 2.9750832191418498e+53 2.7940957327381484e+53 2.6944842847382922e+53 2.559360979000118e+53 2.3354452753594337e+53 2.04894727268395e+53 1.7513739063491038e+53 1.5320030783327736e+53 1.3642199137827458e+53 1.2301370062804202e+53 1.1222597987319078e+53 1.0322557602522872e+53 9.5628845595458e+52 8.912361231830073e+52 
# SN_energy_per_final_crossing_time_list
0.0 0.0 1.0857322535714529e+55 4.5153120477065545e+56 7.6985226626416935e+56 7.772373762814087e+56 6.544760247694468e+56 3.6421233921192197e+56 1.5049182201734154e+56 6.24987648831119e+55 3.1013134106452944e+55 1.984314892436081e+55 1.5351075691139423e+55 1.308645700951899e+55 1.1671712748879232e+55 1.0569695215459007e+55 8.390525086400736e+54 5.537805374504188e+54 3.7723250828499116e+54 2.8651756869447832e+54 2.3110484868611094e+54 1.9368134751243455e+54 1.667235650984026e+54 1.4635289008547645e+54 1.3043078524203053e+54 1.2289173191284368e+54 1.2173228839781615e+54 1.2051709105614871e+54 1.1929674584259158e+54 1.1814107884380035e+54 1.1697048361951243e+54 1.1581189477044293e+54 1.1471288727673172e+54 1.131072069615657e+54 1.0712894091532475e+54 9.461023125069277e+53 8.170093569853514e+53 7.189563366074897e+53 6.420202823483255e+53 5.667544658663377e+53 4.963136149149241e+53 4.41464662219257e+53 4.111659374539917e+53 3.907316845730841e+53 3.6155411398674955e+53 3.3162957537704664e+53 3.100737556821576e+53 2.98420508016329e+53 2.8118454153577715e+53 2.5441749863569116e+53 2.1997218500554496e+53 1.858142027800113e+53 1.6085310753437622e+53 1.4185717438342993e+53 1.2676109259091602e+53 1.1472507447773537e+53 1.0468399344797709e+53 9.627791429218588e+52 8.912361231830073e+52 
# total_energy_release_list
0 0 2.8438891066594815e+54 1.2111473077504606e+56 3.2276430566461635e+56 5.263482832451283e+56 6.996069981951566e+56 8.710235406996871e+56 1.0367511414098883e+57 1.1845992640568066e+57 1.3132578567921106e+57 1.4255164761085753e+57 1.5245740353673073e+57 1.6130762209850696e+57 1.6930429546881156e+57 1.7659703782857495e+57 2.0574746926451225e+57 2.4442834864964038e+57 2.7077756854151423e+57 2.9079046312140648e+57 3.069328483675584e+57 3.2046124876380436e+57 3.321066817035767e+57 3.423292484176841e+57 3.514396759803471e+57 3.522980593900341e+57 3.531483442314751e+57 3.539901410711495e+57 3.5482341395181455e+57 3.5564861464272815e+57 3.564656388720984e+57 3.5727457050295764e+57 3.580758257036369e+57 3.596559051517923e+57 3.671387279705216e+57 3.8035554111623376e+57 3.917689578966676e+57 4.018125984577907e+57 4.107814615451994e+57 4.226575891729898e+57 4.330576551435855e+57 4.42308381847011e+57 4.4518032460382084e+57 4.5063874870536224e+57 4.5821497979071544e+57 4.6516415337386046e+57 4.69495806342112e+57 4.715802363456966e+57 4.794363920612314e+57 4.8832176443591016e+57 5.036865470182963e+57 5.166654371737142e+57 5.2790082597936956e+57 5.3780937256264826e+57 5.4666347667365695e+57 5.5467687994122926e+57 5.6198892623082495e+57 5.6871381838274756e+57 5.749389914708499e+57 
# binding_energy_list
8.933054837332963e+54 8.933054837332963e+54 8.933054837332963e+54 8.933054837332963e+54 8.892011178579445e+54 8.871560120379617e+54 8.830799004185586e+54 8.810488730080146e+54 8.790225168308896e+54 8.770008211436303e+54 8.749837752274363e+54 8.729713683881166e+54 8.709635899560761e+54 8.68960429286302e+54 8.68960429286302e+54 8.669618757582214e+54 8.609937521846052e+54 8.51138038202376e+54 8.452788451602891e+54 8.394599865193965e+54 8.336811846196331e+54 8.298507675144166e+54 8.260379495771817e+54 8.222426499470695e+54 8.20351544329821e+54 8.20351544329821e+54 8.20351544329821e+54 8.184647881347836e+54 8.184647881347836e+54 8.184647881347836e+54 8.184647881347836e+54 8.184647881347836e+54 8.184647881347836e+54 8.165823713585906e+54 8.147042840208421e+54 8.090958991783846e+54 8.053784411990643e+54 8.016780633876855e+54 7.979946872679785e+54 7.94328234724279e+54 7.90678627999831e+54 7.870457896951001e+54 7.852356346100775e+54 7.834296427662088e+54 7.816278045883308e+54 7.798301105232642e+54 7.780365510398008e+54 7.762471166286928e+54 7.744617978025239e+54 7.709034690644309e+54 7.673614893618154e+54 7.638357835776954e+54 7.603262769401822e+54 7.568328950209705e+54 7.533555637337217e+54 7.516228940182015e+54 7.481695005111584e+54 7.464487584100623e+54 7.447319739059888e+54 
# total_gas_kinetic_energy_list
4.44932625545494e+57 1.790272981830265e+59 1.5407736564999054e+59 6.359139277428098e+58 2.163300827462595e+58 6.718079152556896e+57 1.9787384160741076e+57 5.637246101638615e+56 1.5753038177344545e+56 4.405132982391179e+55 1.2841060916536665e+55 6.080260474814463e+54 9.471933812574683e+54 4.470030218234899e+54 8.468936045943358e+54 3.622861372300925e+54 5.533784102711296e+55 1.3247499577935552e+56 1.9034911677772785e+56 2.362437616965721e+56 2.743820465146047e+56 3.0700125592721232e+56 3.362038446026402e+56 3.625829237149668e+56 3.86756503593608e+56 3.890692626932863e+56 3.913137467576279e+56 3.935344270464365e+56 3.957548654249976e+56 3.979811615315293e+56 4.002162108697117e+56 4.024633691553941e+56 4.04720781685278e+56 4.089609575772348e+56 4.295325147647226e+56 4.668743881947207e+56 4.996335253718697e+56 5.291991997842659e+56 5.5605514284214416e+56 5.9059550060904395e+56 6.213184475455443e+56 6.485942294991767e+56 6.574281487308008e+56 6.73126579014013e+56 6.953625491513455e+56 7.147510956192648e+56 7.266880801143854e+56 7.320321871352339e+56 7.532982651446416e+56 7.7535251193872345e+56 8.122735260233228e+56 8.415642610034472e+56 8.676577884250248e+56 8.921727687168472e+56 9.15344983001984e+56 9.357871825111398e+56 9.562971820057021e+56 9.75163478976725e+56 9.929223109563536e+56 
