# time_axis
5.999999999999999 7.0 7.30102999566398 7.477121254719661 7.602059991327962 7.698970004336018 7.778151250383643 7.845098040014256 7.903089986991943 7.954242509439324 8.0 8.041392685158224 8.079181246047623 8.113943352306837 8.146128035678238 8.176091259055681 8.301029995663981 8.47712125471966 8.60205999132796 8.698970004336019 8.778151250383644 8.845098040014257 8.903089986991942 8.954242509439323 8.999999999999998 9.004321373782641 9.008600171761916 9.012837224705171 9.017033339298779 9.021189299069936 9.02530586526477 9.02938377768521 9.033423755486949 9.041392685158224 9.079181246047623 9.146128035678236 9.204119982655923 9.255272505103305 9.301029995663981 9.361727836017593 9.414973347970816 9.462397997898954 9.477121254719663 9.505149978319904 9.544068044350274 9.57978359661681 9.60205999132796 9.612783856719734 9.653212513775342 9.698970004336017 9.778151250383642 9.845098040014257 9.903089986991944 9.954242509439325 10.0 10.041392685158225 10.079181246047623 10.113943352306835 10.146128035678236 
# total_gas_mass_list
8.886125774319902 10.495968746825948 10.43091788410129 10.046642250919808 9.578750421861393 9.072118201918675 8.544650319877316 8.009539798036922 7.488203262417423 7.027417845420309 6.69606029761151 6.513546366088594 6.424502060221449 6.374593275387745 6.3393046074749595 6.30926686407826 7.0284696259469 7.368305577224504 7.516610810272615 7.608684170517616 7.673952864258607 7.723433238183453 7.763172696815509 7.7959756222436525 7.823856998870239 7.826425073514633 7.828903228496353 7.831338812662011 7.833757911786435 7.836169464842119 7.838576925309591 7.840981202724048 7.843376356676101 7.847850057349853 7.868882154648272 7.904399020612439 7.933094621811388 7.957213432753798 7.977847738048313 8.003060795727304 8.024166080725397 8.04207318823873 8.047744068319988 8.057500924902595 8.07099809034918 8.082407043256715 8.089281511339964 8.092326733534522 8.104194866987704 8.116145840278667 8.135352277281461 8.149946033918265 8.162548976716314 8.174036247812108 8.184478904748145 8.193657325841473 8.202683949632515 8.210779426604056 8.218258609550537 
# ejected_gas_mass_list
-10.0 -10.0 4.7028995400009785 6.337329000473254 6.833176872184335 7.078239478886593 7.217311801406694 7.309855302386984 7.379079695792742 7.434167242272241 7.479326106496878 7.517034352090574 7.549087639241763 7.576800848559568 7.601134114057897 7.6227392003650305 7.704056762219013 7.801146904885142 7.861936155020869 7.905938078429072 7.940081757160701 7.967589359691036 7.990682827710038 8.010407396994085 8.027636189149211 8.029244273525235 8.03079941937259 8.032331068411303 8.033855503999117 8.03537830775404 8.03690163329001 8.038426037491211 8.039947725645874 8.042798142233666 8.056340804798486 8.079734880638341 8.099107308312435 8.115708204479697 8.130136628489149 8.148043509161424 8.163262028651824 8.176334603245115 8.180504649598024 8.187712865868056 8.197753627058749 8.206302829514627 8.211481202430882 8.213781542891056 8.222784105185838 8.231909102385693 8.246697026418788 8.258033013433081 8.26789044245496 8.276929112382053 8.285189740589013 8.292484349721466 8.299688987463528 8.30617598738631 8.312190381542985 
# stellar_mass_list
-10.0 7.28406578299194 8.902103611065607 9.112455594749221 9.136867043782882 9.124360587106073 9.107471643416224 9.09295060873583 9.081276375744487 9.071783713917627 9.063845438826139 9.057025104802053 9.051038358622112 9.045695414448039 9.040865329000502 9.036455263804545 9.01866012444443 8.994737725859146 8.978137596316074 8.965336090726016 8.954871602776892 8.946005276204906 8.93828859160061 8.931446121327976 8.925273113354205 8.924686245668523 8.924119235663538 8.923560224640426 8.923002087663694 8.922442254396758 8.921879982096863 8.921314981855435 8.920752955444703 8.919687315903769 8.914571284188998 8.905399313660036 8.897395146117587 8.890213429913373 8.883798518108454 8.875241674271686 8.8675894204594 8.86071436422072 8.858479805034682 8.854449438146503 8.848605246655811 8.843318410764345 8.839941301558875 8.83839787620248 8.832084943608164 8.825205988898391 8.812688871479658 8.80205099847772 8.792751337373717 8.784207937569494 8.77610509535737 8.76917921284063 8.762247052266783 8.756002818236178 8.750286997391763 
# remnant_mass_list
-10.0 -10.0 5.905448038688332 7.52982145234544 7.874318361821458 8.019282853366047 8.093591686521993 8.137650917347438 8.167177481270674 8.188974042295191 8.206165104926168 8.220340717935994 8.232393903161888 8.242861843182885 8.252099668754681 8.260353382315262 8.291875996793653 8.330515735729854 8.355100688806482 8.372944621390744 8.38686481085107 8.398218176940848 8.407786870500544 8.416038426472955 8.423302328911525 8.423984268555055 8.424641234225172 8.425287469566905 8.425931511642107 8.426576330047146 8.427222819699013 8.427871435639137 8.428515313896268 8.429731110607888 8.43550308417745 8.445583921751194 8.454109964522408 8.461555198466023 8.468044528758037 8.476474070726372 8.483803187651489 8.490224491231254 8.492280812226923 8.49594514334148 8.501174715655969 8.505814350746958 8.508736454466897 8.510058986596398 8.515408170373291 8.52110369831831 8.531150514583992 8.539369362614115 8.546324791374724 8.55253794421563 8.558281997481936 8.563067798212435 8.567762991892037 8.571902490936733 8.575619210058058 
# BH_mass_list
-10.0 -10.0 5.67153349680245 7.291912155971468 7.5567912331566465 7.631782074846131 7.654621779404728 7.661496366658723 7.66348228412493 7.664022700628127 7.664144154183353 7.664159727158523 7.664166988262006 7.664171757869923 7.664175643254805 7.664179106805804 7.6641823000313165 7.6641823000313165 7.6641823000313165 7.6641823000313165 7.6641823000313165 7.6641823000313165 7.6641823000313165 7.6641823000313165 7.6641823000313165 7.6641823000313165 7.6641823000313165 7.6641823000313165 7.6641823000313165 7.6641823000313165 7.6641823000313165 7.6641823000313165 7.6641823000313165 7.6641823000313165 7.6641823000313165 7.6641823000313165 7.6641823000313165 7.6641823000313165 7.6641823000313165 7.6641823000313165 7.6641823000313165 7.6641823000313165 7.6641823000313165 7.6641823000313165 7.6641823000313165 7.6641823000313165 7.6641823000313165 7.6641823000313165 7.6641823000313165 7.6641823000313165 7.6641823000313165 7.6641823000313165 7.6641823000313165 7.6641823000313165 7.6641823000313165 7.6641823000313165 7.6641823000313165 7.6641823000313165 7.6641823000313165 
# NS_mass_list
-10.0 -10.0 5.525000557071031 7.154910732844001 7.589181704049153 7.790277274533454 7.894782182095512 7.939410388224328 7.954662096003812 7.959465065032477 7.960894147479756 7.961301423933431 7.961415456294975 7.961449499858102 7.961465131062075 7.9614737756804805 7.961488617046598 7.961488617046598 7.961488617046598 7.961488617046598 7.961488617046598 7.961488617046598 7.961488617046598 7.961488617046598 7.961488617046598 7.961488617046598 7.961488617046598 7.961488617046598 7.961488617046598 7.961488617046598 7.961488617046598 7.961488617046598 7.961488617046598 7.961488617046598 7.961488617046598 7.961488617046598 7.961488617046598 7.961488617046598 7.961488617046598 7.961488617046598 7.961488617046598 7.961488617046598 7.961488617046598 7.961488617046598 7.961488617046598 7.961488617046598 7.961488617046598 7.961488617046598 7.961488617046598 7.961488617046598 7.961488617046598 7.961488617046598 7.961488617046598 7.961488617046598 7.961488617046598 7.961488617046598 7.961488617046598 7.961488617046598 7.961488617046598 
# WD_mass_list
-10.0 -10.0 -10.0 -10.0 -10.0 3.8950732474847753 5.621278073083688 6.648264560405011 7.032976310599382 7.23787591067005 7.36584554171861 7.4543176569838545 7.520021337221756 7.571394599589065 7.613102198583636 7.647933581971057 7.764648230448594 7.883007486264793 7.948665195367797 7.992784841540257 8.025469126153416 8.05113254321245 8.072131118048725 8.089809987661774 8.105064070116024 8.106481873853093 8.10784548834885 8.109184671095594 8.110517187828362 8.111849199474158 8.1131825524855 8.114518176594707 8.11584196001641 8.118335950353833 8.130077480176576 8.150208600704834 8.166882199686718 8.181192840461854 8.193485618944198 8.209214445622077 8.222680200770101 8.234324824927933 8.238024537393368 8.244582985523392 8.253868261809052 8.262034511191613 8.2671440308358 8.269448163672973 8.278715053399177 8.288491490084358 8.305518271308914 8.319248441693848 8.330734512540493 8.340895182766062 8.350207800638685 8.357909162589435 8.365415075099522 8.371992775610677 8.377867513062498 
