# time_axis
1000000 10000000 20000000 30000000 40000000 50000000 60000000 70000000 80000000 90000000 100000000 110000000 120000000 130000000 140000000 150000000 200000000 300000000 400000000 500000000 600000000 700000000 800000000 900000000 1000000000 1010000000 1020000000 1030000000 1040000000 1050000000 1060000000 1070000000 1080000000 1100000000 1200000000 1400000000 1600000000 1800000000 2000000000 2300000000 2600000000 2900000000 3000000000 3200000000 3500000000 3800000000 4000000000 4100000000 4500000000 5000000000 6000000000 7000000000 8000000000 9000000000 10000000000 11000000000 12000000000 13000000000 14000000000 
# SNIa_energy_release_list
0 0.0 0.0 0.0 0.0 0.0 7.91954608112136e+54 3.027482912985139e+55 5.348980495522324e+55 7.452560214220225e+55 9.310061871301744e+55 1.0954331785709441e+56 1.2423770883258166e+56 1.3750475397591658e+56 1.4959397142119214e+56 1.6069743475588968e+56 2.0570739802746253e+56 2.666051248232481e+56 3.086155227142461e+56 3.4072751438661817e+56 3.667308751746176e+56 3.885780698049266e+56 4.0742002110930285e+56 4.2398343532947896e+56 4.387613372713261e+56 4.40154952033786e+56 4.415354658051696e+56 4.429016005630468e+56 4.4425438635561464e+56 4.455940485531741e+56 4.469202623007011e+56 4.482337408136337e+56 4.495349490978758e+56 4.5210130604866e+56 4.6425877931312896e+56 4.857505796952595e+56 5.043262540408153e+56 5.206842454282115e+56 5.352992526356857e+56 5.546616398214953e+56 5.716258685901433e+56 5.867211715661661e+56 5.9140976146836294e+56 6.003192744662918e+56 6.126892046757503e+56 6.240371263147526e+56 6.3111170332742095e+56 6.345167335201928e+56 6.473522119119166e+56 6.618689617046982e+56 6.869779040923588e+56 7.081949726561082e+56 7.2656465683686815e+56 7.42767846109045e+56 7.572505070896161e+56 7.703525776684364e+56 7.823122276012744e+56 7.933122468071395e+56 8.034952107434809e+56 
# SNII_energy_release_list
0 0.0 7.769295605448885e+54 3.4717010788922585e+55 7.275303078052622e+55 1.1132462562079433e+56 1.3848107410351583e+56 1.4662875446211423e+56 1.4907386882242196e+56 1.4980798642961189e+56 1.5002852917258509e+56 1.5009594676232871e+56 1.5011738466615275e+56 1.5012491789722275e+56 1.5012870330774809e+56 1.5013058038094255e+56 1.5013384000927398e+56 1.5013384000927398e+56 1.5013384000927398e+56 1.5013384000927398e+56 1.5013384000927398e+56 1.5013384000927398e+56 1.5013384000927398e+56 1.5013384000927398e+56 1.5013384000927398e+56 1.5013384000927398e+56 1.5013384000927398e+56 1.5013384000927398e+56 1.5013384000927398e+56 1.5013384000927398e+56 1.5013384000927398e+56 1.5013384000927398e+56 1.5013384000927398e+56 1.5013384000927398e+56 1.5013384000927398e+56 1.5013384000927398e+56 1.5013384000927398e+56 1.5013384000927398e+56 1.5013384000927398e+56 1.5013384000927398e+56 1.5013384000927398e+56 1.5013384000927398e+56 1.5013384000927398e+56 1.5013384000927398e+56 1.5013384000927398e+56 1.5013384000927398e+56 1.5013384000927398e+56 1.5013384000927398e+56 1.5013384000927398e+56 1.5013384000927398e+56 1.5013384000927398e+56 1.5013384000927398e+56 1.5013384000927398e+56 1.5013384000927398e+56 1.5013384000927398e+56 1.5013384000927398e+56 1.5013384000927398e+56 1.5013384000927398e+56 1.5013384000927398e+56 
# SN_energy_per_current_crossing_time_list
0.0 0.0 1.97543129156237e+55 6.324988058537132e+55 8.794679527626385e+55 8.920597313742453e+55 6.373516853028509e+55 2.095433191950754e+55 7.764984865553733e+54 3.5808761903772926e+54 2.164303345334454e+54 1.6197384557659056e+54 1.3599143973118004e+54 1.2033033799981484e+54 1.0921936500310024e+54 1.0019679037774297e+54 8.197289858407691e+53 5.635882997142048e+53 3.944085134968793e+53 3.0516586683795475e+53 2.497607697202203e+53 2.1184458098125057e+53 1.8429088454169795e+53 1.632949911596323e+53 1.4677640943050079e+53 1.3851245314876238e+53 1.3730451241916068e+53 1.359677791850593e+53 1.3473227213716585e+53 1.3351808602158753e+53 1.322704290618396e+53 1.310923298910502e+53 1.2995655660255585e+53 1.2832352872237673e+53 1.2236931188300045e+53 1.0946110933635264e+53 9.563361927722971e+52 8.504934587024835e+52 7.667459548564094e+52 6.855381691716626e+52 6.073287710449825e+52 5.458982404524953e+52 5.103554360674748e+52 4.878046774458664e+52 4.5543489051029936e+52 4.2106941728000054e+52 3.9568565660496013e+52 3.817435315143805e+52 3.630194957778187e+52 3.3166905913942296e+52 2.9182651268182336e+52 2.5015184009346176e+52 2.1934227985177174e+52 1.9576179572770917e+52 1.7696068146147826e+52 1.616507754452269e+52 1.490053800239566e+52 1.3827399551293857e+52 1.290553473482732e+52 
# SN_energy_per_final_crossing_time_list
0.0 0.0 2.6257427582794927e+55 9.107359481284175e+55 1.2854808095689256e+56 1.303581315094948e+56 9.278273412259664e+55 3.036946300300539e+55 1.1205793377560095e+55 5.1470575953023125e+54 3.0994882988867667e+54 2.311737796982875e+54 1.9347684757739785e+54 1.706878825773344e+54 1.544938748294642e+54 1.4135582023495796e+54 1.1430845504256929e+54 7.717966334243916e+53 5.324251883788779e+53 4.069762266890418e+53 3.295575610104172e+53 2.7688375498782627e+53 2.3879634510216816e+53 2.0991895766510474e+53 1.87289995339903e+53 1.7662189355018686e+53 1.7496151945424057e+53 1.7313917323536667e+53 1.7144737174659078e+53 1.69784132906909e+53 1.6807972306996777e+53 1.6646570367990253e+53 1.6491061752266726e+53 1.6262558218489965e+53 1.5407959262468922e+53 1.3618980587552477e+53 1.1771082171559824e+53 1.0365775002336477e+53 9.261276203320361e+52 8.179738955434756e+52 7.166624733623507e+52 6.377087526044223e+52 5.942155959544973e+52 5.64580362770466e+52 5.225739937917987e+52 4.793987218776295e+52 4.4830365668567027e+52 4.3154169749266524e+52 4.06680985168137e+52 3.6796048745478493e+52 3.182220129271672e+52 2.688977561272411e+52 2.3281099564394832e+52 2.0535359181698552e+52 1.8354821396396145e+52 1.6605109083188563e+52 1.5157244844379877e+52 1.3941042198767174e+52 1.290553473482732e+52 
# total_energy_release_list
0 0 7.769295605448885e+54 3.4717010788922585e+55 7.275303078052622e+55 1.1132462562079433e+56 1.464006201846372e+56 1.7690358359196562e+56 2.025636737776452e+56 2.243335885718141e+56 2.4312914788560253e+56 2.5963926461942313e+56 2.743550934987344e+56 2.8762967187313933e+56 2.9972267472894023e+56 3.1082801513683225e+56 3.558412380367365e+56 4.167389648325221e+56 4.587493627235201e+56 4.908613543958922e+56 5.168647151838916e+56 5.387119098142006e+56 5.575538611185768e+56 5.74117275338753e+56 5.888951772806e+56 5.9028879204306e+56 5.916693058144436e+56 5.930354405723207e+56 5.943882263648886e+56 5.95727888562448e+56 5.970541023099751e+56 5.9836758082290775e+56 5.996687891071498e+56 6.02235146057934e+56 6.143926193224029e+56 6.358844197045335e+56 6.544600940500892e+56 6.708180854374855e+56 6.854330926449596e+56 7.047954798307694e+56 7.217597085994173e+56 7.368550115754401e+56 7.41543601477637e+56 7.504531144755658e+56 7.628230446850243e+56 7.741709663240265e+56 7.812455433366949e+56 7.846505735294667e+56 7.974860519211906e+56 8.120028017139721e+56 8.371117441016327e+56 8.583288126653822e+56 8.766984968461422e+56 8.92901686118319e+56 9.073843470988901e+56 9.204864176777104e+56 9.324460676105484e+56 9.434460868164134e+56 9.536290507527548e+56 
# binding_energy_list
8.669618757582214e+54 8.669618757582214e+54 8.669618757582214e+54 8.669618757582214e+54 8.649679187756885e+54 8.649679187756885e+54 8.629785477669702e+54 8.629785477669702e+54 8.609937521846052e+54 8.609937521846052e+54 8.590135215053907e+54 8.590135215053907e+54 8.590135215053907e+54 8.570378452303692e+54 8.570378452303692e+54 8.570378452303692e+54 8.531001140175843e+54 8.472274141405911e+54 8.433347577642791e+54 8.394599865193965e+54 8.356030182312423e+54 8.336811846196331e+54 8.298507675144166e+54 8.279421637123327e+54 8.260379495771817e+54 8.241381150129963e+54 8.241381150129963e+54 8.241381150129963e+54 8.241381150129963e+54 8.241381150129963e+54 8.241381150129963e+54 8.241381150129963e+54 8.241381150129963e+54 8.222426499470695e+54 8.20351544329821e+54 8.165823713585906e+54 8.128305161640929e+54 8.090958991783846e+54 8.053784411990643e+54 8.016780633876855e+54 7.979946872679785e+54 7.94328234724279e+54 7.925013304804734e+54 7.90678627999831e+54 7.888601176185516e+54 7.852356346100775e+54 7.834296427662088e+54 7.834296427662088e+54 7.798301105232642e+54 7.780365510398008e+54 7.709034690644309e+54 7.673614893618154e+54 7.638357835776954e+54 7.603262769401822e+54 7.568328950209705e+54 7.533555637337217e+54 7.498942093324558e+54 7.464487584100623e+54 7.447319739059888e+54 
# total_gas_kinetic_energy_list
2.1262306408354614e+59 4.264112450646828e+59 1.2792457157811957e+59 3.8380355514862036e+58 1.1518876915749721e+58 3.460810972508264e+57 1.0434614040885506e+57 3.183468611180851e+56 1.0085266065274643e+56 3.55758140705005e+55 1.5851346106924433e+55 9.746508176292746e+54 7.726760083923416e+54 6.946633644702829e+54 6.552451702652584e+54 6.283414180331933e+54 2.599462081038517e+55 5.908408940975029e+55 8.653269879677214e+55 1.0988261789209965e+56 1.3036098853362394e+56 1.4869692082443073e+56 1.6564642214266838e+56 1.8141367613390959e+56 1.963308844825784e+56 1.977428857678316e+56 1.9913450900565448e+56 2.005294215730954e+56 2.0193375280746767e+56 2.0334895356800844e+56 2.04776017542021e+56 2.0620731797664106e+56 2.076024227486298e+56 2.1027123815230795e+56 2.235251010813883e+56 2.4819820270325807e+56 2.7066948070715555e+56 2.913835009674022e+56 3.104420781375999e+56 3.362668100695713e+56 3.596364407955704e+56 3.8084456225728777e+56 3.878153170156024e+56 4.003432225375919e+56 4.183591181552411e+56 4.3434736012800365e+56 4.4428628457322515e+56 4.4881004996406675e+56 4.668973471800918e+56 4.860284253501001e+56 5.18934942276612e+56 5.456623553799293e+56 5.695088220186231e+56 5.918273053366276e+56 6.133886436328241e+56 6.3200563307139035e+56 6.508889319461996e+56 6.6811520616037195e+56 6.840306854472561e+56 
