# time_axis
5.999999999999999 7.0 7.30102999566398 7.477121254719661 7.602059991327962 7.698970004336018 7.778151250383643 7.845098040014256 7.903089986991943 7.954242509439324 8.0 8.041392685158224 8.079181246047623 8.113943352306837 8.146128035678238 8.176091259055681 8.301029995663981 8.47712125471966 8.60205999132796 8.698970004336019 8.778151250383644 8.845098040014257 8.903089986991942 8.954242509439323 8.999999999999998 9.004321373782641 9.008600171761916 9.012837224705171 9.017033339298779 9.021189299069936 9.02530586526477 9.02938377768521 9.033423755486949 9.041392685158224 9.079181246047623 9.146128035678236 9.204119982655923 9.255272505103305 9.301029995663981 9.361727836017593 9.414973347970816 9.462397997898954 9.477121254719663 9.505149978319904 9.544068044350274 9.57978359661681 9.60205999132796 9.612783856719734 9.653212513775342 9.698970004336017 9.778151250383642 9.845098040014257 9.903089986991944 9.954242509439325 10.0 10.041392685158225 10.079181246047623 10.113943352306835 10.146128035678236 
# total_gas_mass_list
10.570677432340686 10.87295185965516 10.350077528596737 9.827239038841576 9.30457575366395 8.78241054911875 8.261783617655315 7.7462646672620865 7.2467916932146474 6.792703363301523 6.437363656933944 6.220113126592746 6.1142464276260124 6.0646202906190245 6.036889923186003 6.017044376752251 6.631096790612884 6.983075891663776 7.148231799533333 7.254584537084988 7.3317443226561805 7.391388942465556 7.439830632978339 7.480246072437723 7.515110852368591 7.518261249295084 7.5213427228286855 7.524408108236803 7.527470906281847 7.530534320856476 7.533600271615301 7.536652146950667 7.539604156662096 7.545196021658938 7.5718805456450395 7.617280065620391 7.654544102580195 7.68598050476137 7.712866192354613 7.7467023590780855 7.77509525240756 7.799263345071505 7.806905492946708 7.820291239732239 7.838805243218092 7.854563688867792 7.864061979996633 7.86831362703864 7.884872693457564 7.901673345943693 7.928979318225169 7.949840140218756 7.967647419170175 7.983665634731903 7.998598966115278 8.011091524727524 8.023374918565406 8.03433807474425 8.044202106601764 
# ejected_gas_mass_list
-10.0 -10.0 5.179586239816588 5.888676470767348 6.24895399360545 6.442274766930962 6.569799498211031 6.6674987360069435 6.746372407826607 6.811944508868412 6.8669804960716165 6.913839887823673 6.954406224375724 6.990052546889695 7.021771224584026 7.050283408787065 7.160290345593783 7.296781114047949 7.384809593150703 7.4496170916702855 7.500416884630166 7.541743979918447 7.576560522837916 7.60642560574896 7.632759960977024 7.635164818401025 7.637521049438721 7.639868875459073 7.642218586770961 7.644572623049744 7.646932450792001 7.649285248084274 7.651564652163482 7.655892077717661 7.676714028227517 7.712768833319189 7.7429266707635165 7.768742808496881 7.79108130368244 7.819519197689872 7.843648571671627 7.864370351568265 7.870956595687215 7.882531075280572 7.898618329908792 7.912381035321885 7.920706653165796 7.924440631223664 7.939025477393303 7.953889877041846 7.978187303751618 7.99686078956269 8.012874049128856 8.027334143275969 8.040860950370552 8.052210110562356 8.06339804689861 8.073407064700325 8.08243122772998 
# stellar_mass_list
-10.0 8.415775472354943 8.888173727922156 8.956169277164026 8.968360803098884 8.967689663765126 8.964155132656638 8.960311460335797 8.956750409752365 8.953550024105795 8.950670577045216 8.948055425748489 8.945657200089009 8.943438664276623 8.941371470906656 8.939433584579787 8.93115425141512 8.918842111811264 8.909516809004064 8.90189013926003 8.895369976207819 8.889651865268918 8.884518931033844 8.879862128643621 8.875550708979738 8.87514693006537 8.874749636897118 8.87435208389202 8.873952478341838 8.873550414017123 8.873145666501967 8.872740346711963 8.87234585241086 8.871593206079332 8.867888068707488 8.86109621656677 8.854984219233842 8.849398184005695 8.844289395905598 8.837303090124422 8.830904632583463 8.825033983177468 8.823091278969102 8.819582024746481 8.814405941540176 8.809626455693566 8.806557988740336 8.805135837414502 8.799270786516967 8.792738110093326 8.78053790290831 8.769921355165735 8.760635073736703 8.752103610144495 8.74399447193937 8.737082281738815 8.73014512823478 8.72391316968977 8.718195775916989 
# remnant_mass_list
-10.0 -10.0 6.287609577463099 6.860186159048814 7.088173327613749 7.21022125084962 7.287910815995067 7.342970993026469 7.385202774287607 7.419307290220117 7.447830280331336 7.4723038980563485 7.493704073527532 7.512694416625701 7.529743823838661 7.545197733080452 7.605994721610569 7.683905208401673 7.735150926339793 7.773070540222943 7.803061745366584 7.8277404328329965 7.848729562645447 7.866899220690587 7.8830374563942005 7.884516533480761 7.885966500574815 7.8874124405413415 7.888860750986826 7.890312897129087 7.891769728713321 7.893223416765066 7.894633194350279 7.897308576025583 7.910228453837667 7.932879282969754 7.952207452267585 7.969069565941177 7.983867147144334 8.003208539565888 8.020083579841478 8.034911920653666 8.039689468588126 8.048159133466543 8.060298092066327 8.071146600256354 8.077938307921938 8.081040633053743 8.093551734039629 8.10696311376097 8.130655289980302 8.149956883227807 8.16592930309583 8.17991698917504 8.192646857576122 8.20308544503151 8.213207717144186 8.22201046052605 8.229855529663519 
# BH_mass_list
-10.0 -10.0 5.935724443440424 6.413675715334916 6.492926794221043 6.514134636984433 6.5203032070690865 6.5221398301140106 6.5226829559749 6.522837979643018 6.522878112180964 6.522883374820508 6.5228855617440376 6.522886887859412 6.522887927093608 6.522888854107641 6.522889723778749 6.522889723778749 6.522889723778749 6.522889723778749 6.522889723778749 6.522889723778749 6.522889723778749 6.522889723778749 6.522889723778749 6.522889723778749 6.522889723778749 6.522889723778749 6.522889723778749 6.522889723778749 6.522889723778749 6.522889723778749 6.522889723778749 6.522889723778749 6.522889723778749 6.522889723778749 6.522889723778749 6.522889723778749 6.522889723778749 6.522889723778749 6.522889723778749 6.522889723778749 6.522889723778749 6.522889723778749 6.522889723778749 6.522889723778749 6.522889723778749 6.522889723778749 6.522889723778749 6.522889723778749 6.522889723778749 6.522889723778749 6.522889723778749 6.522889723778749 6.522889723778749 6.522889723778749 6.522889723778749 6.522889723778749 6.522889723778749 
# NS_mass_list
-10.0 -10.0 6.0320990183850105 6.667940444217496 6.960939475433601 7.110791208175293 7.184187403705806 7.203990265185785 7.209759864486087 7.21147417968289 7.211984222383337 7.212135410183212 7.212179830265006 7.212193295229842 7.212198961948853 7.2122016151305335 7.212206205260636 7.212206205260636 7.212206205260636 7.212206205260636 7.212206205260636 7.212206205260636 7.212206205260636 7.212206205260636 7.212206205260636 7.212206205260636 7.212206205260636 7.212206205260636 7.212206205260636 7.212206205260636 7.212206205260636 7.212206205260636 7.212206205260636 7.212206205260636 7.212206205260636 7.212206205260636 7.212206205260636 7.212206205260636 7.212206205260636 7.212206205260636 7.212206205260636 7.212206205260636 7.212206205260636 7.212206205260636 7.212206205260636 7.212206205260636 7.212206205260636 7.212206205260636 7.212206205260636 7.212206205260636 7.212206205260636 7.212206205260636 7.212206205260636 7.212206205260636 7.212206205260636 7.212206205260636 7.212206205260636 7.212206205260636 7.212206205260636 
# WD_mass_list
-10.0 -10.0 -10.0 -10.0 -10.0 4.728255372409275 5.907946377029432 6.432151985425645 6.67545448738813 6.823115030484841 6.925192316805084 7.001632375986642 7.06200092780166 7.111502514016223 7.153223336900704 7.189131497338233 7.31659789779274 7.457294704468343 7.540452108287351 7.598440830946082 7.6425437627178265 7.677819848420431 7.707175475396635 7.732148491833442 7.754012168130723 7.756001744791728 7.757949900558035 7.7598904263009825 7.761831924191568 7.763776356589753 7.765724854279861 7.767666954913229 7.769548311527729 7.773113031581387 7.79022677180806 7.819845532286524 7.844757546885007 7.866237629460751 7.884904671891834 7.909060552630313 7.929923910438912 7.948102758714811 7.953930337202372 7.964227283026268 7.978910945078259 7.9919621547495625 8.000099610282987 8.003808316411623 8.018713067419778 8.034600982020844 8.062453616729078 8.084953631085979 8.103450715933361 8.11956296065817 8.134159163247858 8.146082122454429 8.157605449651903 8.167596792595788 8.176478378515585 
