# time_axis
5.999999999999999 7.0 7.30102999566398 7.477121254719661 7.602059991327962 7.698970004336018 7.778151250383643 7.845098040014256 7.903089986991943 7.954242509439324 8.0 8.301029995663981 8.47712125471966 8.60205999132796 8.698970004336019 8.778151250383644 8.845098040014257 8.903089986991942 8.954242509439323 8.999999999999998 9.004321373782641 9.008600171761916 9.012837224705171 9.017033339298779 9.021189299069936 9.02530586526477 9.02938377768521 9.033423755486949 9.041392685158224 9.079181246047623 9.146128035678236 9.204119982655923 9.255272505103305 9.301029995663981 9.361727836017593 9.414973347970816 9.462397997898954 9.477121254719663 9.505149978319904 9.544068044350274 9.57978359661681 9.60205999132796 9.612783856719734 9.653212513775342 9.698970004336017 9.778151250383642 9.845098040014257 9.903089986991944 9.954242509439325 10.0 10.041392685158225 10.079181246047623 10.113943352306835 10.146128035678236 
# total_gas_mass_list
10.178151250383642 10.170843887269818 10.163923489691195 10.15720630604478 10.158907653283862 10.159840623517702 10.16024111581957 10.160484329064758 10.160652631041028 10.160776957374724 10.160873973746018 10.161312899914934 10.161475738960476 10.161567675467444 10.161629259436046 10.161674330353467 10.161708581596404 10.161736215867606 10.161758904029456 10.161778113741086 10.16177986417952 10.161781534406845 10.161783219135968 10.161784917464827 10.161786561454793 10.161788227176352 10.161789871343355 10.161791465168989 10.16179453262136 10.161808798786458 10.161832637960607 10.16185171274135 10.161867386752897 10.16188051844693 10.161896619576753 10.161909767846586 10.161920720676433 10.161924013186237 10.161929895145368 10.161937949832042 10.16194464999127 10.161948734741445 10.16195067424459 10.161957598934812 10.161964601535484 10.16197558550638 10.161983960807243 10.1619910735843 10.161997381708613 10.16200354507453 10.162008175600105 10.162013148321474 10.162016695065494 10.162021080508977 
# ejected_gas_mass_list
-10.0 -10.0 7.220931719196178 7.643081423073403 8.001451254998258 8.118402224341052 8.160385111422322 8.18404863194612 8.199707349256473 8.210926217910693 8.21948589550549 8.256255140256423 8.269150518543997 8.27626750006747 8.280971254495162 8.28438216533493 8.286956693970316 8.289022931245661 8.2907121234579 8.292137286182108 8.29226692161551 8.29239058112832 8.292515279139927 8.292640948019283 8.292762561899641 8.292885749116612 8.29300730848853 8.29312511390603 8.293351751728842 8.294404272784828 8.296157469944783 8.297555270383214 8.29870055038117 8.299657778517057 8.300828629393205 8.301782448846229 8.302575429488467 8.302813527056827 8.303238560296966 8.303819931204474 8.304302951033797 8.304597164215565 8.304736792438865 8.305234952138079 8.305738144324462 8.306526273125911 8.307126276759986 8.307635192583106 8.308086044409007 8.308526104842905 8.308856432447767 8.309210895613196 8.309463538772537 8.309775724299483 
# stellar_mass_list
-10.0 8.547842856620997 8.623759617172569 8.667633554285695 8.17264291746148 8.055662138777281 7.993116599124013 7.950201728732026 7.917659281712686 7.891566101129953 7.8698649080004435 7.752114864487505 7.696059608053549 7.66004344040013 7.633874454563927 7.613512195765394 7.596954174279171 7.58304039298263 7.571119288327724 7.560634191450948 7.559667538270848 7.558733454558029 7.557801939192659 7.556867388436127 7.555930797065079 7.55499166881108 7.5540574425806675 7.55315328535587 7.551431459338904 7.543171536354554 7.52884349489682 7.5167690805125735 7.50635827782032 7.497321228894456 7.485639565997171 7.475576282597429 7.4668332596359095 7.464036263646722 7.45910330030905 7.452087235355917 7.445870073440139 7.4420065784953 7.440247042757068 7.433199332665798 7.425721603497837 7.412713147836792 7.4020744068461335 7.3927884407038755 7.384257842688291 7.3761475509391445 7.369236469639166 7.362298332345089 7.356067742613803 7.3503494922039785 
# remnant_mass_list
-10.0 -10.0 7.533026163353074 7.867982397144036 8.062907228327816 8.095104956732854 8.109252399401308 8.117780718946944 8.123590276888846 8.127952790996373 8.131391981534058 8.147391515760715 8.15362856331146 8.157228224685685 8.159657417290457 8.161443909332007 8.162831985574075 8.163955062459234 8.164885821569488 8.165682446932795 8.165754586291602 8.165823723448923 8.165892648648851 8.165961894355581 8.166031367841622 8.166101133021987 8.166170465122908 8.16623704663593 8.166362331499124 8.166958910390742 8.167963830295712 8.168780674628332 8.16946382860542 8.170039043568082 8.170759925233265 8.171362581714932 8.171870830149244 8.172033107751002 8.17230879304914 8.172699438224102 8.173035542236267 8.173241778116848 8.173332741808544 8.173703685857832 8.174079458393654 8.174719545316568 8.175220249185806 8.175648800767307 8.17604245471199 8.176420713098054 8.176727567123233 8.177045257351212 8.177322671781017 8.177572319435361 
# BH_mass_list
-10.0 -10.0 7.371509287799409 7.672539283463391 7.848630542519072 7.848630542519072 7.848630542519072 7.848630542519072 7.848630542519072 7.848630542519072 7.848630542519072 7.848630542519072 7.848630542519072 7.848630542519072 7.848630542519072 7.848630542519072 7.848630542519072 7.848630542519072 7.848630542519072 7.848630542519072 7.848630542519072 7.848630542519072 7.848630542519072 7.848630542519072 7.848630542519072 7.848630542519072 7.848630542519072 7.848630542519072 7.848630542519072 7.848630542519072 7.848630542519072 7.848630542519072 7.848630542519072 7.848630542519072 7.848630542519072 7.848630542519072 7.848630542519072 7.848630542519072 7.848630542519072 7.848630542519072 7.848630542519072 7.848630542519072 7.848630542519072 7.848630542519072 7.848630542519072 7.848630542519072 7.848630542519072 7.848630542519072 7.848630542519072 7.848630542519072 7.848630542519072 7.848630542519072 7.848630542519072 7.848630542519072 
# NS_mass_list
-10.0 -10.0 7.025201321894077 7.427155493880479 7.653355677792161 7.731074958969522 7.756734697226134 7.765345469794421 7.765345469794421 7.765345469794421 7.765345469794421 7.765345469794421 7.765345469794421 7.765345469794421 7.765345469794421 7.765345469794421 7.765345469794421 7.765345469794421 7.765345469794421 7.765345469794421 7.765345469794421 7.765345469794421 7.765345469794421 7.765345469794421 7.765345469794421 7.765345469794421 7.765345469794421 7.765345469794421 7.765345469794421 7.765345469794421 7.765345469794421 7.765345469794421 7.765345469794421 7.765345469794421 7.765345469794421 7.765345469794421 7.765345469794421 7.765345469794421 7.765345469794421 7.765345469794421 7.765345469794421 7.765345469794421 7.765345469794421 7.765345469794421 7.765345469794421 7.765345469794421 7.765345469794421 7.765345469794421 7.765345469794421 7.765345469794421 7.765345469794421 7.765345469794421 7.765345469794421 7.765345469794421 
# WD_mass_list
-10.0 -10.0 -10.0 -10.0 -10.0 4.866745826495221 5.963186530698599 6.366500078865516 6.611897834432488 6.735084601519347 6.812980602495612 7.063691753589201 7.133875525854352 7.170146086660245 7.193170893021106 7.209434761392409 7.2217081795426665 7.231418437762577 7.2393230592345175 7.245989252574147 7.246588494080702 7.247162115471153 7.247733315833228 7.248306507912816 7.248880917894897 7.249457068400402 7.250028977630398 7.250577575492548 7.251608211468889 7.256486627511898 7.264597073832585 7.271093318475622 7.27646191192327 7.280937806626091 7.286491042631617 7.2910866219010035 7.294929735169142 7.296150607462625 7.2982178903292 7.301132701891229 7.303627070971782 7.305151521623722 7.305822437880685 7.308549155256326 7.311296373316283 7.315941711995756 7.319545886608072 7.32261037944613 7.325409037190023 7.328083724981505 7.330243169642038 7.332469212961184 7.334405079946082 7.3361408880768915 
