# time_axis
1000000 10000000 20000000 30000000 40000000 50000000 60000000 70000000 80000000 90000000 100000000 200000000 300000000 400000000 500000000 600000000 700000000 800000000 900000000 1000000000 1010000000 1020000000 1030000000 1040000000 1050000000 1060000000 1070000000 1080000000 1100000000 1200000000 1400000000 1600000000 1800000000 2000000000 2300000000 2600000000 2900000000 3000000000 3200000000 3500000000 3800000000 4000000000 4100000000 4500000000 5000000000 6000000000 7000000000 8000000000 9000000000 10000000000 11000000000 12000000000 13000000000 14000000000 
# SNIa_energy_release_list
0 0 0 0 0 0 0 0 0 0 0 0 0 0 0 0 0 0 0 0 0 0 0 0 0 0 0 0 0 0 0 0 0 0 0 0 0 0 0 0 0 0 0 0 0 0 0 0 0 0 0 0 0 1e-10 
# SNII_energy_release_list
0 -2.380910022308266e+55 -1.111745905109666e+57 -2.4730294174110645e+57 -2.9755163046617675e+57 -2.4724072868656503e+57 -1.1546280972376056e+57 6.842767603604063e+56 -8.71957594156913e+56 -3.5030028729227524e+57 -6.671365368531397e+57 -1.0899249404419966e+57 4.389358923731829e+57 7.401163144347801e+57 9.116832562032053e+57 1.0327780736404333e+58 1.1262450335300925e+58 1.2022130326624056e+58 1.2661046884037457e+58 1.321165927590809e+58 1.326271860943281e+58 1.3313143829074257e+58 1.336295184326659e+58 1.34121274127041e+58 1.346066907488731e+58 1.350866341516053e+58 1.3556051970365545e+58 1.3602881051851445e+58 1.369490267619276e+58 1.412516459796274e+58 1.486491978661982e+58 1.5485397731402098e+58 1.6019094190487094e+58 1.6486829249702517e+58 1.6609049980264804e+58 1.6609049980264804e+58 1.6609049980264804e+58 1.6609049980264804e+58 1.6609049980264804e+58 1.6609049980264804e+58 1.6609049980264804e+58 1.6609049980264804e+58 1.6609049980264804e+58 1.6609049980264804e+58 1.6609049980264804e+58 1.6609049980264804e+58 1.6609049980264804e+58 1.6609049980264804e+58 1.6609049980264804e+58 1.6609049980264804e+58 1.6609049980264804e+58 1.6609049980264804e+58 1.6609049980264804e+58 1.6609049980264804e+58 
# SN_energy_per_current_crossing_time_list
0.0 -6.180434151931634e+56 -2.3347877003750222e+57 -1.483208566485604e+57 -4.187104802539762e+56 3.800886400244249e+56 9.270424370102785e+56 1.3037374978976872e+57 -7.438338988614426e+56 -9.285722243392806e+56 -9.053177125511115e+56 2.2030760509750333e+56 6.896343997194312e+56 5.5972999864981535e+56 3.973309131484013e+56 3.4088932948760477e+56 3.0092109088951296e+56 2.6771965044923466e+56 2.4186162551929987e+56 2.2091163937517696e+56 2.059224761646703e+56 2.0440350843669204e+56 2.0291303579792515e+56 2.0132128647079297e+56 1.996841829589679e+56 1.9836994202726903e+56 1.9678102880406324e+56 1.9535218587407757e+56 1.9366186687331586e+56 1.8864135977688193e+56 1.732246739723876e+56 1.5287784766263195e+56 1.3696741808551186e+56 1.241268751089678e+56 2.2531355972129674e+55 0.0 0.0 0.0 0.0 0.0 0.0 0.0 0.0 0.0 0.0 0.0 0.0 0.0 0.0 0.0 0.0 0.0 0.0 0.0 
# SN_energy_per_final_crossing_time_list
0.0 -2.0639379588979444e+56 -8.487891783829693e+57 -1.0620494763692093e+58 -3.920314399347881e+57 3.925168152544918e+57 1.028108168259982e+58 1.4346812573987545e+58 -1.2141466978679983e+58 -2.0526952948198654e+58 -2.471900745877817e+58 4.354541747160918e+57 4.27484099104819e+57 2.349756730707802e+57 1.338535132621803e+57 9.447604873492244e+56 7.292127974194982e+56 5.926889804379423e+56 4.984714713082329e+56 4.295781129971778e+56 3.98355948218386e+56 3.9340870312506365e+56 3.8859337466392688e+56 3.8365915181747077e+56 3.7871351880704503e+56 3.7444340943851323e+56 3.697171807825628e+56 3.653522651344217e+56 3.5896827171995356e+56 3.356827909748763e+56 2.885719997542683e+56 2.4204299486467413e+56 2.0819029973890678e+56 1.82459337173428e+56 3.178482212366586e+55 0.0 0.0 0.0 0.0 0.0 0.0 0.0 0.0 0.0 0.0 0.0 0.0 0.0 0.0 0.0 0.0 0.0 0.0 0.0 
# total_energy_release_list
0 -2.380910022308266e+55 -1.111745905109666e+57 -2.4730294174110645e+57 -2.9755163046617675e+57 -2.4724072868656503e+57 -1.1546280972376056e+57 6.842767603604063e+56 -8.71957594156913e+56 -3.5030028729227524e+57 -6.671365368531397e+57 -1.0899249404419966e+57 4.389358923731829e+57 7.401163144347801e+57 9.116832562032053e+57 1.0327780736404333e+58 1.1262450335300925e+58 1.2022130326624056e+58 1.2661046884037457e+58 1.321165927590809e+58 1.326271860943281e+58 1.3313143829074257e+58 1.336295184326659e+58 1.34121274127041e+58 1.346066907488731e+58 1.350866341516053e+58 1.3556051970365545e+58 1.3602881051851445e+58 1.369490267619276e+58 1.412516459796274e+58 1.486491978661982e+58 1.5485397731402098e+58 1.6019094190487094e+58 1.6486829249702517e+58 1.6609049980264804e+58 1.6609049980264804e+58 1.6609049980264804e+58 1.6609049980264804e+58 1.6609049980264804e+58 1.6609049980264804e+58 1.6609049980264804e+58 1.6609049980264804e+58 1.6609049980264804e+58 1.6609049980264804e+58 1.6609049980264804e+58 1.6609049980264804e+58 1.6609049980264804e+58 1.6609049980264804e+58 1.6609049980264804e+58 1.6609049980264804e+58 1.6609049980264804e+58 1.6609049980264804e+58 1.6609049980264804e+58 1.6609049980264804e+58 
# binding_energy_list
6.426877173170194e+55 8.830799004185586e+55 1.2022644346174081e+56 1.4060475241299243e+56 1.475706533275884e+56 1.4689262776438722e+56 1.475706533275884e+56 1.4223287871228155e+56 1.6069412530128887e+56 1.7701089583174112e+56 1.8836490894897944e+56 1.640589773199552e+56 9.660508789898121e+55 8.184647881347836e+55 7.362070974947315e+55 6.745280276979229e+55 6.353309318517397e+55 6.067363295885072e+55 5.847900841444848e+55 5.675446054085442e+55 5.649369748123057e+55 5.636376558259514e+55 5.623413251903491e+55 5.610479760324735e+55 5.597576014951071e+55 5.584701947368306e+55 5.571857489319327e+55 5.559042572704004e+55 5.533501092157394e+55 5.420008904016261e+55 5.236004365857517e+55 5.105049999754044e+55 5.000345349769763e+55 4.920395356814511e+55 4.8194779762512715e+55 4.7315125896147737e+55 4.6665938031428533e+55 4.645152752227511e+55 4.6025657358135253e+55 4.56036915951295e+55 4.5081670454146377e+55 4.4874538993313323e+55 4.47713304176366e+55 4.425883723626274e+55 4.375221051582503e+55 4.30526610491711e+55 4.24619563946313e+55 4.2072662838444636e+55 4.1686938347033293e+55 4.139996748197279e+55 4.111497211045196e+55 4.083193863326894e+55 4.064433291652144e+55 4.04575891697442e+55 
# total_gas_kinetic_energy_list
8.291912068937119e+57 3.788051509400104e+59 8.425991381242727e+59 1.1263401830836303e+60 1.268380382523622e+60 1.3311636676925294e+60 1.3552985449804382e+60 1.2640551344901505e+60 1.2492549869468476e+60 1.2301497491813997e+60 1.2094389970236621e+60 1.2351351550871082e+60 1.2737842870503897e+60 1.2852616313724826e+60 1.290904824728822e+60 1.294466668229746e+60 1.2968480335165633e+60 1.2986035735880029e+60 1.2999633692491004e+60 1.3010483644833778e+60 1.301145640636714e+60 1.3012409859254193e+60 1.3013344887200022e+60 1.3014262214175577e+60 1.3015161718812114e+60 1.3016047756002548e+60 1.301691993599893e+60 1.3017779049108044e+60 1.301945042106647e+60 1.3027039486805878e+60 1.303929062302897e+60 1.304883338046438e+60 1.3056565514430812e+60 1.3062991984734808e+60 1.3070929052210102e+60 1.3077498286679117e+60 1.3083071705901399e+60 1.3084758585919876e+60 1.3087891057724156e+60 1.309212700723281e+60 1.3095815052118728e+60 1.3098028229137108e+60 1.3099058535369894e+60 1.3102818306830408e+60 1.3106761588397136e+60 1.3112986297729402e+60 1.3117717058234665e+60 1.3121503288606079e+60 1.3124640533849947e+60 1.3127307291495303e+60 1.3129583375409177e+60 1.3131591462332686e+60 1.313335286593242e+60 1.3134915183074782e+60 
