# time_axis
5.999999999999999 7.0 7.30102999566398 7.477121254719661 7.602059991327962 7.698970004336018 7.778151250383643 7.845098040014256 7.903089986991943 7.954242509439324 8.0 8.301029995663981 8.47712125471966 8.60205999132796 8.698970004336019 8.778151250383644 8.845098040014257 8.903089986991942 8.954242509439323 8.999999999999998 9.004321373782641 9.008600171761916 9.012837224705171 9.017033339298779 9.021189299069936 9.02530586526477 9.02938377768521 9.033423755486949 9.041392685158224 9.079181246047623 9.146128035678236 9.204119982655923 9.255272505103305 9.301029995663981 9.361727836017593 9.414973347970816 9.462397997898954 9.477121254719663 9.505149978319904 9.544068044350274 9.57978359661681 9.60205999132796 9.612783856719734 9.653212513775342 9.698970004336017 9.778151250383642 9.845098040014257 9.903089986991944 9.954242509439325 10.0 10.041392685158225 10.079181246047623 10.113943352306835 10.146128035678236 
# total_gas_mass_list
9.152199653651701 10.821385310162647 11.168330891202178 11.294071864483238 11.345642855449748 11.36680670594197 11.373942321178262 11.343831151210056 11.336741964675872 11.327726212888248 11.319333436892157 11.328740062731487 11.344135086431042 11.347964917317833 11.350178888508383 11.351719362142036 11.352723859455878 11.353455228591718 11.35401546292351 11.354457858055222 11.354497141661783 11.354535553624274 11.354573141268725 11.354609930632735 11.354645922341165 11.354681274824818 11.354715973849848 11.354750056489836 11.354816150266101 11.3551121597453 11.355574746735021 11.355920810717524 11.35619108520353 11.356408266102896 11.356669410607868 11.356883491098928 11.357063745779342 11.357118054029227 11.357218593661576 11.35735389689065 11.357471132314489 11.357541188278562 11.357573740464575 11.35769236840045 11.357816768260447 11.358011879340266 11.3581587085007 11.358275578679526 11.358371880937483 11.358453312360757 11.35852251404434 11.358583511290208 11.358637110344558 11.358684724909603 
# ejected_gas_mass_list
-10.0 -10.0 -10.0 -10.0 -10.0 -10.0 -10.0 -10.0 -10.0 -10.0 -10.0 -10.0 9.224779685553457 9.560421158983614 9.678803825077427 9.745774438120442 9.784576138900672 9.81084548177731 9.829973091747112 9.844520311974255 9.845789522838162 9.847027105973455 9.848234831787073 9.84941376549235 9.850564145448544 9.851691227983856 9.852794729162158 9.853875990738866 9.85596539539354 9.86520548432316 9.879274952390334 9.889519595844929 9.897361375226227 9.90356512631214 9.910913231716714 9.916848892930506 9.921786766916403 9.923263939183272 9.925985888241565 9.929623267293143 9.932751385159532 9.934610345300788 9.935471530612437 9.938596064902185 9.941849563557797 9.946905669794786 9.95067363252305 9.95365048931408 9.95608880528308 9.95814039078324 9.959876574992505 9.961401414099747 9.96273708055848 9.963920318005341 
# stellar_mass_list
-10.0 7.779249901000679 9.450208833174907 9.831668531145228 9.995346286825304 10.08174702319685 10.134161805691438 10.169423231713797 10.363693624007485 10.503083778441885 10.608265833455615 10.494252321210505 10.149584955047809 9.990803161583516 9.908154812101417 9.85281187015409 9.811686033878559 9.779233656627607 9.75260432774814 9.730139585093433 9.728071793709164 9.72603714398686 9.724034023263725 9.72206152512033 9.720120226144227 9.718201209092234 9.716305272956527 9.714431172593937 9.710766174360597 9.693803284734104 9.665233585259841 9.641870299186943 9.62216054726688 9.605213342356917 9.583661193681452 9.565503668973344 9.549886430309616 9.545109869359987 9.536217715977227 9.524061638020708 9.513249897523783 9.50656758915448 9.503434609106533 9.491609592522813 9.478700793340398 9.45698808943107 9.439376492944364 9.42450213242979 9.4115390092602 9.399995413675 9.38986837966218 9.380519491515802 9.372065919077755 9.36437393826414 
# remnant_mass_list
-10.0 -10.0 6.256608366273758 7.93047818403917 8.364249508916421 8.60885185036139 8.78684126911165 8.9280898717702 8.906352307554204 8.969217916502858 9.005447897253735 9.20269101739056 9.23713580245466 9.330892473478306 9.401630134763808 9.33625161548085 9.312294096671641 9.336857272498087 9.35524044718067 9.369651007434715 9.370932358706513 9.372184840592075 9.37341007029198 9.37460931449076 9.375782475407975 9.376936553948607 9.37807152442954 9.379188301016372 9.381353411219367 9.39108781238048 9.40649595992791 9.418250673385707 9.427633675425273 9.435332763385023 9.444661873722964 9.452151881847854 9.45833837971375 9.460187762934357 9.463569353784465 9.468086911375876 9.471991905335692 9.474362976304144 9.475457174474597 9.479537100589638 9.483857067573215 9.49086355923632 9.496306678513179 9.500753424929698 9.504527960263601 9.507815204314923 9.51062761529757 9.513185107811681 9.515454122748178 9.517482715303375 
# BH_mass_list
-10.0 -10.0 -10.0 -10.0 -10.0 -10.0 -10.0 -10.0 -10.0 -10.0 -10.0 -10.0 -10.0 -10.0 -10.0 -10.0 -10.0 -10.0 -10.0 -10.0 -10.0 -10.0 -10.0 -10.0 -10.0 -10.0 -10.0 -10.0 -10.0 -10.0 -10.0 -10.0 -10.0 -10.0 -10.0 -10.0 -10.0 -10.0 -10.0 -10.0 -10.0 -10.0 -10.0 -10.0 -10.0 -10.0 -10.0 -10.0 -10.0 -10.0 -10.0 -10.0 -10.0 -10.0 
# NS_mass_list
-10.0 -10.0 6.256608366273758 7.9397374443206985 8.503651483825633 8.835318813226452 9.058450968841244 9.21961011478716 9.277996293659795 9.298127200739515 9.305053614035927 9.400407735705803 9.400407735705803 9.456360322054957 9.504152161000485 9.53006387439568 9.546825648695052 9.558767997571746 9.567816682944745 9.574972269718282 9.57560798300809 9.576231336038827 9.576842757416063 9.577442237508459 9.578029979314017 9.578607210887528 9.579173394740952 9.579729251323448 9.580811103924388 9.585692249757539 9.593449990152376 9.599398484018213 9.604148476104058 9.608056220535827 9.609039730186385 9.609039730186385 9.609039730186385 9.609039730186385 9.609039730186385 9.609039730186385 9.609039730186385 9.609039730186385 9.609039730186385 9.609039730186385 9.609039730186385 9.609039730186385 9.609039730186385 9.609039730186385 9.609039730186385 9.609039730186385 9.609039730186385 9.609039730186385 9.609039730186385 9.609039730186385 
# WD_mass_list
-10.0 -10.0 -10.0 -10.0 -10.0 4.098152870874901 5.867357284882278 6.936035161613208 7.471762320776391 7.814169442945855 8.05803669731182 8.677472484131616 8.783536368438398 8.83107082464541 8.859756939843733 8.879557015963897 8.89432214733999 8.905928344119056 8.915363474729979 8.923226089769992 8.923959336722357 8.924672253848623 8.925367119082056 8.926047220472459 8.926711079727916 8.927372619479142 8.928033962111508 8.928694250108972 8.92996666609563 8.935792265396502 8.945475572945771 8.953221574327433 8.95970003224856 8.965169539270052 8.988068828546554 9.009166483690166 9.026110931360598 9.031096152022887 9.040119857216206 9.051995647106022 9.062102187610318 9.068169316894215 9.070951878791432 9.081233186535377 9.091962462925249 9.109036575661479 9.12203479666966 9.13248926130075 9.141251754228927 9.148802191861845 9.155203872284611 9.160979860428816 9.166068839087332 9.170590852368901 
