# time_axis
1000000 10000000 20000000 30000000 40000000 50000000 60000000 70000000 80000000 90000000 100000000 200000000 300000000 400000000 500000000 600000000 700000000 800000000 900000000 1000000000 1010000000 1020000000 1030000000 1040000000 1050000000 1060000000 1070000000 1080000000 1100000000 1200000000 1400000000 1600000000 1800000000 2000000000 2300000000 2600000000 2900000000 3000000000 3200000000 3500000000 3800000000 4000000000 4100000000 4500000000 5000000000 6000000000 7000000000 8000000000 9000000000 10000000000 11000000000 12000000000 13000000000 14000000000 
# SNIa_energy_release_list
0 0.0 0.0 0.0 0.0 0.0 6.322477258565556e+55 1.7810794584590017e+56 3.3666779543265623e+56 5.330618772961164e+56 7.628282299057558e+56 2.733805921914016e+57 3.7065589062325114e+57 4.354809540971384e+57 4.8421649967554925e+57 5.2329237895275756e+57 5.559153864849107e+57 5.8391828253649786e+57 6.0845025230216896e+57 6.302783986816964e+57 6.323346080029863e+57 6.343696174107118e+57 6.363837711752934e+57 6.383780048052193e+57 6.403522464699674e+57 6.423070794812737e+57 6.442430896383676e+57 6.461599441026528e+57 6.499392749688956e+57 6.678251275100913e+57 6.993817921889538e+57 7.265985370730874e+57 7.50525935477336e+57 7.718752018185315e+57 8.001262100627656e+57 8.248492389031986e+57 8.468285787989642e+57 8.536473957197236e+57 8.666132599918664e+57 8.846019560401183e+57 9.010931170077315e+57 9.113736138987648e+57 9.163200638479738e+57 9.349586627299645e+57 9.56032065590242e+57 9.924619362374132e+57 1.0232232852484366e+58 1.049850777218963e+58 1.0733238389695241e+58 1.0943047445625418e+58 1.1132835162132147e+58 1.1306014649560605e+58 1.1465278557432613e+58 1.1612698466728695e+58 
# SNII_energy_release_list
0 -1.2516619315714808e+56 -1.0086842622267855e+56 -2.665683796899789e+54 1.4053354987642539e+56 3.1429947281526583e+56 4.875469376990199e+56 6.601237728719359e+56 9.57755684781194e+56 1.1074599779824657e+57 1.1845485871094154e+57 1.2182048466235102e+57 1.2182048466235102e+57 1.2182048466235102e+57 1.2182048466235102e+57 1.2182048466235102e+57 1.2182048466235102e+57 1.2182048466235102e+57 1.2182048466235102e+57 1.2182048466235102e+57 1.2182048466235102e+57 1.2182048466235102e+57 1.2182048466235102e+57 1.2182048466235102e+57 1.2182048466235102e+57 1.2182048466235102e+57 1.2182048466235102e+57 1.2182048466235102e+57 1.2182048466235102e+57 1.2182048466235102e+57 1.2182048466235102e+57 1.2182048466235102e+57 1.2182048466235102e+57 1.2182048466235102e+57 1.2182048466235102e+57 1.2182048466235102e+57 1.2182048466235102e+57 1.2182048466235102e+57 1.2182048466235102e+57 1.2182048466235102e+57 1.2182048466235102e+57 1.2182048466235102e+57 1.2182048466235102e+57 1.2182048466235102e+57 1.2182048466235102e+57 1.2182048466235102e+57 1.2182048466235102e+57 1.2182048466235102e+57 1.2182048466235102e+57 1.2182048466235102e+57 1.2182048466235102e+57 1.2182048466235102e+57 1.2182048466235102e+57 1.2182048466235102e+57 
# SN_energy_per_current_crossing_time_list
0.0 -1.8262500939798876e+56 2.7949046479634713e+55 1.1158071342625366e+56 1.661159411662785e+56 2.082531262933361e+56 2.1721607350081295e+56 2.2547824730510907e+56 6.145713450055436e+56 3.5863111359520715e+56 2.065662421178038e+56 2.830585564805739e+55 9.871288987519497e+54 6.691354210032096e+54 5.0917473847454996e+54 4.120593363656319e+54 3.465985278503822e+54 2.9937875080378848e+54 2.6367689868744307e+54 2.3571260306390277e+54 2.2213735709290484e+54 2.1994082903717937e+54 2.1777865787129016e+54 2.157154777724317e+54 2.13641083892425e+54 2.1162803515600536e+54 2.096761181230209e+54 2.0768440177039523e+54 2.048985064771916e+54 1.9465544087367435e+54 1.728176752605084e+54 1.4985285298478882e+54 1.3235285312053617e+54 1.1857029734688643e+54 1.0515091158390046e+54 9.243514891000779e+53 8.250059056663457e+53 7.687772487178322e+53 7.325668169803683e+53 6.796961032277353e+53 6.248703411081508e+53 5.853359094549481e+53 5.637336777146546e+53 5.327149085487857e+53 4.835109714203427e+53 4.2040547296445485e+53 3.5672432381636015e+53 3.1008742901213645e+53 2.7438700202911086e+53 2.460831302393319e+53 2.2327975115957975e+53 2.043095723124007e+53 1.883868528026137e+53 1.747848730934929e+53 
# SN_energy_per_final_crossing_time_list
0.0 -4.397045608577287e+56 7.68215027015927e+55 3.1048459156398954e+56 4.527486145607614e+56 5.493903762634935e+56 5.552472766086649e+56 5.592517214155213e+56 9.59812932993658e+56 4.966004536769117e+56 2.7097038093994123e+56 3.400941949480897e+55 1.1533212015071115e+55 7.685827882178893e+54 5.778212854517854e+54 4.6329377307961114e+54 3.867868497994686e+54 3.320096081999875e+54 2.908574047223508e+54 2.588001724481699e+54 2.4378951729884473e+54 2.4127600048849487e+54 2.3880330127332194e+54 2.3644151837409408e+54 2.3407121906163074e+54 2.3177007870349213e+54 2.2953839222335363e+54 2.2726724353487462e+54 2.2404364138762385e+54 2.1205931285055616e+54 1.8707200599585366e+54 1.613443978939459e+54 1.4184472482426225e+54 1.2656122317205331e+54 1.1165043026435097e+54 9.770755024418197e+53 8.686425401434922e+53 8.084566432265496e+53 7.686332708299213e+53 7.10928840598768e+53 6.517449577993254e+53 6.0944120540340794e+53 5.864639523684475e+53 5.524601724056135e+53 4.997034745400667e+53 4.319220075688558e+53 3.647145428829341e+53 3.157024602097099e+53 2.783027162869519e+53 2.487550656470046e+53 2.2501724565376816e+53 2.0532609792742544e+53 1.8882742540476166e+53 1.747848730934929e+53 
# total_energy_release_list
0 -1.2516619315714808e+56 -1.0086842622267855e+56 -2.665683796899789e+54 1.4053354987642539e+56 3.1429947281526583e+56 5.507717102846754e+56 8.382317187178361e+56 1.2944234802138502e+57 1.640521855278582e+57 1.9473768170151713e+57 3.952010768537526e+57 4.9247637528560216e+57 5.573014387594894e+57 6.060369843379003e+57 6.451128636151085e+57 6.777358711472618e+57 7.057387671988489e+57 7.3027073696452e+57 7.520988833440475e+57 7.541550926653374e+57 7.561901020730628e+57 7.582042558376444e+57 7.601984894675703e+57 7.621727311323184e+57 7.641275641436247e+57 7.660635743007186e+57 7.679804287650038e+57 7.717597596312466e+57 7.896456121724423e+57 8.212022768513048e+57 8.484190217354384e+57 8.72346420139687e+57 8.936956864808825e+57 9.219466947251166e+57 9.466697235655496e+57 9.686490634613152e+57 9.754678803820746e+57 9.884337446542174e+57 1.0064224407024693e+58 1.0229136016700825e+58 1.0331940985611158e+58 1.0381405485103248e+58 1.0567791473923155e+58 1.077852550252593e+58 1.1142824208997643e+58 1.1450437699107877e+58 1.171671261881314e+58 1.1951443236318751e+58 1.2161252292248928e+58 1.2351040008755657e+58 1.2524219496184115e+58 1.2683483404056123e+58 1.2830903313352205e+58 
# binding_energy_list
1.8793168168032725e+58 2.612161354399216e+58 2.5409727055493115e+58 2.3823194693587036e+58 2.22330989065141e+58 2.0749135174549106e+58 1.9543394557753802e+58 1.8535316234148143e+58 1.4927944095789944e+58 1.4092887984218776e+58 1.3740419750125093e+58 1.3551894123510294e+58 1.3551894123510294e+58 1.352072563194278e+58 1.352072563194278e+58 1.3489628825916615e+58 1.3489628825916615e+58 1.3489628825916615e+58 1.3489628825916615e+58 1.3458603540559414e+58 1.3458603540559414e+58 1.3458603540559414e+58 1.3458603540559414e+58 1.3458603540559414e+58 1.3458603540559414e+58 1.3458603540559414e+58 1.3458603540559414e+58 1.3458603540559414e+58 1.3458603540559414e+58 1.3458603540559414e+58 1.3458603540559414e+58 1.3458603540559414e+58 1.3427649611378642e+58 1.3427649611378642e+58 1.3427649611378642e+58 1.3427649611378642e+58 1.3427649611378642e+58 1.3396766874259425e+58 1.3396766874259425e+58 1.3396766874259425e+58 1.3396766874259425e+58 1.3396766874259425e+58 1.3396766874259425e+58 1.3396766874259425e+58 1.3396766874259425e+58 1.336595516546435e+58 1.336595516546435e+58 1.336595516546435e+58 1.333521432163324e+58 1.333521432163324e+58 1.333521432163324e+58 1.333521432163324e+58 1.333521432163324e+58 1.333521432163324e+58 
# total_gas_kinetic_energy_list
9.994124822289996e+58 9.810071437110497e+58 9.6893145991478e+58 9.586975990082537e+58 9.4932275395221e+58 9.403886152230352e+58 9.314417925875982e+58 9.22488662329833e+58 9.322597437335025e+58 9.352759880096365e+58 9.364903592001714e+58 9.370143339716993e+58 9.370475987035198e+58 9.370697584706697e+58 9.370864204213787e+58 9.370997368211748e+58 9.371109254157963e+58 9.371205039486616e+58 9.371288896094886e+58 9.371363508827345e+58 9.371370524091357e+58 9.371377480246969e+58 9.371384291085278e+58 9.371391204780072e+58 9.371397884437555e+58 9.371404663562405e+58 9.371411469031735e+58 9.37141807004059e+58 9.371430664067587e+58 9.371491841542958e+58 9.371599791683029e+58 9.371693131090832e+58 9.371774586377674e+58 9.371847657692984e+58 9.371944088974642e+58 9.372028502661915e+58 9.37210368704962e+58 9.372127036158e+58 9.372171287233595e+58 9.372232859219388e+58 9.37228925908719e+58 9.372324431469592e+58 9.372341326437945e+58 9.372405059267954e+58 9.372477059438914e+58 9.37260153187631e+58 9.372706709147877e+58 9.372797630874798e+58 9.372877879695966e+58 9.372949586460119e+58 9.373014232643821e+58 9.373073599960754e+58 9.373128101826133e+58 9.373178362791992e+58 
