# time_axis
1000000 10000000 20000000 30000000 40000000 50000000 60000000 70000000 80000000 90000000 100000000 110000000 120000000 130000000 140000000 150000000 200000000 300000000 400000000 500000000 600000000 700000000 800000000 900000000 1000000000 1010000000 1020000000 1030000000 1040000000 1050000000 1060000000 1070000000 1080000000 1100000000 1200000000 1400000000 1600000000 1800000000 2000000000 2300000000 2600000000 2900000000 3000000000 3200000000 3500000000 3800000000 4000000000 4100000000 4500000000 5000000000 6000000000 7000000000 8000000000 9000000000 10000000000 11000000000 12000000000 13000000000 14000000000 
# SNIa_energy_release_list
0 0.0 0.0 0.0 0.0 0.0 2.2204909299989636e+55 6.25048158136041e+55 1.083563344678519e+56 1.5403790001148481e+56 1.971591660711204e+56 2.369245926691298e+56 2.7326953025742173e+56 3.0643537586382246e+56 3.367659416926452e+56 3.6461461960621277e+56 4.765540264702569e+56 6.252394657585036e+56 7.266678678324337e+56 8.03811981533858e+56 8.661012198789617e+56 9.183402376364302e+56 9.633325053289688e+56 1.0028461914053349e+57 1.0380742355847685e+57 1.0413959282341194e+57 1.0446842980743966e+57 1.0479393805806332e+57 1.0511626211036587e+57 1.0543538985659716e+57 1.0575135293669335e+57 1.0606428239555441e+57 1.063742284154827e+57 1.0698548381593338e+57 1.0988036039791727e+57 1.1499521374437655e+57 1.194135152981602e+57 1.233025164058813e+57 1.2677582139601374e+57 1.313759010716184e+57 1.3540500412907132e+57 1.3898933861687505e+57 1.4010203859442125e+57 1.422175365637816e+57 1.4515377982201827e+57 1.4784692737737577e+57 1.4952581755829307e+57 1.5033385426218235e+57 1.5337950692103146e+57 1.5682360387977418e+57 1.6277999804872332e+57 1.6781211543900833e+57 1.7216871468411925e+57 1.7601070909802067e+57 1.794450936725564e+57 1.8255187507980297e+57 1.853874665513006e+57 1.8799542667197644e+57 1.9040962999025013e+57 
# SNII_energy_release_list
0 0.0 5.654952324730273e+55 1.3944396157808536e+56 2.132659570062341e+56 2.7225490425457165e+56 3.0998612871383174e+56 3.311177132939259e+56 3.4295333890103555e+56 3.495829625141194e+56 3.5329697624103097e+56 3.5537801724197106e+56 3.5654408344009297e+56 3.571974326376735e+56 3.575635443023425e+56 3.577694915018757e+56 3.579612711375694e+56 3.579612711375694e+56 3.579612711375694e+56 3.579612711375694e+56 3.579612711375694e+56 3.579612711375694e+56 3.579612711375694e+56 3.579612711375694e+56 3.579612711375694e+56 3.579612711375694e+56 3.579612711375694e+56 3.579612711375694e+56 3.579612711375694e+56 3.579612711375694e+56 3.579612711375694e+56 3.579612711375694e+56 3.579612711375694e+56 3.579612711375694e+56 3.579612711375694e+56 3.579612711375694e+56 3.579612711375694e+56 3.579612711375694e+56 3.579612711375694e+56 3.579612711375694e+56 3.579612711375694e+56 3.579612711375694e+56 3.579612711375694e+56 3.579612711375694e+56 3.579612711375694e+56 3.579612711375694e+56 3.579612711375694e+56 3.579612711375694e+56 3.579612711375694e+56 3.579612711375694e+56 3.579612711375694e+56 3.579612711375694e+56 3.579612711375694e+56 3.579612711375694e+56 3.579612711375694e+56 3.579612711375694e+56 3.579612711375694e+56 3.579612711375694e+56 3.579612711375694e+56 
# SN_energy_per_current_crossing_time_list
0.0 0.0 6.168307093023648e+55 9.205034752474345e+55 8.478423644496301e+55 6.996257259554941e+55 4.702204334445262e+55 2.825596473527132e+55 1.7243701934241694e+55 1.0784218627801212e+55 6.984581318464053e+54 4.7341264399015864e+54 3.3848376750964595e+54 2.561090053612785e+54 2.0453721361298566e+54 1.7125785962626543e+54 1.2349826928654248e+54 8.108766269012611e+53 5.6530788148635975e+53 4.369640705256856e+53 3.573700881520262e+53 3.0289259122265254e+53 2.632264704025195e+53 2.3297781179810933e+53 2.091436723701504e+53 1.9732958407274156e+53 1.9547239884037217e+53 1.9361393782753114e+53 1.9183861109192125e+53 1.9005358176182688e+53 1.8828520532770832e+53 1.8659211285632705e+53 1.8492360608893384e+53 1.825579123059332e+53 1.7387407087340492e+53 1.5509797867261486e+53 1.3507423281635588e+53 1.1973813742832245e+53 1.076022285359044e+53 9.576472432320086e+52 8.445221861083259e+52 7.557728504165124e+52 7.051906205363292e+52 6.72610294209474e+52 6.252868389827335e+52 5.758574267991929e+52 5.398269472509441e+52 5.20217555292186e+52 4.923812558544736e+52 4.475037055185615e+52 3.899757075006412e+52 3.3149398386127293e+52 2.885430505287885e+52 2.5572113225137233e+52 2.296623045266402e+52 2.0859428743307004e+52 1.911443573650707e+52 1.764455687272656e+52 1.6388275490938175e+52 
# SN_energy_per_final_crossing_time_list
0.0 0.0 1.023663206097279e+56 1.5005605995691495e+56 1.3363306387217307e+56 1.067821820538809e+56 6.980864206669922e+55 4.0988202413887825e+55 2.453745474844352e+55 1.5101978658224268e+55 9.650322214518673e+54 6.466500593061383e+54 4.578014967002328e+54 3.4340857659274396e+54 2.721659904062098e+54 2.263251759718957e+54 1.5891830569652326e+54 1.0093176171629942e+54 6.885238634258187e+53 5.236754411998939e+53 4.228364655095534e+53 3.5461280659559373e+53 3.054198759177477e+53 2.682297585213321e+53 2.3913764373099165e+53 2.2548562427088372e+53 2.2322358042774105e+53 2.2096394472726246e+53 2.1880242341260177e+53 2.1663268302439012e+53 2.1448442069428342e+53 2.1242511524312127e+53 2.1039987491763717e+53 2.0746848084593147e+53 1.9651217682751605e+53 1.73605149788012e+53 1.4996322496405343e+53 1.319980406278946e+53 1.1788874327917849e+53 1.0408868277366525e+53 9.116886219030405e+52 8.110482464777587e+52 7.553313191461968e+52 7.180290752642394e+52 6.644008682583036e+52 6.093941873200899e+52 5.698383933872312e+52 5.485175175551228e+52 5.168681780561256e+52 4.67589530261603e+52 4.0433640296360637e+52 3.415939555318895e+52 2.9573792767191647e+52 2.608051377159349e+52 2.3313546180347033e+52 2.108968586311525e+52 1.9248774062610923e+52 1.7703549905473646e+52 1.6388275490938175e+52 
# total_energy_release_list
0 0 5.654952324730273e+55 1.3944396157808536e+56 2.132659570062341e+56 2.7225490425457165e+56 3.3219103801382136e+56 3.9362252910753005e+56 4.513096733688875e+56 5.036208625256042e+56 5.504561423121514e+56 5.923026099111009e+56 6.298136136975147e+56 6.636328085014959e+56 6.943294859949877e+56 7.223841111080884e+56 8.345152976078262e+56 9.83200736896073e+56 1.084629138970003e+57 1.1617732526714274e+57 1.224062491016531e+57 1.2763015087739996e+57 1.3212937764665382e+57 1.3608074625429043e+57 1.3960355067223379e+57 1.3993571993716887e+57 1.402645569211966e+57 1.4059006517182026e+57 1.4091238922412281e+57 1.412315169703541e+57 1.415474800504503e+57 1.4186040950931135e+57 1.4217035552923964e+57 1.4278161092969032e+57 1.456764875116742e+57 1.5079134085813348e+57 1.5520964241191714e+57 1.5909864351963823e+57 1.6257194850977066e+57 1.6717202818537534e+57 1.7120113124282824e+57 1.7478546573063197e+57 1.7589816570817817e+57 1.7801366367753855e+57 1.809499069357752e+57 1.836430544911327e+57 1.8532194467205003e+57 1.861299813759393e+57 1.891756340347884e+57 1.9261973099353112e+57 1.9857612516248026e+57 2.0360824255276527e+57 2.079648417978762e+57 2.118068362117776e+57 2.1524122078631333e+57 2.183480021935599e+57 2.2118359366505753e+57 2.2379155378573338e+57 2.2620575710400707e+57 
# binding_energy_list
8.810488730080146e+54 8.810488730080146e+54 8.790225168308896e+54 8.729713683881166e+54 8.669618757582214e+54 8.609937521846052e+54 8.550667128846876e+54 8.51138038202376e+54 8.472274141405911e+54 8.452788451602891e+54 8.413951416451895e+54 8.394599865193965e+54 8.375292821268861e+54 8.356030182312423e+54 8.336811846196331e+54 8.317637711026743e+54 8.241381150129963e+54 8.147042840208421e+54 8.090958991783846e+54 8.035261221856194e+54 7.99834255007026e+54 7.96159350417325e+54 7.94328234724279e+54 7.90678627999831e+54 7.888601176185516e+54 7.888601176185516e+54 7.888601176185516e+54 7.888601176185516e+54 7.870457896951001e+54 7.870457896951001e+54 7.870457896951001e+54 7.870457896951001e+54 7.870457896951001e+54 7.870457896951001e+54 7.852356346100775e+54 7.816278045883308e+54 7.780365510398008e+54 7.762471166286928e+54 7.744617978025239e+54 7.709034690644309e+54 7.691304402866145e+54 7.673614893618154e+54 7.673614893618154e+54 7.655966069112569e+54 7.638357835776954e+54 7.620790100254084e+54 7.620790100254084e+54 7.620790100254084e+54 7.603262769401822e+54 7.585775750291883e+54 7.550922276654341e+54 7.533555637337217e+54 7.516228940182015e+54 7.498942093324558e+54 7.498942093324558e+54 7.481695005111584e+54 7.464487584100623e+54 7.447319739059888e+54 7.447319739059888e+54 
# total_gas_kinetic_energy_list
4.278785394632788e+59 4.269587100073838e+59 2.3910173273990048e+59 1.339052036124058e+59 7.49950892275199e+58 4.20043039814474e+58 2.3528450429203746e+58 1.3181167942554029e+58 7.386042062238965e+57 4.140227522135335e+57 2.3221037415038464e+57 1.3035572658261958e+57 7.328387454009744e+56 4.129594870614378e+56 2.3359444959608857e+56 1.3295272168100396e+56 1.4154252915671403e+56 1.5305358385346423e+56 1.6088639499846987e+56 1.667082698789826e+56 1.7130844846789125e+56 1.75112636744123e+56 1.7838412626497336e+56 1.8125358523585125e+56 1.8382342917628186e+56 1.8406110090492214e+56 1.842967977931058e+56 1.8453073625568237e+56 1.8476392950297278e+56 1.8499696290671968e+56 1.8523047340918345e+56 1.854629824633012e+56 1.8568896360034865e+56 1.8612614616691348e+56 1.882242277423723e+56 1.9192762749390068e+56 1.9508194621712802e+56 1.97849558572223e+56 2.0027600951401457e+56 2.033967020282582e+56 2.0606957436000422e+56 2.0839327520973165e+56 2.09135428830798e+56 2.1044138010106505e+56 2.122603304944368e+56 2.1382256268250327e+56 2.1477362240741544e+56 2.1520004515638568e+56 2.1686516559973357e+56 2.185687220434593e+56 2.213509796546423e+56 2.2351501073579916e+56 2.2543672322648975e+56 2.272282884477367e+56 2.2894871402332182e+56 2.3043921011535145e+56 2.319233723832686e+56 2.333131506596178e+56 2.3457954661831226e+56 
