# time_axis
5.999999999999999 7.0 7.30102999566398 7.477121254719661 7.602059991327962 7.698970004336018 7.778151250383643 7.845098040014256 7.903089986991943 7.954242509439324 8.0 8.041392685158224 8.079181246047623 8.113943352306837 8.146128035678238 8.176091259055681 8.301029995663981 8.47712125471966 8.60205999132796 8.698970004336019 8.778151250383644 8.845098040014257 8.903089986991942 8.954242509439323 8.999999999999998 9.004321373782641 9.008600171761916 9.012837224705171 9.017033339298779 9.021189299069936 9.02530586526477 9.02938377768521 9.033423755486949 9.041392685158224 9.079181246047623 9.146128035678236 9.204119982655923 9.255272505103305 9.301029995663981 9.361727836017593 9.414973347970816 9.462397997898954 9.477121254719663 9.505149978319904 9.544068044350274 9.57978359661681 9.60205999132796 9.612783856719734 9.653212513775342 9.698970004336017 9.778151250383642 9.845098040014257 9.903089986991944 9.954242509439325 10.0 10.041392685158225 10.079181246047623 10.113943352306835 10.146128035678236 
# total_gas_mass_list
10.87444351720968 10.873508892936462 10.621706276161305 10.369924781032465 10.11816741249444 9.866436749351596 9.614745995159028 9.363118568531254 9.111590645385618 8.86021899522641 8.609093464098601 8.358359060559694 8.108252176849609 7.85915903683489 7.611706911601453 7.366907950142207 7.393796157524932 7.426912957331836 7.448156298538144 7.463741182470693 7.475926610448897 7.485852048721495 7.494182212651736 7.501318909515018 7.507578880631212 7.508156185074744 7.508723768237879 7.509286316350771 7.50984580046404 7.510403537915681 7.510961156433318 7.511515381452783 7.512053638728852 7.513093044546446 7.51802982163405 7.526575473176051 7.533671727520041 7.539755623187133 7.544997882568037 7.551629151818222 7.557223265265417 7.5620373346704755 7.563568937210161 7.5662368946736605 7.5699031196023085 7.573046790174307 7.574951738800294 7.575808628505558 7.5791151735938 7.582495216813147 7.587960809937067 7.592184954400261 7.595890096857734 7.599296698539249 7.602520334470719 7.6053039198291374 7.608033875787212 7.610578087257341 7.61288361470277 
# ejected_gas_mass_list
-10.0 -10.0 5.9550176489848825 6.405925803592125 6.622915677385514 6.7461052137210675 6.8275377337864755 6.88665319783362 6.931878465422048 6.967677327081586 6.996722450621619 7.020791185537715 7.041121817543298 7.058591969551542 7.073824416775515 7.087275077291906 7.137112026308682 7.195192766531677 7.2308113762947945 7.256226640973465 7.27571089307604 7.291345848606404 7.304312623427771 7.315313518343192 7.324883643473084 7.32576256335277 7.326626088747634 7.327481373920659 7.328331429606202 7.32917826614877 7.330024359306883 7.3308647472338535 7.331680393425931 7.3332539818907145 7.3407017152332745 7.353493801397745 7.364022838324515 7.3729844809182685 7.380659338653848 7.390307005458009 7.398394305391131 7.405317149390632 7.407512652595338 7.411329108264826 7.416557217074841 7.421025284995211 7.42372617222816 7.424939483438445 7.429612093244801 7.434373481347275 7.442041007969879 7.447940562666359 7.453096677517954 7.45782224818673 7.462280884285409 7.466120742477973 7.469877600028569 7.473370888044315 7.4765298930167186 
# stellar_mass_list
-10.0 8.21686619803189 8.352541970182687 8.300331871804206 8.239912821252167 8.186041039318573 8.14122915648835 8.104961798377781 8.075822680786821 8.052296665117476 8.03306184216208 8.017070349521378 8.003533267294449 7.991868396771003 7.98165346210537 7.972578673141263 7.93793061763264 7.895203069442262 7.867409641111754 7.846915136448686 7.830738171922923 7.817422181542464 7.806109188378652 7.796312309344716 7.787630598929723 7.786827218016841 7.786037762911684 7.785254674461987 7.784473970731984 7.7836937086478155 7.782912271800319 7.782134498927287 7.781379642951865 7.779922082214958 7.772953311847114 7.760738892854569 7.750324014946077 7.741223094712249 7.733226760067826 7.722786107361317 7.713673434957782 7.705658645046098 7.703083206074691 7.698493660770938 7.6919252274644 7.686067587808516 7.682382588544681 7.680705666983667 7.673936011808 7.6666790448525655 7.653847232483737 7.643204023744532 7.633909188068167 7.625369340859574 7.617263293528255 7.61034266490678 7.603407790280556 7.597167779750111 7.591451505880949 
# remnant_mass_list
-10.0 -10.0 7.267160980043701 7.605663494160864 7.744511456505767 7.81694435311805 7.858959036074661 7.885037604368655 7.902155458158319 7.913968512107378 7.922514402756407 7.928974825215659 7.934051198919428 7.9381816961483205 7.94164226944503 7.944612347474922 7.955164292576991 7.967176088342955 7.97440286624725 7.979455288399102 7.983285624324665 7.986337885605597 7.988862202854291 7.990997892523984 7.992853516333774 7.993023211299242 7.993189555831977 7.9933543075960065 7.993518435141789 7.993682370671845 7.993846510743334 7.99400969949069 7.994167476281293 7.994470720721889 7.995909614293175 7.998379959918952 8.000434797703916 8.002193237357298 8.003708286272252 8.005645895548987 8.0073026760534 8.00873230388959 8.009188756178238 8.009989326059925 8.011126787097625 8.012124343941936 8.012746623534534 8.013025856250605 8.014154989935959 8.015338701585797 8.01739588378544 8.019056813040475 8.020479407819318 8.02177036466357 8.0229850766977 8.02399663730766 8.025009282749997 8.02590465669377 8.026712851289775 
# BH_mass_list
-10.0 -10.0 7.123281743197793 7.42384467814511 7.530954456238942 7.581105073247321 7.606853290431135 7.620634807137725 7.628167700758523 7.632331500575879 7.634647418737094 7.635939392144352 7.636652479180194 7.637043782328822 7.637256322842291 7.637369846667701 7.637428861378603 7.637428861378603 7.637428861378603 7.637428861378603 7.637428861378603 7.637428861378603 7.637428861378603 7.637428861378603 7.637428861378603 7.637428861378603 7.637428861378603 7.637428861378603 7.637428861378603 7.637428861378603 7.637428861378603 7.637428861378603 7.637428861378603 7.637428861378603 7.637428861378603 7.637428861378603 7.637428861378603 7.637428861378603 7.637428861378603 7.637428861378603 7.637428861378603 7.637428861378603 7.637428861378603 7.637428861378603 7.637428861378603 7.637428861378603 7.637428861378603 7.637428861378603 7.637428861378603 7.637428861378603 7.637428861378603 7.637428861378603 7.637428861378603 7.637428861378603 7.637428861378603 7.637428861378603 7.637428861378603 7.637428861378603 7.637428861378603 
# NS_mass_list
-10.0 -10.0 6.7174194606382915 7.1397756075541015 7.333829218039056 7.43827924060401 7.492675148349694 7.52040494381748 7.535196038913351 7.543266248421465 7.5477226540163755 7.5501995658242835 7.551577847969114 7.552344022224972 7.552768814179435 7.553003853057858 7.553215102727133 7.553215102727133 7.553215102727133 7.553215102727133 7.553215102727133 7.553215102727133 7.553215102727133 7.553215102727133 7.553215102727133 7.553215102727133 7.553215102727133 7.553215102727133 7.553215102727133 7.553215102727133 7.553215102727133 7.553215102727133 7.553215102727133 7.553215102727133 7.553215102727133 7.553215102727133 7.553215102727133 7.553215102727133 7.553215102727133 7.553215102727133 7.553215102727133 7.553215102727133 7.553215102727133 7.553215102727133 7.553215102727133 7.553215102727133 7.553215102727133 7.553215102727133 7.553215102727133 7.553215102727133 7.553215102727133 7.553215102727133 7.553215102727133 7.553215102727133 7.553215102727133 7.553215102727133 7.553215102727133 7.553215102727133 7.553215102727133 
# WD_mass_list
-10.0 -10.0 -10.0 -10.0 -10.0 4.755431751963035 5.864714165197132 6.267377138077303 6.485356225432951 6.623888713425848 6.719884198279695 6.790294359934948 6.844140646997842 6.886696400297181 6.921238040060582 6.9499097471562825 7.043453648990539 7.132953099262528 7.180053343243815 7.210603483231105 7.23262998099154 7.249546792627354 7.2631418959879825 7.274380064377436 7.283957263286713 7.2848246570437425 7.285673575024684 7.286513051686195 7.287348053137142 7.288180792330483 7.289013287946006 7.289839690711013 7.290637488920094 7.2921675515571165 7.299369426457495 7.3115157914893825 7.321417480558847 7.3297514262483165 7.336832204780272 7.345757877770319 7.353277849974642 7.359686324384266 7.361717062171396 7.365261097684428 7.370258365015327 7.3746047674471695 7.377299206695599 7.378504105996587 7.383350362776641 7.3883867822671485 7.3970349166924665 7.403922934642364 7.409757466939618 7.415001370709735 7.419892419622622 7.4239341562457675 7.427952209965231 7.431481954066555 7.43464975542968 
