# time_axis
5.999999999999999 7.0 7.30102999566398 7.477121254719661 7.602059991327962 7.698970004336018 7.778151250383643 7.845098040014256 7.903089986991943 7.954242509439324 8.0 8.041392685158224 8.079181246047623 8.113943352306837 8.146128035678238 8.176091259055681 8.301029995663981 8.47712125471966 8.60205999132796 8.698970004336019 8.778151250383644 8.845098040014257 8.903089986991942 8.954242509439323 8.999999999999998 9.004321373782641 9.008600171761916 9.012837224705171 9.017033339298779 9.021189299069936 9.02530586526477 9.02938377768521 9.033423755486949 9.041392685158224 9.079181246047623 9.146128035678236 9.204119982655923 9.255272505103305 9.301029995663981 9.361727836017593 9.414973347970816 9.462397997898954 9.477121254719663 9.505149978319904 9.544068044350274 9.57978359661681 9.60205999132796 9.612783856719734 9.653212513775342 9.698970004336017 9.778151250383642 9.845098040014257 9.903089986991944 9.954242509439325 10.0 10.041392685158225 10.079181246047623 10.113943352306835 10.146128035678236 
# total_gas_mass_list
8.40231034070977 10.059728783226301 10.386485075380346 9.917617962100042 9.571973931935913 9.203593057037935 8.812598222111562 8.406310618387446 7.990032732570029 7.568255551074294 7.147244602284106 6.73797749849811 6.361669738587027 6.050783979621214 nan nan nan nan nan nan nan nan nan nan nan nan nan nan nan nan nan nan nan nan nan nan nan nan nan nan nan nan nan nan nan nan nan nan nan nan nan nan nan nan nan nan nan nan nan 
# ejected_gas_mass_list
-10.0 -10.0 3.768297301677467 5.865165688680066 6.440679518352722 6.6275613249692835 6.729019840133512 6.796704830993397 6.847526001646419 6.887583013634901 6.920929093362169 6.949178252827324 6.973480755403715 6.99466702674075 nan nan nan nan nan nan nan nan nan nan nan nan nan nan nan nan nan nan nan nan nan nan nan nan nan nan nan nan nan nan nan nan nan nan nan nan nan nan nan nan nan nan nan nan nan 
# stellar_mass_list
-10.0 6.3054003277017125 7.970926982113934 8.383148615848807 8.286001487895625 8.257349480559077 8.236237179159547 8.21799947523173 8.202328017114425 8.188770615991213 8.177076112673271 8.166866333875825 8.15784435066093 8.149789969240432 8.142500064389594 8.13586809369661 8.10932418402733 8.073403092694374 8.04800360876511 8.028030071188576 8.011347895543846 7.996928411252522 7.984203075541358 7.972695642830285 7.9621975831984155 7.9611817948130525 7.960199052606587 7.959235103302974 7.958282492777916 7.957327483977867 7.956370037707333 7.955407173218426 7.9544439936781135 7.952591216326515 7.943750320883013 7.927755931477105 7.913660204266406 7.9008367607367385 7.889257358625989 7.873633727669406 7.859473415292529 7.8465779188978155 7.8423569577105345 7.8346569917422215 7.823409790292075 7.813145143640114 7.8064841786038075 7.803457208741603 7.790889294026601 7.777000827905086 7.751121611716928 7.728744493747174 7.709424938500337 7.691938235559226 7.675577951154787 7.6616895379095205 7.647965612824455 7.6356898837998335 7.624506297445014 
# remnant_mass_list
-10.0 -10.0 4.751039606502289 6.9244893635262 7.4660914773141025 7.580873556793147 7.633728402418829 7.663612492333932 7.682628762354259 7.696206678502809 7.706699687823698 7.715248484401953 7.722464943186058 7.728708574845337 nan nan nan nan nan nan nan nan nan nan nan nan nan nan nan nan nan nan nan nan nan nan nan nan nan nan nan nan nan nan nan nan nan nan nan nan nan nan nan nan nan nan nan nan nan 
# BH_mass_list
-10.0 -10.0 4.5018667151559555 6.775004565117357 7.297013921120606 7.35753491958443 7.375402899167079 7.3807558492597485 7.382181062513781 7.382514378539858 7.382582041067719 7.382593266133414 7.3825941894951805 7.382594204406558 7.382594204406558 7.382594204406558 7.382594204406558 7.382594204406558 7.382594204406558 7.382594204406558 7.382594204406558 7.382594204406558 7.382594204406558 7.382594204406558 7.382594204406558 7.382594204406558 7.382594204406558 7.382594204406558 7.382594204406558 7.382594204406558 7.382594204406558 7.382594204406558 7.382594204406558 7.382594204406558 7.382594204406558 7.382594204406558 7.382594204406558 7.382594204406558 7.382594204406558 7.382594204406558 7.382594204406558 7.382594204406558 7.382594204406558 7.382594204406558 7.382594204406558 7.382594204406558 7.382594204406558 7.382594204406558 7.382594204406558 7.382594204406558 7.382594204406558 7.382594204406558 7.382594204406558 7.382594204406558 7.382594204406558 7.382594204406558 7.382594204406558 7.382594204406558 7.382594204406558 
# NS_mass_list
-10.0 -10.0 4.391110089998214 6.388701440770259 6.974593581854137 7.185137462724979 7.284376073220629 7.334111245444492 7.352446636179429 7.359695769681535 7.362403771110802 7.3633528263773504 7.3636671097070785 7.363762266711402 7.363789595477401 7.363797267394547 7.363798348266697 7.363798348266697 7.363798348266697 7.363798348266697 7.363798348266697 7.363798348266697 7.363798348266697 7.363798348266697 7.363798348266697 7.363798348266697 7.363798348266697 7.363798348266697 7.363798348266697 7.363798348266697 7.363798348266697 7.363798348266697 7.363798348266697 7.363798348266697 7.363798348266697 7.363798348266697 7.363798348266697 7.363798348266697 7.363798348266697 7.363798348266697 7.363798348266697 7.363798348266697 7.363798348266697 7.363798348266697 7.363798348266697 7.363798348266697 7.363798348266697 7.363798348266697 7.363798348266697 7.363798348266697 7.363798348266697 7.363798348266697 7.363798348266697 7.363798348266697 7.363798348266697 7.363798348266697 7.363798348266697 7.363798348266697 7.363798348266697 
# WD_mass_list
-10.0 -10.0 -10.0 -10.0 -10.0 2.8773086679596824 4.627583794229373 5.678997886027185 6.184920997996482 6.425309510841997 6.57178809689847 6.67130976402038 6.743860747095209 6.799594141806621 nan nan nan nan nan nan nan nan nan nan nan nan nan nan nan nan nan nan nan nan nan nan nan nan nan nan nan nan nan nan nan nan nan nan nan nan nan nan nan nan nan nan nan nan nan 
