# time_axis
5.999999999999999 7.0 7.30102999566398 7.477121254719661 7.602059991327962 7.698970004336018 7.778151250383643 7.845098040014256 7.903089986991943 7.954242509439324 8.0 8.041392685158224 8.079181246047623 8.113943352306837 8.146128035678238 8.176091259055681 8.204119982655925 8.230448921378272 8.255272505103306 8.278753600952827 8.301029995663981 8.47712125471966 8.60205999132796 8.698970004336019 8.778151250383644 8.845098040014257 8.903089986991942 8.954242509439323 8.999999999999998 9.004321373782641 9.008600171761916 9.012837224705171 9.017033339298779 9.021189299069936 9.02530586526477 9.02938377768521 9.033423755486949 9.041392685158224 9.079181246047623 9.146128035678236 9.204119982655923 9.255272505103305 9.301029995663981 9.361727836017593 9.414973347970816 9.462397997898954 9.477121254719663 9.505149978319904 9.544068044350274 9.57978359661681 9.60205999132796 9.612783856719734 9.653212513775342 9.698970004336017 9.778151250383642 9.845098040014257 9.903089986991944 9.954242509439325 10.0 10.041392685158225 10.079181246047623 10.113943352306835 10.146128035678236 
# total_gas_mass_list
8.039302159646388 7.984577360437039 7.946846961886384 7.911221666320141 7.8758103289932455 7.83817883670437 7.796813826836578 7.751136016480494 7.70020165095002 7.642502405648739 7.5759568580828605 7.497365218792391 7.401335975756317 7.2778955092606195 7.104822969455978 6.812786341132344 6.803330868363301 6.803381055086599 6.803429247597013 6.803472513353348 6.803538704783835 7.19829327842336 7.201282231503055 7.203196279194087 7.204404993674382 7.205342163215958 7.206267410080559 7.207347565233541 7.2080838512614855 7.208152489578869 7.208220022888682 7.208282688996956 7.208350791762045 7.208417892813011 7.208459064232494 7.208475384105723 7.208467549103497 7.208528771489117 7.2091357897843364 7.210358345496303 7.2112258689110345 7.212010476055563 7.2126695609295215 7.213571565508151 7.2144363440559 7.215037447695092 7.215251335999648 7.215656378507903 7.216215179983192 7.216713862656367 7.217062420407621 7.217344002142394 7.217768005650289 7.218303745415908 7.219386270265556 7.220748590175831 7.221287570064853 7.221991747487512 7.222617549761605 7.22336372499509 7.222858853084355 7.224163213439129 7.224784938491398 
# ejected_gas_mass_list
-10.0 -10.0 6.621914347723306 6.991580873011426 7.20451913843723 7.349628880380513 7.457855873663866 7.544494991269985 7.616835171023798 7.678840037313925 7.733096139201022 7.781335438133367 7.824747389519303 7.864220415312591 7.900408772096535 7.933816862594887 7.964840599721032 7.993798390277341 8.02094836704861 8.046502933840411 8.070640604128194 8.10410714591249 8.104479549922214 8.104719208499432 8.104871028637055 8.10498899598457 8.105105681016946 8.105242176981124 8.105335389347918 8.105344085859143 8.105352643536863 8.105360585492678 8.105369217595097 8.105377723885285 8.105382943686756 8.105385012875116 8.105384019470728 8.10539178230846 8.1054688023598 8.105624208925143 8.10573471697645 8.105834828879278 8.105919046790598 8.106034485806484 8.106145357073757 8.106222536641232 8.106250021604124 8.106302102496196 8.106374023425401 8.106438274837144 8.106483221986144 8.106519555408749 8.106574304704914 8.1066435484995 8.10678369084222 8.106960487731698 8.107030567900676 8.107122241735196 8.107203820812938 8.10730122530747 8.107235304236093 8.107405750802295 8.1074871511067 
# stellar_mass_list
-10.0 7.144004116335582 7.29055782809203 7.378886773304349 7.443094379485784 7.496214882761265 7.54142020662441 7.5808352022489265 7.615831606424595 7.647340024599437 7.676019995383813 7.702356096201836 7.726716638501622 7.749387661569758 7.770596629570638 7.7905262843578456 7.8093273969834085 7.827124429289903 7.844023376964078 7.860112343094972 7.875468098494568 7.719314166670016 7.681784816602463 7.657538566917979 7.639575247860162 7.625322797409912 7.613515221939036 7.603458191054341 7.594691767487686 7.593877716399043 7.59307300801758 7.592277213573688 7.591487801985103 7.590706864155611 7.589934483695482 7.589171488099595 7.58842100588742 7.586947396465212 7.5799965993425396 7.56796381007044 7.557791228698577 7.548971588877589 7.5412259159557635 7.531110335921749 7.522386953939741 7.514705439247513 7.512283852191338 7.507868309031193 7.5016783548989725 7.4959884414752205 7.492589691838335 7.490896405968753 7.484642833043221 7.477590917686046 7.465563838298045 7.4554992000772735 7.446902602370566 7.4392770068697605 7.432348754786665 7.426477957834588 7.420568388135954 7.4155574421432915 7.41057605169734 
# remnant_mass_list
-10.0 -10.0 6.110853715082936 6.458172000500879 6.5671906386576815 6.64683774373863 6.7135661510392675 6.771914967044786 6.824032552351394 6.871214945516118 6.914349017682304 6.9540862128146745 6.9909237559803215 7.025254388607345 7.0573940331105165 7.087603059545819 7.116096797804545 7.14305715918901 7.168636902616662 7.192969342896331 7.216167747933194 7.290015172704953 7.312952908767015 7.327262334004376 7.337569335638808 7.345562210023163 7.352059762705171 7.357504208644492 7.362184282805514 7.362615374472505 7.363041055516792 7.363461641076086 7.363878547491006 7.364290552665892 7.364697646608457 7.365099298734387 7.365493547838856 7.366266087632757 7.369889537236158 7.37607126036551 7.381208286255939 7.38559791145582 7.3894026052942205 7.394302577607729 7.3984659533881105 7.402085696818124 7.403220839446487 7.405270148370433 7.408125190757429 7.410728295132318 7.412264573873795 7.4130311736957175 7.415837318826152 7.418970590867735 7.424231460808968 7.428558866079228 7.432197606216247 7.435388337968211 7.438260404551815 7.440647274378324 7.4430642344491265 7.445071008058373 7.447070355921684 
# BH_mass_list
-10.0 -10.0 5.93204337602581 6.233073371689791 6.285888715955856 6.332971895181258 6.375446232825902 6.414134117446055 6.449655738065425 6.4824903782178245 6.513016111726823 6.541536434738772 6.568298676012604 6.593507054966785 6.617332152528073 6.639917915980294 6.661386930333257 6.681844446803515 6.701381504286442 6.7200773783510135 6.738001524450491 6.755215135742323 6.755215135742323 6.755215135742323 6.755215135742323 6.755215135742323 6.755215135742323 6.755215135742323 6.755215135742323 6.755215135742323 6.755215135742323 6.755215135742323 6.755215135742323 6.755215135742323 6.755215135742323 6.755215135742323 6.755215135742323 6.755215135742323 6.755215135742323 6.755215135742323 6.755215135742323 6.755215135742323 6.755215135742323 6.755215135742323 6.755215135742323 6.755215135742323 6.755215135742323 6.755215135742323 6.755215135742323 6.755215135742323 6.755215135742323 6.755215135742323 6.755215135742323 6.755215135742323 6.755215135742323 6.755215135742323 6.755215135742323 6.755215135742323 6.755215135742323 6.755215135742323 6.755215135742323 6.755215135742323 6.755215135742323 
# NS_mass_list
-10.0 -10.0 5.639120075424626 6.065061662050109 6.245493588225185 6.357308987336802 6.436415938302324 6.499187548486535 6.554435655101112 6.603442029658969 6.647474933026571 6.6874514806424115 6.7240563892405705 6.757814417668057 6.789136611377513 6.818350955684141 6.845723349121561 6.8714723481364315 6.895779778956745 6.918798533230921 6.940658399274694 6.98106367162644 6.98106367162644 6.98106367162644 6.98106367162644 6.98106367162644 6.98106367162644 6.98106367162644 6.98106367162644 6.98106367162644 6.98106367162644 6.98106367162644 6.98106367162644 6.98106367162644 6.98106367162644 6.98106367162644 6.98106367162644 6.98106367162644 6.98106367162644 6.98106367162644 6.98106367162644 6.98106367162644 6.98106367162644 6.98106367162644 6.98106367162644 6.98106367162644 6.98106367162644 6.98106367162644 6.98106367162644 6.98106367162644 6.98106367162644 6.98106367162644 6.98106367162644 6.98106367162644 6.98106367162644 6.98106367162644 6.98106367162644 6.98106367162644 6.98106367162644 6.98106367162644 6.98106367162644 6.98106367162644 6.98106367162644 
# WD_mass_list
-10.0 -10.0 -10.0 -10.0 -10.0 3.7050331070591738 4.816214490668951 5.2124811108578255 5.427906973543163 5.584106778991778 5.70815107493258 5.811557162699941 5.900384688019118 5.978287968854734 6.047656256272626 6.1101672614171765 6.167031244444127 6.219167120373366 6.267271262073104 6.311913884226414 6.353539482870679 6.626795485070268 6.723618585694727 6.7767434348485445 6.812299651404903 6.838529413518265 6.859075166280128 6.875796686839599 6.889833390791859 6.891111291105886 6.892370713436001 6.893612691347743 6.8948414920532635 6.8960535951275155 6.897249061296858 6.898426425106043 6.899580047796585 6.90183476894452 6.912308922254513 6.929807629352453 6.944012093041232 6.9559204680357185 6.966078555564245 6.978946819109556 6.989699023882005 6.9989170656919955 7.001783570789121 7.0069298586186015 7.014039074403114 7.020460995766768 7.024224760293903 7.026095684035871 7.032904017708768 7.04043287586573 7.052906046368248 7.063013803607574 7.071410560918988 7.078698830881525 7.085201110470838 7.090563987174292 7.095957383247362 7.100407608489313 7.104816662589746 
