# time_axis
1000000 10000000 20000000 30000000 40000000 50000000 60000000 70000000 80000000 90000000 100000000 110000000 120000000 130000000 140000000 150000000 200000000 300000000 400000000 500000000 600000000 700000000 800000000 900000000 1000000000 1010000000 1020000000 1030000000 1040000000 1050000000 1060000000 1070000000 1080000000 1100000000 1200000000 1400000000 1600000000 1800000000 2000000000 2300000000 2600000000 2900000000 3000000000 3200000000 3500000000 3800000000 4000000000 4100000000 4500000000 5000000000 6000000000 7000000000 8000000000 9000000000 10000000000 11000000000 12000000000 13000000000 14000000000 
# SNIa_energy_release_list
0 0.0 0.0 0.0 0.0 0.0 1.0443729418665042e+55 1.206829188127016e+56 3.054630028094733e+56 5.275646899250518e+56 7.6717087201858045e+56 1.0132712260558395e+57 1.259223128275596e+57 1.5003826568656746e+57 1.7338253375829224e+57 1.9578930762584683e+57 2.9244338180911354e+57 4.152754859583723e+57 4.938225240018196e+57 5.519939123430402e+57 5.9826595558304574e+57 6.367060786958494e+57 6.695909715460445e+57 6.983286880418996e+57 7.238507006891703e+57 7.262522240581404e+57 7.28629411016243e+57 7.309821162666285e+57 7.333107584551963e+57 7.356161241111709e+57 7.378982727677902e+57 7.401576083605519e+57 7.4239487098199e+57 7.468048552828793e+57 7.67662124418863e+57 8.044102684154766e+57 8.36059672574056e+57 8.638538004850799e+57 8.88633378368619e+57 9.213970843841161e+57 9.500484601448986e+57 9.75505704879977e+57 9.834013140607649e+57 9.984126673771813e+57 1.0192276037724034e+58 1.0383076091852194e+58 1.0501974950746873e+58 1.0559178798724206e+58 1.0774668803133644e+58 1.101831061725648e+58 1.1439306751279207e+58 1.1794661163062835e+58 1.2102181932817253e+58 1.237323227441981e+58 1.2615446390684205e+58 1.2834541091290518e+58 1.3034445503516508e+58 1.3218257014131326e+58 1.3388393787530486e+58 
# SNII_energy_release_list
0 -3.334045988817891e+53 -5.9508938436835695e+54 5.566633551455668e+55 1.461543279087624e+56 2.4359875023105204e+56 3.4037652224142966e+56 4.239741275745512e+56 4.936628251556324e+56 5.51534559049008e+56 5.995150707150787e+56 6.392429526253938e+56 6.721033412609121e+56 6.992559148639867e+56 7.21684067838607e+56 7.40191394468556e+56 7.7201096976426635e+56 7.7201096976426635e+56 7.7201096976426635e+56 7.7201096976426635e+56 7.7201096976426635e+56 7.7201096976426635e+56 7.7201096976426635e+56 7.7201096976426635e+56 7.7201096976426635e+56 7.7201096976426635e+56 7.7201096976426635e+56 7.7201096976426635e+56 7.7201096976426635e+56 7.7201096976426635e+56 7.7201096976426635e+56 7.7201096976426635e+56 7.7201096976426635e+56 7.7201096976426635e+56 7.7201096976426635e+56 7.7201096976426635e+56 7.7201096976426635e+56 7.7201096976426635e+56 7.7201096976426635e+56 7.7201096976426635e+56 7.7201096976426635e+56 7.7201096976426635e+56 7.7201096976426635e+56 7.7201096976426635e+56 7.7201096976426635e+56 7.7201096976426635e+56 7.7201096976426635e+56 7.7201096976426635e+56 7.7201096976426635e+56 7.7201096976426635e+56 7.7201096976426635e+56 7.7201096976426635e+56 7.7201096976426635e+56 7.7201096976426635e+56 7.7201096976426635e+56 7.7201096976426635e+56 7.7201096976426635e+56 7.7201096976426635e+56 7.7201096976426635e+56 
# SN_energy_per_current_crossing_time_list
0.0 -2.929668025413729e+54 -1.253004290411435e+55 1.145951381610053e+56 1.552609300876706e+56 1.5776297493737442e+56 1.507896317630477e+56 1.3194143583108874e+56 1.1258444401340533e+56 9.559904605518433e+55 8.119166062182363e+55 6.910649637280614e+55 5.898451469634443e+55 5.048050596495038e+55 4.3344929653741115e+55 3.733318005293596e+55 1.993166527365564e+55 7.146930832541738e+54 4.75254164915615e+54 3.628832078116416e+54 2.960902741808391e+54 2.5140312490456135e+54 2.1924028755864605e+54 1.9490722591835357e+54 1.758049926128431e+54 1.6566857230127083e+54 1.642308161471995e+54 1.627712690004869e+54 1.613391523932189e+54 1.5995264449081925e+54 1.5856562248541546e+54 1.5720125162673945e+54 1.5588222049347123e+54 1.5405633700244395e+54 1.4763108638702652e+54 1.3314375175316522e+54 1.1704522261835853e+54 1.0468339989311405e+54 9.487468289337024e+53 8.548055455670888e+53 7.619629310877879e+53 6.887646943918733e+53 6.443338662731883e+53 6.1875235622014735e+53 5.801951857133782e+53 5.385266344703474e+53 5.074632711242438e+53 4.900340174959165e+53 4.681128435523065e+53 4.299323621114876e+53 3.8146228981550296e+53 3.289006663524076e+53 2.8972542419775893e+53 2.593305369102922e+53 2.350008977303168e+53 2.151123664237583e+53 1.9846487537897444e+53 1.8423256644504539e+53 1.7200689644542462e+53 
# SN_energy_per_final_crossing_time_list
0.0 -9.987239772476703e+53 -1.5144629370974162e+55 1.6611871617918597e+56 2.43953668198279e+56 2.627080526598909e+56 2.6196663041788333e+56 2.365224264128219e+56 2.0656033619604945e+56 1.7847524173274167e+56 1.5357841100731992e+56 1.319860553867789e+56 1.134564338585122e+56 9.758378303714727e+55 8.406668026453924e+55 7.254841830698903e+55 3.670027404366822e+55 1.241822599339303e+55 7.941041768281506e+54 5.881080127821507e+54 4.6780660000108754e+54 3.8862652344422105e+54 3.324635965577867e+54 2.9053598035407804e+54 2.5802547555069082e+54 2.4279206263572027e+54 2.403316712574517e+54 2.3785659048575495e+54 2.3542383447444327e+54 2.3307059592915134e+54 2.307233761458483e+54 2.2841699391340904e+54 2.26185434435221e+54 2.2292291602043034e+54 2.1086529741518766e+54 1.8576037598166045e+54 1.5998645310182374e+54 1.4049818818903934e+54 1.2525976018645543e+54 1.104128024996712e+54 9.655436084436982e+53 8.57902257391288e+53 7.982396771725847e+53 7.588178157536446e+53 7.014577228112715e+53 6.429910182753653e+53 6.010289045917824e+53 5.783262582647684e+53 5.4464661185439785e+53 4.926397915550023e+53 4.256236731307794e+53 3.59260424938748e+53 3.1090100124248363e+53 2.7402969451022304e+53 2.448765048351089e+53 2.215029633277132e+53 2.0210173759477714e+53 1.8583194473556284e+53 1.7200689644542462e+53 
# total_energy_release_list
0 -3.334045988817891e+53 -5.9508938436835695e+54 5.566633551455668e+55 1.461543279087624e+56 2.4359875023105204e+56 3.508202516600947e+56 5.4465704638725285e+56 7.991258279651057e+56 1.0790992489740599e+57 1.3666859427336592e+57 1.6525141786812333e+57 1.931326469536508e+57 2.1996385717296612e+57 2.4555094054215295e+57 2.6980844707270243e+57 3.696444787855402e+57 4.9247658293479895e+57 5.710236209782462e+57 6.291950093194668e+57 6.754670525594724e+57 7.139071756722761e+57 7.467920685224711e+57 7.755297850183263e+57 8.01051797665597e+57 8.034533210345671e+57 8.058305079926697e+57 8.081832132430552e+57 8.10511855431623e+57 8.128172210875976e+57 8.15099369744217e+57 8.173587053369786e+57 8.195959679584166e+57 8.24005952259306e+57 8.448632213952896e+57 8.816113653919033e+57 9.132607695504826e+57 9.410548974615066e+57 9.658344753450457e+57 9.985981813605428e+57 1.0272495571213252e+58 1.0527068018564037e+58 1.0606024110371916e+58 1.075613764353608e+58 1.0964287007488301e+58 1.1155087061616461e+58 1.127398592051114e+58 1.1331189768488473e+58 1.154667977289791e+58 1.1790321587020746e+58 1.2211317721043474e+58 1.25666721328271e+58 1.287419290258152e+58 1.3145243244184078e+58 1.338745736044847e+58 1.3606552061054783e+58 1.3806456473280773e+58 1.3990267983895591e+58 1.416040475729475e+58 
# binding_energy_list
7.396052750582375e+54 7.413102413009132e+54 7.413102413009132e+54 7.379042301291045e+54 7.345138681571143e+54 7.311390834834127e+54 7.277798045368272e+54 7.244359600749891e+54 7.211074791828947e+54 7.177942912713644e+54 7.144963260755121e+54 7.112135136533237e+54 7.095777679633873e+54 7.063175542629565e+54 7.046930689671452e+54 7.014552984199657e+54 6.91830970918942e+54 6.792036326171858e+54 6.698846094165272e+54 6.622165037017589e+54 6.546361740672787e+54 6.501296903430943e+54 6.441692655151735e+54 6.397348354826442e+54 6.353309318517396e+54 6.353309318517396e+54 6.353309318517396e+54 6.353309318517396e+54 6.338697112569264e+54 6.338697112569264e+54 6.338697112569264e+54 6.324118513762223e+54 6.324118513762223e+54 6.324118513762223e+54 6.280583588133205e+54 6.22300285169155e+54 6.165950018614809e+54 6.1235039172477214e+54 6.081350012787164e+54 6.011737374832828e+54 5.970352865838415e+54 5.915616341754719e+54 5.902010801718454e+54 5.874893525297745e+54 5.8479008414448476e+54 5.807644175213159e+54 5.7942869642687856e+54 5.780960474057187e+54 5.74116462207328e+54 5.7147863667186424e+54 5.6493697481230574e+54 5.59757601495107e+54 5.559042572704003e+54 5.5207743928075396e+54 5.4827696492085025e+54 5.457578610912733e+54 5.432503314924325e+54 5.407543229455771e+54 5.382697825162903e+54 
# total_gas_kinetic_energy_list
3.1007948112047294e+58 3.2607442594989726e+59 3.386520349398558e+59 2.8802767620769627e+59 2.448344927081508e+59 2.0812020524721354e+59 1.7691379245156484e+59 1.5038904780279008e+59 1.2784344390156915e+59 1.0867984681203912e+59 9.239075791261088e+58 7.854484001807059e+58 6.677551814601941e+58 5.677124045224638e+58 4.8267215266128935e+58 4.1038387395467356e+58 4.108602769457403e+58 4.115145398394397e+58 4.119832208234402e+58 4.1235061237064783e+58 4.1265339647409094e+58 4.1291158770306407e+58 4.1313930203354955e+58 4.1334444574923993e+58 4.13531273841841e+58 4.1354890557817176e+58 4.135667314721091e+58 4.1358380678930113e+58 4.136014070993745e+58 4.136185023191079e+58 4.136355511078988e+58 4.136525190037615e+58 4.1366935017892053e+58 4.1370272667100264e+58 4.138604241122662e+58 4.141466181902368e+58 4.143957597344767e+58 4.146188842997567e+58 4.1481913352926887e+58 4.150855636875902e+58 4.153153974440116e+58 4.1552115117219295e+58 4.155854358215165e+58 4.1570558553560886e+58 4.1587327117159054e+58 4.160172171500365e+58 4.1610972494496054e+58 4.1614971151090013e+58 4.1630866368481074e+58 4.1647519926458674e+58 4.167563788700898e+58 4.169726401315266e+58 4.171541493716486e+58 4.173119136616692e+58 4.174562720124107e+58 4.175807778841626e+58 4.176964533057185e+58 4.1779199087700376e+58 4.178812870414178e+58 
