# time_axis
5.999999999999999 7.0 7.30102999566398 7.477121254719661 7.602059991327962 7.698970004336018 7.778151250383643 7.845098040014256 7.903089986991943 7.954242509439324 8.0 8.041392685158224 8.079181246047623 8.113943352306837 8.146128035678238 8.176091259055681 8.301029995663981 8.47712125471966 8.60205999132796 8.698970004336019 8.778151250383644 8.845098040014257 8.903089986991942 8.954242509439323 8.999999999999998 9.004321373782641 9.008600171761916 9.012837224705171 9.017033339298779 9.021189299069936 9.02530586526477 9.02938377768521 9.033423755486949 9.041392685158224 9.079181246047623 9.146128035678236 9.204119982655923 9.255272505103305 9.301029995663981 9.361727836017593 9.414973347970816 9.462397997898954 9.477121254719663 9.505149978319904 9.544068044350274 9.57978359661681 9.60205999132796 9.612783856719734 9.653212513775342 9.698970004336017 9.778151250383642 9.845098040014257 9.903089986991944 9.954242509439325 10.0 10.041392685158225 10.079181246047623 10.113943352306835 10.146128035678236 
# total_gas_mass_list
9.734045203312506 10.756437584780008 10.772876875552331 10.702558068464796 10.631998908376712 10.561443932348949 10.490894981615385 10.42035417143561 10.349822097088401 10.27929905322629 10.208785513762482 10.13828202423342 10.067789329522805 9.997308418724565 9.926840422818904 9.856386747017831 9.856912794233512 9.857608754649322 9.858098028198254 9.858487477432336 9.858814780005662 9.85909689195786 9.859345166991297 9.859567195824466 9.859767736257389 9.859786661665412 9.859805775587844 9.859824174410534 9.859843071110658 9.859861288206053 9.859879603283595 9.859897823206932 9.85991584411397 9.859951424048381 9.860118663923581 9.860419383720181 9.860680302240747 9.860911087212633 9.861117030248085 9.861389029188606 9.861623456339753 9.861832158154602 9.861897173164914 9.86201885535068 9.862188018742883 9.862333557876351 9.862426710256297 9.862467272617398 9.862627127373415 9.862795257282272 9.863077646066294 9.86329534673126 9.863478739676447 9.863637906882943 9.863783331573668 9.863908567314908 9.864024901443111 9.864123008411108 9.864213556963637 
# ejected_gas_mass_list
-10.0 -10.0 -10.0 6.00310981732826 6.459578138432427 6.704814536995796 6.866769063911678 6.991163812745801 7.090726652496757 7.1721675453193905 7.240045830632688 7.297451508037404 7.346635254592309 7.389277209269721 7.4266096453261445 7.459592034246802 7.574270588066503 7.690699431277461 7.757229235569532 7.803790602927392 7.8394251199174585 7.867974668083673 7.891649570172775 7.91179172780934 7.929223150226306 7.930833032470596 7.932452986820872 7.934006714586574 7.935596789549754 7.937124252087463 7.938654597823566 7.940171724610518 7.941667146831935 7.944604809816556 7.958155982125889 7.981519641739517 8.00083234118718 8.017236093088798 8.03137566023731 8.049381385616076 8.064331221055712 8.077227333289416 8.081168988661583 8.088452972060999 8.098383721326803 8.106752569906353 8.112027073580562 8.11430428860206 8.12316625215192 8.132299292943935 8.147227211969234 8.15840150150717 8.167600919276442 8.17543321304308 8.182470289471157 8.1884422175176 8.193918560110292 8.198484919295165 8.202658190128508 
# stellar_mass_list
-10.0 7.245548685321521 8.342933991217869 8.482040883754495 8.538310963905285 8.580971695006086 8.613177544465731 8.638125553696362 8.657449300896197 8.672666451696259 8.684767923006355 8.694198148170196 8.701629134189364 8.707319858050374 8.711578238256466 8.714660646696192 8.662814708373606 8.612951100207411 8.579940855865658 8.554428706283352 8.533258767226258 8.515074746532344 8.499017416341792 8.484611883068265 8.471502765016755 8.470250003242809 8.469011371956483 8.467791088995437 8.466584132432361 8.46537127899013 8.464172263036133 8.462978512515507 8.46179257222986 8.459457205131905 8.448310949884426 8.428117109385862 8.410162909464782 8.393820261016536 8.378851809901901 8.358481777948786 8.339985890697072 8.3229036844794 8.317385471516062 8.30696825581214 8.291857431432078 8.278030198614244 8.268815304960489 8.26466622335414 8.247444212014418 8.228043315107104 8.191290780116564 8.15898343939504 8.131517905986355 8.10694768457938 8.084371917939453 8.065250914106105 8.046656386916199 8.029971188948926 8.015094522621249 
# remnant_mass_list
-10.0 -10.0 5.953009602921367 7.251042448217426 7.575251351119498 7.745390740350135 7.85588807235555 7.934337401107901 7.993192298717882 8.038984841796811 8.075554499802697 8.105346744312502 8.130025299968038 8.150739028363503 8.168338465070063 8.183441511679117 8.2251011495096 8.261674017413531 8.283153732932663 8.298438183280997 8.310284381363024 8.319928289158556 8.32804226576913 8.335026119471515 8.34114080418227 8.341711997140084 8.34227606200299 8.342831981733003 8.34338046357723 8.34392446901406 8.344462845638352 8.344998451660512 8.345529034424102 8.346566128101811 8.351430756755537 8.35987500387794 8.367001853583883 8.373198318750084 8.378641000838492 8.385704397292665 8.391803394411282 8.39717822756554 8.398867537383278 8.401982405862876 8.406372476285188 8.410218857650143 8.412721248813218 8.413817653450435 8.418287844772284 8.423075087242282 8.431553386319234 8.438355600451096 8.4436793417952 8.4481301815141 8.4519789927389 8.455032475783188 8.457884121453294 8.460317212469256 8.462379267781529 
# BH_mass_list
-10.0 -10.0 5.705360653145222 7.046952117560486 7.320473032569654 7.450172886707757 7.529693731193136 7.583710020054275 7.622340254325988 7.650739201560213 7.672017756834745 7.688167087555099 7.700570533184875 7.7101526462371845 7.717605230112792 7.723415057059806 7.727963203722977 7.727963203722977 7.727963203722977 7.727963203722977 7.727963203722977 7.727963203722977 7.727963203722977 7.727963203722977 7.727963203722977 7.727963203722977 7.727963203722977 7.727963203722977 7.727963203722977 7.727963203722977 7.727963203722977 7.727963203722977 7.727963203722977 7.727963203722977 7.727963203722977 7.727963203722977 7.727963203722977 7.727963203722977 7.727963203722977 7.727963203722977 7.727963203722977 7.727963203722977 7.727963203722977 7.727963203722977 7.727963203722977 7.727963203722977 7.727963203722977 7.727963203722977 7.727963203722977 7.727963203722977 7.727963203722977 7.727963203722977 7.727963203722977 7.727963203722977 7.727963203722977 7.727963203722977 7.727963203722977 7.727963203722977 7.727963203722977 
# NS_mass_list
-10.0 -10.0 5.591105509530751 6.825024291447444 7.222450307976958 7.438341341536642 7.57673414157882 7.668086069847962 7.731910115970485 7.778670075691768 7.813993529649873 7.841239381865001 7.862571618846729 7.879453241096773 7.892924724822203 7.903740683371933 7.920576476586342 7.920576476586342 7.920576476586342 7.920576476586342 7.920576476586342 7.920576476586342 7.920576476586342 7.920576476586342 7.920576476586342 7.920576476586342 7.920576476586342 7.920576476586342 7.920576476586342 7.920576476586342 7.920576476586342 7.920576476586342 7.920576476586342 7.920576476586342 7.920576476586342 7.920576476586342 7.920576476586342 7.920576476586342 7.920576476586342 7.920576476586342 7.920576476586342 7.920576476586342 7.920576476586342 7.920576476586342 7.920576476586342 7.920576476586342 7.920576476586342 7.920576476586342 7.920576476586342 7.920576476586342 7.920576476586342 7.920576476586342 7.920576476586342 7.920576476586342 7.920576476586342 7.920576476586342 7.920576476586342 7.920576476586342 7.920576476586342 
# WD_mass_list
-10.0 -10.0 -10.0 -10.0 -10.0 3.909257997295343 5.220869404060143 6.023320031084762 6.413737682024467 6.660452267903344 6.835618598114271 6.968464465514812 7.073560923406742 7.159201429161186 7.230567693851304 7.291042041846526 7.493886446436969 7.662135125042387 7.741907914167075 7.792890254853969 7.829746008075778 7.858274573618043 7.881360985112473 7.900618866121756 7.9170475218693515 7.9185624919266635 7.920055334391447 7.9215235049565695 7.922969018102764 7.92439979241101 7.925812893872178 7.927215906366574 7.928603004755664 7.93130640448144 7.943850998394564 7.965117354900605 7.982593915371758 7.997460101669929 8.010278984008497 8.026599219214999 8.040418602420111 8.05239804140836 8.056125983149068 8.062954414445995 8.072480719910464 8.080736051161923 8.086062330496839 8.088385153778853 8.097788565124779 8.107742483142209 8.125087941803374 8.13875483880524 8.149303498761766 8.158026706479882 8.165501738127716 8.171388193439906 8.176851204477924 8.181486619422635 8.185396880380845 
