# time_axis
1000000 10000000 20000000 30000000 40000000 50000000 60000000 70000000 80000000 90000000 100000000 110000000 120000000 130000000 140000000 150000000 200000000 300000000 400000000 500000000 600000000 700000000 800000000 900000000 1000000000 1010000000 1020000000 1030000000 1040000000 1050000000 1060000000 1070000000 1080000000 1100000000 1200000000 1400000000 1600000000 1800000000 2000000000 2300000000 2600000000 2900000000 3000000000 3200000000 3500000000 3800000000 4000000000 4100000000 4500000000 5000000000 6000000000 7000000000 8000000000 9000000000 10000000000 11000000000 12000000000 13000000000 14000000000 
# SNIa_energy_release_list
0 0.0 0.0 0.0 0.0 0.0 4.926136549949872e+53 2.748981910828866e+54 5.0072357020208655e+54 6.999688557380407e+54 8.738171784312173e+54 1.0270761284564994e+55 1.1639174714733626e+55 1.287491289033302e+55 1.4001468532988127e+55 1.5036642493316728e+55 1.92366036772677e+55 2.4924465333678984e+55 2.8849966496500186e+55 3.185099971454234e+55 3.428132778674161e+55 3.632327314782171e+55 3.8084414093578275e+55 3.9632591025740727e+55 4.101387224180617e+55 4.114410683642831e+55 4.127317344544368e+55 4.1400864016380375e+55 4.15273028836507e+55 4.165253435531069e+55 4.177649578615328e+55 4.189926068546375e+55 4.2020890824281496e+55 4.2260773122549093e+55 4.3397172106147847e+55 4.5406052715431223e+55 4.7142354785704356e+55 4.867138851906229e+55 5.003752931181175e+55 5.184743317682728e+55 5.34331555063113e+55 5.484418731338455e+55 5.528255743678802e+55 5.611526676017681e+55 5.727153115127086e+55 5.833228707913015e+55 5.899359047973888e+55 5.931186736320743e+55 6.051161158543861e+55 6.186861138759079e+55 6.421567175039016e+55 6.619896059250062e+55 6.791606869338042e+55 6.943075241163263e+55 7.078445096372665e+55 7.200915171123112e+55 7.312709330074156e+55 7.415532913940009e+55 7.510718824734065e+55 
# SNII_energy_release_list
0 0.0 3.822303542307115e+54 2.2178412490962228e+55 4.3448038612101286e+55 6.195052611662925e+55 7.501175810476406e+55 7.785121544322838e+55 7.846758679761333e+55 7.86014322532394e+55 7.863189242888363e+55 7.863874204944632e+55 7.864156082320262e+55 7.864248463963151e+55 7.864308341676005e+55 7.86435871791026e+55 7.864463412317899e+55 7.864463412317899e+55 7.864463412317899e+55 7.864463412317899e+55 7.864463412317899e+55 7.864463412317899e+55 7.864463412317899e+55 7.864463412317899e+55 7.864463412317899e+55 7.864463412317899e+55 7.864463412317899e+55 7.864463412317899e+55 7.864463412317899e+55 7.864463412317899e+55 7.864463412317899e+55 7.864463412317899e+55 7.864463412317899e+55 7.864463412317899e+55 7.864463412317899e+55 7.864463412317899e+55 7.864463412317899e+55 7.864463412317899e+55 7.864463412317899e+55 7.864463412317899e+55 7.864463412317899e+55 7.864463412317899e+55 7.864463412317899e+55 7.864463412317899e+55 7.864463412317899e+55 7.864463412317899e+55 7.864463412317899e+55 7.864463412317899e+55 7.864463412317899e+55 7.864463412317899e+55 7.864463412317899e+55 7.864463412317899e+55 7.864463412317899e+55 7.864463412317899e+55 7.864463412317899e+55 7.864463412317899e+55 7.864463412317899e+55 7.864463412317899e+55 7.864463412317899e+55 
# SN_energy_per_current_crossing_time_list
0.0 0.0 9.319791347132673e+54 4.219396507611992e+55 4.871770276183542e+55 4.256177869374129e+55 3.0228782153285453e+55 6.784899158934921e+54 1.6322176349679872e+54 4.870254887489943e+53 2.239557646308682e+53 1.5095617699284188e+53 1.2732183741550914e+53 1.113837348247157e+53 1.0115430959072904e+53 9.299825295698446e+52 7.553390677166886e+52 5.13406095433794e+52 3.570676387461695e+52 2.746786265101019e+52 2.2361296261519335e+52 1.8873177179995984e+52 1.634335008561055e+52 1.4418938248282363e+52 1.2907136229570259e+52 1.2173271475718292e+52 1.206773040603041e+52 1.1942671657945084e+52 1.1829187530837168e+52 1.1719799727543899e+52 1.1604498343495905e+52 1.1496018697882443e+52 1.1393175980901932e+52 1.1241331162705347e+52 1.0680446321557206e+52 9.487802013971327e+51 8.236729707118153e+51 7.282208973094465e+51 6.529495370249412e+51 5.7941748970781644e+51 5.0976976518599636e+51 4.55299456787964e+51 4.248604394072439e+51 4.043929074552853e+51 3.75502313706755e+51 3.454252422937904e+51 3.2356778160127246e+51 3.11696260564168e+51 2.946408143195301e+51 2.674765903465823e+51 2.326136838900804e+51 1.974565166643102e+51 1.7163853172203145e+51 1.519628161322127e+51 1.3628941849900255e+51 1.2367238139530258e+51 1.1323147228694579e+51 1.0443080788569367e+51 9.691575403592736e+50 
# SN_energy_per_final_crossing_time_list
0.0 0.0 1.0378046550982148e+55 4.983920064314357e+55 5.774977511962109e+55 5.023663728052717e+55 3.55130841553277e+55 7.93922987984721e+54 1.9034570094457355e+54 5.662738878011325e+53 2.597110235867489e+53 1.7464177499548324e+53 1.4698153731491895e+53 1.2832784370581487e+53 1.1632864601347802e+53 1.0676642961479126e+53 8.609428537661655e+52 5.791228940129504e+52 3.9968405196735743e+52 3.055571930626267e+52 2.4744951821858813e+52 2.0790542709351692e+52 1.793146709399328e+52 1.5763124343704708e+52 1.406383670376149e+52 1.326013885256304e+52 1.3141217675215892e+52 1.300111315043524e+52 1.2873668023689105e+52 1.2750734224960412e+52 1.262142205843189e+52 1.249959441115262e+52 1.238405612624639e+52 1.2212087704227622e+52 1.1570511167290318e+52 1.022694311546173e+52 8.839282146427e+51 7.784106701220017e+51 6.954840477127669e+51 6.142652707991125e+51 5.381800519688586e+51 4.788916427174936e+51 4.463367603677352e+51 4.2392120480717156e+51 3.924258481566716e+51 3.600111253824386e+51 3.3666073677217287e+51 3.240610285307391e+51 3.0538688703455005e+51 2.7633219655106513e+51 2.389714222734948e+51 2.0193317687534642e+51 1.7483136419003992e+51 1.5422105378385095e+51 1.3782997380503586e+51 1.24695761612828e+51 1.1382582906617922e+51 1.0469222892236272e+51 9.691575403592736e+50 
# total_energy_release_list
0 0 3.822303542307115e+54 2.2178412490962228e+55 4.3448038612101286e+55 6.195052611662925e+55 7.550437175975905e+55 8.060019735405725e+55 8.34748224996342e+55 8.56011208106198e+55 8.737006421319581e+55 8.89095033340113e+55 9.028073553793624e+55 9.151739752996453e+55 9.264455194974818e+55 9.368022967241933e+55 9.788123780044669e+55 1.0356909945685797e+56 1.074946006196792e+56 1.1049563383772132e+56 1.129259619099206e+56 1.1496790727100071e+56 1.1672904821675728e+56 1.1827722514891972e+56 1.1965850636498516e+56 1.197887409596073e+56 1.1991780756862266e+56 1.2004549813955937e+56 1.201719370068297e+56 1.2029716847848967e+56 1.2042112990933227e+56 1.2054389480864275e+56 1.2066552494746048e+56 1.2090540724572808e+56 1.2204180622932683e+56 1.2405068683861022e+56 1.2578698890888335e+56 1.2731602264224129e+56 1.2868216343499075e+56 1.3049206730000627e+56 1.320777896294903e+56 1.3348882143656354e+56 1.3392719155996702e+56 1.347599008833558e+56 1.3591616527444985e+56 1.3697692120230914e+56 1.3763822460291788e+56 1.379565014863864e+56 1.391562457086176e+56 1.4051324551076978e+56 1.4286030587356914e+56 1.4484359471567962e+56 1.4656070281655942e+56 1.4807538653481162e+56 1.4942908508690563e+56 1.506537858344101e+56 1.5177172742392054e+56 1.5279996326257909e+56 1.5375182237051964e+56 
# binding_energy_list
3.0130060241861157e+54 3.0130060241861157e+54 3.0130060241861157e+54 3.0130060241861157e+54 3.0060763026282413e+54 3.0060763026282413e+54 2.9991625189876288e+54 2.9991625189876288e+54 2.992264636608183e+54 2.992264636608183e+54 2.992264636608183e+54 2.992264636608183e+54 2.9853826189179692e+54 2.9853826189179692e+54 2.9853826189179692e+54 2.9853826189179692e+54 2.9785164294291667e+54 2.9648313895243513e+54 2.9580124665515223e+54 2.951209226666378e+54 2.9444216337987694e+54 2.9376496519615545e+54 2.9376496519615545e+54 2.9308932452503125e+54 2.9241523778433426e+54 2.9241523778433426e+54 2.9241523778433426e+54 2.9241523778433426e+54 2.9241523778433426e+54 2.9241523778433426e+54 2.9241523778433426e+54 2.9241523778433426e+54 2.9241523778433426e+54 2.9241523778433426e+54 2.9174270140011897e+54 2.9107171180665963e+54 2.9107171180665963e+54 2.904022654464457e+54 2.897343587701345e+54 2.8906798823654658e+54 2.8840315031266116e+54 2.8840315031266116e+54 2.8840315031266116e+54 2.87739841473569e+54 2.87739841473569e+54 2.8707805820246804e+54 2.8707805820246804e+54 2.8707805820246804e+54 2.8641779699065856e+54 2.857590543374967e+54 2.851018267503898e+54 2.851018267503898e+54 2.84446110744792e+54 2.8379190284415756e+54 2.8379190284415756e+54 2.831391995799367e+54 2.831391995799367e+54 2.8248799749157104e+54 2.8248799749157104e+54 
# total_gas_kinetic_energy_list
5.684631899057586e+58 2.13856496168813e+59 4.6514335030037434e+58 1.0096148531937743e+58 2.1941103679321784e+57 4.7887747681753155e+56 1.0621906246547054e+56 2.510527702597274e+55 7.41214538135139e+54 3.527955523770141e+54 2.592049088912905e+54 2.280064760230628e+54 2.111426854281468e+54 1.9862610052928646e+54 1.8812115791140097e+54 1.787885366278831e+54 7.854352898685452e+54 1.7373334354865202e+55 2.4797022402761443e+55 3.084244262558411e+55 3.5973140315625496e+55 4.044149212344258e+55 4.448105326799288e+55 4.816764434858248e+55 5.159837703478909e+55 5.191930764492495e+55 5.223480684801196e+55 5.25512291388829e+55 5.286975537977592e+55 5.319026416543997e+55 5.3512936593846e+55 5.383691957434018e+55 5.415369144894357e+55 5.475229257915322e+55 5.771195627587096e+55 6.312523371248964e+55 6.795095107805432e+55 7.232487716814809e+55 7.628251295911953e+55 8.155414951424277e+55 8.623891148240902e+55 9.042309604759533e+55 9.178460870354393e+55 9.421577415035321e+55 9.767546778968932e+55 1.0070975411018273e+56 1.02580006801311e+56 1.0341682216231167e+56 1.0678556458183935e+56 1.1029064992063412e+56 1.1620751839454151e+56 1.209360247468972e+56 1.2515020736751133e+56 1.2909687908488759e+56 1.329094208817889e+56 1.3619893219420623e+56 1.3952821030922084e+56 1.4258292978736431e+56 1.4539705050832484e+56 
