# time_axis
5.999999999999999 7.0 7.30102999566398 7.477121254719661 7.602059991327962 7.698970004336018 7.778151250383643 7.845098040014256 7.903089986991943 7.954242509439324 8.0 8.041392685158224 8.079181246047623 8.113943352306837 8.146128035678238 8.176091259055681 8.301029995663981 8.47712125471966 8.60205999132796 8.698970004336019 8.778151250383644 8.845098040014257 8.903089986991942 8.954242509439323 8.999999999999998 9.004321373782641 9.008600171761916 9.012837224705171 9.017033339298779 9.021189299069936 9.02530586526477 9.02938377768521 9.033423755486949 9.041392685158224 9.079181246047623 9.146128035678236 9.204119982655923 9.255272505103305 9.301029995663981 9.361727836017593 9.414973347970816 9.462397997898954 9.477121254719663 9.505149978319904 9.544068044350274 9.57978359661681 9.60205999132796 9.612783856719734 9.653212513775342 9.698970004336017 9.778151250383642 9.845098040014257 9.903089986991944 9.954242509439325 10.0 10.041392685158225 10.079181246047623 10.113943352306835 10.146128035678236 
# total_gas_mass_list
9.997672116975588 10.57324578903035 9.910711442939254 9.247302189497065 8.584464315951276 7.923688488719999 7.270861544569272 6.646448478230979 6.114875511429042 5.783606006939694 5.640865663144583 5.580184943392265 5.544041315447702 5.515518213461895 5.490259726859497 5.4669216911325496 6.1077511449348005 6.448518848547804 6.6027370143606925 6.700069479835812 6.769747785783523 6.822998485078462 6.865886790040749 6.901423707524783 6.931900654195068 6.93463735761034 6.937310224966346 6.939972888999623 6.942635733055755 6.945298288926967 6.947960322744834 6.950615766458346 6.953195653419715 6.958026704818682 6.981100023296792 7.02012114114197 7.051891599934862 7.078590275161293 7.1012633236401115 7.129631034643315 7.15328517080793 7.173307816443649 7.179612886473425 7.190635243494691 7.2058217393793464 7.218687322413106 7.226417715601739 7.229836439467195 7.243270794260519 7.256781186424587 7.2785545347049 7.295110900825005 7.309347538112748 7.322267335702491 7.334393445704239 7.344591272747851 7.354645336496189 7.363722645106398 7.371892229708644 
# ejected_gas_mass_list
-10.0 -10.0 5.041831449858757 5.807220696302182 6.101153652073352 6.253953439961656 6.352022044321231 6.42009977225318 6.473086292062055 6.518136591498096 6.556625099428667 6.589738935568375 6.618629111295635 6.644176745022911 6.667026724225195 6.687651612358725 6.767892804454084 6.868475526989153 6.93371902930801 6.981864492701646 7.019671040818799 7.0504202612484566 7.076333209289196 7.098564260913462 7.118167154038598 7.119951330932591 7.121697664064242 7.123441031661036 7.125188204276553 7.126938867429527 7.128692858572096 7.130446157706186 7.132153054020919 7.135358572444585 7.150832690163099 7.177609957222828 7.199960774038288 7.219113332239442 7.235636186926833 7.256633868673317 7.274411178079372 7.289644903116037 7.294476504938125 7.30296213252984 7.314734039293524 7.324778667127088 7.3308452529408275 7.333535555495068 7.3441508906784545 7.35489517151151 7.372352803560152 7.385742149471289 7.397332744960458 7.407911782545816 7.417892330560652 7.42632364277807 7.434669413066702 7.442232387097556 7.449061470428694 
# stellar_mass_list
-10.0 7.937191369594208 8.609311327281361 8.657993138255138 8.660008037672164 8.655881618914092 8.651715084672613 8.648247905242085 8.645383741998375 8.642963264816986 8.64087048940967 8.639025108085306 8.637373461031983 8.635877564044046 8.634509733547302 8.633249489491714 8.628082872795208 8.620972788136372 8.61597198357107 8.612094611620254 8.608914235214082 8.606221467327627 8.60387356098827 8.601797271742845 8.599917393142277 8.59974392825052 8.599573802359298 8.599403569163748 8.599232631609757 8.599060874513789 8.598888356079906 8.598715530845968 8.59854691979234 8.598229340209128 8.596677348056 8.593902496119396 8.591479039622186 8.589321407884277 8.587394871060429 8.584827253495815 8.582540850756537 8.580495208280945 8.579828944363955 8.578638129728462 8.576911759759907 8.575347991485245 8.57435909671339 8.573904601493517 8.572055846519898 8.57004348803035 8.566410753962314 8.563357419731108 8.560731628993995 8.55835458163598 8.556126443143295 8.554250727404186 8.552390218562843 8.550737157764386 8.549235933274629 
# remnant_mass_list
-10.0 -10.0 6.014520711440586 6.734365899489879 6.926856133818461 7.01662114530072 7.070366303400894 7.107576610539989 7.135777084585064 7.158396943948988 7.177218009720865 7.193299367593514 7.207307477632899 7.21969536273763 7.230783895533736 7.240805711689579 7.279986235081333 7.32962999289471 7.3619614040758075 7.3857274562961885 7.404442179221603 7.419774317139913 7.432779081070186 7.444009775738251 7.453968723696009 7.454877808144681 7.455767688149058 7.45665658169747 7.457547836595127 7.458441621433563 7.459337886146608 7.460234359420225 7.461107193847437 7.462746965934997 7.470684589027983 7.484572176789868 7.496392368288941 7.50668435531528 7.515696054348804 7.527454488586297 7.5376919898399715 7.546673066639149 7.549562502700235 7.55468340529225 7.562012455916443 7.568555982681873 7.5726475263412745 7.574516939097051 7.582044912873957 7.590104570103966 7.604314445714039 7.615932272523662 7.625695257011435 7.634359023440396 7.642334402546405 7.648940759344529 7.655400814904028 7.661063647214994 7.666144974603146 
# BH_mass_list
-10.0 -10.0 5.744211171868064 6.422122924032654 6.490991727669803 6.504600275580911 6.507502529934015 6.508099178093852 6.508186595868569 6.508195189863392 6.508197716929251 6.5081988954716286 6.508199743877852 6.508200481650131 6.5082011605066565 6.508201796209622 6.508202395993977 6.508202395993977 6.508202395993977 6.508202395993977 6.508202395993977 6.508202395993977 6.508202395993977 6.508202395993977 6.508202395993977 6.508202395993977 6.508202395993977 6.508202395993977 6.508202395993977 6.508202395993977 6.508202395993977 6.508202395993977 6.508202395993977 6.508202395993977 6.508202395993977 6.508202395993977 6.508202395993977 6.508202395993977 6.508202395993977 6.508202395993977 6.508202395993977 6.508202395993977 6.508202395993977 6.508202395993977 6.508202395993977 6.508202395993977 6.508202395993977 6.508202395993977 6.508202395993977 6.508202395993977 6.508202395993977 6.508202395993977 6.508202395993977 6.508202395993977 6.508202395993977 6.508202395993977 6.508202395993977 6.508202395993977 6.508202395993977 
# NS_mass_list
-10.0 -10.0 5.6804306585737105 6.444266649169437 6.728567102871743 6.856108234386853 6.919091366264994 6.931644581885927 6.93430635348141 6.934867886216998 6.93498651169304 6.9350086621423594 6.935016531713363 6.9350189473720505 6.935020543815604 6.935021896396027 6.935024690678606 6.935024690678606 6.935024690678606 6.935024690678606 6.935024690678606 6.935024690678606 6.935024690678606 6.935024690678606 6.935024690678606 6.935024690678606 6.935024690678606 6.935024690678606 6.935024690678606 6.935024690678606 6.935024690678606 6.935024690678606 6.935024690678606 6.935024690678606 6.935024690678606 6.935024690678606 6.935024690678606 6.935024690678606 6.935024690678606 6.935024690678606 6.935024690678606 6.935024690678606 6.935024690678606 6.935024690678606 6.935024690678606 6.935024690678606 6.935024690678606 6.935024690678606 6.935024690678606 6.935024690678606 6.935024690678606 6.935024690678606 6.935024690678606 6.935024690678606 6.935024690678606 6.935024690678606 6.935024690678606 6.935024690678606 6.935024690678606 
# WD_mass_list
-10.0 -10.0 -10.0 -10.0 -10.0 4.159858924048882 5.382475205067685 6.0192550147096116 6.267551827594331 6.4101539027168 6.506066653888611 6.576758796352681 6.631955670250461 6.676818184246117 6.7143474793079525 6.746427181545591 6.858597703173638 6.979020732293849 7.048417550146735 7.095998224953339 7.131750590788387 7.160048676628765 7.183416089335252 7.203162423598831 7.220358268250686 7.221913844433968 7.2234343218275985 7.22495091510199 7.226469341918345 7.227989882288306 7.229512443437025 7.231033167853399 7.232511697628976 7.235283819577976 7.248602225734856 7.271519473814631 7.290661786436043 7.3070735126735515 7.321258191908289 7.339518895035548 7.3552006227995985 7.368799432836578 7.373144115780019 7.380808723443582 7.391701393868403 7.401352219478428 7.407351994831648 7.410084549009861 7.421034033354281 7.432662866039226 7.452938709384839 7.469311044029603 7.482933809422799 7.49492324555171 7.505880226274746 7.514900210325841 7.523672586818673 7.531324409432368 7.538160956345759 
