# time_axis
1000000 10000000 20000000 30000000 40000000 50000000 60000000 70000000 80000000 90000000 100000000 110000000 120000000 130000000 140000000 150000000 200000000 300000000 400000000 500000000 600000000 700000000 800000000 900000000 1000000000 1010000000 1020000000 1030000000 1040000000 1050000000 1060000000 1070000000 1080000000 1100000000 1200000000 1400000000 1600000000 1800000000 2000000000 2300000000 2600000000 2900000000 3000000000 3200000000 3500000000 3800000000 4000000000 4100000000 4500000000 5000000000 6000000000 7000000000 8000000000 9000000000 10000000000 11000000000 12000000000 13000000000 14000000000 
# SNIa_energy_release_list
0 0.0 0.0 0.0 0.0 0.0 5.854021542724536e+55 1.645746787330545e+56 2.6013934175258484e+56 3.425493241347752e+56 4.144443738744182e+56 4.781435317111103e+56 5.35324176424882e+56 5.872016417483316e+56 6.346799105980182e+56 6.784493772760987e+56 8.572186455034991e+56 1.1016198441237592e+57 1.2713660359407181e+57 1.4015624890000132e+57 1.5072144319482266e+57 1.5961000714299927e+57 1.6728354013320997e+57 1.7403435964961123e+57 1.8006113719164185e+57 1.8062985973107077e+57 1.811930333431032e+57 1.817503279169219e+57 1.823023014213238e+57 1.828488425765848e+57 1.8338990692079805e+57 1.8392588837978913e+57 1.844568598162458e+57 1.8550419743238146e+57 1.9046650735042983e+57 1.9924295778318136e+57 2.0683221776144744e+57 2.1351792643178552e+57 2.1949280705764812e+57 2.2741069807910086e+57 2.3434980621673338e+57 2.405257106555734e+57 2.424440239029844e+57 2.4609010143121856e+57 2.511525954929927e+57 2.557971386670352e+57 2.586928824906896e+57 2.6008681588751256e+57 2.6534185699889845e+57 2.7128477965303253e+57 2.8156565729038708e+57 2.9025448613120263e+57 2.977779408148454e+57 3.0441438636803037e+57 3.1034754216278347e+57 3.157137275724988e+57 3.206128623065542e+57 3.2511906855992944e+57 3.292906468142033e+57 
# SNII_energy_release_list
0 0.0 1.4908510674288897e+56 3.6708828323067783e+56 4.974230981131656e+56 5.786733187353454e+56 6.13674250349708e+56 6.182315161301863e+56 6.188363910912022e+56 6.189225102624857e+56 6.189491550710252e+56 6.189565066667181e+56 6.189615314034005e+56 6.1896578755983e+56 6.189695566184449e+56 6.189729414554784e+56 6.18978458193104e+56 6.18978458193104e+56 6.18978458193104e+56 6.18978458193104e+56 6.18978458193104e+56 6.18978458193104e+56 6.18978458193104e+56 6.18978458193104e+56 6.18978458193104e+56 6.18978458193104e+56 6.18978458193104e+56 6.18978458193104e+56 6.18978458193104e+56 6.18978458193104e+56 6.18978458193104e+56 6.18978458193104e+56 6.18978458193104e+56 6.18978458193104e+56 6.18978458193104e+56 6.18978458193104e+56 6.18978458193104e+56 6.18978458193104e+56 6.18978458193104e+56 6.18978458193104e+56 6.18978458193104e+56 6.18978458193104e+56 6.18978458193104e+56 6.18978458193104e+56 6.18978458193104e+56 6.18978458193104e+56 6.18978458193104e+56 6.18978458193104e+56 6.18978458193104e+56 6.18978458193104e+56 6.18978458193104e+56 6.18978458193104e+56 6.18978458193104e+56 6.18978458193104e+56 6.18978458193104e+56 6.18978458193104e+56 6.18978458193104e+56 6.18978458193104e+56 6.18978458193104e+56 
# SN_energy_per_current_crossing_time_list
0.0 0.0 1.648681652075772e+56 2.9342293632321044e+56 1.9104569967777658e+56 1.2395879281280343e+56 5.817157923876666e+55 1.3595225047122903e+55 6.772824065563195e+54 5.2004203707257796e+54 4.5049204024777465e+54 4.0011167747696554e+54 3.618328579609954e+54 3.306191915254717e+54 3.0455643574045552e+54 2.824377351500828e+54 2.360202190437144e+54 1.6633876359684934e+54 1.179763672797357e+54 9.19242590307992e+53 7.553679692839654e+53 6.421207515826199e+53 5.592714776991154e+53 4.958055704884106e+53 4.456574376721009e+53 4.208092861847217e+53 4.169593869301028e+53 4.1286045450484275e+53 4.091701865172851e+53 4.0539285928473405e+53 4.015784266169583e+53 3.980499280065533e+53 3.9456065721855915e+53 3.895732309386134e+53 3.7118724754239088e+53 3.3140381760320956e+53 2.8890966116457578e+53 2.5630886906373992e+53 2.3046814342600743e+53 2.0522855906674717e+53 1.810851639867864e+53 1.6212440553342872e+53 1.5136245754760275e+53 1.4432179550995357e+53 1.342133609734052e+53 1.2363510534580515e+53 1.159119083115091e+53 1.1172006453036398e+53 1.0576111185548258e+53 9.612760221071167e+52 8.379225652441195e+52 7.125269657489914e+52 6.202856383841809e+52 5.498620775100145e+52 4.938957330394764e+52 4.485011091119382e+52 4.11095785712653e+52 3.7951018965128045e+52 3.525020915470079e+52 
# SN_energy_per_final_crossing_time_list
0.0 0.0 3.359419944016657e+56 4.912390210881967e+56 2.9369088977550245e+56 1.8308576730245653e+56 8.381630078663925e+55 1.9229154463371468e+55 9.43829878349552e+54 7.157774431489733e+54 6.13523624188384e+54 5.399201550081756e+54 4.843138119721678e+54 4.393282834792599e+54 4.020449194872715e+54 3.7061863075409774e+54 3.023718830217059e+54 2.0652119758744106e+54 1.4343704948196492e+54 1.1001716668837066e+54 8.927683623600804e+53 7.51091599293738e+53 6.484203972040924e+53 5.704502838343683e+53 5.092680897638091e+53 4.805756297469101e+53 4.758867364938486e+53 4.709188966493415e+53 4.66422545425921e+53 4.618321618409536e+53 4.57204207547338e+53 4.529091240975346e+53 4.486756102703671e+53 4.4250482400209955e+53 4.1931962398748485e+53 3.7080895350985513e+53 3.2064962618068744e+53 2.8247417956903733e+53 2.5244137697794e+53 2.2302295642692907e+53 1.9545361354784235e+53 1.7395648195061872e+53 1.6209918422648226e+53 1.5404840522029161e+53 1.425950912296712e+53 1.308226833535518e+53 1.2234647083231727e+53 1.1778861809770133e+53 1.1101391787575541e+53 1.0043645535538572e+53 8.687433506475455e+52 7.342138041743537e+52 6.357386461409578e+52 5.60785581701323e+52 5.01356968428421e+52 4.5344746406608505e+52 4.1398126446644666e+52 3.8077845660204035e+52 3.525020915470079e+52 
# total_energy_release_list
0 0 1.4908510674288897e+56 3.6708828323067783e+56 4.974230981131656e+56 5.786733187353454e+56 6.722144657769533e+56 7.828061948632408e+56 8.789757328437871e+56 9.614718343972609e+56 1.0333935289454433e+57 1.0971000383778284e+57 1.1542857078282826e+57 1.2061674293081616e+57 1.253649467216463e+57 1.297422318731577e+57 1.4761971036966031e+57 1.7205983023168632e+57 1.890344494133822e+57 2.0205409471931172e+57 2.1261928901413306e+57 2.2150785296230967e+57 2.2918138595252037e+57 2.3593220546892163e+57 2.4195898301095225e+57 2.4252770555038118e+57 2.430908791624136e+57 2.436481737362323e+57 2.442001472406342e+57 2.447466883958952e+57 2.4528775274010845e+57 2.4582373419909953e+57 2.463547056355562e+57 2.4740204325169186e+57 2.5236435316974023e+57 2.6114080360249176e+57 2.6873006358075784e+57 2.7541577225109593e+57 2.8139065287695852e+57 2.8930854389841126e+57 2.9624765203604378e+57 3.024235564748838e+57 3.043418697222948e+57 3.0798794725052896e+57 3.130504413123031e+57 3.176949844863456e+57 3.2059072831e+57 3.21984661706823e+57 3.272397028182089e+57 3.33182625472343e+57 3.434635031096975e+57 3.5215233195051303e+57 3.596757866341558e+57 3.6631223218734074e+57 3.722453879820939e+57 3.776115733918092e+57 3.825107081258646e+57 3.8701691437923984e+57 3.9118849263351374e+57 
# binding_energy_list
8.790225168308896e+54 8.790225168308896e+54 8.749837752274363e+54 8.669618757582214e+54 8.590135215053907e+54 8.550667128846876e+54 8.51138038202376e+54 8.472274141405911e+54 8.452788451602891e+54 8.413951416451895e+54 8.394599865193965e+54 8.375292821268861e+54 8.356030182312423e+54 8.336811846196331e+54 8.317637711026743e+54 8.298507675144166e+54 8.241381150129963e+54 8.147042840208421e+54 8.090958991783846e+54 8.035261221856194e+54 7.99834255007026e+54 7.96159350417325e+54 7.925013304804734e+54 7.90678627999831e+54 7.888601176185516e+54 7.888601176185516e+54 7.888601176185516e+54 7.870457896951001e+54 7.870457896951001e+54 7.870457896951001e+54 7.870457896951001e+54 7.870457896951001e+54 7.870457896951001e+54 7.870457896951001e+54 7.852356346100775e+54 7.816278045883308e+54 7.780365510398008e+54 7.762471166286928e+54 7.744617978025239e+54 7.709034690644309e+54 7.691304402866145e+54 7.673614893618154e+54 7.673614893618154e+54 7.655966069112569e+54 7.638357835776954e+54 7.620790100254084e+54 7.620790100254084e+54 7.620790100254084e+54 7.603262769401822e+54 7.585775750291883e+54 7.550922276654341e+54 7.533555637337217e+54 7.516228940182015e+54 7.498942093324558e+54 7.498942093324558e+54 7.481695005111584e+54 7.464487584100623e+54 7.447319739059888e+54 7.447319739059888e+54 
# total_gas_kinetic_energy_list
4.278785394632788e+59 4.254183472653303e+59 5.53171850478647e+58 7.212893891463565e+57 9.536993877304994e+56 1.3494038884350764e+56 2.6230803193437085e+55 1.0988365760916248e+55 8.141998057902492e+54 7.05868679775158e+54 6.256791683663138e+54 5.589352681964366e+54 5.042164933048834e+54 4.592212070972954e+54 4.214285026980627e+54 3.889398375889823e+54 1.7594572793125954e+55 3.6515296091071557e+55 4.95914561433159e+55 5.938548832573116e+55 6.717257467819758e+55 7.362085067573627e+55 7.919741080863394e+55 8.408844314030419e+55 8.848979605861659e+55 8.889098131044354e+55 8.929043438981255e+55 8.969058389155277e+55 9.009158230964525e+55 9.049348511291147e+55 9.089707675151718e+55 9.129815107444039e+55 9.168166618319429e+55 9.24188662771818e+55 9.601296886773392e+55 1.0235295176076134e+56 1.0777196621791836e+56 1.1251955250278545e+56 1.1668298380583556e+56 1.2204908071595891e+56 1.2664808019186647e+56 1.306440065476414e+56 1.3193406110458775e+56 1.3416653711091679e+56 1.3728962539213665e+56 1.399866950625848e+56 1.4161551412705977e+56 1.4235126025289134e+56 1.452144709552271e+56 1.4815153412823144e+56 1.5294086321935479e+56 1.5666814710196913e+56 1.5997789034361105e+56 1.6306546231729233e+56 1.6603555702655147e+56 1.6860421677302079e+56 1.711667214579522e+56 1.7356102705056569e+56 1.757471413400153e+56 
