# time_axis
5.999999999999999 7.0 7.30102999566398 7.477121254719661 7.602059991327962 7.698970004336018 7.778151250383643 7.845098040014256 7.903089986991943 7.954242509439324 8.0 8.041392685158224 8.079181246047623 8.113943352306837 8.146128035678238 8.176091259055681 8.301029995663981 8.47712125471966 8.60205999132796 8.698970004336019 8.778151250383644 8.845098040014257 8.903089986991942 8.954242509439323 8.999999999999998 9.004321373782641 9.008600171761916 9.012837224705171 9.017033339298779 9.021189299069936 9.02530586526477 9.02938377768521 9.033423755486949 9.041392685158224 9.079181246047623 9.146128035678236 9.204119982655923 9.255272505103305 9.301029995663981 9.361727836017593 9.414973347970816 9.462397997898954 9.477121254719663 9.505149978319904 9.544068044350274 9.57978359661681 9.60205999132796 9.612783856719734 9.653212513775342 9.698970004336017 9.778151250383642 9.845098040014257 9.903089986991944 9.954242509439325 10.0 10.041392685158225 10.079181246047623 10.113943352306835 10.146128035678236 
# total_gas_mass_list
10.87444351720968 10.87193923134776 9.98598921168184 9.10142317196258 8.2240683263922 7.37765520247485 6.670195510927312 6.298199983514296 6.166722537199109 6.100339759944539 6.044296050160589 5.992801486156056 5.946089694622679 5.9037544838440095 5.865099646335091 5.829451850458056 6.4832704039588265 6.79700632547871 6.9298926120497315 7.010332311405287 7.0661575347876635 7.107891937004614 7.14085712870094 7.167697049161699 7.190385670241687 7.192398339319721 7.19438701026961 7.196369641857313 7.198344769086289 7.200312011974992 7.202277001873238 7.2042200545725885 7.206072976576368 7.209613713355984 7.226419695969933 7.254426169249625 7.27684726584735 7.2954386320115026 7.311048919480996 7.3303224747019895 7.346170037739405 7.3595074671859075 7.36375340498017 7.370935686700359 7.380742794190202 7.389093080087413 7.394066322932941 7.396306929370682 7.404865693226796 7.413529487756526 7.427305678622626 7.4377837195908105 7.446853447398764 7.455097273124775 7.462825761840601 7.469427079176005 7.47585038781974 7.481778351758351 7.487117878438845 
# ejected_gas_mass_list
-10.0 -10.0 6.376022961725614 6.8263771854311415 7.001206261389031 7.083118800785337 7.136310162455118 7.177990466254328 7.211532118762351 7.2391615095951 7.262168089788886 7.2816623261292355 7.298483672463606 7.313223343639021 7.326301339445869 7.338023099469691 7.382841685612111 7.4372629881628205 7.471472168275584 7.4961514917748495 7.5151915403110365 7.530496061736634 7.543250041838319 7.554075675413057 7.5635398445938815 7.564393333948362 7.565238884945209 7.566084084327903 7.566928286377494 7.5677713044446335 7.5686155362521115 7.569452486017133 7.570252599114593 7.571786927081013 7.579166408095019 7.591820982601262 7.602275002413436 7.611162127065778 7.618777699927523 7.628373883375601 7.636424468473215 7.64331186734428 7.645525912289177 7.649294687791432 7.6544886067367255 7.658954440316924 7.661633159898597 7.6628446326494535 7.667498678414269 7.672252416178554 7.679899282232685 7.685787563881252 7.690934598700685 7.695653214742398 7.700111599149738 7.703946294388569 7.7077010050880395 7.711186611296266 7.7143429809508035 
# stellar_mass_list
-10.0 8.63787151077262 8.772401813109386 8.530547620837142 8.415262759352242 8.358778732541918 8.324018906470002 8.298910676493106 8.279185139407161 8.262936987860806 8.24914000736494 8.237163814607433 8.226597147191777 8.217152169893637 8.208622786666236 8.200851676578855 8.169938790023098 8.129704218703866 8.102933405881789 8.082994196108928 8.067156955166002 8.054084711102428 8.042936167767921 8.033280812422946 8.024680245839685 8.023900626246556 8.023128564090221 8.022353983213492 8.021577046193942 8.020798060832744 8.020016309031922 8.019239908200488 8.018499243127021 8.01707787856855 8.010174608575078 7.998065526621538 7.9877000063959 7.978674936185014 7.970732477514178 7.9603318103085545 7.95125294226773 7.943271198870759 7.94069323029194 7.9361376317945815 7.929597697860154 7.923736931814641 7.920080199607419 7.918403109417597 7.911652704078591 7.904397254338409 7.891585698859471 7.880959101073524 7.871680480073012 7.863155719685499 7.85504646928083 7.848141111061658 7.841204136645215 7.834978036708367 7.829261762164658 
# remnant_mass_list
-10.0 -10.0 7.688166292784432 8.025951106649702 8.097728052484428 8.125539745235026 8.140799564503912 8.150915602974 8.158457349895713 8.16441750613596 8.169306580297688 8.173426709149126 8.176969301550198 8.180064340497523 8.18280274686577 8.185252010519616 8.194573048397752 8.20577953395071 8.212700189649551 8.217595380084012 8.221333467911414 8.224322030909452 8.226804526934309 8.228905328595891 8.230741233800355 8.23090532886728 8.231067576829268 8.231230304962041 8.23139352228987 8.231557137671333 8.231721318907455 8.231884160726331 8.232038611478202 8.232333450675378 8.233757189519975 8.23620380990744 8.238247881827679 8.239990089193363 8.241493962002703 8.243423645693138 8.245073890464603 8.246497214261344 8.246954245170599 8.247748332805864 8.24888055421253 8.249879046020608 8.250496090530786 8.250775472075459 8.251901321735737 8.25308517926876 8.255139342684563 8.256797876692916 8.258218109145776 8.259506892298482 8.260722565188122 8.2617319387376 8.262745293409314 8.263638694598058 8.264447190708756 
# BH_mass_list
-10.0 -10.0 7.544287055938525 7.844066713736785 7.8713463840707965 7.874729109984929 7.875079513881367 7.875095305693947 7.875098402848266 7.875099717967446 7.875100689565243 7.875101523443868 7.875102256366866 7.87510290734004 7.8751034919291 7.875104022220904 7.87510450735251 7.87510450735251 7.87510450735251 7.87510450735251 7.87510450735251 7.87510450735251 7.87510450735251 7.87510450735251 7.87510450735251 7.87510450735251 7.87510450735251 7.87510450735251 7.87510450735251 7.87510450735251 7.87510450735251 7.87510450735251 7.87510450735251 7.87510450735251 7.87510450735251 7.87510450735251 7.87510450735251 7.87510450735251 7.87510450735251 7.87510450735251 7.87510450735251 7.87510450735251 7.87510450735251 7.87510450735251 7.87510450735251 7.87510450735251 7.87510450735251 7.87510450735251 7.87510450735251 7.87510450735251 7.87510450735251 7.87510450735251 7.87510450735251 7.87510450735251 7.87510450735251 7.87510450735251 7.87510450735251 7.87510450735251 7.87510450735251 
# NS_mass_list
-10.0 -10.0 7.138424773379022 7.560189322658169 7.706499927874009 7.7666001852891045 7.787881572141793 7.790547627859586 7.790886138529557 7.790928155705041 7.790938832498625 7.790941266129105 7.790942911232165 7.79094430062103 7.790945528989488 7.790946630537448 7.790948548541262 7.790948548541262 7.790948548541262 7.790948548541262 7.790948548541262 7.790948548541262 7.790948548541262 7.790948548541262 7.790948548541262 7.790948548541262 7.790948548541262 7.790948548541262 7.790948548541262 7.790948548541262 7.790948548541262 7.790948548541262 7.790948548541262 7.790948548541262 7.790948548541262 7.790948548541262 7.790948548541262 7.790948548541262 7.790948548541262 7.790948548541262 7.790948548541262 7.790948548541262 7.790948548541262 7.790948548541262 7.790948548541262 7.790948548541262 7.790948548541262 7.790948548541262 7.790948548541262 7.790948548541262 7.790948548541262 7.790948548541262 7.790948548541262 7.790948548541262 7.790948548541262 7.790948548541262 7.790948548541262 7.790948548541262 7.790948548541262 
# WD_mass_list
-10.0 -10.0 -10.0 -10.0 -10.0 5.176437064703765 6.285597897084355 6.682026677284762 6.859714713578017 6.964904099369009 7.0364340180533125 7.089278957170654 7.130429486805952 7.163687326162488 7.191308120202094 7.214742859163464 7.294893025478898 7.376773693137369 7.421451086091599 7.450873239998549 7.472277294370906 7.488786753589279 7.50212139369709 7.5131518156395485 7.522609495739593 7.523446814047477 7.524273433300681 7.52510123094602 7.525930245920326 7.526760009307839 7.527591365236924 7.528414679424997 7.529194414032307 7.530679781643827 7.537795737270299 7.549810922872772 7.559650634066212 7.567900314364314 7.574923541106449 7.583806804586183 7.591292674551736 7.597669499114947 7.599701787256068 7.603215449245044 7.608187574316744 7.612536286420498 7.615207027314778 7.616412129254154 7.621242598452259 7.626277953729342 7.634910644946583 7.64178671101113 7.64760996892148 7.652843719693769 7.657737435300045 7.661769469964953 7.665789406530137 7.669310579941481 7.672478872309857 
