# time_axis
5.999999999999999 7.0 7.30102999566398 7.477121254719661 7.602059991327962 7.698970004336018 7.778151250383643 7.845098040014256 7.903089986991943 7.954242509439324 8.0 8.041392685158224 8.079181246047623 8.113943352306837 8.146128035678238 8.176091259055681 8.204119982655925 8.230448921378272 8.255272505103306 8.278753600952827 8.301029995663981 8.47712125471966 8.60205999132796 8.698970004336019 8.778151250383644 8.845098040014257 8.903089986991942 8.954242509439323 8.999999999999998 9.004321373782641 9.008600171761916 9.012837224705171 9.017033339298779 9.021189299069936 9.02530586526477 9.02938377768521 9.033423755486949 9.041392685158224 9.079181246047623 9.146128035678236 9.204119982655923 9.255272505103305 9.301029995663981 9.361727836017593 9.414973347970816 9.462397997898954 9.477121254719663 9.505149978319904 9.544068044350274 9.57978359661681 9.60205999132796 9.612783856719734 9.653212513775342 9.698970004336017 9.778151250383642 9.845098040014257 9.903089986991944 9.954242509439325 10.0 10.041392685158225 10.079181246047623 10.113943352306835 10.146128035678236 
# total_gas_mass_list
8.702059991327962 8.690735963097168 8.68356820879164 8.677257120959709 8.671214254177864 8.665298920665279 8.659373402920847 8.65345915621009 8.64742686408683 8.641314246579102 8.635102033484994 8.628782984731204 8.622369560708542 8.615862353191137 8.609257731309686 8.602550402303212 8.595739757955414 8.588821082714949 8.58179169260901 8.574647459273024 8.567383697107992 8.578326662942729 8.578449139539119 8.578534528957192 8.57858609212587 8.57863354749637 8.578664533273402 8.578710357727218 8.578741610945855 8.578744686009399 8.578746746259213 8.578748595100286 8.578751539619441 8.578755894301766 8.578758125824649 8.578761677899509 8.578764205891185 8.578766208377216 8.578786689669311 8.578838751449231 8.578876166513831 8.578909190195082 8.578938381723052 8.578976949079717 8.579014430862035 8.579040195173652 8.579049132599213 8.579067128723542 8.579091261054252 8.579112434464891 8.579127726409558 8.579139600644288 8.579159193591767 8.579181385915343 8.579231053171373 8.579289467925856 8.579312170568414 8.579343311553282 8.579371027344207 8.579404400759996 8.579397595047181 8.579438944817088 8.579463849836317 
# ejected_gas_mass_list
-10.0 -10.0 6.621914347723306 6.991860468309203 7.19952411277398 7.343910336040004 7.453234859434591 7.541707123937274 7.614778563632033 7.677350717184604 7.731933860963962 7.780298780138466 7.823806485773059 7.86336300868607 7.899623530788967 7.933085138240931 7.9641601395127095 7.993161224118961 8.02035103154062 8.045941129351286 8.070106794617669 8.103606233832155 8.103971535885938 8.104226099931774 8.104379772719632 8.104521171191061 8.104613480203648 8.104749970889372 8.104843043999447 8.10485220092368 8.104858335863845 8.10486384122942 8.104872609142303 8.10488557589127 8.104892220500668 8.10490279706227 8.104910324237402 8.10491628664136 8.10497726658568 8.105132247055689 8.105243603673541 8.1053418746841 8.105428729781353 8.105543463598268 8.105654948669809 8.105731570513207 8.105758147897873 8.105811660024587 8.10588341151506 8.10594635891303 8.105991817267418 8.106027113619898 8.106085349807907 8.106151305872944 8.106298893953612 8.106472432977455 8.10653986576003 8.106632351329555 8.106714653434542 8.106813742144572 8.106793536580579 8.106916290806547 8.10699021473286 
# stellar_mass_list
-10.0 7.144004116335582 7.29055782809203 7.378886773304349 7.445205433405749 7.498881079431195 7.543563581597974 7.581788673287492 7.61627163258231 7.647491880393321 7.675991468399572 7.70220716016648 7.726485039885392 7.749096903219894 7.770263651163758 7.790162808443837 7.808941637740094 7.826722594436114 7.843609880522066 7.859690208951494 7.87504003804001 7.718511749514762 7.680804499701706 7.656426241268173 7.638361236667064 7.624024145935534 7.612150458824624 7.602030221698102 7.593210948598196 7.5923902967284675 7.591581385445238 7.590782065646984 7.589991786859183 7.589206306624144 7.588427245797831 7.587656786394513 7.58690039995592 7.585419088849328 7.578430486348279 7.5663236292815315 7.556083400399036 7.54721356356874 7.539411811792775 7.529235779979585 7.5204646113991345 7.512736804231785 7.51028110240116 7.505852724713117 7.499611664211237 7.493875895429903 7.490470765251198 7.488780201912909 7.482466809982495 7.475352058014072 7.463271899888911 7.453145508429165 7.444462073981786 7.436765786656388 7.4298101611438785 7.423777161799808 7.417849998637587 7.412685124021422 7.407640766892209 
# remnant_mass_list
-10.0 -10.0 6.110853715082936 6.458172000500879 6.647253688652629 6.768707331602389 6.845953246894595 6.896572330021323 6.939555811782547 6.97815724282431 7.013568129119959 7.046431974691899 7.077161381010606 7.106054516514525 7.133335996874961 7.159187454541031 7.183756755239106 7.207168271806569 7.2295265198073215 7.250924210704637 7.271439146197583 7.337910235061715 7.358912017357288 7.372051906241451 7.381524237530553 7.388872696641242 7.394843294983947 7.399849151320388 7.4041497957338445 7.404546818711944 7.404937630116676 7.405323446299369 7.405704362193652 7.406082788508057 7.406457844744011 7.406828300678244 7.407191224668831 7.407900391666193 7.4112263489463865 7.416903081524451 7.421620864709732 7.42564647915694 7.429140226253717 7.433631509370074 7.437443884053098 7.440759231512989 7.4418079535599215 7.443677608783309 7.446297228298067 7.448684387808566 7.450083259975881 7.450778481778735 7.453354811855825 7.456228244122831 7.461026755297976 7.464979344221831 7.468315622849315 7.471237450720881 7.4738509486839195 7.47607798858507 7.47827327706511 7.480150291610533 7.4819831495101825 
# BH_mass_list
-10.0 -10.0 5.93204337602581 6.233073371689791 6.391678215997973 6.488275310645313 6.540478417690589 6.567303960740106 6.592568494320956 6.616443745112929 6.639074573676011 6.660584301935617 6.681078782273546 6.700649548882781 6.71937628908419 6.737328803439826 6.7545685765314305 6.771150047668932 6.787121647792804 6.802526652366646 6.81740388810606 6.831788322608786 6.831788322608786 6.831788322608786 6.831788322608786 6.831788322608786 6.831788322608786 6.831788322608786 6.831788322608786 6.831788322608786 6.831788322608786 6.831788322608786 6.831788322608786 6.831788322608786 6.831788322608786 6.831788322608786 6.831788322608786 6.831788322608786 6.831788322608786 6.831788322608786 6.831788322608786 6.831788322608786 6.831788322608786 6.831788322608786 6.831788322608786 6.831788322608786 6.831788322608786 6.831788322608786 6.831788322608786 6.831788322608786 6.831788322608786 6.831788322608786 6.831788322608786 6.831788322608786 6.831788322608786 6.831788322608786 6.831788322608786 6.831788322608786 6.831788322608786 6.831788322608786 6.831788322608786 6.831788322608786 6.831788322608786 
# NS_mass_list
-10.0 -10.0 5.639120075424626 6.065061662050109 6.295449583007318 6.445264427090232 6.541218639462938 6.604805501739996 6.653211400704004 6.694378486044611 6.730830855047343 6.764085884872105 6.794974612824334 6.823811538179607 6.850852349217776 6.87630773023022 6.900353340355804 6.9231371712941145 6.944785069004282 6.965404943135578 6.985090021512661 7.021726899961625 7.021726899961625 7.021726899961625 7.021726899961625 7.021726899961625 7.021726899961625 7.021726899961625 7.021726899961625 7.021726899961625 7.021726899961625 7.021726899961625 7.021726899961625 7.021726899961625 7.021726899961625 7.021726899961625 7.021726899961625 7.021726899961625 7.021726899961625 7.021726899961625 7.021726899961625 7.021726899961625 7.021726899961625 7.021726899961625 7.021726899961625 7.021726899961625 7.021726899961625 7.021726899961625 7.021726899961625 7.021726899961625 7.021726899961625 7.021726899961625 7.021726899961625 7.021726899961625 7.021726899961625 7.021726899961625 7.021726899961625 7.021726899961625 7.021726899961625 7.021726899961625 7.021726899961625 7.021726899961625 7.021726899961625 
# WD_mass_list
-10.0 -10.0 -10.0 -10.0 -10.0 3.7050331070591738 4.816214490668951 5.2124811108578255 5.458207864932877 5.630810318221644 5.764086964428414 5.870726985460556 5.958626028047228 6.034003177283555 6.100280436162261 6.159600493467827 6.213379189458025 6.262619393320623 6.308048283664498 6.35024191778599 6.389628448330244 6.650391526096697 6.744263700820095 6.795989471245079 6.830648725671754 6.856228604874169 6.876254829283849 6.892562533034141 6.906243407460087 6.907491642272846 6.908717964275405 6.909926303068463 6.911117054734578 6.912297830255034 6.913465942841272 6.914617638484604 6.915743913772222 6.917939004380449 6.928135104000892 6.945175630790297 6.959007853984794 6.970586489179303 6.980475336988254 6.9929783985570495 7.0034142501645205 7.012362449113427 7.015169030242613 7.020144630005319 7.0270569039714745 7.0332970118907285 7.03692819519056 7.038725935371918 7.0453485175036885 7.052662979754069 7.064714273133769 7.074492801208253 7.082646131213978 7.089713332480302 7.095978280168148 7.101275686266121 7.106461257943151 7.110866946528942 7.115144430537418 
