# time_axis
5.999999999999999 7.0 7.30102999566398 7.477121254719661 7.602059991327962 7.698970004336018 7.778151250383643 7.845098040014256 7.903089986991943 7.954242509439324 8.0 8.041392685158224 8.079181246047623 8.113943352306837 8.146128035678238 8.176091259055681 8.204119982655925 8.230448921378272 8.255272505103306 8.278753600952827 8.301029995663981 8.47712125471966 8.60205999132796 8.698970004336019 8.778151250383644 8.845098040014257 8.903089986991942 8.954242509439323 8.999999999999998 9.004321373782641 9.008600171761916 9.012837224705171 9.017033339298779 9.021189299069936 9.02530586526477 9.02938377768521 9.033423755486949 9.041392685158224 9.079181246047623 9.146128035678236 9.204119982655923 9.255272505103305 9.301029995663981 9.361727836017593 9.414973347970816 9.462397997898954 9.477121254719663 9.505149978319904 9.544068044350274 9.57978359661681 9.60205999132796 9.612783856719734 9.653212513775342 9.698970004336017 9.778151250383642 9.845098040014257 9.903089986991944 9.954242509439325 10.0 10.041392685158225 10.079181246047623 10.113943352306835 10.146128035678236 
# total_gas_mass_list
9.321848749616356 9.317351685231426 9.31493359852991 9.312964274977782 9.3111700271666 9.309467695295483 9.307758684667583 9.306042749612663 9.304319643792113 9.30259014001768 9.300854209524019 9.29911172242925 9.297362597940928 9.295606628137513 9.29384334811516 9.292072680987506 9.29029471708215 9.288509710113821 9.286717569779533 9.284918232608746 9.283111277426963 9.287526667942208 9.287573896825162 9.28760603528637 9.287630588630137 9.287650398004907 9.287667154251935 9.287681670613988 9.287694385828955 9.28769558535182 9.287696759727252 9.287697924617335 9.287699070787962 9.287700219514717 9.28770134708834 9.28770247055257 9.287703589665753 9.287705769970966 9.2877159779233 9.287733973114095 9.28774932928624 9.287762769676865 9.287774710965188 9.287790420807129 9.287804085863234 9.287816236547378 9.28782000092915 9.287827138119221 9.287837030653172 9.287846071241406 9.287851704647057 9.287854289599949 9.287864610436666 9.287876103041702 9.287895967330025 9.287912708151499 9.287927174858755 9.28793990679575 9.287951266038101 9.287961561174093 9.287970957276421 9.287979570146597 9.287987534111279 
# ejected_gas_mass_list
-10.0 -10.0 -10.0 -10.0 -10.0 6.599251644721452 6.93219728843279 7.118399748982157 7.248265737878525 7.348147441183946 7.429334902398459 7.497735001453347 7.556834767931555 7.6088580521151465 7.655302999966465 7.697249520872822 7.7354973504148035 7.7706564444342145 7.803188224683386 7.833458522223946 7.8617522721893085 7.965426298224446 7.966416756841658 7.967089519477493 7.967602833058559 7.968016548332259 7.968366206873287 7.968668908418183 7.968933886731181 7.968958876206341 7.968983340462828 7.969007605827192 7.969031479994303 7.9690554061507175 7.9690788905007075 7.969102288060666 7.969125593811577 7.969170995674998 7.969383502192478 7.969757880542878 7.970077113055858 7.970356336068435 7.970604272082419 7.970930249196559 7.971213608017107 7.971465417090092 7.971543401424636 7.971691221533797 7.971896029103629 7.972083118279993 7.972199659221676 7.972253125411683 7.972466535292147 7.972704057125518 7.973114308312777 7.973459765358357 7.973758084212023 7.974020469051713 7.974254437606964 7.974466385003212 7.974659738010865 7.974836901751664 7.975000656573093 
# stellar_mass_list
-10.0 7.454821665207646 7.601375376964093 7.689704322176413 7.755464917355557 7.80855070328688 7.853388173156982 7.892357918244761 7.926907790810459 7.957997121441459 7.986294859561196 8.012288478766543 8.036344627334318 8.058747792299746 8.079722329768554 8.0994486455195 8.118075575408016 8.13572434765933 8.152498307366043 8.16848454784954 8.18375948863236 8.021401217527393 7.98165518778331 7.956003004385057 7.937003103310706 7.921927211566782 7.909440042806678 7.898801277200602 7.889531936648875 7.88866777621663 7.887817984272959 7.886977017491493 7.88614311805135 7.88531975995532 7.884502581294366 7.8836967033059 7.88289953125313 7.881335271224485 7.873990769721347 7.86125911941398 7.850495315412794 7.841173652446098 7.832973556226135 7.82227429845802 7.813030836317901 7.804899666224524 7.802373835290479 7.7976478559174165 7.79109222791454 7.7851482141151385 7.781451983696214 7.779690698137599 7.773029835323296 7.7656139389986745 7.752827770017199 7.742162173086222 7.732877402721783 7.724449862616244 7.716736146575986 7.709726235244752 7.703120778166289 7.696960849431113 7.691256756426989 
# remnant_mass_list
-10.0 -10.0 5.414683961242206 6.0467241728188945 6.349251615246998 6.546835940193816 6.691943289507572 6.805920998694925 6.899430144254945 6.978503323406877 7.04686973491243 7.106991413395935 7.160577443692019 7.208858630751822 7.252752077053276 7.2929584412872765 7.330022449187345 7.364381040362975 7.3963840129048934 7.426318985714515 7.454421152198924 7.567342469926876 7.5992155649510185 7.6178561886128415 7.630772374370382 7.640519075926273 7.648274763367725 7.654665563901356 7.66007790972699 7.660575258506757 7.661062958850022 7.661544473918223 7.6620209464204265 7.662490262571562 7.6629551899110355 7.663412539050144 7.663863951559517 7.664746503411394 7.668839018829615 7.6757375556845355 7.681382556224511 7.6861383488575825 7.690222371019069 7.695415580576731 7.699783274266229 7.703536997476587 7.7046876300712475 7.706816724309414 7.709728607404884 7.7123242948631985 7.713917976652361 7.71467209073336 7.7174934790089225 7.720574157975801 7.725752632640834 7.729942265844061 7.733503238106146 7.736677537956691 7.739533830237653 7.742083680701423 7.744455208803272 7.746634931407246 7.748623770447223 
# BH_mass_list
-10.0 -10.0 -10.0 -10.0 -10.0 -10.0 -10.0 -10.0 -10.0 -10.0 -10.0 -10.0 -10.0 -10.0 -10.0 -10.0 -10.0 -10.0 -10.0 -10.0 -10.0 -10.0 -10.0 -10.0 -10.0 -10.0 -10.0 -10.0 -10.0 -10.0 -10.0 -10.0 -10.0 -10.0 -10.0 -10.0 -10.0 -10.0 -10.0 -10.0 -10.0 -10.0 -10.0 -10.0 -10.0 -10.0 -10.0 -10.0 -10.0 -10.0 -10.0 -10.0 -10.0 -10.0 -10.0 -10.0 -10.0 -10.0 -10.0 -10.0 -10.0 -10.0 -10.0 
# NS_mass_list
-10.0 -10.0 5.949937624296689 6.3758792109221725 6.615819117469536 6.780834890579154 6.899673226711948 6.992301748058156 7.068061564214638 7.132109839822341 7.187531918486311 7.23633163767749 7.279887931903866 7.319183922249848 7.3549246861925175 7.387710060570509 7.417973901027632 7.446061686359373 7.4722523913265855 7.496774180997675 7.519816969843271 7.560611337514201 7.560611337514201 7.560611337514201 7.560611337514201 7.560611337514201 7.560611337514201 7.560611337514201 7.560611337514201 7.560611337514201 7.560611337514201 7.560611337514201 7.560611337514201 7.560611337514201 7.560611337514201 7.560611337514201 7.560611337514201 7.560611337514201 7.560611337514201 7.560611337514201 7.560611337514201 7.560611337514201 7.560611337514201 7.560611337514201 7.560611337514201 7.560611337514201 7.560611337514201 7.560611337514201 7.560611337514201 7.560611337514201 7.560611337514201 7.560611337514201 7.560611337514201 7.560611337514201 7.560611337514201 7.560611337514201 7.560611337514201 7.560611337514201 7.560611337514201 7.560611337514201 7.560611337514201 7.560611337514201 7.560611337514201 
# WD_mass_list
-10.0 -10.0 -10.0 -10.0 -10.0 4.015850655931237 5.126704266346766 5.5362335587370035 5.794380764653635 5.981077937778202 6.126458398841628 6.245001819634053 6.344747222661376 6.4306616340831 6.506162933034125 6.573171533561166 6.633314466393209 6.687812192744092 6.737579511548426 6.783332309832187 6.825624702899926 7.094431418401374 7.18300977437756 7.230031329911487 7.26092673971156 7.283432025535882 7.300883652872315 7.314979101597056 7.326725228365391 7.32779607408082 7.328844775033885 7.329878849241994 7.330900801596024 7.3319061522207045 7.332900879941816 7.33387821192863 7.3348417121165115 7.3367221684509625 7.345386264809515 7.359788912970098 7.371393322939625 7.381048399622174 7.389254037958415 7.399577642164072 7.408167261161589 7.415483589253748 7.417714332951261 7.421827486889872 7.427422734369964 7.432381516320873 7.435412788652279 7.436843670296525 7.4421774260979765 7.447966458957664 7.457617340574402 7.465353651181866 7.471880020362448 7.4776605259386235 7.48283254374952 7.4874265598672745 7.491680028453407 7.495573335159086 7.499112373850152 
