# time_axis
1000000 10000000 20000000 30000000 40000000 50000000 60000000 70000000 80000000 90000000 100000000 110000000 120000000 130000000 140000000 150000000 200000000 300000000 400000000 500000000 600000000 700000000 800000000 900000000 1000000000 1010000000 1020000000 1030000000 1040000000 1050000000 1060000000 1070000000 1080000000 1100000000 1200000000 1400000000 1600000000 1800000000 2000000000 2300000000 2600000000 2900000000 3000000000 3200000000 3500000000 3800000000 4000000000 4100000000 4500000000 5000000000 6000000000 7000000000 8000000000 9000000000 10000000000 11000000000 12000000000 13000000000 14000000000 
# SNIa_energy_release_list
0 0.0 0.0 0.0 0.0 0.0 5.989210631965434e+53 3.1754750851910975e+55 1.1567102119734708e+56 2.2080276402886226e+56 3.2752164719047025e+56 4.274767570130822e+56 5.181899605160876e+56 5.997498339093541e+56 6.7318872314712675e+56 7.397520877090975e+56 1.0017329316229516e+57 1.3422795432426714e+57 1.571387385809394e+57 1.744362714168642e+57 1.883385709692725e+57 1.999631572541604e+57 2.099524862399393e+57 2.1871042411517267e+57 2.2650793678595167e+57 2.2724238891121595e+57 2.279694779873869e+57 2.28689484946784e+57 2.2940220107476596e+57 2.3010787909764827e+57 2.308066390301645e+57 2.314984598816464e+57 2.3218357064311812e+57 2.335344250672382e+57 2.399295130362538e+57 2.5121717142242457e+57 2.6095718361155896e+57 2.6952295138036573e+57 2.771682665889245e+57 2.8728759272247746e+57 2.9614546540969544e+57 3.0402181170667666e+57 3.064656170743523e+57 3.1111258932560314e+57 3.1756037549961374e+57 3.234729955617759e+57 3.271583170440035e+57 3.2893162588932005e+57 3.356141497471387e+57 3.4317104629261014e+57 3.562363419731488e+57 3.672695468051049e+57 3.768201593890947e+57 3.852407143184397e+57 3.92765743781212e+57 3.995758456869276e+57 4.057890253382109e+57 4.11503016710145e+57 4.167922525998815e+57 
# SNII_energy_release_list
0 0.0 1.1650538439417223e+53 1.4931975935184548e+55 5.778960316889022e+55 1.0214681393480749e+56 1.4117548793938165e+56 1.7023477278540071e+56 1.873992151205535e+56 1.964422185285135e+56 2.0081285319144373e+56 2.0277812147619372e+56 2.0360640562532045e+56 2.0393530032519847e+56 2.0406084025039365e+56 2.041072523385941e+56 2.0413380536091976e+56 2.0413380536091976e+56 2.0413380536091976e+56 2.0413380536091976e+56 2.0413380536091976e+56 2.0413380536091976e+56 2.0413380536091976e+56 2.0413380536091976e+56 2.0413380536091976e+56 2.0413380536091976e+56 2.0413380536091976e+56 2.0413380536091976e+56 2.0413380536091976e+56 2.0413380536091976e+56 2.0413380536091976e+56 2.0413380536091976e+56 2.0413380536091976e+56 2.0413380536091976e+56 2.0413380536091976e+56 2.0413380536091976e+56 2.0413380536091976e+56 2.0413380536091976e+56 2.0413380536091976e+56 2.0413380536091976e+56 2.0413380536091976e+56 2.0413380536091976e+56 2.0413380536091976e+56 2.0413380536091976e+56 2.0413380536091976e+56 2.0413380536091976e+56 2.0413380536091976e+56 2.0413380536091976e+56 2.0413380536091976e+56 2.0413380536091976e+56 2.0413380536091976e+56 2.0413380536091976e+56 2.0413380536091976e+56 2.0413380536091976e+56 2.0413380536091976e+56 2.0413380536091976e+56 2.0413380536091976e+56 2.0413380536091976e+56 2.0413380536091976e+56 
# SN_energy_per_current_crossing_time_list
0.0 0.0 1.540840969791027e+53 1.1943787882496656e+55 3.204404554709523e+55 3.2429388187386723e+55 2.85250726115964e+55 2.2257277981970712e+55 1.5139659502094131e+55 9.810697623361691e+54 6.410726084915016e+54 4.4303151245738034e+54 3.318475422142975e+54 2.6860467058248742e+54 2.3058656993443065e+54 2.054562932898905e+54 1.6525516133424548e+54 1.1285781382843377e+54 7.887115871585179e+53 6.140648223599108e+53 5.065356073423192e+53 4.33197448845669e+53 3.7975068635029816e+53 3.3895971879811805e+53 3.0671262056699966e+53 2.8934097641298827e+53 2.8687961051553253e+53 2.8450996631944535e+53 2.8204921270943417e+53 2.7967200774331417e+53 2.773437516540177e+53 2.749972114126044e+53 2.7273303713644556e+53 2.696540876790173e+53 2.5884662201123205e+53 2.3417871647579856e+53 2.0650232945821157e+53 1.8519567082835338e+53 1.6822890545797398e+53 1.519274833927655e+53 1.35764562345549e+53 1.2298146938068728e+53 1.1515195035023877e+53 1.1068573858417195e+53 1.0397045912936152e+53 9.666153835258776e+52 9.115409550205348e+52 8.80683398357984e+52 8.426621847970469e+52 7.751139750513285e+52 6.898672901591314e+52 5.962573470348832e+52 5.259766769231535e+52 4.7133259091518313e+52 4.2728584932587447e+52 3.9124765044561263e+52 3.609200016818274e+52 3.352497844186077e+52 3.1305946985205096e+52 
# SN_energy_per_final_crossing_time_list
0.0 0.0 1.838859884928348e+53 2.3383961706020927e+55 6.764423111694072e+55 7.001109511710876e+55 6.163626111296698e+55 4.770970344962499e+55 3.205829457810877e+55 2.0495543403458217e+55 1.321486133776814e+55 9.018022756692889e+54 6.676456368443602e+54 5.346478645569324e+54 4.544849053905244e+54 4.013009042618208e+54 3.109608161074245e+54 2.0156284180944947e+54 1.3560442609879286e+54 1.0238069491041055e+54 8.228497685358843e+53 6.88036399862237e+53 5.912487364259834e+53 5.183651183979149e+53 4.615194394365278e+53 4.347077683055662e+53 4.303497243580389e+53 4.261579587252411e+53 4.218426590011652e+53 4.176769430126875e+53 4.135822613845145e+53 4.094751557928609e+53 4.055035854847217e+53 3.997720830365623e+53 3.785126795199545e+53 3.3404715009049584e+53 2.882460827848285e+53 2.5349547387193557e+53 2.2625558548897484e+53 1.9964767064478452e+53 1.747600211250697e+53 1.5539514890917582e+53 1.4464403342469378e+53 1.375225741223523e+53 1.272105942102778e+53 1.1665211766466314e+53 1.0906346526340965e+53 1.0495866294714756e+53 9.888136111786292e+52 8.945556884096471e+52 7.733091555146063e+52 6.530336947466658e+52 5.652819754376861e+52 4.983960853695563e+52 4.4539169425358194e+52 4.030765382157997e+52 3.677458839566182e+52 3.381999114669996e+52 3.1305946985205096e+52 
# total_energy_release_list
0 0 1.1650538439417223e+53 1.4931975935184548e+55 5.778960316889022e+55 1.0214681393480749e+56 1.417744090025782e+56 2.019895236373117e+56 3.030702363179006e+56 4.172449825573758e+56 5.28334500381914e+56 6.30254878489276e+56 7.21796366141408e+56 8.036851342345526e+56 8.772495633975204e+56 9.438593400476916e+56 1.2058667369838713e+57 1.5464133486035912e+57 1.775521191170314e+57 1.9484965195295618e+57 2.0875195150536448e+57 2.203765377902524e+57 2.303658667760313e+57 2.3912380465126465e+57 2.4692131732204365e+57 2.4765576944730793e+57 2.483828585234789e+57 2.4910286548287597e+57 2.4981558161085795e+57 2.5052125963374026e+57 2.5122001956625648e+57 2.519118404177384e+57 2.525969511792101e+57 2.5394780560333018e+57 2.6034289357234577e+57 2.7163055195851655e+57 2.8137056414765094e+57 2.899363319164577e+57 2.9758164712501648e+57 3.0770097325856944e+57 3.165588459457874e+57 3.244351922427686e+57 3.2687899761044425e+57 3.315259698616951e+57 3.379737560357057e+57 3.438863760978679e+57 3.475716975800955e+57 3.4934500642541204e+57 3.560275302832307e+57 3.635844268287021e+57 3.766497225092408e+57 3.876829273411969e+57 3.972335399251867e+57 4.056540948545317e+57 4.13179124317304e+57 4.199892262230196e+57 4.262024058743029e+57 4.31916397246237e+57 4.372056331359735e+57 
# binding_energy_list
7.447319739059888e+54 7.447319739059888e+54 7.447319739059888e+54 7.430191378967052e+54 7.396052750582375e+54 7.362070974947316e+54 7.328245331389074e+54 7.29457510254568e+54 7.261059574351499e+54 7.227698036021732e+54 7.211074791828947e+54 7.177942912713644e+54 7.161434102128968e+54 7.128530301265221e+54 7.112135136533237e+54 7.095777679633873e+54 6.998419960022717e+54 6.870684400142374e+54 6.776415076106799e+54 6.698846094165272e+54 6.63743070401913e+54 6.576578373554172e+54 6.516283940608428e+54 6.471426157485831e+54 6.426877173170194e+54 6.426877173170194e+54 6.426877173170194e+54 6.412095765851648e+54 6.412095765851648e+54 6.412095765851648e+54 6.397348354826442e+54 6.397348354826442e+54 6.397348354826442e+54 6.382634861905483e+54 6.353309318517396e+54 6.280583588133205e+54 6.22300285169155e+54 6.165950018614809e+54 6.1235039172477214e+54 6.0673632958850715e+54 6.011737374832828e+54 5.956621435290085e+54 5.942921586155739e+54 5.915616341754719e+54 5.874893525297745e+54 5.834451042737424e+54 5.8210321777087214e+54 5.807644175213159e+54 5.7676646339225445e+54 5.727960309858327e+54 5.6623928903825345e+54 5.59757601495107e+54 5.559042572704003e+54 5.5207743928075396e+54 5.4827696492085025e+54 5.457578610912733e+54 5.432503314924325e+54 5.407543229455771e+54 5.382697825162903e+54 
# total_gas_kinetic_energy_list
2.3295382953416163e+57 1.0393898762415136e+59 2.210220866716314e+59 1.5447835061413975e+59 9.257192689178227e+58 5.013679167137714e+58 2.535117511884473e+58 1.2208916832559677e+58 5.673231844427613e+57 2.5667076048687486e+57 1.1384758101263915e+57 4.982010803937336e+56 2.166889952481798e+56 9.474253816888326e+55 4.2481570243183793e+55 2.0225074686450893e+55 3.15577431839161e+55 4.777137617381945e+55 5.999896128369481e+55 6.983917177771578e+55 7.808088503196246e+55 8.514257346065595e+55 9.14307943145066e+55 9.715360800009969e+55 1.02312564036407e+56 1.0280639993996648e+56 1.0330088642676723e+56 1.037789973978428e+56 1.0425898257516936e+56 1.0472522415878741e+56 1.052143403546356e+56 1.056930080219729e+56 1.061707475794127e+56 1.0709908272837856e+56 1.115304955914438e+56 1.1952161115022986e+56 1.2651275878940962e+56 1.3284943428074954e+56 1.3854027057561482e+56 1.459435644301213e+56 1.5250264738295166e+56 1.5831912409990549e+56 1.6017343461413856e+56 1.6358681715329579e+56 1.6832512113321091e+56 1.7250916679361194e+56 1.7508631968887203e+56 1.7626662954504223e+56 1.8078339962519159e+56 1.8550475943894803e+56 1.935511558398811e+56 1.9971530181635477e+56 2.047148591513736e+56 2.090311109866106e+56 2.128414274026506e+56 2.159675918215902e+56 2.18825613843045e+56 2.2151717304407883e+56 2.23875069098024e+56 
