# time_axis
5.999999999999999 7.0 7.30102999566398 7.477121254719661 7.602059991327962 7.698970004336018 7.778151250383643 7.845098040014256 7.903089986991943 7.954242509439324 8.0 8.041392685158224 8.079181246047623 8.113943352306837 8.146128035678238 8.176091259055681 8.301029995663981 8.47712125471966 8.60205999132796 8.698970004336019 8.778151250383644 8.845098040014257 8.903089986991942 8.954242509439323 8.999999999999998 9.004321373782641 9.008600171761916 9.012837224705171 9.017033339298779 9.021189299069936 9.02530586526477 9.02938377768521 9.033423755486949 9.041392685158224 9.079181246047623 9.146128035678236 9.204119982655923 9.255272505103305 9.301029995663981 9.361727836017593 9.414973347970816 9.462397997898954 9.477121254719663 9.505149978319904 9.544068044350274 9.57978359661681 9.60205999132796 9.612783856719734 9.653212513775342 9.698970004336017 9.778151250383642 9.845098040014257 9.903089986991944 9.954242509439325 10.0 10.041392685158225 10.079181246047623 10.113943352306835 10.146128035678236 
# total_gas_mass_list
8.602310340709769 10.25977657046973 10.5875294793708 10.431997818994505 10.209627663843872 9.94331959801857 9.647175538504529 9.329873222390038 8.997064447736772 8.652683590919214 8.299767483936245 7.941099881644998 7.579995648560993 7.221548427292853 6.874743325490786 6.555062263032446 6.752258049181558 6.931436789264141 7.029043471556198 7.095363350359103 7.1448531444917105 7.183557692543827 7.215172677608644 7.24181419253237 7.264431896734259 7.2665245034724455 7.268603686612399 7.27061382255759 7.2726118628326315 7.27455830323559 7.276567502585767 7.278536600175251 7.280484759698103 7.2842532993417075 7.301734978411964 7.331413885299631 7.355616752173215 7.376203937610482 7.393805766646111 7.4156441508937885 7.4339910919962415 7.449683262586331 7.454544170736758 7.463360132871904 7.475225313523147 7.485478741531392 7.491651793237512 7.4944401720683125 7.505013829844988 7.515854815944923 7.533589405490312 7.546756210818985 7.557227802204182 7.566070325189877 7.573730402989149 7.579895385928607 7.585645512733944 7.5908765299348095 7.595422329608899 
# ejected_gas_mass_list
-10.0 -10.0 3.3301034859599 5.390465485171973 6.015542761942567 6.306856186339922 6.4723371844567055 6.583043962672266 6.667724440451545 6.734415280359715 6.788197714042221 6.832405838694532 6.869436605310395 6.900962616731281 6.928224820414936 6.952141242151287 7.039778693582659 7.141316350364103 7.204059697115939 7.249485089410212 7.284771782599539 7.3131555586559465 7.3368314730724284 7.357113369437054 7.374561700775104 7.3761864708087215 7.377802549462704 7.3793665963357995 7.380922821818408 7.382440377854821 7.38400843424729 7.385546737120428 7.387070182462599 7.390021370407975 7.403783511013488 7.427413036303085 7.446922004228638 7.463679922858449 7.478123365349616 7.496186983240967 7.511482231499858 7.52464847366765 7.528742365568383 7.536185571602681 7.546240016353793 7.554962151623532 7.560228033165409 7.562610236489175 7.57166376993406 7.580978810936068 7.596286799858604 7.607706655546498 7.616821373385806 7.624540111465813 7.631242713768352 7.636647771963036 7.641697592160485 7.646298565164624 7.650302248870766 
# stellar_mass_list
-10.0 6.079431595429432 7.745065468606306 8.163630200638446 8.205135914010693 8.209973035809643 8.201446353706503 8.188773072583398 8.17486813290809 8.161218606501532 8.148441727235705 8.136728943772702 8.126076928056463 8.116407138810088 8.107608221120147 8.099551146083968 8.066981615433914 8.022250127278713 7.989768331705581 7.9636046135318574 7.941456029303912 7.922093150869813 7.904878048647005 7.889315890708852 7.875074151187848 7.873693752965177 7.872338471734215 7.87100906577189 7.869687218619309 7.868383019390753 7.867081823143038 7.865767238702476 7.864450722646345 7.861881587985104 7.8496288606208555 7.827212931947645 7.807148576184287 7.788616969743007 7.771602103755237 7.748365716289352 7.726862944034019 7.7068915373373414 7.700328716204467 7.688146780817198 7.6701643638866415 7.6535299113711535 7.642545080909121 7.637509712239668 7.616417448680318 7.592569942500326 7.546536110651849 7.505489268502184 7.470812982482627 7.439945985819789 7.4116019729875635 7.387827361302232 7.364673055982283 7.344109865662836 7.325704010776379 
# remnant_mass_list
-10.0 -10.0 4.495367584172503 6.671346376039883 7.227566097539315 7.417899021253591 7.511341772038309 7.563008697956261 7.594051087607043 7.614554166391803 7.629349073224936 7.640824600221011 7.650206823142671 7.658164283895642 7.665088190760176 7.67121968325039 7.69442522042372 7.723073287407935 7.741750857578644 7.755650544602541 7.766685191420273 7.775776421492441 7.783469900238007 7.790144372314088 7.796000926470451 7.796555729658879 7.797098175084332 7.797628546845673 7.79815040403992 7.798669450713685 7.799186829419552 7.799705928781882 7.8002224505857365 7.801226628792593 7.8059159777493035 7.814117598109508 7.821052456131102 7.827148026478088 7.832487867681116 7.839409158239716 7.845448851927804 7.850771474088094 7.8524719957319284 7.855527750545883 7.859898231612129 7.863745655293204 7.866213340583437 7.8673116575883455 7.871805250017295 7.87658239355847 7.885079776636727 7.891839790445241 7.896981885607903 7.901182408499268 7.904760325237736 7.907521356004572 7.910074451953873 7.912198412762745 7.9139863662950125 
# BH_mass_list
-10.0 -10.0 4.223026191888334 6.508747954362855 7.046540737811497 7.191375312268883 7.246734912131982 7.268058537130692 7.27585716971793 7.278490751256824 7.279295099758093 7.279517532653892 7.279571322198009 7.279582507270693 7.279584066788155 7.279584197410502 7.2795842041689385 7.2795842041689385 7.2795842041689385 7.2795842041689385 7.2795842041689385 7.2795842041689385 7.2795842041689385 7.2795842041689385 7.2795842041689385 7.2795842041689385 7.2795842041689385 7.2795842041689385 7.2795842041689385 7.2795842041689385 7.2795842041689385 7.2795842041689385 7.2795842041689385 7.2795842041689385 7.2795842041689385 7.2795842041689385 7.2795842041689385 7.2795842041689385 7.2795842041689385 7.2795842041689385 7.2795842041689385 7.2795842041689385 7.2795842041689385 7.2795842041689385 7.2795842041689385 7.2795842041689385 7.2795842041689385 7.2795842041689385 7.2795842041689385 7.2795842041689385 7.2795842041689385 7.2795842041689385 7.2795842041689385 7.2795842041689385 7.2795842041689385 7.2795842041689385 7.2795842041689385 7.2795842041689385 7.2795842041689385 
# NS_mass_list
-10.0 -10.0 4.163618987041452 6.165912736225136 6.760147991367603 7.02685707892755 7.169692741049259 7.248212581203868 7.287686833962784 7.306728537277734 7.315478577845687 7.319287998371917 7.320856016957283 7.321464397173529 7.321689698586811 7.321768316465778 7.321806472029563 7.321806472029563 7.321806472029563 7.321806472029563 7.321806472029563 7.321806472029563 7.321806472029563 7.321806472029563 7.321806472029563 7.321806472029563 7.321806472029563 7.321806472029563 7.321806472029563 7.321806472029563 7.321806472029563 7.321806472029563 7.321806472029563 7.321806472029563 7.321806472029563 7.321806472029563 7.321806472029563 7.321806472029563 7.321806472029563 7.321806472029563 7.321806472029563 7.321806472029563 7.321806472029563 7.321806472029563 7.321806472029563 7.321806472029563 7.321806472029563 7.321806472029563 7.321806472029563 7.321806472029563 7.321806472029563 7.321806472029563 7.321806472029563 7.321806472029563 7.321806472029563 7.321806472029563 7.321806472029563 7.321806472029563 7.321806472029563 
# WD_mass_list
-10.0 -10.0 -10.0 -10.0 -10.0 2.7184658769867664 4.466439351642417 5.4950452529876666 6.000234051226625 6.282125254136954 6.461466209920751 6.584597654448319 6.673909359575132 6.741639431611677 6.794956124361365 6.838249566156417 6.976032052705138 7.1084643127129254 7.180689496293248 7.229275936752182 7.265294653067057 7.293503539774963 7.316450443249062 7.335730234623725 7.352201471838104 7.353741205978697 7.355243277366448 7.3567087158023545 7.358147556924729 7.359575643608445 7.360996174273788 7.362418468296766 7.3638307718861284 7.366568152876695 7.379209168651427 7.4007808138711715 7.418520517406947 7.433759496284809 7.446852122511568 7.463484162051747 7.47770204454773 7.490015087855876 7.493907701743252 7.500853688479526 7.510681732417252 7.5192329707381065 7.5246694260260565 7.527077204077615 7.53685361596362 7.547118829074867 7.565066157652533 7.579072463929722 7.589573207900662 7.598056519657546 7.605217310526234 7.610703232912845 7.615745650222414 7.619918661300275 7.623416342704751 
