# time_axis
1000000 10000000 20000000 30000000 40000000 50000000 60000000 70000000 80000000 90000000 100000000 200000000 300000000 400000000 500000000 600000000 700000000 800000000 900000000 1000000000 1010000000 1020000000 1030000000 1040000000 1050000000 1060000000 1070000000 1080000000 1100000000 1200000000 1400000000 1600000000 1800000000 2000000000 2300000000 2600000000 2900000000 3000000000 3200000000 3500000000 3800000000 4000000000 4100000000 4500000000 5000000000 6000000000 7000000000 8000000000 9000000000 10000000000 11000000000 12000000000 13000000000 14000000000 
# SNIa_energy_release_list
0 0.0 0.0 0.0 0.0 0.0 7.096079919808598e+55 1.9990079305752947e+56 3.778616332038689e+56 5.273252094027034e+56 6.562652100963505e+56 1.4339301518406968e+57 1.8560277563627835e+57 2.1475476749793605e+57 2.3705003221634935e+57 2.5510960398988874e+57 2.7028602026359397e+57 2.8337647930426493e+57 2.948852225414564e+57 3.0515455293190525e+57 3.0612315005071235e+57 3.0708212512087742e+57 3.080318110862429e+57 3.0897186333556504e+57 3.0990272237663802e+57 3.108244766526619e+57 3.117372750217463e+57 3.126414631843478e+57 3.144249675485626e+57 3.228739028382189e+57 3.378114551963369e+57 3.507230404038434e+57 3.620935130339049e+57 3.722529124382222e+57 3.857125465386832e+57 3.975058566917124e+57 4.080001009939438e+57 4.112584677537687e+57 4.1745377683678565e+57 4.260534691013101e+57 4.339432410387337e+57 4.388619014238407e+57 4.4122908766814524e+57 4.501534976561303e+57 4.6024610997162834e+57 4.777036808457888e+57 4.92456473973958e+57 5.0522839551621675e+57 5.164937311118651e+57 5.265629294320073e+57 5.356747403586118e+57 5.4399053100485766e+57 5.516389915508403e+57 5.587194283315787e+57 
# SNII_energy_release_list
0 -4.954818527482586e+55 1.7742621402675995e+56 4.906546358378707e+56 8.985203590199648e+56 1.0583253793838501e+57 1.1318763772382105e+57 1.1603382589964133e+57 1.1603382589964133e+57 1.1603382589964133e+57 1.1603382589964133e+57 1.1603382589964133e+57 1.1603382589964133e+57 1.1603382589964133e+57 1.1603382589964133e+57 1.1603382589964133e+57 1.1603382589964133e+57 1.1603382589964133e+57 1.1603382589964133e+57 1.1603382589964133e+57 1.1603382589964133e+57 1.1603382589964133e+57 1.1603382589964133e+57 1.1603382589964133e+57 1.1603382589964133e+57 1.1603382589964133e+57 1.1603382589964133e+57 1.1603382589964133e+57 1.1603382589964133e+57 1.1603382589964133e+57 1.1603382589964133e+57 1.1603382589964133e+57 1.1603382589964133e+57 1.1603382589964133e+57 1.1603382589964133e+57 1.1603382589964133e+57 1.1603382589964133e+57 1.1603382589964133e+57 1.1603382589964133e+57 1.1603382589964133e+57 1.1603382589964133e+57 1.1603382589964133e+57 1.1603382589964133e+57 1.1603382589964133e+57 1.1603382589964133e+57 1.1603382589964133e+57 1.1603382589964133e+57 1.1603382589964133e+57 1.1603382589964133e+57 1.1603382589964133e+57 1.1603382589964133e+57 1.1603382589964133e+57 1.1603382589964133e+57 1.1603382589964133e+57 
# SN_energy_per_current_crossing_time_list
0.0 -2.9144671137336974e+55 1.119672131188637e+56 1.5124449986188543e+56 4.0410949673488355e+56 2.0309185776289115e+56 1.0834613014711205e+56 5.077905438804176e+55 1.0696475617427662e+55 9.326512859449683e+54 8.288034069615956e+54 5.765071375197436e+54 3.305666616270599e+54 2.3564234708416346e+54 1.8412556583210018e+54 1.5152352666646304e+54 1.2889747530694331e+54 1.1228521188338638e+54 9.95292816817315e+53 8.942657356242232e+53 8.440566171835075e+53 8.361807585131927e+53 8.285845655370298e+53 8.20679835790797e+53 8.131487238850298e+53 8.056824594468342e+53 7.983329391298764e+53 7.912615419248954e+53 7.812512240232373e+53 7.440804111147929e+53 6.635744902969205e+53 5.776598029463116e+53 5.1172443641126475e+53 4.594991076683124e+53 4.083521986390642e+53 3.5962689613443e+53 3.213853168302428e+53 2.9975066848607454e+53 2.856301273858934e+53 2.6517132946007233e+53 2.439443635016919e+53 2.2850062402790017e+53 2.201049232503765e+53 2.080583372750938e+53 1.8879037638368058e+53 1.6406462214221539e+53 1.3916216272898801e+53 1.208606402206687e+53 1.0690614047361752e+53 9.581468205882821e+52 8.688996952935369e+52 7.947487543014674e+52 7.322235398161213e+52 6.791330225321883e+52 
# SN_energy_per_final_crossing_time_list
0.0 -1.4081495302021405e+56 5.805510389018138e+56 8.011700273491827e+56 1.0432316157875606e+57 4.08746408755584e+56 1.949337549360157e+56 8.516680454039227e+55 1.706943893485972e+55 1.433607182801465e+55 1.236751560787825e+55 7.459115288493094e+54 4.048626247783266e+54 2.796166530248478e+54 2.1384910260849648e+54 1.732216803003707e+54 1.4556736786643692e+54 1.255595281750034e+54 1.1038821222841921e+54 9.850015759507624e+53 9.290476128547843e+53 9.198184492034732e+53 9.109086347180852e+53 9.016682800658028e+53 8.928504465078666e+53 8.841174448602262e+53 8.755272231864869e+53 8.6726858641815e+53 8.55340388649146e+53 8.103950558604765e+53 7.1638130502052e+53 6.1921913571136334e+53 5.453098222612571e+53 4.872286723423046e+53 4.303351272381978e+53 3.7705895920970737e+53 3.355248681622646e+53 3.1253219746812486e+53 2.9711719159164057e+53 2.749517287945243e+53 2.522539606374004e+53 2.3589114609668865e+53 2.270529910477478e+53 2.14000269939016e+53 1.9361026782177706e+53 1.674474787500593e+53 1.4150410911345751e+53 1.225042175947999e+53 1.0805352338890681e+53 9.658055429909386e+52 8.739759829733725e+52 7.976242442688292e+52 7.336160591733344e+52 6.791330225321883e+52 
# total_energy_release_list
0 -4.954818527482586e+55 1.7742621402675995e+56 4.906546358378707e+56 8.985203590199648e+56 1.0583253793838501e+57 1.2028371764362964e+57 1.3602390520539428e+57 1.5381998922002823e+57 1.687663468399117e+57 1.8166034690927638e+57 2.59426841083711e+57 3.016366015359197e+57 3.307885933975774e+57 3.530838581159907e+57 3.711434298895301e+57 3.863198461632353e+57 3.9941030520390626e+57 4.1091904844109775e+57 4.2118837883154655e+57 4.221569759503537e+57 4.231159510205188e+57 4.240656369858842e+57 4.2500568923520634e+57 4.2593654827627936e+57 4.268583025523032e+57 4.2777110092138765e+57 4.2867528908398915e+57 4.3045879344820396e+57 4.3890772873786024e+57 4.538452810959783e+57 4.667568663034847e+57 4.781273389335462e+57 4.8828673833786355e+57 5.017463724383245e+57 5.135396825913537e+57 5.240339268935851e+57 5.2729229365341005e+57 5.33487602736427e+57 5.4208729500095144e+57 5.49977066938375e+57 5.5489572732348206e+57 5.572629135677866e+57 5.6618732355577166e+57 5.762799358712697e+57 5.9373750674543015e+57 6.084902998735993e+57 6.212622214158581e+57 6.325275570115064e+57 6.425967553316486e+57 6.517085662582531e+57 6.60024356904499e+57 6.676728174504816e+57 6.747532542312201e+57 
# binding_energy_list
3.3265955329400337e+58 3.3265955329400337e+58 3.206269324505467e+58 3.076096814740705e+58 2.4154608344449553e+58 2.1183611352485042e+58 1.9952623149688667e+58 1.9230917289101537e+58 1.8749945080674328e+58 1.8365383433483588e+58 1.8113400926196138e+58 1.678804018122566e+58 1.633051947894338e+58 1.6069412530128887e+58 1.5885467485977806e+58 1.5776112696993502e+58 1.56675107010815e+58 1.559552502826946e+58 1.552387009958091e+58 1.545254439538414e+58 1.545254439538414e+58 1.545254439538414e+58 1.545254439538414e+58 1.545254439538414e+58 1.545254439538414e+58 1.545254439538414e+58 1.5417004529495678e+58 1.5417004529495678e+58 1.5417004529495678e+58 1.5381546403030264e+58 1.5310874616820382e+58 1.5275660582380638e+58 1.5205475297325031e+58 1.5170503674593275e+58 1.5135612484362073e+58 1.5100801541641555e+58 1.5066070661867325e+58 1.5066070661867325e+58 1.5031419660900208e+58 1.49968483550238e+58 1.49968483550238e+58 1.49968483550238e+58 1.4962356560944235e+58 1.4962356560944235e+58 1.4927944095789944e+58 1.4893610777109214e+58 1.4893610777109214e+58 1.4859356422869968e+58 1.4859356422869968e+58 1.4825180851459515e+58 1.4825180851459515e+58 1.4791083881682133e+58 1.4791083881682133e+58 1.4791083881682133e+58 
# total_gas_kinetic_energy_list
1.0758902801109966e+59 1.0435777771415378e+59 1.0129621044840548e+59 9.826927889368276e+58 9.895086711703976e+58 9.927194312396195e+58 9.940736577204727e+58 9.948918221777997e+58 9.954880408177819e+58 9.959568992194248e+58 9.963358308449026e+58 9.980811094004374e+58 9.987383114731455e+58 9.991051821297377e+58 9.993428879774858e+58 9.995125915500838e+58 9.996401973185906e+58 9.997430066979306e+58 9.998279283623112e+58 9.998994832078016e+58 9.999064537609447e+58 9.999127141420606e+58 9.999189399536007e+58 9.999252051647751e+58 9.999314837776694e+58 9.999377058086405e+58 9.999438940633924e+58 9.999498753761458e+58 9.99961293573712e+58 1.0000147377519327e+59 1.000104061456521e+59 1.0001755200689336e+59 1.0002345378971439e+59 1.0002839302518946e+59 1.0003440434073373e+59 1.0003930694752208e+59 1.0004335491044613e+59 1.0004457044016955e+59 1.0004673195365674e+59 1.0004970452847716e+59 1.0005213038358998e+59 1.0005359648547717e+59 1.0005425141158678e+59 1.0005677375357615e+59 1.0005926570557559e+59 1.0006310620384268e+59 1.000659699161596e+59 1.0006839438076466e+59 1.0007055263326366e+59 1.0007268163416859e+59 1.0007425929282744e+59 1.0007596853511331e+59 1.0007722583148034e+59 1.0007875095549447e+59 
