# time_axis
1000000 10000000 20000000 30000000 40000000 50000000 60000000 70000000 80000000 90000000 100000000 110000000 120000000 130000000 140000000 150000000 200000000 300000000 400000000 500000000 600000000 700000000 800000000 900000000 1000000000 1010000000 1020000000 1030000000 1040000000 1050000000 1060000000 1070000000 1080000000 1100000000 1200000000 1400000000 1600000000 1800000000 2000000000 2300000000 2600000000 2900000000 3000000000 3200000000 3500000000 3800000000 4000000000 4100000000 4500000000 5000000000 6000000000 7000000000 8000000000 9000000000 10000000000 11000000000 12000000000 13000000000 14000000000 
# SNIa_energy_release_list
0 0.0 0.0 0.0 0.0 0.0 2.7132723235255475e+52 1.2295937605901687e+54 3.844904549443756e+54 7.21200157678566e+54 1.0735074670293815e+55 1.4094942466229634e+55 1.7174163164546094e+55 1.995807690862971e+55 2.2472659331634263e+55 2.4754441924193356e+55 3.3720926943315996e+55 4.532337347081502e+55 5.310870896038148e+55 5.898002406874127e+55 6.36959349893524e+55 6.763761769488625e+55 7.102385307815327e+55 7.399205983548258e+55 7.663431929812799e+55 7.688318195808952e+55 7.712956481711954e+55 7.737349854769502e+55 7.761498231737851e+55 7.785408522031003e+55 7.809082713347971e+55 7.832522671392368e+55 7.855735658763948e+55 7.901503242250883e+55 8.118157790226169e+55 8.500519917228782e+55 8.830415002061935e+55 9.12051268834498e+55 9.379416340275263e+55 9.722080557918842e+55 1.0022007598442895e+56 1.0288687270756963e+56 1.037143311758785e+56 1.0528760080095825e+56 1.074705749552643e+56 1.0947224500646632e+56 1.107198906041663e+56 1.1132023877032618e+56 1.1358248333563695e+56 1.1614070054537555e+56 1.2056348148608058e+56 1.2429822206031584e+56 1.2753113906688626e+56 1.3038145089321088e+56 1.329286942542773e+56 1.3523364862566178e+56 1.373366869004915e+56 1.3927074531182374e+56 1.4106102284645197e+56 
# SNII_energy_release_list
0 0.0 3.4999665887630776e+52 1.5938746056149034e+54 5.310499446191917e+54 1.034442739581864e+55 1.5624277609943858e+55 1.9705581316459766e+55 2.2168720054128774e+55 2.3457274533918187e+55 2.407414434441535e+55 2.435248617976434e+55 2.447291013728847e+55 2.452373256790435e+55 2.4545028739944865e+55 2.455380761473686e+55 2.456030513482385e+55 2.456030513482385e+55 2.456030513482385e+55 2.456030513482385e+55 2.456030513482385e+55 2.456030513482385e+55 2.456030513482385e+55 2.456030513482385e+55 2.456030513482385e+55 2.456030513482385e+55 2.456030513482385e+55 2.456030513482385e+55 2.456030513482385e+55 2.456030513482385e+55 2.456030513482385e+55 2.456030513482385e+55 2.456030513482385e+55 2.456030513482385e+55 2.456030513482385e+55 2.456030513482385e+55 2.456030513482385e+55 2.456030513482385e+55 2.456030513482385e+55 2.456030513482385e+55 2.456030513482385e+55 2.456030513482385e+55 2.456030513482385e+55 2.456030513482385e+55 2.456030513482385e+55 2.456030513482385e+55 2.456030513482385e+55 2.456030513482385e+55 2.456030513482385e+55 2.456030513482385e+55 2.456030513482385e+55 2.456030513482385e+55 2.456030513482385e+55 2.456030513482385e+55 2.456030513482385e+55 2.456030513482385e+55 2.456030513482385e+55 2.456030513482385e+55 2.456030513482385e+55 
# SN_energy_per_current_crossing_time_list
0.0 0.0 4.791935467767867e+52 1.4255034363411737e+54 2.92029689093172e+54 3.7347379351924164e+54 3.8491132518875245e+54 3.0038784336113577e+54 1.8737812020410782e+54 1.0422248884151252e+54 5.556609160103657e+53 3.019879017922493e+53 1.7727237344958744e+53 1.1730509864009283e+53 8.781125178564668e+52 7.201366738823675e+52 5.336586449131186e+52 3.4830201622627145e+52 2.385194036409686e+52 1.8285104930968944e+52 1.4891452209967147e+52 1.25969791811211e+52 1.0937618133239555e+52 9.67981043183183e+51 8.692531544551305e+51 8.194015132274579e+51 8.11904222765317e+51 8.044828482376871e+51 7.970404772946613e+51 7.898126847793594e+51 7.826398246392594e+51 7.755193646300933e+51 7.686277835568143e+51 7.589087739224822e+51 7.238705751297024e+51 6.474401778462932e+51 5.6525839699688356e+51 5.024256106924734e+51 4.527418463482402e+51 4.046223315779103e+51 3.58219836681945e+51 3.2178083715621024e+51 3.005162274614673e+51 2.8740363856081673e+51 2.6813731314021753e+51 2.4772583321172962e+51 2.3271607649905522e+51 2.2443747619853456e+51 2.1326141134654784e+51 1.9469533373494356e+51 1.7099132556099897e+51 1.4627351131851542e+51 1.2807513237203574e+51 1.1412087893755802e+51 1.0302341254452952e+51 9.404148693379917e+50 8.655458251042091e+50 8.024143072359418e+50 7.482180664021959e+50 
# SN_energy_per_final_crossing_time_list
0.0 0.0 3.900681218956682e+52 1.7373520706223e+54 4.142144887923098e+54 5.610267330474588e+54 5.885479446911062e+54 4.598831146839156e+54 2.854448684918451e+54 1.576804827729329e+54 8.347370895081544e+53 4.506298060176721e+53 2.6290255466765988e+53 1.7299039501600632e+53 1.2882737107310479e+53 1.051474568718541e+53 7.63962860757569e+52 4.849058281984808e+52 3.2537573385265923e+52 2.453822914404909e+52 1.9709400816882095e+52 1.64736369376272e+52 1.4152233057970718e+52 1.2405148797848774e+52 1.1042903839398565e+52 1.0400819684908707e+52 1.029718034284288e+52 1.0194822908248002e+52 1.009243068324667e+52 9.99292613811116e+51 9.894252320209051e+51 9.796358243513142e+51 9.701499455047986e+51 9.563917369830654e+51 9.054732790186004e+51 7.990108957903493e+51 6.893720602395706e+51 6.062086064871776e+51 5.4102334996896184e+51 4.77370227783791e+51 4.1783247938192505e+51 3.7151511410593414e+51 3.458231269794322e+51 3.2876152832107514e+51 3.04113127554838e+51 2.788554039465635e+51 2.6071683261671796e+51 2.509059826556698e+51 2.3636729803700254e+51 2.1383325178182505e+51 1.848431061423172e+51 1.5608755161799014e+51 1.3511463249173358e+51 1.1912425655158642e+51 1.0645799131187591e+51 9.63319077374627e+50 8.789314512007737e+50 8.083090006133968e+50 7.482180664021959e+50 
# total_energy_release_list
0 0 3.4999665887630776e+52 1.5938746056149034e+54 5.310499446191917e+54 1.034442739581864e+55 1.5651410333179114e+55 2.0935175077049936e+55 2.6013624603572533e+55 3.066927611070385e+55 3.4809219014709163e+55 3.8447428645993976e+55 4.1647073301834564e+55 4.4481809476534063e+55 4.7017688071579126e+55 4.930824953893022e+55 5.828123207813985e+55 6.988367860563887e+55 7.766901409520533e+55 8.354032920356512e+55 8.825624012417625e+55 9.21979228297101e+55 9.558415821297712e+55 9.855236497030643e+55 1.0119462443295184e+56 1.0144348709291336e+56 1.016898699519434e+56 1.0193380368251887e+56 1.0217528745220237e+56 1.0241439035513388e+56 1.0265113226830357e+56 1.0288553184874753e+56 1.0311766172246332e+56 1.0357533755733268e+56 1.0574188303708555e+56 1.0956550430711168e+56 1.128644551554432e+56 1.1576543201827364e+56 1.1835446853757647e+56 1.2178111071401227e+56 1.247803811192528e+56 1.274471778423935e+56 1.2827463631070235e+56 1.298479059357821e+56 1.3203088009008816e+56 1.3403255014129017e+56 1.3528019573899016e+56 1.3588054390515003e+56 1.381427884704608e+56 1.407010056801994e+56 1.4512378662090444e+56 1.488585271951397e+56 1.5209144420171012e+56 1.5494175602803474e+56 1.5748899938910116e+56 1.5979395376048564e+56 1.6189699203531537e+56 1.638310504466476e+56 1.6562132798127582e+56 
# binding_energy_list
3.499451670283548e+53 3.499451670283548e+53 3.499451670283548e+53 3.499451670283548e+53 3.4914031547858552e+53 3.4833731503601304e+53 3.475361614432033e+53 3.4673685045253095e+53 3.4593937782612313e+53 3.4514373933585365e+53 3.443499307633377e+53 3.435579478998757e+53 3.435579478998757e+53 3.4276778654644765e+53 3.41979442513708e+53 3.41979442513708e+53 3.396252725904075e+53 3.365115693754915e+53 3.3419504002611496e+53 3.31894457552611e+53 3.3036954103681354e+53 3.2885163087598533e+53 3.2734069487883862e+53 3.2583670100200737e+53 3.250872973854347e+53 3.250872973854347e+53 3.250872973854347e+53 3.243396173493513e+53 3.243396173493513e+53 3.243396173493513e+53 3.243396173493513e+53 3.243396173493513e+53 3.243396173493513e+53 3.235936569296268e+53 3.228494121712638e+53 3.213660538640302e+53 3.1915378551007453e+53 3.1768740706497884e+53 3.169567463043474e+53 3.1477483141012982e+53 3.1332857243156016e+53 3.1188895840939355e+53 3.111716337106033e+53 3.1045595881283368e+53 3.097419299216578e+53 3.0831879502493343e+53 3.076096814740705e+53 3.076096814740705e+53 3.061963433690657e+53 3.0549211132155093e+53 3.0338911841942657e+53 3.0199517204019946e+53 3.0060763026282415e+53 2.992264636608183e+53 2.9785164294291667e+53 2.9648313895243513e+53 2.958012466551522e+53 2.9444216337987693e+53 2.9376496519615546e+53 
# total_gas_kinetic_energy_list
3.555417159551863e+56 1.5234893976272666e+58 2.106255293711577e+58 1.5508936086823402e+58 8.940633962342142e+57 4.527929315319077e+57 2.118667733381134e+57 9.407483369232534e+56 4.028762161584774e+56 1.6828887846710627e+56 6.923918580284324e+55 2.838591569889697e+55 1.1815946144222274e+55 5.1682073355074754e+54 2.5125858782542024e+54 1.445459691522194e+54 3.517755582583917e+54 6.676867293196643e+54 9.108335594392241e+54 1.1072494751219103e+55 1.2728403752408715e+55 1.4165434591166387e+55 1.5454971873580247e+55 1.6634204240458713e+55 1.772091365046819e+55 1.782647853581612e+55 1.7929547754784893e+55 1.8030767844914902e+55 1.8131181536098745e+55 1.823148162667241e+55 1.8332069479993121e+55 1.8433182941120812e+55 1.8534442252856132e+55 1.8730764413723078e+55 1.9671310450644393e+55 2.1390555029733171e+55 2.2913745279041122e+55 2.4303075818071338e+55 2.555904243211822e+55 2.722379090813115e+55 2.87033069359907e+55 3.002570665071858e+55 3.045221724463306e+55 3.122520465090811e+55 3.232109278948354e+55 3.327463281235475e+55 3.3871018477673734e+55 3.413690956370684e+55 3.519907961750203e+55 3.630228701484383e+55 3.8170574286714755e+55 3.966267520036609e+55 4.0992239312420705e+55 4.223623647292838e+55 4.343328506307378e+55 4.447218358367467e+55 4.551469367465664e+55 4.648123348275444e+55 4.7365103263865733e+55 
