# time_axis
5.999999999999999 7.0 7.30102999566398 7.477121254719661 7.602059991327962 7.698970004336018 7.778151250383643 7.845098040014256 7.903089986991943 7.954242509439324 8.0 8.041392685158224 8.079181246047623 8.113943352306837 8.146128035678238 8.176091259055681 8.301029995663981 8.47712125471966 8.60205999132796 8.698970004336019 8.778151250383644 8.845098040014257 8.903089986991942 8.954242509439323 8.999999999999998 9.004321373782641 9.008600171761916 9.012837224705171 9.017033339298779 9.021189299069936 9.02530586526477 9.02938377768521 9.033423755486949 9.041392685158224 9.079181246047623 9.146128035678236 9.204119982655923 9.255272505103305 9.301029995663981 9.361727836017593 9.414973347970816 9.462397997898954 9.477121254719663 9.505149978319904 9.544068044350274 9.57978359661681 9.60205999132796 9.612783856719734 9.653212513775342 9.698970004336017 9.778151250383642 9.845098040014257 9.903089986991944 9.954242509439325 10.0 10.041392685158225 10.079181246047623 10.113943352306835 10.146128035678236 
# total_gas_mass_list
7.787367376730502 9.425863451032134 9.566646912717712 9.433739807013376 9.194537218102512 8.89907962949751 8.569261897176133 8.216709866305008 7.848469510096735 7.469431744667601 7.083790537489389 6.6964914480803905 6.3154570095399665 5.955092384745717 5.639146838997212 5.394706542249403 5.773251850405895 6.045075819314431 6.17764177179091 6.263530020191896 6.325995989735132 6.374295643400418 6.413360406568852 6.446023520449664 6.473930847235542 6.476540331866741 6.479072233041995 6.481543567911981 6.483980135113267 6.486399222507503 6.4888104555486645 6.491219332386011 6.493617057166238 6.498226513280666 6.519603917814812 6.555912175156368 6.585464771975373 6.610555693198069 6.631910510029895 6.6585864401604455 6.680907204513971 6.699864382656847 6.7057920037899335 6.716321374320664 6.730791697448936 6.742978681328992 6.750416919719279 6.7536925866292785 6.766501045740047 6.7793852214469394 6.80025680053464 6.816153858847774 6.829838522977339 6.8422518963825505 6.85386232240121 6.863697320906713 6.873315387953223 6.882089425320861 6.889939519259945 
# ejected_gas_mass_list
-10.0 -10.0 3.0035701068105154 4.662188071303878 5.187624508823636 5.4768148471495754 5.657247836339471 5.778987726717473 5.866246117820841 5.93284061401562 5.986344130433501 6.030738157109932 6.068369834267657 6.100810975788281 6.129184280661157 6.154306482853685 6.248139416226695 6.359223206011126 6.42858346883446 6.478848809602187 6.5179538512956245 6.549608417243354 6.57608403767319 6.598801489984135 6.618617801464312 6.620489504725423 6.622308595119209 6.624087046345628 6.625843251995096 6.627589577076316 6.629332920879746 6.631077234920122 6.632816120916468 6.636166401420952 6.651830026591608 6.67889799252686 6.701346995964196 6.720690388641788 6.73735229640427 6.75841481014925 6.7762444895613925 6.791530150655279 6.796336072175976 6.804903352559065 6.816739758658463 6.826763603929378 6.832905957350207 6.8356167323168275 6.846249963265698 6.856999258769374 6.874523027288589 6.887959575662071 6.899586432544948 6.910180327573308 6.920128748773869 6.928585420148726 6.9368813116052435 6.944471063132415 6.951279003739005 
# stellar_mass_list
-10.0 5.579759066228755 7.226839627385328 7.57430455954515 7.70351705000397 7.7515648406332645 7.765740334515799 7.766055731403459 7.761296234104246 7.75516061415504 7.749064638784954 7.743456176421366 7.738409338544549 7.733874910410034 7.729775657121813 7.7260395581037855 7.711050293807017 7.6908436128834 7.676668006799285 7.665617208180111 7.656498774431824 7.648702991650213 7.641872360144905 7.635771597794665 7.630252414877824 7.6297213445488845 7.629203659707431 7.628696016244543 7.628193264469827 7.627691754113892 7.627189411374046 7.62668510205255 7.626180730856919 7.6252049730065625 7.620566779176478 7.612202849573385 7.604859201894428 7.598207092789529 7.592218822552612 7.5841960028679205 7.5769649470410405 7.5704191297003565 7.56829153851524 7.56441414226235 7.558778860539812 7.553675327186211 7.55037783830488 7.548877478330713 7.542704578811362 7.535944757573896 7.523521431611949 7.512874373167647 7.503561473476293 7.4950046276824605 7.486906438232211 7.479967580961866 7.47303851396808 7.466781198376589 7.461067461853638 
# remnant_mass_list
-10.0 -10.0 3.9762594370553908 5.629313116191691 6.078125650496301 6.30385201512714 6.433160105339847 6.513373891717626 6.566655811321406 6.604441155021884 6.63286533697886 6.6553413031250885 6.6738357121621625 6.689521982129871 6.703131485669002 6.715144347850053 6.760161216093275 6.814283678738891 6.848427885258054 6.87315579535172 6.8924367501517345 6.90817903446882 6.92144648064958 6.932904126791502 6.942966087660876 6.943919775731788 6.944846683366573 6.945753096795051 6.946648498368174 6.947539518775816 6.948429910233572 6.949321754684901 6.9502116358897394 6.95192628426206 6.959963760109186 6.97400518669411 6.9858758054452315 6.996280700946278 7.005374667387978 7.017172927064685 7.02744898059792 7.036470898183023 7.0393494186888175 7.044523546709988 7.051894211013539 7.0584154027291115 7.062555809850944 7.064419187471586 7.071971806354086 7.080018265369526 7.094246334344129 7.105885451632099 7.115670785034887 7.124357208701612 7.132323350064123 7.138950488267303 7.145404600004037 7.1510896166940565 7.156165487261366 
# BH_mass_list
-10.0 -10.0 3.705949897482868 5.354316572613162 5.725717199338768 5.879000818971117 5.947721857941159 5.978774997979575 5.992576761250798 5.998567784184746 6.001081016166031 6.002092250315527 6.002484059907235 6.002628547577168 6.002671581209246 6.002679906465483 6.002683928500892 6.002683928500892 6.002683928500892 6.002683928500892 6.002683928500892 6.002683928500892 6.002683928500892 6.002683928500892 6.002683928500892 6.002683928500892 6.002683928500892 6.002683928500892 6.002683928500892 6.002683928500892 6.002683928500892 6.002683928500892 6.002683928500892 6.002683928500892 6.002683928500892 6.002683928500892 6.002683928500892 6.002683928500892 6.002683928500892 6.002683928500892 6.002683928500892 6.002683928500892 6.002683928500892 6.002683928500892 6.002683928500892 6.002683928500892 6.002683928500892 6.002683928500892 6.002683928500892 6.002683928500892 6.002683928500892 6.002683928500892 6.002683928500892 6.002683928500892 6.002683928500892 6.002683928500892 6.002683928500892 6.002683928500892 6.002683928500892 
# NS_mass_list
-10.0 -10.0 3.6421693841885165 5.300589038922525 5.823033807241311 6.099014382757628 6.259394220766219 6.34727779069051 6.39152092982186 6.4126311938933425 6.42227638221077 6.426516955183212 6.4283179485461925 6.429062554325512 6.42936369792043 6.429479010317939 6.42954940362537 6.42954940362537 6.42954940362537 6.42954940362537 6.42954940362537 6.42954940362537 6.42954940362537 6.42954940362537 6.42954940362537 6.42954940362537 6.42954940362537 6.42954940362537 6.42954940362537 6.42954940362537 6.42954940362537 6.42954940362537 6.42954940362537 6.42954940362537 6.42954940362537 6.42954940362537 6.42954940362537 6.42954940362537 6.42954940362537 6.42954940362537 6.42954940362537 6.42954940362537 6.42954940362537 6.42954940362537 6.42954940362537 6.42954940362537 6.42954940362537 6.42954940362537 6.42954940362537 6.42954940362537 6.42954940362537 6.42954940362537 6.42954940362537 6.42954940362537 6.42954940362537 6.42954940362537 6.42954940362537 6.42954940362537 6.42954940362537 
# WD_mass_list
-10.0 -10.0 -10.0 -10.0 -10.0 2.1215976496636864 3.8714867109968405 4.924993658798349 5.381078508532961 5.642729576205659 5.811205873490124 5.928010383047349 6.013670598244583 6.079397690916436 6.131739372603804 6.174707225061415 6.314202949144487 6.451110518318094 6.526201502617605 6.576597360989981 6.613969095881041 6.6433887433932926 6.667494437499009 6.687844882556592 6.705383040355726 6.707029847207738 6.708627898275412 6.710188233814105 6.7117273121578975 6.713256601123044 6.714782571018557 6.7163087979595595 6.71782944863874 6.7207532787192195 6.7343520754406105 6.757704606714841 6.777069030482343 6.793775222158307 6.808182769486679 6.826618978345806 6.8424528627171854 6.856190959935575 6.860543185453678 6.868329537632613 6.879341721614321 6.889008940627191 6.895110865030887 6.897848077545515 6.908886814960626 6.920551521803449 6.9409458357770175 6.957419500770318 6.971130524536646 6.9831998522494185 6.9941871100196735 7.003270137358748 7.012067285074414 7.019777277805167 7.026631084871546 
