# time_axis
5.999999999999999 7.0 7.30102999566398 7.477121254719661 7.602059991327962 7.698970004336018 7.778151250383643 7.845098040014256 7.903089986991943 7.954242509439324 8.0 8.041392685158224 8.079181246047623 8.113943352306837 8.146128035678238 8.176091259055681 8.301029995663981 8.47712125471966 8.60205999132796 8.698970004336019 8.778151250383644 8.845098040014257 8.903089986991942 8.954242509439323 8.999999999999998 9.004321373782641 9.008600171761916 9.012837224705171 9.017033339298779 9.021189299069936 9.02530586526477 9.02938377768521 9.033423755486949 9.041392685158224 9.079181246047623 9.146128035678236 9.204119982655923 9.255272505103305 9.301029995663981 9.361727836017593 9.414973347970816 9.462397997898954 9.477121254719663 9.505149978319904 9.544068044350274 9.57978359661681 9.60205999132796 9.612783856719734 9.653212513775342 9.698970004336017 9.778151250383642 9.845098040014257 9.903089986991944 9.954242509439325 10.0 10.041392685158225 10.079181246047623 10.113943352306835 10.146128035678236 
# total_gas_mass_list
8.834045203312508 9.856272592198362 9.389786119351124 8.869171253267695 8.346750193453133 7.825046889741981 7.305572412853021 6.792398522748737 6.297025141585028 5.850499015243288 5.504863727126367 5.2920061912984036 5.1824328898797605 5.125047532636976 5.0889414284304255 5.0611714132007695 5.6589231080573255 5.990464612943114 6.141537423585949 6.237066454257288 6.305555218946646 6.357948922125988 6.400154380170619 6.435177061507475 6.4651813058525605 6.4679030411466085 6.470544348061424 6.473163606271594 6.475778053773165 6.478392205191244 6.48100335354031 6.483613674725529 6.4861753731561524 6.490960602881712 6.513699932972669 6.552191233376111 6.58351444929837 6.60990211866838 6.632300508899164 6.660321235805217 6.683704905345868 6.70351181628818 6.709737353438342 6.720662773868138 6.735704891038683 6.748442289343827 6.756118515313202 6.759536254825741 6.77283636998883 6.78624273481213 6.80788994653383 6.824366771937431 6.838531806384337 6.851368017224693 6.863403380668289 6.873543823720138 6.8834607472076925 6.892528393581442 6.9006370744882215 
# ejected_gas_mass_list
-10.0 -10.0 4.102954283908524 5.202912339084417 5.553040114514756 5.73050006629724 5.84226543830845 5.920364221070511 5.9795821051792775 6.028710007341692 6.070223563207183 6.10566447015729 6.13636958022789 6.163339729015802 6.187327618396683 6.208877225399324 6.291913238996525 6.394588329503255 6.460563616280875 6.509014134489101 6.5469675675869645 6.577787099822667 6.603715478967345 6.625961224141836 6.645534504871154 6.647333187798765 6.6490823704432716 6.650820496323081 6.652558943110184 6.654300695496185 6.656043936258449 6.6577901033677085 6.659507119049614 6.6627234202637124 6.678164955537102 6.704886172655558 6.727157389476392 6.74627462326055 6.762749722459691 6.783672177772795 6.801390265767341 6.816576745531794 6.821383179204537 6.8298559067985245 6.841598768345155 6.8516115582455415 6.85767593995085 6.860383244851939 6.870960574547053 6.881688902680827 6.899149725225295 6.912551432722456 6.92414784464909 6.934715056105687 6.94467267333323 6.95309918173505 6.961371868719503 6.968963304423325 6.975773606057014 
# stellar_mass_list
-10.0 6.679143243326763 7.735801896775768 7.8112374197963526 7.813396404944569 7.803780322269739 7.793576488682117 7.7847598301568155 7.777357030489105 7.7710677226221385 7.765622202829366 7.76081832265941 7.756515102107479 7.752612554691915 7.749037779939007 7.745737788008985 7.732126977047649 7.7131030204869235 7.699470030314139 7.6887364267752965 7.6798182942794995 7.672179704317262 7.665455382564866 7.659449239871186 7.653973285637212 7.653460923897567 7.652961287675772 7.652463244945454 7.651963636235508 7.6514612595153615 7.650956678552537 7.650449613087993 7.64994959180601 7.649009608095638 7.644421278094749 7.636134550608059 7.628821701993285 7.622227802885437 7.616289713839268 7.6082966959542855 7.601092618535449 7.594575948700742 7.59244245127695 7.5886004405237735 7.582993928369062 7.577880862519764 7.5746161392584375 7.573114303188399 7.566959362666795 7.56019710967297 7.547792228692904 7.537165792590428 7.527874912762326 7.5193402415858746 7.511234775369802 7.5043176669494915 7.497383387614198 7.491147377027307 7.4854302894730695 
# remnant_mass_list
-10.0 -10.0 5.0756436141534 6.155113944938428 6.397360899475511 6.508000844375156 6.5717658233980005 6.613838519913083 6.644623692197807 6.6687486733423444 6.688529465611602 6.7052734325690935 6.719764380896191 6.732517290281771 6.743890471215056 6.754138338688754 6.793973645691459 6.844065764279058 6.876541534713217 6.9003634142799575 6.919098191569053 6.93443928640943 6.947440202779659 6.958674585448191 6.968622648586666 6.969539226539596 6.9704304518300555 6.971316729235553 6.97220376884386 6.973093594966989 6.973985302439049 6.974879442800713 6.975758912917255 6.977404850923991 6.985333158246935 6.999209876296838 7.011005299384395 7.021298589236579 7.030300849471611 7.0420382547635505 7.052262638212455 7.061233701350324 7.064117224132242 7.06923834462664 7.076564441233786 7.083092961108358 7.08718830633356 7.089052624841108 7.096578162989754 7.10462261606499 7.118821272650804 7.1304319615205936 7.140190054551827 7.148851047797624 7.1568221565357755 7.163426859580886 7.169884592109824 7.175548975903302 7.1806272130474165 
# BH_mass_list
-10.0 -10.0 4.805334074580876 5.8669798345088875 5.9848995356613095 6.014975538505182 6.0236156750727305 6.026151533128003 6.026843477112517 6.026988353046375 6.027007883590456 6.02701486872793 6.027018020353398 6.027019950874373 6.027021450902864 6.02702276525805 6.027023974756671 6.027023974756671 6.027023974756671 6.027023974756671 6.027023974756671 6.027023974756671 6.027023974756671 6.027023974756671 6.027023974756671 6.027023974756671 6.027023974756671 6.027023974756671 6.027023974756671 6.027023974756671 6.027023974756671 6.027023974756671 6.027023974756671 6.027023974756671 6.027023974756671 6.027023974756671 6.027023974756671 6.027023974756671 6.027023974756671 6.027023974756671 6.027023974756671 6.027023974756671 6.027023974756671 6.027023974756671 6.027023974756671 6.027023974756671 6.027023974756671 6.027023974756671 6.027023974756671 6.027023974756671 6.027023974756671 6.027023974756671 6.027023974756671 6.027023974756671 6.027023974756671 6.027023974756671 6.027023974756671 6.027023974756671 6.027023974756671 
# NS_mass_list
-10.0 -10.0 4.7415535612865245 5.840793385850217 6.184930133667451 6.339317822332693 6.4209361313519056 6.444338833562327 6.451120106654185 6.453104651681721 6.453675727830481 6.4538361231902766 6.453883366807529 6.45390034047969 6.4539063310378575 6.45390991499393 6.453915881778988 6.453915881778988 6.453915881778988 6.453915881778988 6.453915881778988 6.453915881778988 6.453915881778988 6.453915881778988 6.453915881778988 6.453915881778988 6.453915881778988 6.453915881778988 6.453915881778988 6.453915881778988 6.453915881778988 6.453915881778988 6.453915881778988 6.453915881778988 6.453915881778988 6.453915881778988 6.453915881778988 6.453915881778988 6.453915881778988 6.453915881778988 6.453915881778988 6.453915881778988 6.453915881778988 6.453915881778988 6.453915881778988 6.453915881778988 6.453915881778988 6.453915881778988 6.453915881778988 6.453915881778988 6.453915881778988 6.453915881778988 6.453915881778988 6.453915881778988 6.453915881778988 6.453915881778988 6.453915881778988 6.453915881778988 6.453915881778988 
# WD_mass_list
-10.0 -10.0 -10.0 -10.0 -10.0 3.2209818267616943 4.587296706935032 5.424914057323229 5.71805231915987 5.881485416823169 5.988885135089821 6.066524454589322 6.126243016401978 6.174215647453079 6.213999671993202 6.247773059972592 6.36445967112216 6.487883174714061 6.558407940930753 6.606576971032397 6.642689241646458 6.671239185657093 6.694782410494393 6.714682197122927 6.731981792184575 6.733561143395476 6.735094504236522 6.736617109456257 6.738138795866953 6.739663033821172 6.741188266345037 6.742715431745079 6.74421537462302 6.747016798179701 6.760408192890189 6.783454143836844 6.802673342599999 6.819183892614873 6.833434403247951 6.851762781920449 6.867507635003167 6.881161244553383 6.88551894857202 6.893222111293892 6.904163560836297 6.913838263546742 6.919871831661086 6.922609617459132 6.933605728466627 6.94526455758128 6.965612032671958 6.982042294163431 6.995712956067765 7.007745359912287 7.0187381537034605 7.02778944062489 7.036590649001438 7.044271963848792 7.051128406549132 
