# time_axis
5.999999999999999 7.0 7.30102999566398 7.477121254719661 7.602059991327962 7.698970004336018 7.778151250383643 7.845098040014256 7.903089986991943 7.954242509439324 8.0 8.041392685158224 8.079181246047623 8.113943352306837 8.146128035678238 8.176091259055681 8.301029995663981 8.47712125471966 8.60205999132796 8.698970004336019 8.778151250383644 8.845098040014257 8.903089986991942 8.954242509439323 8.999999999999998 9.004321373782641 9.008600171761916 9.012837224705171 9.017033339298779 9.021189299069936 9.02530586526477 9.02938377768521 9.033423755486949 9.041392685158224 9.079181246047623 9.146128035678236 9.204119982655923 9.255272505103305 9.301029995663981 9.361727836017593 9.414973347970816 9.462397997898954 9.477121254719663 9.505149978319904 9.544068044350274 9.57978359661681 9.60205999132796 9.612783856719734 9.653212513775342 9.698970004336017 9.778151250383642 9.845098040014257 9.903089986991944 9.954242509439325 10.0 10.041392685158225 10.079181246047623 10.113943352306835 10.146128035678236 
# total_gas_mass_list
8.563351467391335 10.23918643532609 10.608362889720395 10.437010617842995 10.224233039766471 9.974502991813184 9.697324804494075 9.40005480476998 9.0878675488509 8.76442905924005 8.432478273799525 8.094272631404369 7.7520327231277415 7.4085458276441924 7.068136036139437 6.738215338536056 6.931869113239858 7.035137726232331 7.092061522456328 7.130672976127858 7.159386197982652 7.181883791711999 7.200217896140674 7.215602099164345 7.228775980059706 7.2300109716427015 7.231209538580896 7.232381552123629 7.2335364721905675 7.234681660656203 7.235819971808256 7.236955643438431 7.2380861522261695 7.240272514358115 7.250356601664453 7.267583200071017 7.281563759870455 7.293402397776277 7.303473167608378 7.316010890663556 7.326449741958459 7.335351039317494 7.338108587933437 7.343045682908983 7.349732523825514 7.355376429304901 7.358822142583028 7.3603517515505565 7.366256990836253 7.372235634603928 7.381844573901652 7.389200693066096 7.395608413352259 7.401462085377676 7.406960559398186 7.411691990278531 7.416309306038373 7.420604283169525 7.42446984175017 
# ejected_gas_mass_list
-10.0 -10.0 3.982744155719917 5.674997042996332 6.283291893449964 6.571242062935823 6.7306627144113245 6.830657378417178 6.900091598612685 6.951178325660284 6.990593209750354 7.022032844317303 7.047769836171955 7.069316565039238 7.087702983174475 7.10365004699761 7.160737442722359 7.224153698249059 7.261830594421581 7.288320686200604 7.308492501252424 7.324571638756473 7.337849114107344 7.349108552029633 7.358834652353203 7.359750377255583 7.360639737175587 7.361510005873519 7.3623681730656285 7.363219687780653 7.364066659070203 7.36491223223961 7.365754521993766 7.367385063433824 7.374932451634588 7.387926728361557 7.398564733730294 7.407636456546872 7.4153986922876 7.425119616616712 7.433260974147597 7.440236993058022 7.442404360741004 7.4462921369417945 7.451572688610955 7.456042894801155 7.458777964600766 7.459993539430534 7.464694634240692 7.4694673901226585 7.47716581935186 7.483082106709742 7.488251536632007 7.4929868158781066 7.497445823075553 7.501291306459399 7.505051580260743 7.508555986609763 7.511715455449578 
# stellar_mass_list
-10.0 6.244592704766923 7.923793751260103 8.35414278539034 8.356644492784653 8.313232829370525 8.257371684389113 8.203994154572426 8.159086069711398 8.123513605712954 8.095869292743156 8.074218010864353 8.056866370075465 8.04255890069527 8.030431941983016 8.01990797143459 7.981228592626177 7.935158202877455 7.90594001987832 7.884662472886079 7.867999568428084 7.854337824351999 7.842789357045672 7.832786959401071 7.823987833165921 7.823149894621325 7.822336049713476 7.821540432646316 7.820754973606877 7.8199741446965145 7.819194632191079 7.81841466305076 7.817635636806103 7.816126384298648 7.809062918076138 7.7966957249067095 7.786213789157936 7.776999358714164 7.7689248352717835 7.758429173709874 7.749267948161768 7.7412052229973165 7.738634182858782 7.733994285918329 7.727383225071817 7.7215324783349955 7.717804754716627 7.716129075474637 7.709330782848503 7.702073489179684 7.689213311820692 7.678546456938308 7.669228717305454 7.660667226867144 7.652568776944163 7.645626093590717 7.638696519079269 7.632435574538616 7.626721750905128 
# remnant_mass_list
-10.0 -10.0 5.294887486778736 6.981421528361364 7.52080510760197 7.721548153039147 7.82360456839993 7.880457159264195 7.913704007091612 7.934094551150145 7.947299835877452 7.9563898712185654 7.963035806055382 7.968174856660247 7.9723372847910525 7.975830091977936 7.9879013264227225 8.001042790447348 8.00870928530896 8.013989370986824 8.017955044304044 8.021100028009107 8.023685942002139 8.025873673988508 8.027758920282743 8.027936887717587 8.028109089986351 8.028276922980758 8.02844228499283 8.02860647610264 8.028770287953717 8.028934121387659 8.029097657193269 8.029413115868461 8.030874748294071 8.033380881357264 8.035451454491177 8.037235185465791 8.03876729192621 8.040716832861479 8.04238391619073 8.043823495207887 8.044279214116761 8.045089868679248 8.046235832616741 8.047232135913593 8.047862703383155 8.048141684842093 8.049276380258982 8.050460213370028 8.052522805078011 8.054188129723315 8.055614910317942 8.05690976761243 8.058123337150255 8.059138692127565 8.060150573286766 8.061049508381846 8.061857388031356 
# BH_mass_list
-10.0 -10.0 5.151008249932827 6.83590906794854 7.353296482606869 7.520381526610982 7.597990249265236 7.636245058263476 7.6551695504468436 7.664410101703501 7.6688429232181585 7.67093213374692 7.671885108112763 7.672306408640005 7.672484997741385 7.672554217650724 7.672572955696372 7.672572955696372 7.672572955696372 7.672572955696372 7.672572955696372 7.672572955696372 7.672572955696372 7.672572955696372 7.672572955696372 7.672572955696372 7.672572955696372 7.672572955696372 7.672572955696372 7.672572955696372 7.672572955696372 7.672572955696372 7.672572955696372 7.672572955696372 7.672572955696372 7.672572955696372 7.672572955696372 7.672572955696372 7.672572955696372 7.672572955696372 7.672572955696372 7.672572955696372 7.672572955696372 7.672572955696372 7.672572955696372 7.672572955696372 7.672572955696372 7.672572955696372 7.672572955696372 7.672572955696372 7.672572955696372 7.672572955696372 7.672572955696372 7.672572955696372 7.672572955696372 7.672572955696372 7.672572955696372 7.672572955696372 7.672572955696372 
# NS_mass_list
-10.0 -10.0 4.745145967373326 6.435810717693827 7.025992351185912 7.290598586251059 7.430673217806147 7.508408177490178 7.548231943803938 7.568641681473717 7.578900429181938 7.583938004258948 7.5863510395514595 7.587479326976256 7.587994326875523 7.588224048999808 7.588373044874322 7.588373044874322 7.588373044874322 7.588373044874322 7.588373044874322 7.588373044874322 7.588373044874322 7.588373044874322 7.588373044874322 7.588373044874322 7.588373044874322 7.588373044874322 7.588373044874322 7.588373044874322 7.588373044874322 7.588373044874322 7.588373044874322 7.588373044874322 7.588373044874322 7.588373044874322 7.588373044874322 7.588373044874322 7.588373044874322 7.588373044874322 7.588373044874322 7.588373044874322 7.588373044874322 7.588373044874322 7.588373044874322 7.588373044874322 7.588373044874322 7.588373044874322 7.588373044874322 7.588373044874322 7.588373044874322 7.588373044874322 7.588373044874322 7.588373044874322 7.588373044874322 7.588373044874322 7.588373044874322 7.588373044874322 7.588373044874322 
# WD_mass_list
-10.0 -10.0 -10.0 -10.0 -10.0 2.7831582586980694 4.555989945463064 5.624158226120669 6.158012351803552 6.432522671305147 6.602149501248289 6.716574667763173 6.798294449654723 6.859264972244756 6.90643570502401 6.944065060932533 7.058507134602955 7.1592637123252025 7.209920786911816 7.242121990561178 7.265064808176743 7.28257526322479 7.296552618951859 7.30809873496028 7.317853115183721 7.318764872745851 7.319645630620048 7.320502660840354 7.321345745298461 7.322181560569036 7.323014159360214 7.3238455876577335 7.3246742331463714 7.326269105602685 7.33359808594736 7.345939057750079 7.355929013021116 7.364391651261441 7.371558208115775 7.380545220140784 7.388116539586131 7.394572943196806 7.396601377136532 7.400191610721133 7.4052280276474995 7.409570375756248 7.412301505698274 7.41350563696143 7.418376937147614 7.423414964580845 7.43208751293795 7.4389948221458555 7.444847230169789 7.4501074562434315 7.4549942970577945 7.459051479599737 7.4630667387878065 7.466610696504726 7.469777383780321 
