# time_axis
1000000 10000000 20000000 30000000 40000000 50000000 60000000 70000000 80000000 90000000 100000000 110000000 120000000 130000000 140000000 150000000 160000000 170000000 180000000 190000000 200000000 300000000 400000000 500000000 600000000 700000000 800000000 900000000 1000000000 1010000000 1020000000 1030000000 1040000000 1050000000 1060000000 1070000000 1080000000 1100000000 1200000000 1400000000 1600000000 1800000000 2000000000 2300000000 2600000000 2900000000 3000000000 3200000000 3500000000 3800000000 4000000000 4100000000 4500000000 5000000000 6000000000 7000000000 8000000000 9000000000 10000000000 11000000000 12000000000 13000000000 14000000000 
# SNIa_energy_release_list
0 0 0 0 0 0 0 0 0 0 0 0 0 0 0 0 0 0 0 0 0 0 0 0 0 0 0 0 0 0 0 0 0 0 0 0 0 0 0 0 0 0 0 0 0 0 0 0 0 0 0 0 0 0 0 0 0 0 0 0 0 0 1e-10 
# SNII_energy_release_list
0 -1.303018105699007e+55 -6.067542581132968e+56 -1.2726397814884525e+57 -1.3391506769483198e+57 -7.3687231019716205e+56 4.017153360871875e+56 2.198939342333609e+57 1.9188420229502483e+57 1.158331421313176e+57 2.1981285217404143e+56 -7.910865928997883e+56 -1.7953585120601843e+57 -2.7926535317577864e+57 -3.7828953581954966e+57 -3.6422305299437535e+57 -3.1568796568908066e+57 -2.491223667488738e+57 -2.8238274697277434e+57 -3.498558246538298e+57 -4.348065834176971e+57 -3.7648631298997616e+56 5.241910245459191e+57 8.200894955914222e+57 1.0072588719103925e+58 1.1457361698939379e+58 1.25564400249724e+58 1.3466599289558978e+58 1.4242460435749644e+58 1.4314072317960075e+58 1.4384730103159804e+58 1.445444504967161e+58 1.452323504117006e+58 1.4591120738184624e+58 1.4658143200531303e+58 1.4724311451956023e+58 1.4789646891163306e+58 1.4917909208566194e+58 1.5515493869850758e+58 1.653577992111986e+58 1.738562746174152e+58 1.8112899941487796e+58 1.8747926729307981e+58 1.9043354109417517e+58 1.9043354109417517e+58 1.9043354109417517e+58 1.9043354109417517e+58 1.9043354109417517e+58 1.9043354109417517e+58 1.9043354109417517e+58 1.9043354109417517e+58 1.9043354109417517e+58 1.9043354109417517e+58 1.9043354109417517e+58 1.9043354109417517e+58 1.9043354109417517e+58 1.9043354109417517e+58 1.9043354109417517e+58 1.9043354109417517e+58 1.9043354109417517e+58 1.9043354109417517e+58 1.9043354109417517e+58 1.9043354109417517e+58 
# SN_energy_per_current_crossing_time_list
0.0 -4.45690801404432e+56 -1.768371336942892e+57 -1.0511114939091543e+57 -8.321224553169617e+55 6.813415001546373e+56 1.276112381072296e+57 2.291638755832414e+57 -2.572079038529092e+56 -5.505812738403589e+56 -5.735013887668486e+56 -5.4542400521737905e+56 -4.853267154483762e+56 -4.368589968619381e+56 -3.971112638524547e+56 5.644485078624807e+55 1.9562756452028558e+56 2.702757793738831e+56 -1.259571984795264e+56 -2.378703620118872e+56 -2.7991005266495316e+56 2.190358285477724e+56 7.3846092345632e+56 5.51981056124946e+56 4.458143562801165e+56 3.864146376594234e+56 3.44037978184962e+56 3.114757250154246e+56 2.8521977248694865e+56 2.649300991873905e+56 2.630292757704557e+56 2.6110619356839417e+56 2.5918713240459435e+56 2.57285037849779e+56 2.554810886501128e+56 2.536573791482679e+56 2.5186113600876435e+56 2.4991480863730953e+56 2.4465304451083425e+56 2.2602932054133345e+56 1.9998142315601315e+56 1.7954372044233957e+56 1.630346159569404e+56 5.303939209712649e+55 0.0 0.0 0.0 0.0 0.0 0.0 0.0 0.0 0.0 0.0 0.0 0.0 0.0 0.0 0.0 0.0 0.0 0.0 0.0 
# SN_energy_per_final_crossing_time_list
0.0 -1.1612511143195597e+56 -4.762147730396365e+57 -5.34094094611572e+57 -5.334712235879187e+56 4.830760058630485e+57 9.13239463437852e+57 1.4415191421567666e+58 -2.2466072462563796e+57 -6.0999106748114704e+57 -7.527678675454686e+57 -8.108231894326115e+57 -8.055073771375665e+57 -7.999113389733947e+57 -7.942541070078031e+57 1.128245793781586e+57 3.8929069038508705e+57 5.3390998978388764e+57 -2.6677517438853447e+57 -5.41188703909044e+57 -6.813738547517816e+57 3.185528283892663e+57 4.506408861156566e+57 2.3733452739587384e+57 1.5012499157122008e+57 1.1107000301778603e+57 8.815497902318697e+56 7.300214095476431e+56 6.223034468727129e+56 5.743852666859065e+56 5.667326362980445e+56 5.591703067726763e+56 5.517514187945718e+56 5.444982449879913e+56 5.375744041445576e+56 5.3072294104833355e+56 5.240431128850653e+56 5.143838083373171e+56 4.793112741132891e+56 4.091760037335862e+56 3.4082326228202916e+56 2.916657015136538e+56 2.546714453077484e+56 7.898555810980206e+55 0.0 0.0 0.0 0.0 0.0 0.0 0.0 0.0 0.0 0.0 0.0 0.0 0.0 0.0 0.0 0.0 0.0 0.0 0.0 
# total_energy_release_list
0 -1.303018105699007e+55 -6.067542581132968e+56 -1.2726397814884525e+57 -1.3391506769483198e+57 -7.3687231019716205e+56 4.017153360871875e+56 2.198939342333609e+57 1.9188420229502483e+57 1.158331421313176e+57 2.1981285217404143e+56 -7.910865928997883e+56 -1.7953585120601843e+57 -2.7926535317577864e+57 -3.7828953581954966e+57 -3.6422305299437535e+57 -3.1568796568908066e+57 -2.491223667488738e+57 -2.8238274697277434e+57 -3.498558246538298e+57 -4.348065834176971e+57 -3.7648631298997616e+56 5.241910245459191e+57 8.200894955914222e+57 1.0072588719103925e+58 1.1457361698939379e+58 1.25564400249724e+58 1.3466599289558978e+58 1.4242460435749644e+58 1.4314072317960075e+58 1.4384730103159804e+58 1.445444504967161e+58 1.452323504117006e+58 1.4591120738184624e+58 1.4658143200531303e+58 1.4724311451956023e+58 1.4789646891163306e+58 1.4917909208566194e+58 1.5515493869850758e+58 1.653577992111986e+58 1.738562746174152e+58 1.8112899941487796e+58 1.8747926729307981e+58 1.9043354109417517e+58 1.9043354109417517e+58 1.9043354109417517e+58 1.9043354109417517e+58 1.9043354109417517e+58 1.9043354109417517e+58 1.9043354109417517e+58 1.9043354109417517e+58 1.9043354109417517e+58 1.9043354109417517e+58 1.9043354109417517e+58 1.9043354109417517e+58 1.9043354109417517e+58 1.9043354109417517e+58 1.9043354109417517e+58 1.9043354109417517e+58 1.9043354109417517e+58 1.9043354109417517e+58 1.9043354109417517e+58 1.9043354109417517e+58 
# binding_energy_list
1.7864875748520607e+56 2.3713737056616552e+56 3.1188895840939353e+56 3.5399734108343427e+56 3.6307805477010325e+56 3.6140986263961314e+56 3.4753616144320328e+56 3.1841975217261253e+56 3.4833731503601306e+56 3.7497300224548187e+56 3.953666200681291e+56 4.120975190973321e+56 4.265795188015952e+56 4.405548635065516e+56 4.528975799036195e+56 4.497798548932866e+56 4.4668359215096165e+56 4.436086439314309e+56 4.528975799036195e+56 4.634469197362846e+56 4.742419852602468e+56 3.8106582339377572e+56 2.6001595631652667e+56 2.2335722228305144e+56 1.9952623149688666e+56 1.8365383433483587e+56 1.7338039977541269e+56 1.6557699634695327e+56 1.5958791472367436e+56 1.5885467485977807e+56 1.5848931924611238e+56 1.581248039270376e+56 1.5739828644662293e+56 1.570362804333545e+56 1.5667510701081501e+56 1.5595525028269458e+56 1.555965631605075e+56 1.5488166189124733e+56 1.5100801541641555e+56 1.4487718535447662e+56 1.4060475241299243e+56 1.3708817661648551e+56 1.3458603540559414e+56 1.3121998990192096e+56 1.2882495516931322e+56 1.2647363474711418e+56 1.2589254117941713e+56 1.2473835142429331e+56 1.2302687708123912e+56 1.2161860006463703e+56 1.2078138351067823e+56 1.205035940371806e+56 1.1885022274370262e+56 1.1748975549395303e+56 1.1508003889444355e+56 1.1324003632355624e+56 1.1194378834671501e+56 1.1091748152624054e+56 1.099005839432513e+56 1.0914403364487483e+56 1.083926914021195e+56 1.076465213629826e+56 1.0715193052376093e+56 
# total_gas_kinetic_energy_list
1.6583824137874239e+58 7.578405420341274e+59 1.6947649469660836e+60 2.277757259288002e+60 2.5770888933408704e+60 2.716096397114124e+60 2.3763806969002354e+60 2.0526762777325596e+60 1.7520423812123273e+60 1.4898549644583097e+60 1.2645180751524275e+60 1.258192374527509e+60 1.2513253758837264e+60 1.244250449372218e+60 1.237107701318228e+60 1.2341938646700113e+60 1.2316845513208643e+60 1.229354895955451e+60 1.2223633499567432e+60 1.2154783324195172e+60 1.2085043146364137e+60 1.2385372648494359e+60 1.2685681171466785e+60 1.2785966100807984e+60 1.2841275296929247e+60 1.2876847597182782e+60 1.2901758886541963e+60 1.2920551161653005e+60 1.2935290698326826e+60 1.293659507557502e+60 1.2937872529571982e+60 1.2939124590091277e+60 1.2940351527427929e+60 1.2941554271242033e+60 1.2942734458953192e+60 1.294389348530612e+60 1.2945030761198176e+60 1.2947245395409697e+60 1.2957239248337524e+60 1.2973171273762352e+60 1.2985441345603705e+60 1.299529664354063e+60 1.300344370094329e+60 1.3013452962512614e+60 1.3021708712240918e+60 1.3028709347310027e+60 1.303082327673623e+60 1.3034766651898557e+60 1.3040085742572408e+60 1.3044751436749528e+60 1.3047545753763013e+60 1.3048851357812956e+60 1.3053600566160274e+60 1.3058598765561929e+60 1.3066486235536177e+60 1.3072495756272352e+60 1.307728435485902e+60 1.3081228790255715e+60 1.3084560885684797e+60 1.3087408132929256e+60 1.308989531632901e+60 1.3092078066979807e+60 1.3094008999084889e+60 
