# time_axis
1000000 10000000 20000000 30000000 40000000 50000000 60000000 70000000 80000000 90000000 100000000 110000000 120000000 130000000 140000000 150000000 200000000 300000000 400000000 500000000 600000000 700000000 800000000 900000000 1000000000 1010000000 1020000000 1030000000 1040000000 1050000000 1060000000 1070000000 1080000000 1100000000 1200000000 1400000000 1600000000 1800000000 2000000000 2300000000 2600000000 2900000000 3000000000 3200000000 3500000000 3800000000 4000000000 4100000000 4500000000 5000000000 6000000000 7000000000 8000000000 9000000000 10000000000 11000000000 12000000000 13000000000 14000000000 
# SNIa_energy_release_list
0 0.0 0.0 0.0 0.0 0.0 1.7516506358720932e+55 7.941707907873121e+55 1.3040718103928513e+56 1.7378580352714863e+56 2.1154273612935624e+56 2.4497301394484016e+56 2.749695984675566e+56 3.021742231668206e+56 3.2706400557174164e+56 3.5000354168570145e+56 4.436478858287736e+56 5.71425732975353e+56 6.600183376989565e+56 7.279083421389202e+56 7.829691372300882e+56 8.292742160204535e+56 8.692401186094723e+56 9.043922042456737e+56 9.357678148599733e+56 9.387271100082667e+56 9.41660207780689e+56 9.44560910763597e+56 9.474339427407102e+56 9.502795584308668e+56 9.530959551658892e+56 9.558856444096757e+56 9.586497719335788e+56 9.64101405333027e+56 9.899306729991285e+56 1.0356049438263758e+57 1.0750949930201987e+57 1.1098806014335567e+57 1.1409662147094943e+57 1.1821577526544747e+57 1.2182536402056612e+57 1.2503778436335828e+57 1.2603606128265474e+57 1.27931961394488e+57 1.3056496416535492e+57 1.3298056405380537e+57 1.3448661078590192e+57 1.3521153154163085e+57 1.3794419364328724e+57 1.4103503878677274e+57 1.4638142409231063e+57 1.5089968658935087e+57 1.5481188893244901e+57 1.582631318966946e+57 1.6134795550922704e+57 1.641380534805195e+57 1.6668546104487647e+57 1.6902853108562166e+57 1.7119758046940032e+57 
# SNII_energy_release_list
0 0.0 2.2595294425779742e+55 1.0745890959294897e+56 1.901367885313905e+56 2.5654514900717863e+56 2.9753262589744114e+56 2.975923185808598e+56 2.9765411029015376e+56 2.977070605975786e+56 2.9775406998293686e+56 2.9779504995074583e+56 2.9783409623675885e+56 2.9786947963779243e+56 2.9790374535753603e+56 2.9793488054771827e+56 2.9800275824058435e+56 2.9800275824058435e+56 2.9800275824058435e+56 2.9800275824058435e+56 2.9800275824058435e+56 2.9800275824058435e+56 2.9800275824058435e+56 2.9800275824058435e+56 2.9800275824058435e+56 2.9800275824058435e+56 2.9800275824058435e+56 2.9800275824058435e+56 2.9800275824058435e+56 2.9800275824058435e+56 2.9800275824058435e+56 2.9800275824058435e+56 2.9800275824058435e+56 2.9800275824058435e+56 2.9800275824058435e+56 2.9800275824058435e+56 2.9800275824058435e+56 2.9800275824058435e+56 2.9800275824058435e+56 2.9800275824058435e+56 2.9800275824058435e+56 2.9800275824058435e+56 2.9800275824058435e+56 2.9800275824058435e+56 2.9800275824058435e+56 2.9800275824058435e+56 2.9800275824058435e+56 2.9800275824058435e+56 2.9800275824058435e+56 2.9800275824058435e+56 2.9800275824058435e+56 2.9800275824058435e+56 2.9800275824058435e+56 2.9800275824058435e+56 2.9800275824058435e+56 2.9800275824058435e+56 2.9800275824058435e+56 2.9800275824058435e+56 2.9800275824058435e+56 
# SN_energy_per_current_crossing_time_list
0.0 0.0 4.049231021614796e+55 1.6019427496745422e+56 1.597355634358115e+56 1.3017268901710573e+56 8.25286023878816e+55 4.760649347839947e+54 3.976896269107431e+54 3.407036056636469e+54 2.985447389568251e+54 2.656603426304631e+54 2.400477805849885e+54 2.1871548830955843e+54 2.013685901580734e+54 1.862518898461642e+54 1.522334736150528e+54 1.0455572014772219e+54 7.390953528960185e+53 5.75397037449332e+53 4.729777841640861e+53 4.02439669678701e+53 3.5098596283669864e+53 3.116207352163235e+53 2.8055897718442965e+53 2.648282505171953e+53 2.626906361050799e+53 2.5999550272416558e+53 2.5772096845427863e+53 2.5546663565550075e+53 2.530476758397201e+53 2.508507039536338e+53 2.487465350674542e+53 2.4566191525590414e+53 2.3449877414793864e+53 2.10113069137977e+53 1.8381619801924102e+53 1.6363827473066252e+53 1.4763197704662406e+53 1.3208828200109076e+53 1.1706741122291416e+53 1.0524832637645778e+53 9.84440902685732e+52 9.403391066390405e+52 8.780222418846536e+52 8.116179780635271e+52 7.62583463067065e+52 7.35690667913043e+52 6.992746686963092e+52 6.385304877615753e+52 5.610450614241977e+52 4.803038994864544e+52 4.2064079197818445e+52 3.750170939426719e+52 3.3861376171112956e+52 3.0893297863402025e+52 2.845227130665259e+52 2.6380724066076044e+52 2.4600829102617227e+52 
# SN_energy_per_final_crossing_time_list
0.0 0.0 6.83387516330364e+55 2.5666731357011847e+56 2.5005662364257628e+56 2.0084998085858867e+56 1.2595200382424437e+56 7.201150617466406e+54 5.97006007062556e+54 5.080044092779528e+54 4.4244776062153426e+54 3.915523190336501e+54 3.5202337121984525e+54 3.192498158824749e+54 2.9265739998287175e+54 2.695913634544363e+54 2.1652414108293225e+54 1.449225178671164e+54 1.0047957159759068e+54 7.699918727040967e+53 6.244861091785149e+53 5.251809103214016e+53 4.532835199037497e+53 3.98686382063934e+53 3.5585452340783248e+53 3.3563603831160195e+53 3.3266479583297784e+53 3.2899065781360224e+53 3.2585227982320476e+53 3.2274279142180903e+53 3.194288487925104e+53 3.1639975027333337e+53 3.1350060234636025e+53 3.0915548210408953e+53 2.9294925438375594e+53 2.590132201255527e+53 2.2394325337552185e+53 1.9726494339118087e+53 1.7628272216170888e+53 1.5572812573052132e+53 1.3646358440013253e+53 1.2144829350868742e+53 1.1322213349478937e+53 1.075141833921505e+53 9.954291755215984e+52 9.132381598514305e+52 8.540607363285975e+52 8.221874410972465e+52 7.748296772401309e+52 7.011122358595124e+52 6.063739820858675e+52 5.12450312849989e+52 4.4371244830649706e+52 3.9143155978819323e+52 3.498731705749384e+52 3.164461071501731e+52 2.889207530917685e+52 2.657452895213282e+52 2.4600829102617227e+52 
# total_energy_release_list
0 0 2.2595294425779742e+55 1.0745890959294897e+56 1.901367885313905e+56 2.5654514900717863e+56 3.1504913225616206e+56 3.77009397659591e+56 4.280612913294389e+56 4.714928641247273e+56 5.092968061122931e+56 5.42768063895586e+56 5.728036947043154e+56 6.00043702804613e+56 6.249677509292777e+56 6.479384222334197e+56 7.41650644069358e+56 8.694284912159374e+56 9.58021095939541e+56 1.0259111003795046e+57 1.0809718954706725e+57 1.1272769742610379e+57 1.1672428768500566e+57 1.202394962486258e+57 1.2337705731005577e+57 1.236729868248851e+57 1.2396629660212734e+57 1.2425636690041814e+57 1.2454367009812946e+57 1.2482823166714512e+57 1.2510987134064736e+57 1.25388840265026e+57 1.2566525301741632e+57 1.2621041635736114e+57 1.2879334312397129e+57 1.3336077020669602e+57 1.373097751260783e+57 1.407883359674141e+57 1.4389689729500786e+57 1.480160510895059e+57 1.5162563984462456e+57 1.5483806018741672e+57 1.5583633710671317e+57 1.5773223721854645e+57 1.6036523998941337e+57 1.627808398778638e+57 1.6428688660996034e+57 1.6501180736568928e+57 1.6774446946734567e+57 1.7083531461083116e+57 1.761816999163691e+57 1.806999624134093e+57 1.8461216475650746e+57 1.8806340772075306e+57 1.9114823133328546e+57 1.939383293045779e+57 1.964857368689349e+57 1.988288069096801e+57 2.0099785629345874e+57 
# binding_energy_list
3.499451670283548e+53 3.499451670283548e+53 3.4914031547858552e+53 3.4833731503601304e+53 3.475361614432033e+53 3.4673685045253095e+53 3.4593937782612313e+53 3.4514373933585365e+53 3.443499307633377e+53 3.435579478998757e+53 3.435579478998757e+53 3.4276778654644765e+53 3.41979442513708e+53 3.41979442513708e+53 3.411929116219295e+53 3.411929116219295e+53 3.388441561392034e+53 3.3573761424295727e+53 3.334264127632374e+53 3.31894457552611e+53 3.3036954103681354e+53 3.2885163087598533e+53 3.2734069487883862e+53 3.2583670100200737e+53 3.250872973854347e+53 3.243396173493513e+53 3.243396173493513e+53 3.243396173493513e+53 3.243396173493513e+53 3.243396173493513e+53 3.243396173493513e+53 3.243396173493513e+53 3.235936569296268e+53 3.235936569296268e+53 3.228494121712638e+53 3.2062693245054672e+53 3.1915378551007453e+53 3.1768740706497884e+53 3.1622776601683794e+53 3.1477483141012982e+53 3.1332857243156016e+53 3.1188895840939355e+53 3.111716337106033e+53 3.1045595881283368e+53 3.097419299216578e+53 3.0831879502493343e+53 3.076096814740705e+53 3.076096814740705e+53 3.061963433690657e+53 3.0549211132155093e+53 3.0338911841942657e+53 3.0199517204019946e+53 3.0060763026282415e+53 2.992264636608183e+53 2.9785164294291667e+53 2.9648313895243513e+53 2.958012466551522e+53 2.9444216337987693e+53 2.9376496519615546e+53 
# total_gas_kinetic_energy_list
1.5237098334911527e+58 4.1386040899515667e+58 2.4755156589736374e+54 2.3517536130046556e+54 1.0435262425737438e+55 1.5521568999019818e+54 7.038927350151242e+54 1.1482858032708745e+54 6.350610788710074e+54 1.1337644681739073e+54 5.883316928288919e+54 9.554819731277617e+53 5.225733533860305e+54 8.21050939803152e+53 4.7285335436637554e+54 7.2149930981421385e+53 2.3700754563474335e+55 5.977788124011056e+55 8.7950845843308e+55 1.109139496548987e+56 1.3042035816717002e+56 1.4741074935525668e+56 1.6278831590256346e+56 1.7680670831692434e+56 1.8987320369781646e+56 1.9107813763936489e+56 1.9227673593989907e+56 1.9348549903988734e+56 1.9470309032944576e+56 1.9592787846118556e+56 1.971611351029061e+56 1.98396788059528e+56 1.9959259416871185e+56 2.018566168439687e+56 2.131259627530532e+56 2.3372165229503512e+56 2.5210434521024525e+56 2.687283722552894e+56 2.8378964284400113e+56 3.038619299190198e+56 3.216969005269875e+56 3.376224405004114e+56 3.4281353506202963e+56 3.520561211266999e+56 3.652178226191253e+56 3.7678318048673564e+56 3.838925980687009e+56 3.8710817486535614e+56 3.999056072258702e+56 4.132718161430409e+56 4.358277629859526e+56 4.53862348048584e+56 4.699301652195643e+56 4.849675849214677e+56 4.995118266211381e+56 5.120402535735726e+56 5.2460155394542255e+56 5.363583438622071e+56 5.470819143667805e+56 
