# time_axis
5.999999999999999 7.0 7.30102999566398 7.477121254719661 7.602059991327962 7.698970004336018 7.778151250383643 7.845098040014256 7.903089986991943 7.954242509439324 8.0 8.041392685158224 8.079181246047623 8.113943352306837 8.146128035678238 8.176091259055681 8.301029995663981 8.47712125471966 8.60205999132796 8.698970004336019 8.778151250383644 8.845098040014257 8.903089986991942 8.954242509439323 8.999999999999998 9.004321373782641 9.008600171761916 9.012837224705171 9.017033339298779 9.021189299069936 9.02530586526477 9.02938377768521 9.033423755486949 9.041392685158224 9.079181246047623 9.146128035678236 9.204119982655923 9.255272505103305 9.301029995663981 9.361727836017593 9.414973347970816 9.462397997898954 9.477121254719663 9.505149978319904 9.544068044350274 9.57978359661681 9.60205999132796 9.612783856719734 9.653212513775342 9.698970004336017 9.778151250383642 9.845098040014257 9.903089986991944 9.954242509439325 10.0 10.041392685158225 10.079181246047623 10.113943352306835 10.146128035678236 
# total_gas_mass_list
9.425925345093205 9.859980279769676 6.011715048320096 6.390981229940743 6.382515340586876 6.280485796265206 6.215859092069463 6.155583479153548 6.116065437261687 6.0997194076840495 6.070167230902301 6.039117385879921 6.010791894695965 5.984827662355215 5.960876848268486 5.938371002107971 6.669032995742728 7.022863469232865 7.180329172111555 7.279152153434717 7.349679752464026 7.403452300208753 7.446738783431137 7.482530116265948 7.513247832800585 7.5159666838119525 7.518653884370987 7.521344932266902 7.524037425667534 7.5267283269797804 7.529418225187822 7.532095691744529 7.534670928561716 7.539502406757915 7.562730412672695 7.601957631477761 7.6339105196005 7.660693312984296 7.6834630873256975 7.711959918953715 7.735710964140532 7.755807307394102 7.762142453553523 7.7731927752286385 7.788424214538165 7.8013565922153285 7.809105038290537 7.812566288164417 7.826030139976278 7.8396258590317265 7.8615309444317765 7.87820272520605 7.892526048219412 7.905506543161797 7.917692289132833 7.927927950801592 7.937932416165312 7.94711315900033 7.955308348724677 
# ejected_gas_mass_list
-10.0 -10.0 5.8135242130205205 6.492924226569109 6.7422489704527875 6.871078443374751 6.957864428625598 7.021445119617314 7.072343826791441 7.1162977450202 7.153693454982916 7.185832974854464 7.21392740908667 7.238826057017797 7.261142706743454 7.281320998528311 7.360061097380239 7.459173867970372 7.523642952602939 7.571270771670146 7.608693519475889 7.639130605844856 7.664810531431894 7.686823158892227 7.706267219488008 7.708012451816646 7.709741208774444 7.711476260821341 7.713216063796935 7.714958647685796 7.71670438143895 7.718445812607089 7.720124291162203 7.7232826719744665 7.738635847872794 7.765187992413414 7.787380712748273 7.806361787091473 7.822763833883374 7.843625527041571 7.861289358436677 7.876426196422599 7.881233519332982 7.889659124761154 7.90135549911691 7.911360502135954 7.917387123308675 7.920086926097017 7.930633563432093 7.941354747001466 7.9587758233779855 7.972153893345156 7.983727646994795 7.994279037339152 8.004237629226255 8.012641699078173 8.020889939749354 8.028488198662973 8.03529402174659 
# stellar_mass_list
-10.0 8.38971317243876 8.944225845369255 8.892005911475898 8.869636916664236 8.856205022513238 8.846393992512748 8.838605797232109 8.832116473907101 8.826539370077201 8.821643912477185 8.817269802020975 8.813311293642117 8.809692836735207 8.806357201815265 8.803262445329354 8.790174608918772 8.771650200021172 8.758259007085064 8.747669462834754 8.73884160985453 8.731274362933224 8.724596466778143 8.718638538638137 8.713186944884812 8.712688924472724 8.712194200076341 8.711696059425105 8.711195008588197 8.710691216282084 8.71018479711482 8.709678092872549 8.709188508513776 8.708263498741099 8.70369397322166 8.695445467509389 8.688144011770168 8.681587637870589 8.675667337313055 8.667685687224557 8.66049430267473 8.653991639659523 8.65185517010122 8.648030559563152 8.64243789257485 8.637319885218506 8.634070969572008 8.63256821847933 8.626424549449599 8.619658125644644 8.607260914206142 8.596644243557968 8.58736470811482 8.578839342091857 8.570729212440002 8.563823612789427 8.556885689651336 8.550659722130437 8.54494278054085 
# remnant_mass_list
-10.0 -10.0 6.786213543265395 7.409426144279093 7.549777736832066 7.618884210583921 7.663645029972325 7.6959515804155965 7.721283678073768 7.74204065631687 7.759533594312049 7.774637869420795 7.787881567087998 7.799669468156692 7.810261911532747 7.8198791443074915 7.857707166922425 7.906097771790547 7.937830528743533 7.961240393668933 7.9797270568356495 7.9948845225306835 8.007766385292891 8.01888807011422 8.028774485437978 8.02966356654243 8.030544521159635 8.03142965599507 8.032317920598006 8.033208900352323 8.034102582081834 8.03499475631008 8.035854282056071 8.037471211859105 8.04535587279164 8.059151018246615 8.070915229192334 8.081139428014481 8.090107121067856 8.101819080162537 8.112018262376884 8.120964553372387 8.123850486883752 8.128945333076743 8.136249626996342 8.14278174491255 8.146855069659363 8.14872003220049 8.156228903560255 8.164275630244884 8.17846075155116 8.190057275379058 8.199800940497612 8.208450649559968 8.21642486385221 8.223017370851892 8.229477570445049 8.23513191045531 8.240209395986861 
# BH_mass_list
-10.0 -10.0 6.515904003692873 7.086071197812033 7.086082812703318 7.086190609905078 7.086217880097453 7.086301438303303 7.08632001316002 7.086382673840252 7.086397432689274 7.086452520739405 7.086465797287651 7.086513703364324 7.0865252817898945 7.0865675529546515 7.0865778729913425 7.0865778729913425 7.0865778729913425 7.0865778729913425 7.0865778729913425 7.0865778729913425 7.0865778729913425 7.0865778729913425 7.0865778729913425 7.0865778729913425 7.0865778729913425 7.0865778729913425 7.0865778729913425 7.0865778729913425 7.0865778729913425 7.0865778729913425 7.0865778729913425 7.0865778729913425 7.0865778729913425 7.0865778729913425 7.0865778729913425 7.0865778729913425 7.0865778729913425 7.0865778729913425 7.0865778729913425 7.0865778729913425 7.0865778729913425 7.0865778729913425 7.0865778729913425 7.0865778729913425 7.0865778729913425 7.0865778729913425 7.0865778729913425 7.0865778729913425 7.0865778729913425 7.0865778729913425 7.0865778729913425 7.0865778729913425 7.0865778729913425 7.0865778729913425 7.0865778729913425 7.0865778729913425 7.0865778729913425 
# NS_mass_list
-10.0 -10.0 6.452123490398521 7.12962937470989 7.366814380177687 7.4668573633162865 7.512945025648959 7.51301418803327 7.513078439014954 7.51313564800387 7.51318433228184 7.51322975486158 7.513270442304006 7.513309885705134 7.513345514084985 7.513380172944531 7.513443993591681 7.513443993591681 7.513443993591681 7.513443993591681 7.513443993591681 7.513443993591681 7.513443993591681 7.513443993591681 7.513443993591681 7.513443993591681 7.513443993591681 7.513443993591681 7.513443993591681 7.513443993591681 7.513443993591681 7.513443993591681 7.513443993591681 7.513443993591681 7.513443993591681 7.513443993591681 7.513443993591681 7.513443993591681 7.513443993591681 7.513443993591681 7.513443993591681 7.513443993591681 7.513443993591681 7.513443993591681 7.513443993591681 7.513443993591681 7.513443993591681 7.513443993591681 7.513443993591681 7.513443993591681 7.513443993591681 7.513443993591681 7.513443993591681 7.513443993591681 7.513443993591681 7.513443993591681 7.513443993591681 7.513443993591681 7.513443993591681 
# WD_mass_list
-10.0 -10.0 -10.0 -10.0 -10.0 4.9315517558736905 6.120082857925055 6.687582603348304 6.894740166323004 7.017801936196039 7.10324489860054 7.167702713359984 7.218864159628054 7.260941028601207 7.296448438581899 7.32700970737181 7.435191427435404 7.553067684189628 7.621583768797832 7.668747475674589 7.704288966023955 7.732441227882501 7.755731869433218 7.775406356932 7.792579829378944 7.794110265509592 7.795624489271454 7.79714367996371 7.7986660181752 7.800190782418702 7.80171794091152 7.803240306901556 7.804704878747959 7.807454505510939 7.820761426376129 7.843656330038695 7.862813833484793 7.879205799639498 7.893396095755397 7.911678629229045 7.9273801230711465 7.940992625026147 7.945352961692996 7.953014957083843 7.963921849340417 7.9736002535746655 7.979600446721511 7.982338788552368 7.993309102334562 8.004969818484774 8.025295643506828 8.041704333881345 8.055353736865056 8.067369708600593 8.07836615162402 8.087400250826962 8.096204405142846 8.103871767729922 8.110726933511721 
