# time_axis
1000000 10000000 20000000 30000000 40000000 50000000 60000000 70000000 80000000 90000000 100000000 110000000 120000000 130000000 140000000 150000000 200000000 300000000 400000000 500000000 600000000 700000000 800000000 900000000 1000000000 1010000000 1020000000 1030000000 1040000000 1050000000 1060000000 1070000000 1080000000 1100000000 1200000000 1400000000 1600000000 1800000000 2000000000 2300000000 2600000000 2900000000 3000000000 3200000000 3500000000 3800000000 4000000000 4100000000 4500000000 5000000000 6000000000 7000000000 8000000000 9000000000 10000000000 11000000000 12000000000 13000000000 14000000000 
# SNIa_energy_release_list
0 0.0 0.0 0.0 0.0 0.0 4.235548706905221e+53 2.001507672650144e+55 6.316948308598846e+55 1.187298534077677e+56 1.7668551317286864e+56 2.317700468675766e+56 2.821189248561932e+56 3.2756076186011725e+56 3.6856878846826676e+56 4.057670830804389e+56 5.5198364493576195e+56 7.413822022043142e+56 8.685462034092253e+56 9.644715295871727e+56 1.0415309707940821e+57 1.1059452074445176e+57 1.161286022267984e+57 1.2097973305278346e+57 1.2529830802211893e+57 1.2570506083211807e+57 1.2610776050455794e+57 1.2650646318956769e+57 1.2690116156810996e+57 1.27291968335544e+57 1.2767891796860548e+57 1.2806203880578269e+57 1.2844144973490561e+57 1.2918951485547983e+57 1.3273075879916703e+57 1.3898067552215693e+57 1.4437314509681436e+57 1.4911518580488615e+57 1.533473910147959e+57 1.589488872569484e+57 1.6385183750666234e+57 1.6821133865842658e+57 1.695640178452933e+57 1.7213592200545987e+57 1.7570456050287647e+57 1.7897684085352538e+57 1.8101646048023276e+57 1.8199789818764316e+57 1.8569619173757224e+57 1.8987835497883305e+57 1.9710876260830357e+57 2.032143948572347e+57 2.0849965151209107e+57 2.1315944127552614e+57 2.1732376049972417e+57 2.210920193304342e+57 2.2453016418506733e+57 2.2769206311142007e+57 2.3061890354856333e+57 
# SNII_energy_release_list
0 0.0 8.08861287734833e+53 3.808265260234228e+55 1.139194869938367e+56 2.0125307518565957e+56 2.8087684723980634e+56 3.377875488530623e+56 3.7053606882395624e+56 3.8702685813600743e+56 3.94641873736793e+56 3.979528011960561e+56 3.993358897391969e+56 3.999044048211483e+56 4.001325272298511e+56 4.002282270284675e+56 4.002967608002145e+56 4.002967608002145e+56 4.002967608002145e+56 4.002967608002145e+56 4.002967608002145e+56 4.002967608002145e+56 4.002967608002145e+56 4.002967608002145e+56 4.002967608002145e+56 4.002967608002145e+56 4.002967608002145e+56 4.002967608002145e+56 4.002967608002145e+56 4.002967608002145e+56 4.002967608002145e+56 4.002967608002145e+56 4.002967608002145e+56 4.002967608002145e+56 4.002967608002145e+56 4.002967608002145e+56 4.002967608002145e+56 4.002967608002145e+56 4.002967608002145e+56 4.002967608002145e+56 4.002967608002145e+56 4.002967608002145e+56 4.002967608002145e+56 4.002967608002145e+56 4.002967608002145e+56 4.002967608002145e+56 4.002967608002145e+56 4.002967608002145e+56 4.002967608002145e+56 4.002967608002145e+56 4.002967608002145e+56 4.002967608002145e+56 4.002967608002145e+56 4.002967608002145e+56 4.002967608002145e+56 4.002967608002145e+56 4.002967608002145e+56 4.002967608002145e+56 4.002967608002145e+56 
# SN_energy_per_current_crossing_time_list
0.0 0.0 1.7419468361068186e+54 5.637325570066187e+55 1.0427531974332278e+56 1.1869813504115685e+56 1.0994002961076915e+56 8.13111654457832e+55 4.946721974831842e+55 2.720072410050611e+55 1.4542593899217839e+55 8.085841994542341e+54 4.971162309215106e+54 3.4853060786986714e+54 2.7303263497047668e+54 2.3215673327007857e+54 1.7795355394570614e+54 1.1813681522131739e+54 8.133070344387086e+53 6.253473924317357e+53 5.101941200119795e+53 4.320469552228618e+53 3.753664425470228e+53 3.322989110600189e+53 2.98429648425472e+53 2.8131682180153877e+53 2.787410699596931e+53 2.761952549838522e+53 2.7363760973963143e+53 2.7115316762905946e+53 2.686886095998869e+53 2.6624029198520072e+53 2.6387015881114058e+53 2.6052658754156393e+53 2.4844453031606487e+53 2.2206033682033577e+53 1.937006104220969e+53 1.71990540075863e+53 1.5481117142683613e+53 1.381191699170933e+53 1.2206445734734114e+53 1.0945569915102018e+53 1.0216082775667059e+53 9.759309305709589e+52 9.089477500811114e+52 8.384266140131022e+52 7.867998569965653e+52 7.584450355525705e+52 7.192341566756309e+52 6.551634494941089e+52 5.730079733008789e+52 4.884190116964438e+52 4.2627543119145796e+52 3.7870054101634487e+52 3.4088053555706914e+52 3.1038635088906637e+52 2.849425046721107e+52 2.635480890066605e+52 2.4522197657625303e+52 
# SN_energy_per_final_crossing_time_list
0.0 0.0 1.8071871290479957e+54 8.327845198676667e+55 1.6943739686672001e+56 1.95123859810164e+56 1.7793379694892894e+56 1.28793400080274e+56 7.678356971532746e+55 4.149937966061397e+55 2.1869491764328185e+55 1.2012588435469636e+55 7.30856954462089e+54 5.0774892578192527e+54 3.945489912199671e+54 3.330432494263887e+54 2.480741587287416e+54 1.5868541374744766e+54 1.0654290315617265e+54 8.036993677741175e+53 6.4563370953913115e+53 5.396873102685247e+53 4.636666838454724e+53 4.06446444664791e+53 3.6182686166752107e+53 3.407931870153179e+53 3.373973120950348e+53 3.340484819178273e+53 3.3069351956894552e+53 3.2743297773723145e+53 3.242013218439e+53 3.20993409028581e+53 3.1788510502119844e+53 3.1337890024164977e+53 2.966990712542045e+53 2.6182106014368416e+53 2.2590094610956303e+53 1.9865322698858623e+53 1.7729523510740836e+53 1.5643831744898706e+53 1.3692935859341144e+53 1.2175193834225218e+53 1.1333267767777262e+53 1.0774202339781149e+53 9.96647641961132e+52 9.138808813699866e+52 8.544359815068306e+52 8.222863516692035e+52 7.746432319675688e+52 7.007955222782708e+52 6.057914288218996e+52 5.115534107462165e+52 4.4281918042708463e+52 3.9041515270803e+52 3.4890272059005603e+52 3.157192537696192e+52 2.880610320634782e+52 2.6491608309584224e+52 2.4522197657625303e+52 
# total_energy_release_list
0 0 8.08861287734833e+53 3.808265260234228e+55 1.139194869938367e+56 2.0125307518565957e+56 2.8130040211049685e+56 3.5780262557956376e+56 4.337055519099447e+56 5.0575671154377515e+56 5.713273869096617e+56 6.297228480636327e+56 6.8145481459539e+56 7.274651666812656e+56 7.687013156981179e+56 8.059953101089064e+56 9.522804057359764e+56 1.1416789630045288e+57 1.2688429642094397e+57 1.3647682903873873e+57 1.4418277315942967e+57 1.5062419682447322e+57 1.5615827830681985e+57 1.610094091328049e+57 1.6532798410214037e+57 1.6573473691213953e+57 1.6613743658457938e+57 1.6653613926958914e+57 1.669308376481314e+57 1.6732164441556544e+57 1.6770859404862694e+57 1.6809171488580415e+57 1.6847112581492705e+57 1.692191909355013e+57 1.727604348791885e+57 1.790103516021784e+57 1.844028211768358e+57 1.891448618849076e+57 1.9337706709481736e+57 1.9897856333696985e+57 2.0388151358668378e+57 2.0824101473844802e+57 2.0959369392531473e+57 2.121655980854813e+57 2.157342365828979e+57 2.1900651693354682e+57 2.210461365602542e+57 2.220275742676646e+57 2.2572586781759367e+57 2.299080310588545e+57 2.37138438688325e+57 2.4324407093725614e+57 2.485293275921125e+57 2.5318911735554758e+57 2.573534365797456e+57 2.6112169541045563e+57 2.6455984026508877e+57 2.677217391914415e+57 2.7064857962858477e+57 
# binding_energy_list
6.546361740672787e+54 6.546361740672787e+54 6.546361740672787e+54 6.516283940608428e+54 6.486344335482348e+54 6.441692655151735e+54 6.397348354826442e+54 6.367955209079188e+54 6.338697112569264e+54 6.324118513762223e+54 6.295061828571968e+54 6.280583588133205e+54 6.266138646723311e+54 6.251726927756848e+54 6.237348354824216e+54 6.22300285169155e+54 6.165950018614809e+54 6.081350012787164e+54 6.025595860743593e+54 5.984115950603211e+54 5.956621435290085e+54 5.915616341754719e+54 5.888436553555932e+54 5.874893525297745e+54 5.8479008414448476e+54 5.8479008414448476e+54 5.8479008414448476e+54 5.8479008414448476e+54 5.8479008414448476e+54 5.834451042737424e+54 5.834451042737424e+54 5.834451042737424e+54 5.834451042737424e+54 5.834451042737424e+54 5.807644175213159e+54 5.780960474057187e+54 5.754399373371543e+54 5.727960309858327e+54 5.7147863667186424e+54 5.675446054085442e+54 5.6623928903825345e+54 5.636376558259514e+54 5.6234132519034906e+54 5.6234132519034906e+54 5.59757601495107e+54 5.584701947368306e+54 5.571857489319327e+54 5.571857489319327e+54 5.559042572704003e+54 5.546257129579105e+54 5.5207743928075396e+54 5.495408738576271e+54 5.47015962893971e+54 5.457578610912733e+54 5.445026528424176e+54 5.432503314924325e+54 5.407543229455771e+54 5.3951062251512674e+54 5.382697825162903e+54 
# total_gas_kinetic_energy_list
2.3295382953416163e+57 1.0392733993267531e+59 1.4649466515944848e+59 1.07091575516161e+59 6.077268988611119e+58 3.013206491332515e+58 1.3740393780785436e+58 5.921260011888304e+57 2.4517668955783533e+57 9.871829350022238e+56 3.9093196625805687e+56 1.5462273237698109e+56 6.275832972825774e+55 2.7455240897214066e+55 1.3896499355751547e+55 8.589501526082683e+54 2.5570316999762697e+55 4.866277876936042e+55 6.498852026544347e+55 7.744148919257772e+55 8.749236998843364e+55 9.591765943613001e+55 1.0326453490094696e+56 1.0981006208994748e+56 1.1571380191318619e+56 1.1628032180142472e+56 1.1683350804930188e+56 1.1737586569944224e+56 1.1791240660706246e+56 1.184473945374649e+56 1.189830490673834e+56 1.1952073156221582e+56 1.2005772540839826e+56 1.2109664497924679e+56 1.2602253861087977e+56 1.348260152146381e+56 1.4242076140067602e+56 1.4919061831914605e+56 1.551899603923162e+56 1.6297540278466127e+56 1.6973999089732769e+56 1.7566783118846119e+56 1.7755500214293388e+56 1.8095044864846385e+56 1.8570080117176127e+56 1.8978162953099835e+56 1.9230824400605014e+56 1.9341715733758144e+56 1.9785076147860595e+56 2.023877511551895e+56 2.0990007537575864e+56 2.157868838839153e+56 2.2101300972965415e+56 2.259174347988101e+56 2.3061740912625733e+56 2.3470071154085238e+56 2.3875955148191563e+56 2.4257959886930007e+56 2.4604662312291626e+56 
