# time_axis
5.999999999999999 7.0 7.30102999566398 7.477121254719661 7.602059991327962 7.698970004336018 7.778151250383643 7.845098040014256 7.903089986991943 7.954242509439324 8.0 8.041392685158224 8.079181246047623 8.113943352306837 8.146128035678238 8.176091259055681 8.301029995663981 8.47712125471966 8.60205999132796 8.698970004336019 8.778151250383644 8.845098040014257 8.903089986991942 8.954242509439323 8.999999999999998 9.004321373782641 9.008600171761916 9.012837224705171 9.017033339298779 9.021189299069936 9.02530586526477 9.02938377768521 9.033423755486949 9.041392685158224 9.079181246047623 9.146128035678236 9.204119982655923 9.255272505103305 9.301029995663981 9.361727836017593 9.414973347970816 9.462397997898954 9.477121254719663 9.505149978319904 9.544068044350274 9.57978359661681 9.60205999132796 9.612783856719734 9.653212513775342 9.698970004336017 9.778151250383642 9.845098040014257 9.903089986991944 9.954242509439325 10.0 10.041392685158225 10.079181246047623 10.113943352306835 10.146128035678236 
# total_gas_mass_list
8.602310340709769 10.259728783226302 10.408964549923294 10.272924799615364 10.026896157127176 9.722238444163372 9.38124513397149 9.015728034375456 8.632904861387706 8.237976836109993 7.83585270863479 7.433142986009744 7.041421358202403 6.681661546583123 6.384237466726156 6.172770294071427 6.641516782354573 6.915877746660586 7.0397507022484245 7.117010741163723 7.171789744627027 7.213382601495243 7.246548495446757 7.273926013670435 7.297087542686265 7.299239950122124 7.30133016949755 7.303369471476016 7.305376706249654 7.307368043139231 7.3093510041268965 7.311330873459204 7.313297833301986 7.317078368733072 7.334530856048364 7.36389204741333 7.3875121632833265 7.40737397335822 7.424144204719784 7.444921270506465 7.462143720040867 7.4766538381991365 7.481159759440038 7.489155803774899 7.500076646925171 7.5092450528118615 7.514816492080219 7.517252006691931 7.526791091105559 7.536353437752066 7.551688813556623 7.563320832730853 7.573355904836456 7.582578832276011 7.591186604414279 7.598546347954517 7.605697727096017 7.6123426072023825 7.618279672287026 
# ejected_gas_mass_list
-10.0 -10.0 4.360601891780162 6.033692848152516 6.51299680562195 6.761289179341243 6.907601214738832 7.0015650211819835 7.066267015973491 7.114021892614857 7.151441946522954 7.181973885752289 7.207572039652855 7.229472553495967 7.248517032962069 7.265300464265051 7.327398968236446 7.399851587087306 7.444508679912262 7.476590560183689 7.501379516066643 7.521349068680486 7.53798582978227 7.552195796275458 7.564553454916826 7.565717455209611 7.5668503597504255 7.567958073192414 7.569050688177063 7.570136922635357 7.571220837265686 7.572305300072715 7.573384905361792 7.5754661199272215 7.585179254966737 7.601909284525595 7.61571964113751 7.6275729598008235 7.637750746247334 7.65057347579564 7.661379555200455 7.670607147693074 7.673495434070527 7.678647307584468 7.68573796296564 7.6917389245582335 7.695406904449343 7.697015378904283 7.703344641540608 7.709736118404522 7.7200832072208865 7.728010411961208 7.734903392730456 7.741282318696808 7.747273318794632 7.752424217864805 7.757454299822404 7.7621500745056435 7.766363427803433 
# stellar_mass_list
-10.0 6.505400327701712 8.168315573853112 8.463781816744502 8.534144048590447 8.532821516854435 8.509599841384306 8.483326880089423 8.460227728578266 8.441391122227587 8.426212608941775 8.413793502160967 8.40338236526444 8.394439704758598 8.386600174724052 8.379616243653084 8.352783191881258 8.319009351398808 8.296727655872736 8.280078657751849 8.266781606272932 8.255711028573783 8.246226050785605 8.237917338352416 8.230528872411021 8.229824074917417 8.229138031790706 8.22846652420214 8.227802869892612 8.227141553510679 8.226479986924005 8.225816185139603 8.225153722163652 8.22387460225297 8.217845321088035 8.207169789228177 8.197998960840687 8.189849783264908 8.182638305793713 8.17315390630217 8.164774704576965 8.157323339192684 8.154928096794874 8.150596152134689 8.14437612242726 8.138815943959788 8.13526202958368 8.133653507445661 8.12710115132508 8.120035609137313 8.107347681418059 8.09669279186163 8.087380524374348 8.078824562199438 8.070729582081139 8.063790088268433 8.05686391111085 8.050605888159556 8.044893502743683 
# remnant_mass_list
-10.0 -10.0 5.390274812179263 7.059655035503734 7.480631986416172 7.67661491159656 7.7796408012683145 7.83770407076331 7.872617991985862 7.895170782362575 7.910869848570496 7.922600969690358 7.9318884280716855 7.939558798090618 7.946099930852805 7.951806230253808 7.972690163489015 7.996864061254775 8.011626314293197 8.022090692531313 8.030120592749505 8.036593957099887 8.041992586866455 8.04661354646079 8.050639964958245 8.051020331253204 8.051389571006181 8.051750125426484 8.052105823561762 8.05245977804673 8.052813452946934 8.05316800082558 8.05352138377205 8.05420123288616 8.05737520534741 8.062877370683253 8.067484969313899 8.071492641453744 8.074969316967312 8.07944502343371 8.083313445450457 8.08668619051438 8.087759196405276 8.08967809391486 8.092402796559826 8.09479939232168 8.096316291206076 8.096995868621704 8.099749351340435 8.10266064682172 8.107774472115267 8.111945676687842 8.115504430861236 8.118710485987123 8.121691375728023 8.124191171416093 8.126656079534689 8.128844514334062 8.130810505290679 
# BH_mass_list
-10.0 -10.0 5.205023151732021 6.871895910704972 7.248416257871591 7.4018832257786755 7.46967447063841 7.499731490204771 7.512777314514549 7.518237112023202 7.520401655115283 7.52121607701409 7.521499733204675 7.52157300717528 7.521587378132389 7.5215936546038415 7.521596818970191 7.521596818970191 7.521596818970191 7.521596818970191 7.521596818970191 7.521596818970191 7.521596818970191 7.521596818970191 7.521596818970191 7.521596818970191 7.521596818970191 7.521596818970191 7.521596818970191 7.521596818970191 7.521596818970191 7.521596818970191 7.521596818970191 7.521596818970191 7.521596818970191 7.521596818970191 7.521596818970191 7.521596818970191 7.521596818970191 7.521596818970191 7.521596818970191 7.521596818970191 7.521596818970191 7.521596818970191 7.521596818970191 7.521596818970191 7.521596818970191 7.521596818970191 7.521596818970191 7.521596818970191 7.521596818970191 7.521596818970191 7.521596818970191 7.521596818970191 7.521596818970191 7.521596818970191 7.521596818970191 7.521596818970191 7.521596818970191 
# NS_mass_list
-10.0 -10.0 4.930914323883169 6.604969218028668 7.0977927115591735 7.347564239187876 7.486251808610973 7.560404113886152 7.597019554354197 7.614071183330048 7.621618042974268 7.624807728756747 7.626102523600796 7.6266079072876085 7.626792066521401 7.626859920900032 7.626900261063956 7.626900261063956 7.626900261063956 7.626900261063956 7.626900261063956 7.626900261063956 7.626900261063956 7.626900261063956 7.626900261063956 7.626900261063956 7.626900261063956 7.626900261063956 7.626900261063956 7.626900261063956 7.626900261063956 7.626900261063956 7.626900261063956 7.626900261063956 7.626900261063956 7.626900261063956 7.626900261063956 7.626900261063956 7.626900261063956 7.626900261063956 7.626900261063956 7.626900261063956 7.626900261063956 7.626900261063956 7.626900261063956 7.626900261063956 7.626900261063956 7.626900261063956 7.626900261063956 7.626900261063956 7.626900261063956 7.626900261063956 7.626900261063956 7.626900261063956 7.626900261063956 7.626900261063956 7.626900261063956 7.626900261063956 7.626900261063956 
# WD_mass_list
-10.0 -10.0 -10.0 -10.0 -10.0 3.1357065028319675 4.896359720100908 5.941254708771744 6.393371149663725 6.648727270629598 6.810214064372985 6.920074432603257 6.999139614116878 7.058752052832872 7.105507781319364 7.14336014991979 7.262822511080874 7.3745809868277235 7.433346651033813 7.47170969636598 7.499577570292227 7.521158911063249 7.5386038335445615 7.553162901817387 7.56558397112889 7.566745065555877 7.5678702032125695 7.5689669894019795 7.570047184932418 7.571120300213972 7.572190796608218 7.5732621655170576 7.574328258220335 7.5763743362392715 7.585842706172467 7.601939772374646 7.615125632488243 7.62638758661467 7.636007909978636 7.648196521058126 7.658560480638298 7.667472178941555 7.6702837314359815 7.675283899059779 7.68232356071694 7.688458381084147 7.692314291467282 7.694035050692743 7.70096533247181 7.708221273500126 7.720794390495623 7.730893187901468 7.739402015231853 7.746985696231963 7.753969075528623 7.759776324585552 7.765459667342822 7.770470580034464 7.7749446201713885 
