# time_axis
1000000 10000000 20000000 30000000 40000000 50000000 60000000 70000000 80000000 90000000 100000000 110000000 120000000 130000000 140000000 150000000 200000000 300000000 400000000 500000000 600000000 700000000 800000000 900000000 1000000000 1010000000 1020000000 1030000000 1040000000 1050000000 1060000000 1070000000 1080000000 1100000000 1200000000 1400000000 1600000000 1800000000 2000000000 2300000000 2600000000 2900000000 3000000000 3200000000 3500000000 3800000000 4000000000 4100000000 4500000000 5000000000 6000000000 7000000000 8000000000 9000000000 10000000000 11000000000 12000000000 13000000000 14000000000 
# SNIa_energy_release_list
0 0.0 0.0 0.0 0.0 0.0 3.301150829780089e+54 1.524254366681195e+55 2.7248906090304536e+55 3.789635502708018e+55 4.720894720894095e+55 5.542644304762833e+55 6.276648009088334e+55 6.939614632959685e+55 7.544085927067091e+55 8.099587070713222e+55 1.035398812266018e+56 1.3408422411316673e+56 1.5517180162722491e+56 1.7129634559587793e+56 1.8435613828286142e+56 1.9532983924798124e+56 2.0479498808044784e+56 2.131160157828503e+56 2.2054035607152073e+56 2.2124043931908545e+56 2.219341262116115e+56 2.2262047648157794e+56 2.2330011397756654e+56 2.2397322072450547e+56 2.24639526105536e+56 2.252994193471762e+56 2.2595319098231905e+56 2.2724260083002775e+56 2.3335098983864542e+56 2.4414956722748182e+56 2.5348324315976475e+56 2.617029027841818e+56 2.690469809443312e+56 2.7877681991426165e+56 2.8730167401533277e+56 2.9488748914315145e+56 2.9724401838185006e+56 3.017210014997962e+56 3.0793732898742796e+56 3.136401757005544e+56 3.1719549547649745e+56 3.189066617692993e+56 3.2535698739202684e+56 3.3265256103575658e+56 3.4527123630103235e+56 3.5593423209401906e+56 3.6516621134147066e+56 3.733097328975286e+56 3.805881094958509e+56 3.871727357050515e+56 3.9318338036344205e+56 3.987117393810965e+56 4.038294660082008e+56 
# SNII_energy_release_list
0 0.0 2.671178160026424e+54 1.510382497143116e+55 3.5855106406290274e+55 5.858263351221337e+55 7.599316219520031e+55 8.008551381984542e+55 8.104745843678685e+55 8.127368500315727e+55 8.132710896488283e+55 8.134024354121649e+55 8.13436480788779e+55 8.134519258889317e+55 8.13459325673673e+55 8.134648778955923e+55 8.134781964336552e+55 8.134781964336552e+55 8.134781964336552e+55 8.134781964336552e+55 8.134781964336552e+55 8.134781964336552e+55 8.134781964336552e+55 8.134781964336552e+55 8.134781964336552e+55 8.134781964336552e+55 8.134781964336552e+55 8.134781964336552e+55 8.134781964336552e+55 8.134781964336552e+55 8.134781964336552e+55 8.134781964336552e+55 8.134781964336552e+55 8.134781964336552e+55 8.134781964336552e+55 8.134781964336552e+55 8.134781964336552e+55 8.134781964336552e+55 8.134781964336552e+55 8.134781964336552e+55 8.134781964336552e+55 8.134781964336552e+55 8.134781964336552e+55 8.134781964336552e+55 8.134781964336552e+55 8.134781964336552e+55 8.134781964336552e+55 8.134781964336552e+55 8.134781964336552e+55 8.134781964336552e+55 8.134781964336552e+55 8.134781964336552e+55 8.134781964336552e+55 8.134781964336552e+55 8.134781964336552e+55 8.134781964336552e+55 8.134781964336552e+55 8.134781964336552e+55 8.134781964336552e+55 
# SN_energy_per_current_crossing_time_list
0.0 0.0 7.346916718837957e+54 3.1719575069551254e+55 5.228972171758084e+55 5.726666975535941e+55 4.4286425873609524e+55 1.1498367872974924e+55 3.585947225456039e+54 1.5923072586970457e+54 1.0273874368998692e+54 8.216057882100036e+53 7.140625040829676e+53 6.423005956846383e+53 5.8501477857698844e+53 5.38271013489322e+53 4.399850282318906e+53 3.01575398979402e+53 2.105081009630494e+53 1.625193441940711e+53 1.327703479826696e+53 1.1244077944443502e+53 9.768978358451966e+52 8.646272224712594e+52 7.763962494802792e+52 7.325492548066915e+52 7.262873092664359e+52 7.1903434450163e+52 7.124297011644524e+52 7.060113226387302e+52 6.993043712568785e+52 6.929996279471978e+52 6.86982281712422e+52 6.78227415090065e+52 6.462641282205163e+52 5.773463743999352e+52 5.03903091101975e+52 4.477797397575427e+52 4.0343069077253034e+52 3.60433953899728e+52 3.191418298096866e+52 2.8675395741997036e+52 2.68099310709944e+52 2.561532928284802e+52 2.3913475892297758e+52 2.2107639598407583e+52 2.0774602953032976e+52 2.0042247142664784e+52 1.906010532954082e+52 1.7417486876763928e+52 1.5332968641894746e+52 1.3151787660673695e+52 1.1538312896094134e+52 1.0303698095644083e+52 9.318341722831704e+51 8.515992377546144e+51 7.853755461074071e+51 7.290962798733825e+51 6.807472772357485e+51 
# SN_energy_per_final_crossing_time_list
0.0 0.0 9.475026143153089e+54 4.410026082479031e+55 7.360757026303046e+55 8.061757793636328e+55 6.21965843814492e+55 1.6104532870032208e+55 5.009202685644401e+54 2.2187530798566304e+54 1.4282398046298283e+54 1.139660972844283e+54 9.88429836215804e+53 8.873403104293884e+53 8.066774955536734e+53 7.40883263188514e+53 6.006945031839392e+53 4.06293258120939e+53 2.805017153547305e+53 2.144846765592069e+53 1.737181166700578e+53 1.4596944302653592e+53 1.2590305746711538e+53 1.106842425348344e+53 9.875672940435966e+52 9.312333372673608e+52 9.227250647588824e+52 9.129660717614804e+52 9.040369066437074e+52 8.9534986656155e+52 8.863028586595923e+52 8.777735901989265e+52 8.696307813712519e+52 8.575704673438527e+52 8.125227252058642e+52 7.181999636847999e+52 6.207711881142273e+52 5.466793477685889e+52 4.884455125885874e+52 4.314129996473596e+52 3.779849687815959e+52 3.363487586152687e+52 3.134596628265517e+52 2.9775858401964163e+52 2.7562681114430656e+52 2.5285949897447506e+52 2.364599004133645e+52 2.2761508763541467e+52 2.1450157095633933e+52 1.9408781498953107e+52 1.6785048235410294e+52 1.418365200440442e+52 1.2280149359513055e+52 1.0832309989042908e+52 9.681515667060763e+51 8.758706140708667e+51 7.995210146553473e+51 7.353685773129189e+51 6.807472772357485e+51 
# total_energy_release_list
0 0 2.671178160026424e+54 1.510382497143116e+55 3.5855106406290274e+55 5.858263351221337e+55 7.92943130249804e+55 9.532805748665737e+55 1.0829636452709138e+56 1.1917004003023745e+56 1.2853605617382378e+56 1.3676668658884481e+56 1.4411012816976125e+56 1.5074133891849e+56 1.5678679183803821e+56 1.6234235849669145e+56 1.8488770086996732e+56 2.1543204375653225e+56 2.3651962127059043e+56 2.5264416523924346e+56 2.6570395792622693e+56 2.7667765889134678e+56 2.8614280772381336e+56 2.9446383542621583e+56 3.0188817571488625e+56 3.0258825896245097e+56 3.03281945854977e+56 3.0396829612494346e+56 3.0464793362093206e+56 3.05321040367871e+56 3.059873457489015e+56 3.0664723899054173e+56 3.0730101062568457e+56 3.0859042047339327e+56 3.1469880948201094e+56 3.2549738687084734e+56 3.3483106280313027e+56 3.4305072242754733e+56 3.5039480058769673e+56 3.6012463955762717e+56 3.686494936586983e+56 3.7623530878651697e+56 3.7859183802521557e+56 3.8306882114316173e+56 3.8928514863079348e+56 3.949879953439199e+56 3.98543315119863e+56 4.002544814126648e+56 4.067048070353923e+56 4.140003806791221e+56 4.266190559443978e+56 4.372820517373846e+56 4.465140309848361e+56 4.546575525408941e+56 4.619359291392164e+56 4.68520555348417e+56 4.745312000068076e+56 4.80059559024462e+56 4.851772856515663e+56 
# binding_energy_list
8.550667128846876e+54 8.550667128846876e+54 8.550667128846876e+54 8.550667128846876e+54 8.531001140175843e+54 8.531001140175843e+54 8.531001140175843e+54 8.531001140175843e+54 8.51138038202376e+54 8.51138038202376e+54 8.51138038202376e+54 8.51138038202376e+54 8.491804750363178e+54 8.491804750363178e+54 8.491804750363178e+54 8.491804750363178e+54 8.452788451602891e+54 8.433347577642791e+54 8.394599865193965e+54 8.356030182312423e+54 8.336811846196331e+54 8.317637711026743e+54 8.279421637123327e+54 8.260379495771817e+54 8.241381150129963e+54 8.241381150129963e+54 8.241381150129963e+54 8.241381150129963e+54 8.222426499470695e+54 8.222426499470695e+54 8.222426499470695e+54 8.222426499470695e+54 8.222426499470695e+54 8.222426499470695e+54 8.20351544329821e+54 8.165823713585906e+54 8.128305161640929e+54 8.090958991783846e+54 8.072350302488317e+54 8.035261221856194e+54 7.99834255007026e+54 7.96159350417325e+54 7.94328234724279e+54 7.925013304804734e+54 7.90678627999831e+54 7.870457896951001e+54 7.852356346100775e+54 7.852356346100775e+54 7.816278045883308e+54 7.780365510398008e+54 7.72680585095699e+54 7.691304402866145e+54 7.638357835776954e+54 7.603262769401822e+54 7.568328950209705e+54 7.533555637337217e+54 7.498942093324558e+54 7.464487584100623e+54 7.447319739059888e+54 
# total_gas_kinetic_energy_list
1.5237098334911527e+59 4.265833861048158e+59 1.0026886760010137e+59 2.3564571138190123e+58 5.540303202116636e+57 1.3050135086387305e+57 3.099125718087742e+56 7.625860414307629e+55 2.148974712710559e+55 8.70052947718314e+54 5.673583548884222e+54 4.893958158882996e+54 4.6321747143427694e+54 4.4933463918676004e+54 4.386727108559826e+54 4.287810284431353e+54 1.959605251820523e+55 4.667369665692454e+55 7.022139240447824e+55 9.092468553958276e+55 1.0955270362865221e+56 1.265699804767965e+56 1.425777822988218e+56 1.5769090072055737e+56 1.7218082593574562e+56 1.7355770514383852e+56 1.7491605952061982e+56 1.7628127455294495e+56 1.7765835067450468e+56 1.7904824568033233e+56 1.8045098191170389e+56 1.8186138048264477e+56 1.8324006793625974e+56 1.858654507424934e+56 1.9901655309103898e+56 2.2383242022148465e+56 2.4678551439443008e+56 2.682577556204061e+56 2.8823662396711806e+56 3.1566627062833503e+56 3.408319520089309e+56 3.6394419695688477e+56 3.7159997371145617e+56 3.854231224018281e+56 4.054582087284379e+56 4.233936680356636e+56 4.346183440537656e+56 4.397454831831823e+56 4.603754262549292e+56 4.8240027122228665e+56 5.208224789767388e+56 5.524201159143012e+56 5.806046899387181e+56 6.069840525404843e+56 6.32488489570497e+56 6.545059315618923e+56 6.768809201278667e+56 6.972164527846196e+56 7.1604018031477485e+56 
