# time_axis
5.999999999999999 7.0 7.30102999566398 7.477121254719661 7.602059991327962 7.698970004336018 7.778151250383643 7.845098040014256 7.903089986991943 7.954242509439324 8.0 8.041392685158224 8.079181246047623 8.113943352306837 8.146128035678238 8.176091259055681 8.301029995663981 8.47712125471966 8.60205999132796 8.698970004336019 8.778151250383644 8.845098040014257 8.903089986991942 8.954242509439323 8.999999999999998 9.004321373782641 9.008600171761916 9.012837224705171 9.017033339298779 9.021189299069936 9.02530586526477 9.02938377768521 9.033423755486949 9.041392685158224 9.079181246047623 9.146128035678236 9.204119982655923 9.255272505103305 9.301029995663981 9.361727836017593 9.414973347970816 9.462397997898954 9.477121254719663 9.505149978319904 9.544068044350274 9.57978359661681 9.60205999132796 9.612783856719734 9.653212513775342 9.698970004336017 9.778151250383642 9.845098040014257 9.903089986991944 9.954242509439325 10.0 10.041392685158225 10.079181246047623 10.113943352306835 10.146128035678236 
# total_gas_mass_list
10.425925345093205 10.873127253127027 10.244289612840127 9.61538807869971 8.986704682316674 8.358888510088399 7.734626064204337 7.125674868963419 6.574308233604921 6.176597207678137 5.983896864061313 5.914702898950527 5.887762538456167 5.872309710938427 5.860073231957901 5.848825349582393 6.506432389841112 6.878769242660842 7.055787295193103 7.170931157285918 7.255116374934954 7.320551502271577 7.373971774117645 7.418730473456389 7.457486946637482 7.460986062106106 7.464409418963992 7.467821352370509 7.471234370057095 7.474650564209617 7.478069573395469 7.481478880464293 7.484783458654264 7.491006517649421 7.5208323716319585 7.571756482540725 7.613688648113146 7.64927241680221 7.679755867867232 7.7182578780660664 7.75068827973133 7.778381713465858 7.787162325005907 7.802553826659664 7.823890982658548 7.842099561928224 7.853097917303211 7.858024770115459 7.8772659502644045 7.89684349290772 7.92883473226261 7.953351013978489 7.974100204534418 7.9926592690914795 8.009879006368264 8.024209777885554 8.038302663335395 8.050737765871636 8.061932622214243 
# ejected_gas_mass_list
-10.0 -10.0 4.733194938636656 5.53746184956055 5.95426045042969 6.172147799547034 6.3153267639837525 6.426103110947123 6.516037378828218 6.5911950590304444 6.6543557027971065 6.708173954913895 6.7548266031008515 6.795882875366338 6.832474575993666 6.865413428005479 6.992935703440253 7.15208949922928 7.255269940020704 7.331468238496701 7.39133605013707 7.440101124908707 7.481254115058497 7.516602735388514 7.547812881488776 7.550657081903497 7.553443843585436 7.556225360494037 7.55901179087745 7.561804830345629 7.564604173917305 7.5673995410457255 7.570112800795411 7.5752323009018765 7.599946673484525 7.642793667933854 7.678652179375329 7.709463138354706 7.736119920456134 7.770114104030365 7.799013088873703 7.823872080595411 7.831787399721391 7.8456997231763514 7.8650632803279725 7.881655981717582 7.8917078430111065 7.896217759582692 7.913871552530927 7.931898958427597 7.961491951438484 7.98427806817521 8.003632344136552 8.020995396334374 8.037147446535691 8.050619468954848 8.06389346926445 8.075626527193133 8.086205391495772 
# stellar_mass_list
-10.0 8.355344270807498 8.933552436287462 8.998213669706338 9.008624480900036 9.008458050679511 9.006302765290393 9.003970777305733 9.001803381124601 8.999830081123475 8.998025335361064 8.996358997668732 8.994807567372108 8.99335281096467 8.99198074896663 8.990680578758985 8.984979642643811 8.976106622502922 8.969102749095104 8.963209076411752 8.958058019707002 8.953462367181844 8.949274612630806 8.94542686119965 8.941822676398516 8.941484124769861 8.941150774541804 8.940816342761984 8.940479591926803 8.940140304756332 8.939798485191957 8.939455418375745 8.939120592410282 8.938484776028986 8.935330390427426 8.929479430242385 8.92414017143126 8.919201555630101 8.914637675578446 8.908322774617982 8.902467624540552 8.897036868998264 8.895227258537263 8.891944089988353 8.887066067556253 8.882524278956957 8.879590903014467 8.878226182812902 8.872566491615343 8.866202373302764 8.854151820022022 8.843539865679372 8.83425410209108 8.825723090961372 8.81761341847791 8.810701882512888 8.803764224978064 8.797532633762438 8.791815253080918 
# remnant_mass_list
-10.0 -10.0 5.801241052362565 6.479990331622232 6.751202260155923 6.897070785404048 6.991499399794789 7.059540301377159 7.112430945981532 7.155543436720841 7.191823536179554 7.2230908815115695 7.250517483916267 7.274913274316495 7.2968578507987125 7.316777977680553 7.3953972634754725 7.4966049206383465 7.563402173937092 7.6129241551210285 7.652155362096764 7.684456296678855 7.7119575192901255 7.735780029832944 7.7569611653376285 7.758897803610487 7.7607959856001605 7.7626921066105705 7.764592900223685 7.766499477806662 7.768411973584272 7.770322825258757 7.772179406170072 7.77568221278592 7.79264541074152 7.822402184838788 7.847811544053771 7.869988307262819 7.889456067368847 7.914917699886769 7.937142176862813 7.9566783721318375 7.962974596084534 7.974137541721868 7.990139770500073 8.004448001111061 8.013404784185795 8.017498247628398 8.03400462007094 8.051706815033182 8.082989045021227 8.108380897814897 8.129140235629496 8.147135900796636 8.163372387087817 8.176590667586847 8.189328624181307 8.200344118668598 8.210115521103837 
# BH_mass_list
-10.0 -10.0 5.381379580774289 5.961195508014685 6.030567629173999 6.045380240933645 6.048791042638398 6.049588680469084 6.049771383886942 6.049810334016732 6.049814844324911 6.0498162574907255 6.049817164249192 6.049817937458038 6.049818664158949 6.0498193654562415 6.049820047268793 6.049820047268793 6.049820047268793 6.049820047268793 6.049820047268793 6.049820047268793 6.049820047268793 6.049820047268793 6.049820047268793 6.049820047268793 6.049820047268793 6.049820047268793 6.049820047268793 6.049820047268793 6.049820047268793 6.049820047268793 6.049820047268793 6.049820047268793 6.049820047268793 6.049820047268793 6.049820047268793 6.049820047268793 6.049820047268793 6.049820047268793 6.049820047268793 6.049820047268793 6.049820047268793 6.049820047268793 6.049820047268793 6.049820047268793 6.049820047268793 6.049820047268793 6.049820047268793 6.049820047268793 6.049820047268793 6.049820047268793 6.049820047268793 6.049820047268793 6.049820047268793 6.049820047268793 6.049820047268793 6.049820047268793 6.049820047268793 
# NS_mass_list
-10.0 -10.0 5.593415059556028 6.323326294482805 6.65954365301794 6.829402257779125 6.91539580532375 6.933356584622981 6.937471717104778 6.938431986489878 6.938655989317008 6.938708614625658 6.9387207354976965 6.938725261007402 6.938727238950004 6.938728744827342 6.938732269434254 6.938732269434254 6.938732269434254 6.938732269434254 6.938732269434254 6.938732269434254 6.938732269434254 6.938732269434254 6.938732269434254 6.938732269434254 6.938732269434254 6.938732269434254 6.938732269434254 6.938732269434254 6.938732269434254 6.938732269434254 6.938732269434254 6.938732269434254 6.938732269434254 6.938732269434254 6.938732269434254 6.938732269434254 6.938732269434254 6.938732269434254 6.938732269434254 6.938732269434254 6.938732269434254 6.938732269434254 6.938732269434254 6.938732269434254 6.938732269434254 6.938732269434254 6.938732269434254 6.938732269434254 6.938732269434254 6.938732269434254 6.938732269434254 6.938732269434254 6.938732269434254 6.938732269434254 6.938732269434254 6.938732269434254 6.938732269434254 
# WD_mass_list
-10.0 -10.0 -10.0 -10.0 -10.0 4.45040007427227 5.660245410817823 6.2482222410430195 6.50164792640877 6.6538929074604605 6.759597694338076 6.8394204462421175 6.903004815175845 6.9555469382633826 7.000134048416668 7.0387314019833305 7.177486078565425 7.333864801010789 7.427932957293392 7.494258206430122 7.545118910567497 7.586034040937758 7.620261245954965 7.649499299854695 7.675200281794903 7.677537015281441 7.679825265150208 7.6821089849444535 7.684396293071787 7.686688522628777 7.68898582880175 7.69127913339713 7.693505376550438 7.697700488232527 7.7179235948018015 7.753046559656122 7.782708567540022 7.808367814814508 7.830728163745484 7.859755853938055 7.884904691974105 7.906875719122577 7.913930806815465 7.926409291368083 7.944232758757174 7.9601074460315795 7.970016106558098 7.974537427244366 7.99272465224252 8.0121530872136 8.046303755584821 8.073864086401517 8.096297045368972 8.115675308022594 8.133107457813919 8.147264356326275 8.160878359200732 8.17262962820628 8.183037262959594 
