# time_axis
1000000 10000000 20000000 30000000 40000000 50000000 60000000 70000000 80000000 90000000 100000000 200000000 300000000 400000000 500000000 600000000 700000000 800000000 900000000 1000000000 1010000000 1020000000 1030000000 1040000000 1050000000 1060000000 1070000000 1080000000 1100000000 1200000000 1400000000 1600000000 1800000000 2000000000 2300000000 2600000000 2900000000 3000000000 3200000000 3500000000 3800000000 4000000000 4100000000 4500000000 5000000000 6000000000 7000000000 8000000000 9000000000 10000000000 11000000000 12000000000 13000000000 14000000000 
# SNIa_energy_release_list
0 0 0 0 0 0 0 0 0 0 0 0 0 0 0 0 0 0 0 0 0 0 0 0 0 0 0 0 0 0 0 0 0 0 0 0 0 0 0 0 0 0 0 0 0 0 0 0 0 0 0 0 0 1e-10 
# SNII_energy_release_list
0 0.0 2.957173940264359e+55 8.470562633631342e+55 1.293766398825537e+56 1.6312745234758451e+56 1.777693987974013e+56 1.777693987974013e+56 1.777693987974013e+56 1.777693987974013e+56 1.777693987974013e+56 1.777693987974013e+56 1.777693987974013e+56 1.777693987974013e+56 1.777693987974013e+56 1.777693987974013e+56 1.777693987974013e+56 1.777693987974013e+56 1.777693987974013e+56 1.777693987974013e+56 1.777693987974013e+56 1.777693987974013e+56 1.777693987974013e+56 1.777693987974013e+56 1.777693987974013e+56 1.777693987974013e+56 1.777693987974013e+56 1.777693987974013e+56 1.777693987974013e+56 1.777693987974013e+56 1.777693987974013e+56 1.777693987974013e+56 1.777693987974013e+56 1.777693987974013e+56 1.777693987974013e+56 1.777693987974013e+56 1.777693987974013e+56 1.777693987974013e+56 1.777693987974013e+56 1.777693987974013e+56 1.777693987974013e+56 1.777693987974013e+56 1.777693987974013e+56 1.777693987974013e+56 1.777693987974013e+56 1.777693987974013e+56 1.777693987974013e+56 1.777693987974013e+56 1.777693987974013e+56 1.777693987974013e+56 1.777693987974013e+56 1.777693987974013e+56 1.777693987974013e+56 1.777693987974013e+56 
# SN_energy_per_current_crossing_time_list
0.0 0.0 3.46888486433492e+55 6.965647624201349e+55 5.815851870980015e+55 4.474709349467511e+55 1.9675095144296557e+55 0.0 0.0 0.0 0.0 0.0 0.0 0.0 0.0 0.0 0.0 0.0 0.0 0.0 0.0 0.0 0.0 0.0 0.0 0.0 0.0 0.0 0.0 0.0 0.0 0.0 0.0 0.0 0.0 0.0 0.0 0.0 0.0 0.0 0.0 0.0 0.0 0.0 0.0 0.0 0.0 0.0 0.0 0.0 0.0 0.0 0.0 0.0 
# SN_energy_per_final_crossing_time_list
0.0 0.0 6.079303495813445e+55 1.1334322510081333e+56 9.183384349346429e+55 6.938429607115486e+55 3.010064272036937e+55 0.0 0.0 0.0 0.0 0.0 0.0 0.0 0.0 0.0 0.0 0.0 0.0 0.0 0.0 0.0 0.0 0.0 0.0 0.0 0.0 0.0 0.0 0.0 0.0 0.0 0.0 0.0 0.0 0.0 0.0 0.0 0.0 0.0 0.0 0.0 0.0 0.0 0.0 0.0 0.0 0.0 0.0 0.0 0.0 0.0 0.0 0.0 
# total_energy_release_list
0 0 2.957173940264359e+55 8.470562633631342e+55 1.293766398825537e+56 1.6312745234758451e+56 1.777693987974013e+56 1.777693987974013e+56 1.777693987974013e+56 1.777693987974013e+56 1.777693987974013e+56 1.777693987974013e+56 1.777693987974013e+56 1.777693987974013e+56 1.777693987974013e+56 1.777693987974013e+56 1.777693987974013e+56 1.777693987974013e+56 1.777693987974013e+56 1.777693987974013e+56 1.777693987974013e+56 1.777693987974013e+56 1.777693987974013e+56 1.777693987974013e+56 1.777693987974013e+56 1.777693987974013e+56 1.777693987974013e+56 1.777693987974013e+56 1.777693987974013e+56 1.777693987974013e+56 1.777693987974013e+56 1.777693987974013e+56 1.777693987974013e+56 1.777693987974013e+56 1.777693987974013e+56 1.777693987974013e+56 1.777693987974013e+56 1.777693987974013e+56 1.777693987974013e+56 1.777693987974013e+56 1.777693987974013e+56 1.777693987974013e+56 1.777693987974013e+56 1.777693987974013e+56 1.777693987974013e+56 1.777693987974013e+56 1.777693987974013e+56 1.777693987974013e+56 1.777693987974013e+56 1.777693987974013e+56 1.777693987974013e+56 1.777693987974013e+56 1.777693987974013e+56 1.777693987974013e+56 
# binding_energy_list
2.4717241450161344e+56 2.4717241450161344e+56 2.4660393372343563e+56 2.4603676041476174e+56 2.4490632418447618e+56 2.4434305526939615e+56 2.437810818368755e+56 2.4322040090738307e+56 2.4266100950824044e+56 2.42102904673618e+56 2.415460834444955e+56 2.3823194693587035e+56 2.355049283896009e+56 2.3388372386593536e+56 2.322736796357105e+56 2.3120647901755796e+56 2.3014418174085186e+56 2.29086765276777e+56 2.2803420720004025e+56 2.275097430772067e+56 2.275097430772067e+56 2.275097430772067e+56 2.2698648518838304e+56 2.2698648518838304e+56 2.2698648518838304e+56 2.2698648518838304e+56 2.2698648518838304e+56 2.2698648518838304e+56 2.2646443075930433e+56 2.2594357702209734e+56 2.249054605835764e+56 2.2387211385683468e+56 2.2284351492702986e+56 2.2181964198002012e+56 2.208004733018906e+56 2.1978598727848184e+56 2.1877616239495697e+56 2.1827299118429947e+56 2.1777097723531637e+56 2.1727011788637612e+56 2.1627185237270247e+56 2.1627185237270247e+56 2.157744409152682e+56 2.152781734724365e+56 2.1428906011200736e+56 2.1330449131465795e+56 2.1232444620002104e+56 2.113489039836661e+56 2.10862814993328e+56 2.0989398836235373e+56 2.0941124558508827e+56 2.0844908830973013e+56 2.0796966871036855e+56 2.0749135174549107e+56 
# total_gas_kinetic_energy_list
5.152038675079245e+57 3.864029006309434e+57 2.578748322385967e+57 2.5847512629503386e+57 2.590540563520654e+57 2.5952005784190043e+57 2.599328766055581e+57 2.603185337971413e+57 2.6068436777297166e+57 2.6102844129580496e+57 2.6134706669241327e+57 2.6365435331750142e+57 2.6518626553449043e+57 2.6634877659061397e+57 2.6727785344856805e+57 2.680545528427651e+57 2.6872351215914267e+57 2.6932249139673253e+57 2.6986309570686123e+57 2.703627434613945e+57 2.704086063682361e+57 2.7045458945277475e+57 2.7050075876081957e+57 2.705472209083201e+57 2.705939488201927e+57 2.7064098516484652e+57 2.7068780224083523e+57 2.707324184110599e+57 2.7081848009040932e+57 2.712441602229568e+57 2.7201508809933616e+57 2.726971366700187e+57 2.733069555546267e+57 2.7385606368535993e+57 2.745815899390577e+57 2.7522004991041153e+57 2.757868527928974e+57 2.7597225708347327e+57 2.7629609649293634e+57 2.7675748881778e+57 2.7716090176907267e+57 2.7740716284355845e+57 2.775189163007933e+57 2.7795951897853702e+57 2.7841714878843208e+57 2.791821726186717e+57 2.7978816016465602e+57 2.8032814231763648e+57 2.808338137068081e+57 2.8132314508473077e+57 2.8174491497253374e+57 2.8216812011155317e+57 2.8256378271919044e+57 2.829250299328979e+57 
