# time_axis
5.999999999999999 7.0 7.30102999566398 7.477121254719661 7.602059991327962 7.698970004336018 7.778151250383643 7.845098040014256 7.903089986991943 7.954242509439324 8.0 8.301029995663981 8.47712125471966 8.60205999132796 8.698970004336019 8.778151250383644 8.845098040014257 8.903089986991942 8.954242509439323 8.999999999999998 9.004321373782641 9.008600171761916 9.012837224705171 9.017033339298779 9.021189299069936 9.02530586526477 9.02938377768521 9.033423755486949 9.041392685158224 9.079181246047623 9.146128035678236 9.204119982655923 9.255272505103305 9.301029995663981 9.361727836017593 9.414973347970816 9.462397997898954 9.477121254719663 9.505149978319904 9.544068044350274 9.57978359661681 9.60205999132796 9.612783856719734 9.653212513775342 9.698970004336017 9.778151250383642 9.845098040014257 9.903089986991944 9.954242509439325 10.0 10.041392685158225 10.079181246047623 10.113943352306835 10.146128035678236 
# total_gas_mass_list
8.903089986991942 8.778151250383644 8.602629241822143 8.603975674079937 8.605276668115536 8.606206974415068 8.606978362625226 8.607682772078126 8.608341884924124 8.6089555872763 8.609519405446008 8.613519192265745 8.616100890690571 8.61806532422694 8.61967943800099 8.62105250770488 8.622243039535903 8.623300551466839 8.624246753204659 8.625114688972918 8.625194037864123 8.625273473974842 8.625353236320178 8.625433482162167 8.625514130563595 8.625595248486599 8.625675936293453 8.625752796004136 8.625900933187701 8.626631173796879 8.627941921999344 8.629087982684505 8.63010068341305 8.631005160763111 8.632191820724973 8.633229608564449 8.634148053720153 8.634449382600895 8.634967347115596 8.635706413336969 8.636349985114808 8.636741636873166 8.636919133459514 8.637616485045351 8.638337145330189 8.639532069736621 8.640471089312399 8.641305694461877 8.64208594027955 8.642839504739129 8.643487978935747 8.644136890142013 8.644744356024454 8.645297444175148 
# ejected_gas_mass_list
-10.0 -10.0 5.719863752673019 6.247557462537464 6.473292436208173 6.5840830856708825 6.65855849788563 6.717041252975353 6.765510988829533 6.806299845727577 6.840715443691654 7.029172213630271 7.118709970595846 7.176567635056937 7.219107452925435 7.252389054664742 7.279393043070336 7.302105209553391 7.321510209403344 7.338613453107442 7.3401456530726925 7.3416744206656075 7.343204351018513 7.344738417877904 7.346275024225304 7.347815397849688 7.3493424868122394 7.350792411555315 7.353574090203246 7.3670452505171795 7.390277581454171 7.409673530926301 7.426160188461095 7.440404739490398 7.458454198552861 7.473685164856488 7.486761985246488 7.4909738060726845 7.498126233671161 7.5081463864499085 7.516700885318149 7.521831591472175 7.524138523641043 7.5330941428824785 7.542173719827913 7.556854209268289 7.568079494092827 7.577838406753539 7.586783985672728 7.595267011358714 7.602448160533422 7.609527700050969 7.61606147044762 7.6219338526488425 
# stellar_mass_list
-10.0 8.301029995663981 8.550403978087498 8.472937406656317 8.442809547075594 8.424807315088621 8.411761108564022 8.401477275309734 8.392966561002929 8.385696594913126 8.379344880912631 8.339639876238033 8.317168002210446 8.301246041096103 8.28883889887129 8.278625346262892 8.269946350768404 8.262354716117713 8.255637046657963 8.249531647495054 8.248975779318869 8.24842147900692 8.247863846938921 8.247303265676932 8.246740125494453 8.246173981418455 8.2456111478546 8.245075456623228 8.244044222011189 8.238978186625825 8.229902934058146 8.221930516800297 8.214838399662078 8.208468797551479 8.199941582026169 8.1923209077015 8.185479485015192 8.183238746527204 8.179248606898145 8.173436248311313 8.168139653939269 8.164798081802077 8.16325299196662 8.15696584341236 8.150078478362712 8.137579919732413 8.126962929514846 8.117685718721628 8.10916235067255 8.101049498571895 8.094146457568726 8.087206499153355 8.080982904251252 8.075264559985335 
# remnant_mass_list
-10.0 -10.0 6.922412251360373 7.300001201961626 7.397483943048712 7.447528330490687 7.480618648948304 7.505044468552494 7.524253313739985 7.539992651466835 7.553269770934922 7.627536340249737 7.663930200398229 7.687660096872458 7.705091196971751 7.718795972553816 7.730011613451764 7.73951418422806 7.747693213265169 7.754946832732271 7.75559891167154 7.756247754269753 7.7568991716120275 7.757552612477754 7.758207603487327 7.758864867292574 7.7595168842151585 7.760136067960026 7.761324589131946 7.767097196457966 7.777170085477181 7.785745860902857 7.793168690779326 7.799675741016829 7.808158930671981 7.815527064236551 7.821977298766866 7.824056524157928 7.827719828063442 7.832966816696526 7.837658639992618 7.840575514268074 7.841913062192957 7.84728446800379 7.8530402141897735 7.863154942650893 7.87142651776387 7.878423687503829 7.884669937316106 7.890458350622963 7.895266900322265 7.899995842136335 7.904149538916595 7.907894611309586 
# BH_mass_list
-10.0 -10.0 6.688497709474491 6.989527705138472 6.989527705138472 6.989527705138472 6.989527705138472 6.989527705138472 6.989527705138472 6.989527705138472 6.989527705138472 6.989527705138472 6.989527705138472 6.989527705138472 6.989527705138472 6.989527705138472 6.989527705138472 6.989527705138472 6.989527705138472 6.989527705138472 6.989527705138472 6.989527705138472 6.989527705138472 6.989527705138472 6.989527705138472 6.989527705138472 6.989527705138472 6.989527705138472 6.989527705138472 6.989527705138472 6.989527705138472 6.989527705138472 6.989527705138472 6.989527705138472 6.989527705138472 6.989527705138472 6.989527705138472 6.989527705138472 6.989527705138472 6.989527705138472 6.989527705138472 6.989527705138472 6.989527705138472 6.989527705138472 6.989527705138472 6.989527705138472 6.989527705138472 6.989527705138472 6.989527705138472 6.989527705138472 6.989527705138472 6.989527705138472 6.989527705138472 6.989527705138472 
# NS_mass_list
-10.0 -10.0 6.541964769743071 7.008213726059086 7.1821866020091 7.2596050688327685 7.2867391263087695 7.2867391263087695 7.2867391263087695 7.2867391263087695 7.2867391263087695 7.2867391263087695 7.2867391263087695 7.2867391263087695 7.2867391263087695 7.2867391263087695 7.2867391263087695 7.2867391263087695 7.2867391263087695 7.2867391263087695 7.2867391263087695 7.2867391263087695 7.2867391263087695 7.2867391263087695 7.2867391263087695 7.2867391263087695 7.2867391263087695 7.2867391263087695 7.2867391263087695 7.2867391263087695 7.2867391263087695 7.2867391263087695 7.2867391263087695 7.2867391263087695 7.2867391263087695 7.2867391263087695 7.2867391263087695 7.2867391263087695 7.2867391263087695 7.2867391263087695 7.2867391263087695 7.2867391263087695 7.2867391263087695 7.2867391263087695 7.2867391263087695 7.2867391263087695 7.2867391263087695 7.2867391263087695 7.2867391263087695 7.2867391263087695 7.2867391263087695 7.2867391263087695 7.2867391263087695 7.2867391263087695 
# WD_mass_list
-10.0 -10.0 -10.0 -10.0 -10.0 4.9120374601568155 6.052395690705969 6.459073405312079 6.635952029646259 6.744977646535789 6.821850192097785 7.123926921578021 7.230704361608979 7.2922641663671035 7.334360775717519 7.365882962357859 7.3907633649922655 7.411254382216718 7.428489389938183 7.443481841645956 7.444816664588596 7.446142784618475 7.447472091375889 7.448803447636632 7.450135881474037 7.451470854389937 7.452793116736415 7.454046909893517 7.456448446191771 7.468018615963806 7.487848766295131 7.504390930479289 7.518470275386777 7.530638904142354 7.546270569070597 7.559643648654664 7.571202003825855 7.5748991532748535 7.58137980827722 7.590589881940595 7.59875528276928 7.603799061095729 7.606103694880999 7.615307675284131 7.6250814745225854 7.642043263315597 7.65572010692468 7.667159418573676 7.677273895614869 7.68656779061535 7.694232106023704 7.701720963607941 7.708260011912925 7.714125277638445 
