# Output file of the generated stellar masses for a star cluster with given mass and metallicity.
# The columns are:
# Mass in solar mass unit; Number of stars in this star cluster have mass close to this value

4.753981447500577 1
3.166634358411429 1
2.437100067855041 1
2.0066415264859208 1
1.718904719148205 1
1.5113558369859819 1
1.3537198617676052 1
1.2294329321101989 1
1.1286200406710598 1
1.045005133724511 1
0.9743966194243968 1
0.9138817854677548 1
0.8613697963553982 1
0.8153185609863449 1
0.7745642934058284 1
0.7382112189950246 1
0.7055579503444552 1
0.6760470032992226 1
0.649229358225508 1
0.6247390627243405 1
0.6022746929859815 1
0.5815855972895223 1
0.5624615359344175 1
0.5447247739023862 1
0.5282239716716978 1
0.5128294125282084 1
0.4984143609958418 1
0.48468313164037224 1
0.47144319390111555 1
0.45866960360822917 1
0.4463423072268827 1
0.43444226703875477 1
0.4229514020339788 1
0.4118525326808155 1
0.4011293292901664 1
0.39076626371492706 1
0.375905368460491 2
0.3571620620750138 2
0.3396157675659093 2
0.32317376707918305 2
0.30775174877240635 2
0.2932729368468956 2
0.27966732246758047 2
0.26687098264705617 2
0.2548254759783165 2
0.24347730563495154 2
0.23277744136266346 2
0.22027485108368997 3
0.2063671288023979 3
0.19357968136160172 3
0.18180347652338935 3
0.17094185717367658 3
0.15933583274373941 4
0.14726953163954207 4
0.13636467452649415 4
0.12533912483195206 5
0.11438793651172177 5
0.103754046636364 6
0.09278304982717753 7
0.09041433635888194 5
