# time_axis
1000000 10000000 20000000 30000000 40000000 50000000 60000000 70000000 80000000 90000000 100000000 110000000 120000000 130000000 140000000 150000000 200000000 300000000 400000000 500000000 600000000 700000000 800000000 900000000 1000000000 1010000000 1020000000 1030000000 1040000000 1050000000 1060000000 1070000000 1080000000 1100000000 1200000000 1400000000 1600000000 1800000000 2000000000 2300000000 2600000000 2900000000 3000000000 3200000000 3500000000 3800000000 4000000000 4100000000 4500000000 5000000000 6000000000 7000000000 8000000000 9000000000 10000000000 11000000000 12000000000 13000000000 14000000000 
# SNIa_energy_release_list
0 0.0 0.0 0.0 0.0 0.0 7.26983786749712e+53 3.294104742818404e+55 9.099401744457834e+55 1.5477117379168648e+56 2.1504899920108613e+56 2.6934752102659267e+56 3.1777340303350037e+56 3.611322410586897e+56 4.002713539987655e+56 4.359066859821645e+56 5.777463988071569e+56 7.64892711775382e+56 8.919308732536516e+56 9.882576101028477e+56 1.065876606698899e+57 1.1308850977095734e+57 1.1868181586335503e+57 1.2359001313927965e+57 1.2796303338493244e+57 1.283750236954688e+57 1.287830593205582e+57 1.2918704305422571e+57 1.2958694391020234e+57 1.299829485172481e+57 1.3037503840297734e+57 1.3076324440531674e+57 1.3114774300872061e+57 1.3190594426555288e+57 1.3549624101159917e+57 1.4183648749725118e+57 1.4731045238127002e+57 1.5212662726304386e+57 1.5642681191307456e+57 1.6212025060252313e+57 1.6710546874193365e+57 1.715393454828311e+57 1.729156420186112e+57 1.7553178418398865e+57 1.7916263378787838e+57 1.824927240151713e+57 1.8456844420050523e+57 1.8556729054553197e+57 1.8933173130335572e+57 1.9358917663313147e+57 2.0095089442914294e+57 2.071689154584332e+57 2.1255160440001917e+57 2.1729827224616457e+57 2.215399224939667e+57 2.2537871829000512e+57 2.2888140843918227e+57 2.3210279773664774e+57 2.3508478253082852e+57 
# SNII_energy_release_list
0 0.0 1.0874154458014013e+54 4.932439713401204e+55 1.3835054975847639e+56 2.33771032066655e+56 3.174621402558122e+56 3.677114282315183e+56 3.8964606187274326e+56 3.980959733823431e+56 4.011416196816034e+56 4.021963064905669e+56 4.025535395167859e+56 4.026778620475071e+56 4.027225918538305e+56 4.027423135960883e+56 4.0276257684392314e+56 4.0276257684392314e+56 4.0276257684392314e+56 4.0276257684392314e+56 4.0276257684392314e+56 4.0276257684392314e+56 4.0276257684392314e+56 4.0276257684392314e+56 4.0276257684392314e+56 4.0276257684392314e+56 4.0276257684392314e+56 4.0276257684392314e+56 4.0276257684392314e+56 4.0276257684392314e+56 4.0276257684392314e+56 4.0276257684392314e+56 4.0276257684392314e+56 4.0276257684392314e+56 4.0276257684392314e+56 4.0276257684392314e+56 4.0276257684392314e+56 4.0276257684392314e+56 4.0276257684392314e+56 4.0276257684392314e+56 4.0276257684392314e+56 4.0276257684392314e+56 4.0276257684392314e+56 4.0276257684392314e+56 4.0276257684392314e+56 4.0276257684392314e+56 4.0276257684392314e+56 4.0276257684392314e+56 4.0276257684392314e+56 4.0276257684392314e+56 4.0276257684392314e+56 4.0276257684392314e+56 4.0276257684392314e+56 4.0276257684392314e+56 4.0276257684392314e+56 4.0276257684392314e+56 4.0276257684392314e+56 4.0276257684392314e+56 4.0276257684392314e+56 
# SN_energy_per_current_crossing_time_list
0.0 0.0 2.7599048228428674e+54 9.134498528832447e+55 1.5852127797293464e+56 1.6938432535578397e+56 1.5032946296382442e+56 9.365674124490204e+55 4.443190928390597e+55 2.0195003597316915e+55 9.976888686690437e+54 5.859738101585323e+54 4.150261789723679e+54 3.364706220206017e+54 2.9250312041842255e+54 2.6370892770623294e+54 2.124319893048278e+54 1.4408600510583264e+54 1.0004019279056365e+54 7.722280685623077e+53 6.315800731238977e+53 5.357499312564027e+53 4.661566281422781e+53 4.131735753124208e+53 3.7147698284214983e+53 3.502783172814469e+53 3.472073654158965e+53 3.440439699487654e+53 3.40847646503011e+53 3.3780542183539982e+53 3.347430333797205e+53 3.3170287728297194e+53 3.2880837528779197e+53 3.2470483693039326e+53 3.0985977503710114e+53 2.7736742652749784e+53 2.423379183712002e+53 2.155001590408707e+53 1.9426138961833673e+53 1.7361953611950498e+53 1.5371219499324232e+53 1.3806511665919386e+53 1.2897929349450707e+53 1.2328198924613788e+53 1.1499348833299762e+53 1.062228323429626e+53 9.975958596607669e+52 9.62021162695355e+52 9.137305305879524e+52 8.337484496089196e+52 7.314210931589423e+52 6.25126696689833e+52 5.468099258177116e+52 4.868798352792728e+52 4.390250764175057e+52 4.005109136504712e+52 3.683702844416475e+52 3.4125173791155846e+52 3.180306018192621e+52 
# SN_energy_per_final_crossing_time_list
0.0 0.0 3.0926282327632925e+54 1.3718680565761553e+56 2.5319190942501657e+56 2.7137749303595844e+56 2.380964845713696e+56 1.4634549002037355e+56 6.857386207787772e+55 3.0833568546008546e+55 1.5090539425950916e+55 8.790519804403215e+54 6.180628424420209e+54 4.9778234597425864e+54 4.3014239802123775e+54 3.856620116707758e+54 3.036985178288132e+54 1.9959274996200172e+54 1.3548701867222851e+54 1.0273308620224627e+54 8.278116054857833e+53 6.9331974998105455e+53 5.9652970269867054e+53 5.2346240549453556e+53 4.663854300017852e+53 4.393903237175556e+53 4.351726261787843e+53 4.308512578406714e+53 4.264968424469876e+53 4.223414678295149e+53 4.181663922937113e+53 4.140242056055103e+53 4.100702407264185e+53 4.043132655824095e+53 3.829074638754336e+53 3.380956887253949e+53 2.9190094292219656e+53 2.568240788998022e+53 2.293087333731585e+53 2.02402969588122e+53 1.7722557675579049e+53 1.5762527149164123e+53 1.467829133166792e+53 1.3950662473588456e+53 1.2907748410763826e+53 1.1838542360166456e+53 1.1068844835130998e+53 1.065276069997842e+53 1.003700087656381e+53 9.081185813445236e+52 7.8513195159747e+52 6.631559536886579e+52 5.740672477066677e+52 5.062351876145365e+52 4.523747349912218e+52 4.094100478506092e+52 3.7356416380898304e+52 3.4356324652169445e+52 3.180306018192621e+52 
# total_energy_release_list
0 0 1.0874154458014013e+54 4.932439713401204e+55 1.3835054975847639e+56 2.33771032066655e+56 3.181891240425619e+56 4.006524756597024e+56 4.806400793173216e+56 5.528671471740296e+56 6.161906188826896e+56 6.715438275171595e+56 7.203269425502862e+56 7.638101031061968e+56 8.02993945852596e+56 8.386489995782528e+56 9.8050897565108e+56 1.1676552886193052e+57 1.2946934500975749e+57 1.391020186946771e+57 1.4686391835428223e+57 1.5336476745534966e+57 1.5895807354774736e+57 1.6386627082367196e+57 1.6823929106932474e+57 1.6865128137986113e+57 1.6905931700495052e+57 1.6946330073861803e+57 1.6986320159459465e+57 1.7025920620164042e+57 1.7065129608736965e+57 1.7103950208970904e+57 1.7142400069311294e+57 1.721822019499452e+57 1.7577249869599147e+57 1.821127451816435e+57 1.8758671006566233e+57 1.924028849474362e+57 1.967030695974669e+57 2.0239650828691544e+57 2.0738172642632595e+57 2.1181560316722342e+57 2.131918997030035e+57 2.1580804186838095e+57 2.194388914722707e+57 2.227689816995636e+57 2.2484470188489754e+57 2.2584354822992427e+57 2.2960798898774803e+57 2.3386543431752378e+57 2.4122715211353525e+57 2.474451731428255e+57 2.5282786208441148e+57 2.5757452993055687e+57 2.61816180178359e+57 2.6565497597439743e+57 2.6915766612357458e+57 2.7237905542104005e+57 2.7536104021522083e+57 
# binding_energy_list
8.933054837332963e+54 8.933054837332963e+54 8.933054837332963e+54 8.933054837332963e+54 8.892011178579445e+54 8.871560120379617e+54 8.830799004185586e+54 8.810488730080146e+54 8.790225168308896e+54 8.770008211436303e+54 8.749837752274363e+54 8.729713683881166e+54 8.709635899560761e+54 8.68960429286302e+54 8.68960429286302e+54 8.669618757582214e+54 8.609937521846052e+54 8.51138038202376e+54 8.452788451602891e+54 8.394599865193965e+54 8.336811846196331e+54 8.298507675144166e+54 8.260379495771817e+54 8.222426499470695e+54 8.20351544329821e+54 8.20351544329821e+54 8.184647881347836e+54 8.184647881347836e+54 8.184647881347836e+54 8.184647881347836e+54 8.184647881347836e+54 8.184647881347836e+54 8.184647881347836e+54 8.165823713585906e+54 8.147042840208421e+54 8.090958991783846e+54 8.053784411990643e+54 8.016780633876855e+54 7.979946872679785e+54 7.94328234724279e+54 7.90678627999831e+54 7.870457896951001e+54 7.852356346100775e+54 7.834296427662088e+54 7.816278045883308e+54 7.780365510398008e+54 7.780365510398008e+54 7.762471166286928e+54 7.744617978025239e+54 7.709034690644309e+54 7.673614893618154e+54 7.638357835776954e+54 7.603262769401822e+54 7.568328950209705e+54 7.533555637337217e+54 7.516228940182015e+54 7.481695005111584e+54 7.464487584100623e+54 7.447319739059888e+54 
# total_gas_kinetic_energy_list
3.555417159551863e+57 1.5232831834320096e+59 1.5273289223223567e+59 7.505061744082192e+58 3.046870775208727e+58 1.1298998399269292e+58 3.97388036089795e+57 1.3500972542053911e+57 4.47798773106449e+56 1.4618413935627456e+56 4.729540391522472e+55 1.5444625063001946e+55 5.193664485647948e+54 2.7258121927226746e+54 3.868768705376781e+54 1.9797673396724066e+54 2.707624107961299e+55 6.428813557565802e+55 9.215411469849623e+55 1.142236327863545e+56 1.3254447430489973e+56 1.4820171751289021e+56 1.6220731110984537e+56 1.7485962682082194e+56 1.8644054132690857e+56 1.8755240639347594e+56 1.8863244151973775e+56 1.8969861000317756e+56 1.907621778840638e+56 1.9182767569546565e+56 1.9289649322327812e+56 1.9397100521739864e+56 1.9505064644843314e+56 1.9709382490786247e+56 2.0695507997944333e+56 2.2485469422676254e+56 2.4054487062920442e+56 2.5471464009323913e+56 2.6758811619667246e+56 2.8413668873807853e+56 2.9885533734783495e+56 3.1192344633138616e+56 3.161518099088795e+56 3.23678478316926e+56 3.343332140562848e+56 3.4361055026035842e+56 3.493346095337979e+56 3.5189158772200934e+56 3.6206851464490145e+56 3.72613146248444e+56 3.9026128645720764e+56 4.042504439728671e+56 4.167110297917552e+56 4.284219836505275e+56 4.39476530114946e+56 4.492476779413237e+56 4.5903692075998005e+56 4.680459512544459e+56 4.765279898263856e+56 
