# time_axis
5.999999999999999 7.0 7.30102999566398 7.477121254719661 7.602059991327962 7.698970004336018 7.778151250383643 7.845098040014256 7.903089986991943 7.954242509439324 8.0 8.041392685158224 8.079181246047623 8.113943352306837 8.146128035678238 8.176091259055681 8.301029995663981 8.47712125471966 8.60205999132796 8.698970004336019 8.778151250383644 8.845098040014257 8.903089986991942 8.954242509439323 8.999999999999998 9.004321373782641 9.008600171761916 9.012837224705171 9.017033339298779 9.021189299069936 9.02530586526477 9.02938377768521 9.033423755486949 9.041392685158224 9.079181246047623 9.146128035678236 9.204119982655923 9.255272505103305 9.301029995663981 9.361727836017593 9.414973347970816 9.462397997898954 9.477121254719663 9.505149978319904 9.544068044350274 9.57978359661681 9.60205999132796 9.612783856719734 9.653212513775342 9.698970004336017 9.778151250383642 9.845098040014257 9.903089986991944 9.954242509439325 10.0 10.041392685158225 10.079181246047623 10.113943352306835 10.146128035678236 
# total_gas_mass_list
8.7873673767305 10.425805542149568 10.427111145328425 10.118555212574876 9.727172523228143 9.296683282108875 8.843620956639178 8.376716844050064 7.902887542905791 7.43177657975573 6.982756441829845 6.593287971099741 6.309655392312909 6.142732612914296 6.055347640670201 6.005645119002495 6.716703403709847 7.054007672157962 7.201337161252113 7.292841896463933 7.357742380345145 7.406965930514049 7.446500579796686 7.479145907289295 7.5068709068573005 7.509433888004242 7.511909197791277 7.5143369426484785 7.516742993168006 7.519139002979443 7.521528992610666 7.523916091848477 7.526295598895617 7.530770314243615 7.551705660558523 7.587066998027196 7.615622828924761 7.639644428369015 7.660202384957462 7.685309580811596 7.706330076306614 7.724169303786528 7.729810368776205 7.739542328721998 7.752992605956229 7.764346997135537 7.771202451361625 7.7742333857068715 7.786047144930972 7.797934555960812 7.817034715861244 7.831536334825442 7.844059915995374 7.855482735086547 7.8658439926698644 7.8749877315659855 7.8839591576537495 7.892010127914907 7.899451031406993 
# ejected_gas_mass_list
-10.0 -10.0 4.285382379787165 5.946881177271753 6.461832392239634 6.722878225037079 6.87299439288376 6.97245120225847 7.045868256190005 7.103651553572363 7.150708391009714 7.18984117957017 7.222989063912718 7.251552767071917 7.276554778192197 7.298700353650119 7.381615087001959 7.479913353278106 7.541168389432022 7.585412734403788 7.619710789353289 7.647327208000141 7.670495719269119 7.690280037257711 7.707539035554427 7.709155443397607 7.710719900944869 7.712257481084259 7.713784428519169 7.715308073086323 7.716830936088054 7.7183549901650705 7.719877208897598 7.722747903181189 7.736318818968188 7.75975807468826 7.77915030136483 7.795776801364899 7.810228575721077 7.828150891286324 7.843381481303091 7.8564647638437455 7.860631578236995 7.867853259653822 7.87790239153402 7.886446457534005 7.891631756270465 7.893930622140741 7.90292776898354 7.912039483325879 7.926800482374976 7.93810513242689 7.947934210109961 7.956952125837487 7.965174858207318 7.972464778547613 7.979647377575531 7.986118093460936 7.992119311494946 
# stellar_mass_list
-10.0 6.866548622778127 8.51266403852337 8.759063388574056 8.80523207720277 8.802903826836793 8.78961979002687 8.775868484639922 8.76402639094001 8.754169100358348 8.74589446450712 8.738808988484225 8.732618646053794 8.727117929059448 8.722163015252521 8.717651523378418 8.699576724534342 8.675416962795921 8.658710706623692 8.645848390277969 8.635345244455575 8.626449483802006 8.618712537206681 8.611852707811192 8.605671672252612 8.60508199665099 8.604511410459306 8.603950278994205 8.603391425959046 8.602831576610193 8.602269744306069 8.60170527192603 8.60114280593323 8.600070683717156 8.594945221671196 8.585759118714899 8.577748911644692 8.570557144979116 8.564132685071195 8.555570378077093 8.547912937911045 8.54103255257363 8.538798544966276 8.534762314781236 8.528912659855271 8.52362711394545 8.520244563747326 8.51870132502643 8.512384461141181 8.505505610540466 8.492983972791757 8.482342096797185 8.473038842362751 8.464491813965735 8.456388080360137 8.44945969837139 8.44252633533419 8.436279179831796 8.430563142651817 
# remnant_mass_list
-10.0 -10.0 5.487930878474519 7.139987937975404 7.511144627357237 7.6733034473941055 7.757941854082058 7.807922020942229 7.840787898643278 7.864497336320634 7.882833468382417 7.897739741933504 7.910282843559016 7.921101053814377 7.930603839347046 7.9390657089400465 7.971194997468988 8.010299151178021 8.035072460383464 8.053016883706606 8.066997610624991 8.078394490404175 8.087992112771897 8.096267282657745 8.103542391885998 8.104227807585902 8.104889149510935 8.105538012073618 8.106183003467274 8.106827951447501 8.107474028885743 8.108122113151518 8.108766614897785 8.1099901899095 8.115773767037666 8.125871344963354 8.134404343960256 8.141860368676394 8.148359468708605 8.156794128450962 8.16412788024257 8.170553705448231 8.172609346823515 8.176278770782728 8.181512718476705 8.186150604689589 8.189077135117163 8.19039931032977 8.195751106120941 8.20144566036988 8.211494554600973 8.219715118049109 8.22667197864275 8.232886589198964 8.238630103757178 8.243416641845705 8.248111647609157 8.252252200275468 8.255968201340234 
# BH_mass_list
-10.0 -10.0 5.254016336588637 6.902326404224412 7.199094370914603 7.293663982551235 7.326871194566291 7.338576415177936 7.342626380052063 7.343999905756492 7.344442374193878 7.34458106333784 7.344616158295347 7.344622773192735 7.34462576117523 7.344627795652108 7.344629459317326 7.344629459317326 7.344629459317326 7.344629459317326 7.344629459317326 7.344629459317326 7.344629459317326 7.344629459317326 7.344629459317326 7.344629459317326 7.344629459317326 7.344629459317326 7.344629459317326 7.344629459317326 7.344629459317326 7.344629459317326 7.344629459317326 7.344629459317326 7.344629459317326 7.344629459317326 7.344629459317326 7.344629459317326 7.344629459317326 7.344629459317326 7.344629459317326 7.344629459317326 7.344629459317326 7.344629459317326 7.344629459317326 7.344629459317326 7.344629459317326 7.344629459317326 7.344629459317326 7.344629459317326 7.344629459317326 7.344629459317326 7.344629459317326 7.344629459317326 7.344629459317326 7.344629459317326 7.344629459317326 7.344629459317326 7.344629459317326 
# NS_mass_list
-10.0 -10.0 5.1074833968572175 6.764737334230752 7.220862158753239 7.438763883334561 7.554823329329663 7.608741761028727 7.62990024761408 7.637705142579801 7.6404635061222415 7.641406172973044 7.641718458730488 7.6418205325491515 7.6418532720480705 7.6418654486817585 7.641876173700897 7.641876173700897 7.641876173700897 7.641876173700897 7.641876173700897 7.641876173700897 7.641876173700897 7.641876173700897 7.641876173700897 7.641876173700897 7.641876173700897 7.641876173700897 7.641876173700897 7.641876173700897 7.641876173700897 7.641876173700897 7.641876173700897 7.641876173700897 7.641876173700897 7.641876173700897 7.641876173700897 7.641876173700897 7.641876173700897 7.641876173700897 7.641876173700897 7.641876173700897 7.641876173700897 7.641876173700897 7.641876173700897 7.641876173700897 7.641876173700897 7.641876173700897 7.641876173700897 7.641876173700897 7.641876173700897 7.641876173700897 7.641876173700897 7.641876173700897 7.641876173700897 7.641876173700897 7.641876173700897 7.641876173700897 7.641876173700897 
# WD_mass_list
-10.0 -10.0 -10.0 -10.0 -10.0 3.477556087270962 5.225802349262672 6.262697915361276 6.6674760292165525 6.886271198315039 7.02339853268753 7.117858900090827 7.1875195972733845 7.241567271927688 7.285154028383111 7.321343982781058 7.441379867288586 7.561663799890797 7.6279609307785705 7.672387376944403 7.705244988761704 7.731025727404018 7.752100366198183 7.769838725709337 7.785123046170008 7.786548664079843 7.787921912495016 7.789267065468763 7.7906020607582915 7.791934850306836 7.793267862367065 7.794602901623156 7.795928471563447 7.798439343903715 7.810208478218453 7.830378983966396 7.847070472447546 7.861405136211504 7.873718894655074 7.88946009777793 7.902936582012883 7.914591165488696 7.918290190698524 7.924858667561165 7.934152903177935 7.942317080483958 7.947434949979932 7.949738724946344 7.959011170529085 7.968786985706802 7.985819047451571 7.999553412238041 8.011042900117161 8.021206840897095 8.030519373582626 8.03822256039152 8.045728780807258 8.052308676355414 8.058182735822928 
