# time_axis
5.999999999999999 7.0 7.30102999566398 7.477121254719661 7.602059991327962 7.698970004336018 7.778151250383643 7.845098040014256 7.903089986991943 7.954242509439324 8.0 8.041392685158224 8.079181246047623 8.113943352306837 8.146128035678238 8.176091259055681 8.204119982655925 8.230448921378272 8.255272505103306 8.278753600952827 8.301029995663981 8.47712125471966 8.60205999132796 8.698970004336019 8.778151250383644 8.845098040014257 8.903089986991942 8.954242509439323 8.999999999999998 9.004321373782641 9.008600171761916 9.012837224705171 9.017033339298779 9.021189299069936 9.02530586526477 9.02938377768521 9.033423755486949 9.041392685158224 9.079181246047623 9.146128035678236 9.204119982655923 9.255272505103305 9.301029995663981 9.361727836017593 9.414973347970816 9.462397997898954 9.477121254719663 9.505149978319904 9.544068044350274 9.57978359661681 9.60205999132796 9.612783856719734 9.653212513775342 9.698970004336017 9.778151250383642 9.845098040014257 9.903089986991944 9.954242509439325 10.0 10.041392685158225 10.079181246047623 10.113943352306835 10.146128035678236 
# total_gas_mass_list
9.401029995663981 9.398788688396111 9.397394091967927 9.396181530797477 9.395039445532742 9.393932833282875 9.392822464364302 9.391708348547109 9.390591259598379 9.389470954558174 9.388348134597962 9.387225855666161 9.386103895809004 9.384982773758985 9.383860154432467 9.382740218226683 9.381624288052212 9.380503898348737 9.379385700721219 9.378261959454122 9.377130508308714 9.378848443545019 9.378866415654308 9.378879664992631 9.378888360385295 9.378896463048974 9.37890243756316 9.378908340597839 9.37891337399613 9.378913686988612 9.378914363376879 9.37891465114206 9.378915105180342 9.378915649431564 9.378915943262182 9.378916301042523 9.378916821840901 9.378917514751308 9.378921500113549 9.378928890278502 9.378934751676912 9.378940083221522 9.378944765027759 9.378950881774461 9.378956994659418 9.378960619030611 9.378962048401986 9.378965144928324 9.378968965013128 9.37897249532238 9.378974857880408 9.378975822802529 9.378979474677 9.37898275709333 9.378991591426791 9.378997768917177 9.379003713359793 9.379008740985734 9.379013505928988 9.379017823113498 9.379018413364227 9.379024312122507 9.379027244323929 
# ejected_gas_mass_list
-10.0 -10.0 6.621914347723306 6.991881110830722 7.200435784016849 7.345067428220939 7.453297454783397 7.539800666137534 7.611896400424923 7.673692959754068 7.727799258431876 7.776046401421254 7.81958445526086 7.859278388572942 7.895689448196662 7.929441402883095 7.960940219640766 7.990269227977384 8.017859281762497 8.043743391576982 8.068073517725832 8.101798477006254 8.10213848410848 8.102388981663568 8.102553306067184 8.102706376172577 8.102819209982464 8.102930666580798 8.1030256819761 8.103031589681096 8.103044356188965 8.103049787512582 8.103058356969061 8.103068628881255 8.103074174390603 8.103080926742152 8.10309075553866 8.10310383220245 8.103179037056721 8.103318458822145 8.103429008970068 8.103529542559357 8.103617806270684 8.103733096596669 8.10384828518838 8.103916567631234 8.10394349391282 8.104001820386102 8.104073765659201 8.10414024343433 8.104184726394047 8.104202892999908 8.104271640391056 8.104333423854243 8.1044996672549 8.104615878722004 8.104727678283574 8.10482221363409 8.104911791735393 8.104992937136204 8.105004030318886 8.105114876952435 8.105169967508466 
# stellar_mass_list
-10.0 7.144004116335582 7.29055782809203 7.378886773304349 7.444673665887176 7.497906535484296 7.54294267890639 7.58215147525714 7.6169800219290735 7.648387177375926 7.676955027872082 7.703112528728747 7.727270838595193 7.749734811396859 7.770743254004512 7.790340680748232 7.808740427439231 7.82609266361899 7.842566983915316 7.85841092528324 7.873605288002279 7.715130172594241 7.6765387008001325 7.6515754510167735 7.633065791436225 7.618373456445464 7.606202847336711 7.595827332527707 7.586788133577106 7.585943963005525 7.585117307167809 7.5842984895197105 7.583485454798118 7.582678809338567 7.581883540283821 7.581095362669598 7.580317228141281 7.578800231231982 7.571629053085108 7.559217738401393 7.548717707613915 7.539619099092723 7.531629368586214 7.521181301539673 7.5121714268807604 7.504245354585928 7.501784941666216 7.497175754529197 7.490781172664571 7.484972556585466 7.481391082633962 7.479671255775983 7.473177777754851 7.46592246784964 7.4534892002437685 7.443101868052954 7.434133010146838 7.426137825674136 7.418891915039284 7.412349584008348 7.406178990599513 7.4004923442939 7.395147185821589 
# remnant_mass_list
-10.0 -10.0 6.110853715082936 6.458172000500879 6.660555108493391 6.800971940528368 6.907562478639709 6.992891784119553 7.063598993619861 7.123614126313477 7.175198233698973 7.219758942528702 7.258484989269218 7.292294643774724 7.321874698139581 7.347709843552168 7.370113026776445 7.389352154196491 7.4059843863630075 7.421585017027527 7.436472759557387 7.487051611899719 7.503628937996394 7.5139506438276795 7.521357532976442 7.527079290362481 7.531711808837293 7.535583967093083 7.538900092845619 7.5392071251687565 7.539506974971232 7.539803664778387 7.540098053633614 7.540389718031042 7.540676760362977 7.540961012283795 7.5412411929588234 7.541785634256369 7.544341195097247 7.548685772205798 7.5522848010769925 7.555347966329773 7.557994942112138 7.561397838207505 7.564279354343438 7.5667744839726305 7.56754220783328 7.568969042756228 7.570930021403471 7.572690598935551 7.573765409626808 7.574279610777517 7.576206279259688 7.578330406237289 7.581903954729805 7.584826439961059 7.587305591116498 7.589484732847054 7.591435232068166 7.5931718421206025 7.594799742787609 7.596280826595896 7.597662861710832 
# BH_mass_list
-10.0 -10.0 5.93204337602581 6.233073371689791 6.408323245464534 6.529428369679061 6.621277963752787 6.694640077776849 6.755202552156434 6.806340092208058 6.849771512807533 6.886540480901848 6.917760921978977 6.944250644750246 6.966593904844729 6.985162760508012 7.000253963714849 7.012064800283971 7.021307827654713 7.03035822949761 7.039223870850283 7.047912144669347 7.047912144669347 7.047912144669347 7.047912144669347 7.047912144669347 7.047912144669347 7.047912144669347 7.047912144669347 7.047912144669347 7.047912144669347 7.047912144669347 7.047912144669347 7.047912144669347 7.047912144669347 7.047912144669347 7.047912144669347 7.047912144669347 7.047912144669347 7.047912144669347 7.047912144669347 7.047912144669347 7.047912144669347 7.047912144669347 7.047912144669347 7.047912144669347 7.047912144669347 7.047912144669347 7.047912144669347 7.047912144669347 7.047912144669347 7.047912144669347 7.047912144669347 7.047912144669347 7.047912144669347 7.047912144669347 7.047912144669347 7.047912144669347 7.047912144669347 7.047912144669347 7.047912144669347 7.047912144669347 7.047912144669347 
# NS_mass_list
-10.0 -10.0 5.639120075424626 6.065061662050109 6.304541604011705 6.467557067570631 6.583916782069567 6.673903184966542 6.747016018133694 6.808250260561976 6.860505150868203 6.905673743839433 6.944966112591264 6.9793363797597845 7.009460204636159 7.03583124816636 7.058735817201357 7.078445584715235 7.095404675479765 7.110744023934048 7.125146698390131 7.152032504515759 7.152032504515759 7.152032504515759 7.152032504515759 7.152032504515759 7.152032504515759 7.152032504515759 7.152032504515759 7.152032504515759 7.152032504515759 7.152032504515759 7.152032504515759 7.152032504515759 7.152032504515759 7.152032504515759 7.152032504515759 7.152032504515759 7.152032504515759 7.152032504515759 7.152032504515759 7.152032504515759 7.152032504515759 7.152032504515759 7.152032504515759 7.152032504515759 7.152032504515759 7.152032504515759 7.152032504515759 7.152032504515759 7.152032504515759 7.152032504515759 7.152032504515759 7.152032504515759 7.152032504515759 7.152032504515759 7.152032504515759 7.152032504515759 7.152032504515759 7.152032504515759 7.152032504515759 7.152032504515759 7.152032504515759 
# WD_mass_list
-10.0 -10.0 -10.0 -10.0 -10.0 3.7050331070591738 4.816214490668951 5.224490845342894 5.47854912448589 5.66255623506502 5.8066294022602625 5.923265458622869 6.02076456198576 6.104178631658655 6.1771002651706945 6.241870723465134 6.299807281170349 6.3520110742219735 6.399288210664756 6.4425159716456255 6.482098165579814 6.727204153884324 6.814920559698526 6.863147986624544 6.89535455225601 6.9190409710587994 6.937529265809158 6.952544901060347 6.965106166827445 6.966255792914249 6.967376377437851 6.9684830728560945 6.969579149707409 6.970663091795924 6.971727929884234 6.972780541020547 6.973816257259001 6.9758237044758395 6.985157351650583 7.000699505387099 7.013279120817679 7.02378530256041 7.032721668550574 7.044023821732637 7.053436683815751 7.0614748808686745 7.063927677745475 7.068461172880093 7.074639469887485 7.080135830442908 7.083468229458511 7.085056384986307 7.0909724443272335 7.097432596172666 7.108157953601501 7.116800307482544 7.124043709170213 7.130345769341494 7.135936415905508 7.140874950653644 7.145471571260945 7.1496265557745335 7.153480771476405 
