# time_axis
5.999999999999999 7.0 7.30102999566398 7.477121254719661 7.602059991327962 7.698970004336018 7.778151250383643 7.845098040014256 7.903089986991943 7.954242509439324 8.0 8.041392685158224 8.079181246047623 8.113943352306837 8.146128035678238 8.176091259055681 8.301029995663981 8.47712125471966 8.60205999132796 8.698970004336019 8.778151250383644 8.845098040014257 8.903089986991942 8.954242509439323 8.999999999999998 9.004321373782641 9.008600171761916 9.012837224705171 9.017033339298779 9.021189299069936 9.02530586526477 9.02938377768521 9.033423755486949 9.041392685158224 9.079181246047623 9.146128035678236 9.204119982655923 9.255272505103305 9.301029995663981 9.361727836017593 9.414973347970816 9.462397997898954 9.477121254719663 9.505149978319904 9.544068044350274 9.57978359661681 9.60205999132796 9.612783856719734 9.653212513775342 9.698970004336017 9.778151250383642 9.845098040014257 9.903089986991944 9.954242509439325 10.0 10.041392685158225 10.079181246047623 10.113943352306835 10.146128035678236 
# total_gas_mass_list
8.7873673767305 10.42582550030192 10.725324838049502 10.266030010178937 9.856187998525831 9.431203653510517 8.98595625764195 8.525577040944603 8.056823115101796 7.589500192520503 7.143071521338473 6.754463291662027 6.469621021247539 6.300592447484619 6.211349004656589 6.160866469135707 6.832071533043927 7.1637470424656255 7.309582776049946 7.400377092788706 7.464782357006824 7.513823488841972 7.553061933209383 7.585493350399578 7.613061079380971 7.615638233898762 7.618101627420694 7.620549911448474 7.623020443097581 7.625432481132868 7.627777655504788 7.630115564105033 7.632509835823676 7.6369270358539305 7.657691603027227 7.692860931587553 7.721298315978953 7.745236429184992 7.765516909459261 7.790739097880202 7.811694414702707 7.829461187244697 7.834992194700058 7.844798031540251 7.858211565306453 7.869532807963133 7.876378995197209 7.8794041096396965 7.89122344445617 7.903042213717456 7.922215631723209 7.936223448253307 7.949160768397686 7.960253694578509 7.971211395310593 7.980185837575905 7.989132748069725 7.997190166839296 8.004385443616904 
# ejected_gas_mass_list
-10.0 -10.0 -10.0 5.831670588133511 6.495526477472184 6.801666515938093 6.962456602549999 7.064791445434938 7.140264094028918 7.199483121544736 7.247680483166645 7.287654963157443 7.321428434080345 7.350477154147735 7.375855889269904 7.398322567699201 7.48224820934679 7.581411684341954 7.6430660618068 7.687562474889104 7.721997868617215 7.749802663053273 7.773021392398273 7.792853518929936 7.810160267596337 7.811799010617954 7.813368723435177 7.814932006216981 7.8165127212415735 7.818059132546298 7.819565629080861 7.821070351719935 7.822614340396016 7.825470773348793 7.839035245745361 7.862516970740424 7.881960357801242 7.898636182297416 7.912980057734303 7.931089519760861 7.946358386214095 7.959458994798433 7.963565948245612 7.9708800478522575 7.980952592776641 7.989513865292241 7.9947173104917955 7.997022802774507 8.006066947272261 8.015168029728116 8.0300524605597 8.041018798941494 8.051214703619761 8.060007893340858 8.068739267620138 8.075923452494866 8.08311489363796 8.089616101760717 8.095441268166098 
# stellar_mass_list
-10.0 6.805959280944961 8.452094305139886 8.88924293761064 8.916234075792303 8.908650733136913 8.894262258706524 8.880240494029895 8.868285641530278 8.858351660069284 8.850013853892023 8.842876189309983 8.836641210651791 8.831103509777325 8.826117194950502 8.821578397878726 8.803413049643542 8.779166367728688 8.76241808601858 8.749529678417243 8.739015914305146 8.730106187748886 8.72236214624615 8.715494366193644 8.709311204217913 8.708715649771536 8.708145106086121 8.707585037803357 8.707026735613697 8.706467298255708 8.705905524780873 8.705341354494696 8.70477744463106 8.703701633341959 8.69857404984197 8.689382088112243 8.681370197814797 8.674171713437952 8.667746122847287 8.659182079272725 8.651523339617592 8.644641061568253 8.642407808468361 8.638368893469403 8.63251758461944 8.627233157258825 8.623848392178752 8.62230505165018 8.615987466501748 8.60910964875825 8.59658801539097 8.58594583110767 8.57664102889918 8.568093218944238 8.559992160041912 8.553061564322956 8.546130536529882 8.539881538314692 8.534166200451184 
# remnant_mass_list
-10.0 -10.0 5.355839839366084 7.008583402283414 7.536722347637089 7.722011188941857 7.814534066792083 7.869168191312601 7.905101051032462 7.9310384030209375 7.95107442721069 7.967318179182195 7.980951461352894 7.992685099011961 8.002969458963822 8.012109674281252 8.046656821846312 8.088400223330094 8.114691399158096 8.13367026086386 8.148411204204171 8.160415877384613 8.170505811561457 8.17919855729552 8.186827615452277 8.187553149471048 8.18824601305517 8.188924465167839 8.189599449196894 8.190274547599536 8.190951183917655 8.191629556239917 8.192306355174653 8.193592165992174 8.199648766570371 8.210216490143454 8.219134099897836 8.226925561119199 8.233706947040304 8.242501726706752 8.250142548850631 8.2568336400788 8.258972022669818 8.262791957597962 8.268236184298795 8.27305579897981 8.276098668075699 8.277472305846466 8.283031063130444 8.288941356034389 8.29936550836707 8.307886733212069 8.315094513646134 8.321529300097374 8.327470903912799 8.332423745340288 8.33727682101714 8.34155808414495 8.345397574893623 
# BH_mass_list
-10.0 -10.0 5.0625839319544905 6.710913509203307 7.180466714227764 7.270194717428986 7.300651008351834 7.311567518512945 7.315394758346137 7.316683453246137 7.317087466381922 7.317194791701907 7.317209849440068 7.317216003205041 7.317219196903888 7.317221360931056 7.317223122977303 7.317223122977303 7.317223122977303 7.317223122977303 7.317223122977303 7.317223122977303 7.317223122977303 7.317223122977303 7.317223122977303 7.317223122977303 7.317223122977303 7.317223122977303 7.317223122977303 7.317223122977303 7.317223122977303 7.317223122977303 7.317223122977303 7.317223122977303 7.317223122977303 7.317223122977303 7.317223122977303 7.317223122977303 7.317223122977303 7.317223122977303 7.317223122977303 7.317223122977303 7.317223122977303 7.317223122977303 7.317223122977303 7.317223122977303 7.317223122977303 7.317223122977303 7.317223122977303 7.317223122977303 7.317223122977303 7.317223122977303 7.317223122977303 7.317223122977303 7.317223122977303 7.317223122977303 7.317223122977303 7.317223122977303 7.317223122977303 
# NS_mass_list
-10.0 -10.0 5.046894055024052 6.704167104346888 7.284681052044374 7.532658983644696 7.654312996770021 7.714269652437446 7.7341910119460495 7.741450445298996 7.744040276454795 7.744929072980803 7.745220175793679 7.745310742014652 7.745340985605342 7.74535292725514 7.745362729087746 7.745362729087746 7.745362729087746 7.745362729087746 7.745362729087746 7.745362729087746 7.745362729087746 7.745362729087746 7.745362729087746 7.745362729087746 7.745362729087746 7.745362729087746 7.745362729087746 7.745362729087746 7.745362729087746 7.745362729087746 7.745362729087746 7.745362729087746 7.745362729087746 7.745362729087746 7.745362729087746 7.745362729087746 7.745362729087746 7.745362729087746 7.745362729087746 7.745362729087746 7.745362729087746 7.745362729087746 7.745362729087746 7.745362729087746 7.745362729087746 7.745362729087746 7.745362729087746 7.745362729087746 7.745362729087746 7.745362729087746 7.745362729087746 7.745362729087746 7.745362729087746 7.745362729087746 7.745362729087746 7.745362729087746 7.745362729087746 
# WD_mass_list
-10.0 -10.0 -10.0 -10.0 -10.0 3.4169667454377968 5.165227904715831 6.231759756820675 6.738367816216683 6.975230001290397 7.118093658086931 7.21513818231841 7.2862527585985175 7.341238880319204 7.385470175931062 7.42213431253698 7.543382110463147 7.664433738770296 7.731003703853369 7.775570157754401 7.808489639726798 7.834330304048678 7.855437583431891 7.873206625448173 7.888503824592612 7.889944691132943 7.891318466116762 7.892661584471411 7.893995801975117 7.895328224417407 7.896661663254052 7.897996503462802 7.899326241597986 7.9018470465344635 7.913625903107374 7.933817195807752 7.9505179866608815 7.964870909688398 7.977190432733354 7.9929392550052025 8.006421738373962 8.018082427385448 8.021781182364123 8.02835574315168 8.03765481366967 8.04581908062289 8.050941540475314 8.05324597103989 8.062521535607187 8.072297951132542 8.089333688785795 8.103071402452738 8.114565268886206 8.124732234376165 8.1340435483109 8.14175082967348 8.149256004019819 8.155839238927651 8.16171376796679 
