# time_axis
5.999999999999999 7.0 7.30102999566398 7.477121254719661 7.602059991327962 7.698970004336018 7.778151250383643 7.845098040014256 7.903089986991943 7.954242509439324 8.0 8.041392685158224 8.079181246047623 8.113943352306837 8.146128035678238 8.176091259055681 8.301029995663981 8.47712125471966 8.60205999132796 8.698970004336019 8.778151250383644 8.845098040014257 8.903089986991942 8.954242509439323 8.999999999999998 9.004321373782641 9.008600171761916 9.012837224705171 9.017033339298779 9.021189299069936 9.02530586526477 9.02938377768521 9.033423755486949 9.041392685158224 9.079181246047623 9.146128035678236 9.204119982655923 9.255272505103305 9.301029995663981 9.361727836017593 9.414973347970816 9.462397997898954 9.477121254719663 9.505149978319904 9.544068044350274 9.57978359661681 9.60205999132796 9.612783856719734 9.653212513775342 9.698970004336017 9.778151250383642 9.845098040014257 9.903089986991944 9.954242509439325 10.0 10.041392685158225 10.079181246047623 10.113943352306835 10.146128035678236 
# total_gas_mass_list
7.928227796375297 8.98963254829393 9.520031684232782 9.628336994222176 9.711302872107796 9.760376001583502 9.785034436374696 9.792802337245087 9.788537115146822 9.775362424756759 9.75535498914971 9.729950225002602 9.700176937308077 9.666796168162465 9.630386245188177 9.591396805850536 10.145385602222715 10.35796626341138 10.402061690078776 10.412498405910299 10.4149580736416 10.415528176725603 10.41566102302308 10.41569460747156 10.415705725340908 10.415706435956858 10.415707108237012 10.415707746769007 10.415708355228663 10.415708936969745 10.415709494951406 10.415710031876579 10.415710551846589 10.415711547684777 10.415715899152389 10.415723065267676 10.415729039300926 10.415734175460605 10.415738682739812 10.41574445956702 10.415749317980607 10.415753565808583 10.415754863058597 10.41575730328474 10.415760608926794 10.415763407376422 10.415765177135782 10.415765946195886 10.415768935485394 10.415772033800232 10.415777070889039 10.415780985933774 10.415784447421334 10.415787653188804 10.415790673181974 10.415793338791227 10.41579593858258 10.415798403118819 10.415800619319562 
# ejected_gas_mass_list
-10.0 -10.0 3.347620484703879 4.472944479169265 5.142652536091665 5.524435305504486 5.784793426230618 5.980706090665875 6.136039092343881 6.2628101653432635 6.368480392690091 6.457950811466939 6.5346411078589695 6.60103207024608 6.658978730134139 6.709904274463814 6.8500987063720915 6.949191240638127 6.997484207695658 7.028905265147098 7.051978398421677 7.069959700484986 7.0845587217205495 7.0967764175788455 7.107229557072781 7.108194186627937 7.109147262929347 7.110088443640233 7.111016919234502 7.11193241207216 7.11283485955808 7.11372454736485 7.114605294049168 7.116338941671611 7.124383487455821 7.138044211511807 7.149216119763178 7.158601282310929 7.166673754963273 7.176805435483139 7.185147208591689 7.1923116773830955 7.19447630630317 7.198519149180791 7.20393646504292 7.208470387662881 7.211313446304663 7.2125431412970755 7.217290112854533 7.222156096617483 7.2299524951761285 7.235917043678166 7.241123266321174 7.245889873014284 7.250332929440883 7.254217222329779 7.257972455787104 7.261502609782576 7.264652750651369 
# stellar_mass_list
-10.0 5.609469033750885 6.684562921828761 7.24895795200771 7.442459354043411 7.579967957405919 7.678769364638418 7.751202051679361 7.805346684835072 7.846373840650615 7.8776838641785005 7.9016008708490695 7.919773212283987 7.933409173616008 7.943419284205981 7.950505796118492 7.7792365510408015 7.709681446811836 7.673106290670361 7.648206182948788 7.62938835134373 7.614306287052985 7.601747917218334 7.591005201137278 7.581631709864509 7.580758269936181 7.579893584655287 7.579038264200946 7.578193163845785 7.577358682651299 7.576534924641616 7.575721724021342 7.574915257273009 7.573323442840238 7.56586944589056 7.552951644401925 7.542026328551195 7.5325714550055105 7.524228832214803 7.513367954327062 7.504033808365907 7.495802859280166 7.493247588711019 7.488430927247847 7.481725793413088 7.475843807823595 7.4719794723148745 7.4702939110289455 7.463493738974879 7.456134604519366 7.44317291793557 7.4324214817757115 7.423024160690788 7.414384368616634 7.406309529756655 7.39928803224895 7.392374429991328 7.386038560587878 7.380337061025081 
# remnant_mass_list
-10.0 -10.0 4.659763815762698 5.763605658082962 6.391746496326136 6.709689452707339 6.92871768462041 7.092982475237842 7.221402146619771 7.3245683347216595 7.4090961308973515 7.479401385226071 7.538570988806808 7.5888408012833555 7.631878081448333 7.668956597248124 7.727361080346112 7.748609696734262 7.758572504886165 7.764912959597013 7.769480281597581 7.773007335952923 7.775856639558283 7.778232655691807 7.78026065392885 7.780447501022746 7.780632156155583 7.780814481114528 7.78099428702244 7.78117148053657 7.781346057065117 7.781518062387244 7.781688395074609 7.782023840635095 7.783578732572275 7.786213856856293 7.788384998437016 7.7902226312690015 7.791813144845692 7.793840055024404 7.795543025023111 7.797016762442376 7.797469367212082 7.798315092177489 7.799479524502461 7.800481764531393 7.8011385833379 7.8014193934099865 7.802554237085852 7.803756868272832 7.805837740180526 7.807517973081113 7.80895852047878 7.810266745481295 7.8114760184374115 7.812504568659235 7.81351365051006 7.814424807829375 7.815230519803921 
# BH_mass_list
-10.0 -10.0 4.515884578916789 5.613444992889546 6.228409517677505 6.523276009489411 6.726472282447437 6.878261809504788 6.996261012747127 7.090457211006239 7.167126678888341 7.230459071150406 7.283377754639039 7.327996094966984 7.365887314918446 7.3982516932148945 7.426024219383654 7.426024219383654 7.426024219383654 7.426024219383654 7.426024219383654 7.426024219383654 7.426024219383654 7.426024219383654 7.426024219383654 7.426024219383654 7.426024219383654 7.426024219383654 7.426024219383654 7.426024219383654 7.426024219383654 7.426024219383654 7.426024219383654 7.426024219383654 7.426024219383654 7.426024219383654 7.426024219383654 7.426024219383654 7.426024219383654 7.426024219383654 7.426024219383654 7.426024219383654 7.426024219383654 7.426024219383654 7.426024219383654 7.426024219383654 7.426024219383654 7.426024219383654 7.426024219383654 7.426024219383654 7.426024219383654 7.426024219383654 7.426024219383654 7.426024219383654 7.426024219383654 7.426024219383654 7.426024219383654 7.426024219383654 7.426024219383654 
# NS_mass_list
-10.0 -10.0 4.110022296357287 5.229458346913528 5.8879348113744205 6.252470347579127 6.499154366529451 6.6816440548627005 6.821298577215367 6.931858672835304 7.021216530585493 7.09456762761928 7.155522603135586 7.206677235029169 7.2499493041679575 7.286789490716435 7.341779113059362 7.341779113059362 7.341779113059362 7.341779113059362 7.341779113059362 7.341779113059362 7.341779113059362 7.341779113059362 7.341779113059362 7.341779113059362 7.341779113059362 7.341779113059362 7.341779113059362 7.341779113059362 7.341779113059362 7.341779113059362 7.341779113059362 7.341779113059362 7.341779113059362 7.341779113059362 7.341779113059362 7.341779113059362 7.341779113059362 7.341779113059362 7.341779113059362 7.341779113059362 7.341779113059362 7.341779113059362 7.341779113059362 7.341779113059362 7.341779113059362 7.341779113059362 7.341779113059362 7.341779113059362 7.341779113059362 7.341779113059362 7.341779113059362 7.341779113059362 7.341779113059362 7.341779113059362 7.341779113059362 7.341779113059362 7.341779113059362 
# WD_mass_list
-10.0 -10.0 -10.0 -10.0 -10.0 2.1480345876820306 3.5169183072850285 4.4399038085506595 5.035593564425456 5.398569205619855 5.6592609099820095 5.860194518578763 6.021294227618541 6.153851784736077 6.264997819217123 6.35954907958678 6.6758107283951595 6.870222515858941 6.940400140723899 6.980510568692917 7.007596050230008 7.027595723176248 7.043217890076014 7.055903704026886 7.066498744702491 7.067464481380218 7.068417190435395 7.069356227323139 7.07028069089662 7.071190175173962 7.072084730272915 7.072964662404823 7.0738346268680115 7.075543810315608 7.083396629431077 7.09645105812675 7.106977057433077 7.115730956231799 7.123196925922267 7.132567599516464 7.140320230878778 7.146943374936919 7.148961784245522 7.152713951858404 7.157839407642738 7.162213863251797 7.165062367691638 7.166275819245678 7.171153418093399 7.176276961794816 7.185034458819622 7.192009088779077 7.197921942407495 7.203239495203319 7.208111615803231 7.212223555052116 7.2162295234918306 7.2198231678253935 7.222982561338116 
