# time_axis
1000000 10000000 20000000 30000000 40000000 50000000 60000000 70000000 80000000 90000000 100000000 200000000 300000000 400000000 500000000 600000000 700000000 800000000 900000000 1000000000 1010000000 1020000000 1030000000 1040000000 1050000000 1060000000 1070000000 1080000000 1100000000 1200000000 1400000000 1600000000 1800000000 2000000000 2300000000 2600000000 2900000000 3000000000 3200000000 3500000000 3800000000 4000000000 4100000000 4500000000 5000000000 6000000000 7000000000 8000000000 9000000000 10000000000 11000000000 12000000000 13000000000 14000000000 
# SNIa_energy_release_list
0 0.0 0.0 0.0 0.0 0.0 3.556464664606907e+55 1.0018772547240102e+56 1.8937942663933008e+56 2.642886629224629e+56 3.289117451740105e+56 7.186674860157731e+56 9.302174167468962e+56 1.0763234783055859e+57 1.1880644987776787e+57 1.2785767669544123e+57 1.3546390278403548e+57 1.4202467373754047e+57 1.4779270892311502e+57 1.5293956621270855e+57 1.5342501472318286e+57 1.5390564078571641e+57 1.5438161126751256e+57 1.548527534538154e+57 1.5531928812150769e+57 1.557812595971922e+57 1.5623874248665314e+57 1.5669191005054592e+57 1.5758577966900892e+57 1.618202781739276e+57 1.6930678871745527e+57 1.7577791038934824e+57 1.814766461118434e+57 1.8656840739460778e+57 1.9331420417505312e+57 1.9922486066595815e+57 2.044844419368023e+57 2.0611749375930206e+57 2.0922250358008517e+57 2.1353255955618807e+57 2.1748681252745545e+57 2.1995198231901934e+57 2.2113838584428287e+57 2.2561118619791665e+57 2.3066947464439366e+57 2.394189862966662e+57 2.4681289787284875e+57 2.5321402189871793e+57 2.5886006428178376e+57 2.639066179327002e+57 2.684733412443399e+57 2.726411093537554e+57 2.7647442013630375e+57 2.800230446593148e+57 
# SNII_energy_release_list
0 -2.483291790914152e+55 8.892375338103214e+55 2.4590983960197907e+56 4.503269330949997e+56 5.304191691709252e+56 5.672819903160775e+56 5.815467220982976e+56 5.815467220982976e+56 5.815467220982976e+56 5.815467220982976e+56 5.815467220982976e+56 5.815467220982976e+56 5.815467220982976e+56 5.815467220982976e+56 5.815467220982976e+56 5.815467220982976e+56 5.815467220982976e+56 5.815467220982976e+56 5.815467220982976e+56 5.815467220982976e+56 5.815467220982976e+56 5.815467220982976e+56 5.815467220982976e+56 5.815467220982976e+56 5.815467220982976e+56 5.815467220982976e+56 5.815467220982976e+56 5.815467220982976e+56 5.815467220982976e+56 5.815467220982976e+56 5.815467220982976e+56 5.815467220982976e+56 5.815467220982976e+56 5.815467220982976e+56 5.815467220982976e+56 5.815467220982976e+56 5.815467220982976e+56 5.815467220982976e+56 5.815467220982976e+56 5.815467220982976e+56 5.815467220982976e+56 5.815467220982976e+56 5.815467220982976e+56 5.815467220982976e+56 5.815467220982976e+56 5.815467220982976e+56 5.815467220982976e+56 5.815467220982976e+56 5.815467220982976e+56 5.815467220982976e+56 5.815467220982976e+56 5.815467220982976e+56 5.815467220982976e+56 
# SN_energy_per_current_crossing_time_list
0.0 -1.1517471770196947e+55 4.424751304302999e+55 6.093955573427783e+55 1.538840451766678e+56 7.730084952088134e+55 4.1238110745207653e+55 1.9326700844372008e+55 4.0710099903234816e+54 3.5495573323809906e+54 3.154265285500708e+54 2.1938872018643155e+54 1.2578724787846798e+54 8.965897776790026e+53 7.005356514116316e+53 5.764958833655148e+53 4.903773950082003e+53 4.271709364694687e+53 3.7863356339440117e+53 3.402153459463696e+53 3.2108998763920423e+53 3.180950492728469e+53 3.1520561408346183e+53 3.1219825123701316e+53 3.093338036714473e+53 3.064933482915378e+53 3.0369696158874667e+53 3.010066740115881e+53 2.9719828107497e+53 2.830548324705304e+53 2.524250374175771e+53 2.197395688432689e+53 1.9465472459496373e+53 1.7478721101478764e+53 1.5532834287869671e+53 1.3679300145157271e+53 1.222455009403959e+53 1.1401663538342912e+53 1.0864453334417231e+53 1.0086141122834201e+53 9.278622680621985e+52 8.691125935057125e+52 8.37191650245812e+52 7.913325768808272e+52 7.180315123717748e+52 6.239464990339099e+52 5.292168704482328e+52 4.5959439726914985e+52 4.065105666454102e+52 3.643207984196358e+52 3.303735365563274e+52 3.0216859133974967e+52 2.783497051115963e+52 2.581991738578635e+52 
# SN_energy_per_final_crossing_time_list
0.0 -5.353635198166332e+55 2.2071934901335504e+56 3.045963490480132e+56 3.966255982287961e+56 1.5540105039298273e+56 7.411174661162391e+55 3.237951600476307e+55 6.489619684174992e+54 5.4504224939010935e+54 4.701998292944343e+54 2.835876538617656e+54 1.539244769072298e+54 1.0630728651469255e+54 8.130316122441809e+53 6.585704606303131e+53 5.534316971311358e+53 4.773640121914869e+53 4.1968427768028665e+53 3.74487154535521e+53 3.53214051084337e+53 3.497052209271914e+53 3.463178039366464e+53 3.428047190796228e+53 3.394522722623622e+53 3.361320776378826e+53 3.32866166445502e+53 3.297263203180824e+53 3.2519134600913077e+53 3.081036070687611e+53 2.7236057589108514e+53 2.3542054939624323e+53 2.073210121331794e+53 1.8523917480789054e+53 1.6360885224022226e+53 1.433538180791971e+53 1.2756299707714751e+53 1.188214274861452e+53 1.12960805707686e+53 1.0453373178768477e+53 9.590428101420375e+52 8.968331243186461e+52 8.632313959922273e+52 8.136063344055115e+52 7.360857084462359e+52 6.366175586138508e+52 5.379836182072395e+52 4.6574804534089717e+52 4.108080382753822e+52 3.6718902635277707e+52 3.322764013653122e+52 3.0324827991921285e+52 2.789130466681816e+52 2.581991738578635e+52 
# total_energy_release_list
0 -2.483291790914152e+55 8.892375338103214e+55 2.4590983960197907e+56 4.503269330949997e+56 5.304191691709252e+56 6.028466369621466e+56 6.817344475706986e+56 7.709261487376277e+56 8.458353850207605e+56 9.10458467272308e+56 1.3002142081140707e+57 1.5117641388451938e+57 1.6578702004038836e+57 1.7696112208759763e+57 1.86012348905271e+57 1.9361857499386524e+57 2.0017934594737023e+57 2.059473811329448e+57 2.110942384225383e+57 2.1157968693301262e+57 2.120603129955462e+57 2.1253628347734234e+57 2.1300742566364515e+57 2.1347396033133745e+57 2.1393593180702196e+57 2.143934146964829e+57 2.1484658226037566e+57 2.1574045187883868e+57 2.1997495038375736e+57 2.2746146092728503e+57 2.33932582599178e+57 2.3963131832167315e+57 2.4472307960443754e+57 2.5146887638488288e+57 2.573795328757879e+57 2.6263911414663207e+57 2.642721659691318e+57 2.6737717578991493e+57 2.7168723176601783e+57 2.756414847372852e+57 2.781066545288491e+57 2.7929305805411263e+57 2.837658584077464e+57 2.8882414685422342e+57 2.9757365850649595e+57 3.049675700826785e+57 3.113686941085477e+57 3.170147364916135e+57 3.2206129014252996e+57 3.266280134541697e+57 3.3079578156358514e+57 3.3462909234613355e+57 3.381777168691446e+57 
# binding_energy_list
5.74116462207328e+58 5.754399373371543e+58 5.546257129579105e+58 5.236004365857517e+58 4.2756288615158645e+58 3.7497300224548187e+58 3.5318316979195845e+58 3.411929116219295e+58 3.31894457552611e+58 3.2583670100200736e+58 3.206269324505467e+58 2.978516429429167e+58 2.890679882365466e+58 2.8444611074479196e+58 2.818382931264472e+58 2.792543841237325e+58 2.773320104651827e+58 2.7605778562203615e+58 2.747894153102397e+58 2.7415741719278973e+58 2.7415741719278973e+58 2.7415741719278973e+58 2.7415741719278973e+58 2.735268726306697e+58 2.735268726306697e+58 2.735268726306697e+58 2.735268726306697e+58 2.735268726306697e+58 2.735268726306697e+58 2.722701308077927e+58 2.716439268839067e+58 2.703958364108857e+58 2.697739432444904e+58 2.691534803926914e+58 2.679168324819015e+58 2.673006408663309e+58 2.6668586645214914e+58 2.6668586645214914e+58 2.6668586645214914e+58 2.660725059798792e+58 2.654605561975536e+58 2.654605561975536e+58 2.654605561975536e+58 2.6485001386067115e+58 2.6485001386067115e+58 2.6424087573219283e+58 2.636331385825376e+58 2.636331385825376e+58 2.630267991895392e+58 2.630267991895392e+58 2.6242185433844233e+58 2.6242185433844233e+58 2.6242185433844233e+58 2.6181830082189807e+58 
# total_gas_kinetic_energy_list
1.6176674195258627e+59 1.601472805551067e+59 1.5861286194857568e+59 1.5715806991581263e+59 1.5741704506529368e+59 1.5757759245855123e+59 1.5764548415887426e+59 1.5768653093288118e+59 1.5771644987460203e+59 1.5773998087942805e+59 1.5775899653912802e+59 1.578465479193226e+59 1.5787945226976945e+59 1.5789782618942415e+59 1.5790970366972216e+59 1.5791819943385737e+59 1.579245087213104e+59 1.5792962023207354e+59 1.579338377448741e+59 1.5793741730657454e+59 1.57937738276049e+59 1.5793805111582845e+59 1.579383598477717e+59 1.5793867156251012e+59 1.5793898607715436e+59 1.5793929728440212e+59 1.5793960516507586e+59 1.5793990273609066e+59 1.579404709114196e+59 1.579431313179823e+59 1.5794757869910037e+59 1.5795113820446743e+59 1.5795407778055512e+59 1.5795654309283317e+59 1.5795953556229052e+59 1.5796198228281728e+59 1.5796400205979653e+59 1.5796461303172071e+59 1.5796568819308675e+59 1.5796716678672264e+59 1.5796837474812242e+59 1.5796910263214253e+59 1.5796944544599687e+59 1.579706736874013e+59 1.5797190309421497e+59 1.5797378614403518e+59 1.5797518784138977e+59 1.5797636840011614e+59 1.579774192773556e+59 1.579784630861298e+59 1.5797922789214203e+59 1.5798006207866921e+59 1.5798062462173617e+59 1.5798142838430727e+59 
