# time_axis
5.999999999999999 7.0 7.30102999566398 7.477121254719661 7.602059991327962 7.698970004336018 7.778151250383643 7.845098040014256 7.903089986991943 7.954242509439324 8.0 8.041392685158224 8.079181246047623 8.113943352306837 8.146128035678238 8.176091259055681 8.301029995663981 8.47712125471966 8.60205999132796 8.698970004336019 8.778151250383644 8.845098040014257 8.903089986991942 8.954242509439323 8.999999999999998 9.004321373782641 9.008600171761916 9.012837224705171 9.017033339298779 9.021189299069936 9.02530586526477 9.02938377768521 9.033423755486949 9.041392685158224 9.079181246047623 9.146128035678236 9.204119982655923 9.255272505103305 9.301029995663981 9.361727836017593 9.414973347970816 9.462397997898954 9.477121254719663 9.505149978319904 9.544068044350274 9.57978359661681 9.60205999132796 9.612783856719734 9.653212513775342 9.698970004336017 9.778151250383642 9.845098040014257 9.903089986991944 9.954242509439325 10.0 10.041392685158225 10.079181246047623 10.113943352306835 10.146128035678236 
# total_gas_mass_list
8.563351467391335 10.239201092896774 10.608665913394585 10.699873975399269 10.709148560656319 10.678809067311438 10.627718067655833 10.565394714062355 10.496932022694256 10.425119361393865 10.351491979275012 10.276891357410756 10.201775072201233 10.126389793906164 10.05086751505069 9.97527856977518 9.975581277493866 9.975965355966759 9.97626855750907 9.976527721116923 9.976757483072038 9.976964022029673 9.97715228663507 9.97732585300068 9.977487054999553 9.977502641017608 9.977518115842676 9.977533453871928 9.97754865818261 9.977563748819666 9.977578750337434 9.97759369138933 9.977608608444779 9.97763819174449 9.977780390084526 9.978042266617424 9.978276838506446 9.978491164057765 9.978688004750039 9.978952488741815 9.979188698654216 9.979402724570537 9.979471079919117 9.97959927706931 9.979780491151057 9.979938021402495 9.980039790873656 9.980084106681883 9.980262413688592 9.98045073989956 9.980772268846449 9.981031091493286 9.981261913983282 9.981477622125286 9.981683463771889 9.981863898000714 9.98204433945054 9.982210965125475 9.982362861554757 
# ejected_gas_mass_list
-10.0 -10.0 2.8323122131728877 4.535774895337975 5.252970190511527 5.689982979844944 5.985391702382135 6.202099068019124 6.37039756221122 6.506203027476636 6.618738597990536 6.713729276341568 6.795041802160195 6.865450899790353 6.927024822743246 6.981343072060872 7.172441248700563 7.365864886166557 7.474624846011395 7.549981931176248 7.60738327387216 7.6532346217647875 7.6912069914882535 7.723510219806287 7.751512306112029 7.754126933147365 7.756707518702425 7.759250339746777 7.761756470832658 7.764229732627988 7.7666745910509105 7.769096074471217 7.771500356906555 7.7762297218553815 7.798274467947428 7.836175005927683 7.867542677778869 7.894361330025648 7.917624017210921 7.947054493633513 7.9717660367922045 7.993014546374881 7.999589658374282 8.011661512647828 8.028178679647477 8.042049139428777 8.05078253775663 8.054531940006658 8.069302719376559 8.084382769563536 8.108991342954218 8.127847382771323 8.14400850912611 8.158593788504897 8.172076009945457 8.183564414931423 8.1947617663935 8.204855484605568 8.213860176765246 
# stellar_mass_list
-10.0 6.068501445711242 7.753073880025735 8.26587809516863 8.52965211654207 8.692456904388361 8.801419559762147 8.878036356847861 8.9337804904697 8.975362906352615 9.00696214383605 9.031305985714079 9.050244751251997 9.065074909307443 9.076730415442574 9.085900359010223 9.072535387091332 9.05696378644498 9.046219619014098 9.037768896866806 9.030705821901217 9.024588417076057 9.019161683102984 9.014262633610034 9.009787391391061 9.009358324517 9.008932885639368 9.0085117609322 9.008094868323836 9.007681635304198 9.007271339971123 9.006863230371149 9.006456269670279 9.005650511267987 9.001803796709236 8.994803326553404 8.988552781032183 8.982845448597866 8.977602881674128 8.970474637526902 8.964001312991737 8.95804437297687 8.956126567866317 8.95249966473411 8.947252423548886 8.942495371903927 8.939316942948619 8.937899837850495 8.932024810558179 8.92546143271023 8.913208633636469 8.902515530842487 8.893146124946867 8.884533454419262 8.876449715861131 8.869456377501374 8.862536546149055 8.85622698877913 8.850521125893414 
# remnant_mass_list
-10.0 -10.0 3.9403355508193987 5.631766301150079 6.231121262248905 6.581930041338763 6.817956684420541 6.98887168764802 7.118641699462653 7.220631120042568 7.302943170017478 7.370795901492577 7.427707437251677 7.476137275717137 7.517858060535106 7.554180218365089 7.669645443724182 7.779277063059872 7.842371720652849 7.886473152527898 7.920226860329055 7.947475354746859 7.970270308178075 7.989838297023077 8.006941609395842 8.008544802804163 8.010128240674037 8.01168956184881 8.013229308744522 8.014749822685344 8.016253963751401 8.017744659339822 8.019225810989301 8.022142591225254 8.035784815095784 8.059481764345511 8.079504764231691 8.096932297686049 8.112273444554313 8.132183778805686 8.14938950822771 8.164542139546503 8.16928949774103 8.178099376562317 8.1904738302332 8.201327815548153 8.208398259159983 8.211503589151832 8.224091698715565 8.237622934128877 8.261508941424955 8.281014858682113 8.29717543925529 8.311328586608493 8.324044374459705 8.33462567628649 8.34473937791469 8.353665459439013 8.361504838657918 
# BH_mass_list
-10.0 -10.0 3.5884504167967237 5.273365589584424 5.790953990811314 6.060245288556605 6.228172410062178 6.341796389603601 6.4226587828841435 6.482288564143155 6.527448281589643 6.562360797596002 6.589790886386634 6.611619380272561 6.629167688522494 6.643390148794935 6.654992513942172 6.654992513942172 6.654992513942172 6.654992513942172 6.654992513942172 6.654992513942172 6.654992513942172 6.654992513942172 6.654992513942172 6.654992513942172 6.654992513942172 6.654992513942172 6.654992513942172 6.654992513942172 6.654992513942172 6.654992513942172 6.654992513942172 6.654992513942172 6.654992513942172 6.654992513942172 6.654992513942172 6.654992513942172 6.654992513942172 6.654992513942172 6.654992513942172 6.654992513942172 6.654992513942172 6.654992513942172 6.654992513942172 6.654992513942172 6.654992513942172 6.654992513942172 6.654992513942172 6.654992513942172 6.654992513942172 6.654992513942172 6.654992513942172 6.654992513942172 6.654992513942172 6.654992513942172 6.654992513942172 6.654992513942172 6.654992513942172 
# NS_mass_list
-10.0 -10.0 3.6848249917413103 5.381405033095117 6.035302799510116 6.426476255307603 6.68755197613448 6.867366122713467 6.99274730349237 7.08281356245196 7.149277597889538 7.199471396883253 7.238119147592648 7.268356711892521 7.292326054252986 7.311530044061384 7.344281725219494 7.344281725219494 7.344281725219494 7.344281725219494 7.344281725219494 7.344281725219494 7.344281725219494 7.344281725219494 7.344281725219494 7.344281725219494 7.344281725219494 7.344281725219494 7.344281725219494 7.344281725219494 7.344281725219494 7.344281725219494 7.344281725219494 7.344281725219494 7.344281725219494 7.344281725219494 7.344281725219494 7.344281725219494 7.344281725219494 7.344281725219494 7.344281725219494 7.344281725219494 7.344281725219494 7.344281725219494 7.344281725219494 7.344281725219494 7.344281725219494 7.344281725219494 7.344281725219494 7.344281725219494 7.344281725219494 7.344281725219494 7.344281725219494 7.344281725219494 7.344281725219494 7.344281725219494 7.344281725219494 7.344281725219494 7.344281725219494 
# WD_mass_list
-10.0 -10.0 -10.0 -10.0 -10.0 2.380981345765574 4.162929699567556 5.259848157494689 5.819935072178963 6.17123211546812 6.417938017035672 6.602609519663067 6.7468016969010725 6.862878704696243 6.958535886496497 7.0388466754819 7.303681660319746 7.52560037132165 7.63295395494815 7.702292881811016 7.752869986736102 7.792361127459355 7.824585785090065 7.851713728485379 7.875051708987762 7.8772223693710055 7.879363506152712 7.881472052632737 7.883548869131327 7.8855972312758285 7.887621094333001 7.889624483481152 7.89161271061253 7.895521301849053 7.913686132657818 7.944806199771114 7.970702758402494 7.992966662828571 8.012365735714166 8.037280820090984 8.058587243320062 8.077189026411697 8.082987033298503 8.093709934465048 8.108693123586288 8.12176256787665 8.13024081186156 8.133955821683092 8.148962772435945 8.165002791016764 8.193098366179466 8.215846343185868 8.23456766607351 8.250874795413495 8.265458181521717 8.277546571816373 8.289062140734698 8.299195011068278 8.30807131160163 
