# time_axis
5.999999999999999 7.0 7.30102999566398 7.477121254719661 7.602059991327962 7.698970004336018 7.778151250383643 7.845098040014256 7.903089986991943 7.954242509439324 8.0 8.301029995663981 8.47712125471966 8.60205999132796 8.698970004336019 8.778151250383644 8.845098040014257 8.903089986991942 8.954242509439323 8.999999999999998 9.004321373782641 9.008600171761916 9.012837224705171 9.017033339298779 9.021189299069936 9.02530586526477 9.02938377768521 9.033423755486949 9.041392685158224 9.079181246047623 9.146128035678236 9.204119982655923 9.255272505103305 9.301029995663981 9.361727836017593 9.414973347970816 9.462397997898954 9.477121254719663 9.505149978319904 9.544068044350274 9.57978359661681 9.60205999132796 9.612783856719734 9.653212513775342 9.698970004336017 9.778151250383642 9.845098040014257 9.903089986991944 9.954242509439325 10.0 10.041392685158225 10.079181246047623 10.113943352306835 10.146128035678236 
# total_gas_mass_list
8.85116965798772 10.520477542164736 10.869881178591411 10.998020107533259 11.05152017296823 11.074299171779998 11.087080403427006 11.092019873626295 11.094093299982198 11.094990210290957 11.095393959136691 11.095935147718357 11.096034927220096 11.096087678528772 11.09612181949052 11.096146193229991 11.096164585977178 11.09617909023489 11.096190922206855 11.096200753077285 11.096201669245618 11.096202564030639 11.096203430110064 11.096204262308195 11.096205089169645 11.096205915719114 11.096206741432624 11.096207564565466 11.096209163308064 11.096216379579866 11.09622828900585 11.096237606276299 11.09624525902137 11.096251544263916 11.09625911765023 11.096265213748522 11.096270186804771 11.096271697400061 11.096274332755415 11.096277868765958 11.096280771062665 11.096282511444217 11.096283266560363 11.096286162915188 11.096288951705034 11.096293162820603 11.09629611967122 11.096298627430382 11.096300881207037 11.096302971165336 11.09630474208414 11.096306474243942 11.0963080146768 11.096309405367213 
# ejected_gas_mass_list
-10.0 -10.0 -10.0 -10.0 -10.0 -10.0 8.315609022816568 8.541095926468 8.60706382138418 8.641721760319962 8.66479420713689 8.744342294121408 8.766201119753395 8.777331660274177 8.784386975243011 8.789354989356019 8.793066833715201 8.795971840820158 8.798327388996857 8.800274928552371 8.800455983763088 8.800632740695692 8.800803758948875 8.800968023816468 8.801131174094936 8.801294201892988 8.801457004034543 8.80161923694514 8.801934164166067 8.803352836046974 8.80568411459414 8.807499336015656 8.808984643868593 8.810200767131507 8.811661645405811 8.812834019361931 8.81378808868204 8.814077480518062 8.814581889127187 8.815257769412709 8.815811739538283 8.816143594591662 8.816287501318682 8.816839036450732 8.817369431040113 8.818169115916238 8.818729743633675 8.819204658731737 8.81963103474662 8.820026047384776 8.820360480467219 8.820687346385919 8.82097782718005 8.821239905018361 
# stellar_mass_list
-10.0 7.052251173064415 8.723331834922007 9.107053425856398 9.272860648653722 9.360953302853774 8.853337558418357 8.735066833373214 8.672547382439042 8.629822994474175 8.597478444667033 8.448683597683521 8.386140165447348 8.347401211024337 8.319765841158494 8.298477213940604 8.281287330275477 8.266944094755033 8.25464949695566 8.243980855426852 8.242964070582941 8.241966957593203 8.240998312030685 8.240063680620965 8.239131956613907 8.238197324453148 8.23726039904058 8.236323523680879 8.23449298648703 8.226068501177844 8.211469105106923 8.199289751505827 8.188692013817365 8.17951151341757 8.167746751080294 8.157601833410547 8.148781284450182 8.145988687724893 8.140978977036742 8.13389638153426 8.127685860230951 8.123758703581638 8.122000520296465 8.11490361145397 8.10742719316656 8.094374053142232 8.08370195612483 8.074385137160645 8.065824477455294 8.057723907332747 8.050783148368703 8.043851883074085 8.037592393678347 8.031877990552177 
# remnant_mass_list
-10.0 -10.0 5.5296096383374955 7.203600372726952 7.639364454260368 7.885544175517119 8.064633047842571 8.018641211348864 8.09438488566247 8.136075920044744 8.163532863401487 8.258290941748742 8.28734308048659 8.303078964501388 8.31340254434648 8.320892709941441 8.326668372643985 8.331311791118564 8.335170571972562 8.33843190451983 8.338738640133656 8.339038739873455 8.339329589448955 8.339609600387872 8.339888156589916 8.340166981861566 8.340445918132554 8.340724309447234 8.341266556160758 8.343734110879941 8.34789940165744 8.351273394278921 8.354137306819725 8.356565462871158 8.359608421709789 8.362171864496116 8.364356881831768 8.365040264760456 8.366256351095501 8.367954286391104 8.369422834332727 8.37034197380443 8.370750958214392 8.372387534395001 8.374086597171777 8.376992591728017 8.379313465283001 8.381299701705439 8.383092308049934 8.384760110353797 8.386167388496286 8.38755280624813 8.388787085337192 8.389899902962368 
# BH_mass_list
-10.0 -10.0 -10.0 -10.0 -10.0 -10.0 -10.0 -10.0 -10.0 -10.0 -10.0 -10.0 -10.0 -10.0 -10.0 -10.0 -10.0 -10.0 -10.0 -10.0 -10.0 -10.0 -10.0 -10.0 -10.0 -10.0 -10.0 -10.0 -10.0 -10.0 -10.0 -10.0 -10.0 -10.0 -10.0 -10.0 -10.0 -10.0 -10.0 -10.0 -10.0 -10.0 -10.0 -10.0 -10.0 -10.0 -10.0 -10.0 -10.0 -10.0 -10.0 -10.0 -10.0 -10.0 
# NS_mass_list
-10.0 -10.0 5.5296096383374955 7.212857082672444 7.778219853780418 8.111246632241224 8.335564232408295 8.411650981413654 8.437671651913675 8.446762888241738 8.446762888241738 8.446762888241738 8.446762888241738 8.446762888241738 8.446762888241738 8.446762888241738 8.446762888241738 8.446762888241738 8.446762888241738 8.446762888241738 8.446762888241738 8.446762888241738 8.446762888241738 8.446762888241738 8.446762888241738 8.446762888241738 8.446762888241738 8.446762888241738 8.446762888241738 8.446762888241738 8.446762888241738 8.446762888241738 8.446762888241738 8.446762888241738 8.446762888241738 8.446762888241738 8.446762888241738 8.446762888241738 8.446762888241738 8.446762888241738 8.446762888241738 8.446762888241738 8.446762888241738 8.446762888241738 8.446762888241738 8.446762888241738 8.446762888241738 8.446762888241738 8.446762888241738 8.446762888241738 8.446762888241738 8.446762888241738 8.446762888241738 8.446762888241738 
# WD_mass_list
-10.0 -10.0 -10.0 -10.0 -10.0 3.371154142938639 5.140455644449138 6.209526512202623 6.746476495404073 7.090057296842856 7.326993233842799 7.754064663722759 7.84075043952172 7.883396412449976 7.910022290285787 7.928739028262779 7.942850480337384 7.954003464083857 7.963146902017814 7.970789195143765 7.971504025233503 7.972202741553575 7.9728793096854265 7.973530098164072 7.974176954969585 7.974823887886261 7.975470530317874 7.976115364151111 7.977369803460591 7.983052486933794 7.99255095071158 8.000160698069024 8.006562472557206 8.01194975378394 8.018649831020948 8.024250773216345 8.028994231191222 8.030472077869236 8.033095260505062 8.036743690177742 8.039886087239811 8.0418467239397 8.042717629345235 8.046193383605347 8.049786370660165 8.055895658754041 8.06074277632109 8.064868788331593 8.068575236335686 8.072009058242298 8.07489568551483 8.07772791513027 8.080243258444693 8.082504740356415 
