# time_axis
1000000 10000000 20000000 30000000 40000000 50000000 60000000 70000000 80000000 90000000 100000000 110000000 120000000 130000000 140000000 150000000 200000000 300000000 400000000 500000000 600000000 700000000 800000000 900000000 1000000000 1010000000 1020000000 1030000000 1040000000 1050000000 1060000000 1070000000 1080000000 1100000000 1200000000 1400000000 1600000000 1800000000 2000000000 2300000000 2600000000 2900000000 3000000000 3200000000 3500000000 3800000000 4000000000 4100000000 4500000000 5000000000 6000000000 7000000000 8000000000 9000000000 10000000000 11000000000 12000000000 13000000000 14000000000 
# SNIa_energy_release_list
0 0.0 0.0 0.0 0.0 0.0 4.536512378665029e+53 2.2328187796749928e+55 6.912806647699698e+55 1.2770662203069293e+56 1.8827125152505631e+56 2.4592826689265483e+56 2.9889850939403433e+56 3.469450290118637e+56 3.9045848830818483e+56 4.30011908226286e+56 5.856570703646559e+56 7.8703102105891e+56 9.221429881614763e+56 1.0240411033332151e+57 1.105890131510926e+57 1.1743034522965286e+57 1.2330779063973008e+57 1.2845976832221977e+57 1.330460732145425e+57 1.3347803616340784e+57 1.3390570692647828e+57 1.3432912835691702e+57 1.347482852802143e+57 1.3516331337430596e+57 1.3557424357348314e+57 1.3598110442977975e+57 1.3638403031456506e+57 1.3717846130753476e+57 1.4093914685357192e+57 1.4757626306494555e+57 1.5330272579878264e+57 1.5833843339130913e+57 1.628327146232333e+57 1.687810121622455e+57 1.739874923985137e+57 1.7861685787409094e+57 1.8005329987900563e+57 1.827843799151269e+57 1.8657388308331515e+57 1.9004869838829404e+57 1.922145578654857e+57 1.9325672850896893e+57 1.9718389959027417e+57 2.01624888967299e+57 2.0930270649550983e+57 2.157862107371677e+57 2.2139849579323886e+57 2.2634665038507734e+57 2.3076861824506088e+57 2.3477003571163224e+57 2.384209292449419e+57 2.4177845992670726e+57 2.4488639365922928e+57 
# SNII_energy_release_list
0 0.0 1.1553193429126709e+54 5.64602296272966e+55 1.5605630535616691e+56 2.5654390023902847e+56 3.3988424487515974e+56 3.963747895730322e+56 4.2837711140172185e+56 4.449977537376608e+56 4.531982976845664e+56 4.571101138836843e+56 4.589320912122045e+56 4.597659325252213e+56 4.601432807993286e+56 4.603145890133128e+56 4.604376210089082e+56 4.604376210089082e+56 4.604376210089082e+56 4.604376210089082e+56 4.604376210089082e+56 4.604376210089082e+56 4.604376210089082e+56 4.604376210089082e+56 4.604376210089082e+56 4.604376210089082e+56 4.604376210089082e+56 4.604376210089082e+56 4.604376210089082e+56 4.604376210089082e+56 4.604376210089082e+56 4.604376210089082e+56 4.604376210089082e+56 4.604376210089082e+56 4.604376210089082e+56 4.604376210089082e+56 4.604376210089082e+56 4.604376210089082e+56 4.604376210089082e+56 4.604376210089082e+56 4.604376210089082e+56 4.604376210089082e+56 4.604376210089082e+56 4.604376210089082e+56 4.604376210089082e+56 4.604376210089082e+56 4.604376210089082e+56 4.604376210089082e+56 4.604376210089082e+56 4.604376210089082e+56 4.604376210089082e+56 4.604376210089082e+56 4.604376210089082e+56 4.604376210089082e+56 4.604376210089082e+56 4.604376210089082e+56 4.604376210089082e+56 4.604376210089082e+56 4.604376210089082e+56 
# SN_energy_per_current_crossing_time_list
0.0 0.0 1.934231888314498e+54 6.901793151965568e+55 1.202662327236235e+56 1.2465291054672896e+56 1.0741219352476774e+56 7.645322550355387e+55 4.6317461450592265e+55 2.639704257663475e+55 1.4949653629122783e+55 8.795070904424897e+54 5.579658132723451e+54 3.900135002612263e+54 2.99891279576309e+54 2.488649120225537e+54 1.8454033800987837e+54 1.2110718286099888e+54 8.311263038165868e+53 6.373231874303313e+53 5.186841200199241e+53 4.382361807409784e+53 3.7994237493019374e+53 3.3568708386686768e+53 3.0091639763607962e+53 2.836057924033309e+53 2.8096766943074954e+53 2.7835070747072637e+53 2.757185170597167e+53 2.7317137083974954e+53 2.706410389848854e+53 2.6812634838406914e+53 2.656964373922073e+53 2.6224188826839637e+53 2.496676415385832e+53 2.2247886064548168e+53 1.935365429534928e+53 1.7141286593358006e+53 1.539389519654222e+53 1.3691774644168868e+53 1.2066678382360493e+53 1.0793415949999244e+53 1.0066183885580137e+53 9.601789097451756e+52 8.923804222691275e+52 8.216124802153048e+52 7.701111180469625e+52 7.419659852568843e+52 7.021027667117838e+52 6.381207044034153e+52 5.559073561962198e+52 4.723354531135823e+52 4.1107687842563285e+52 3.64231091160011e+52 3.2702409660796507e+52 2.97120165396348e+52 2.7217195665937274e+52 2.5122339006219465e+52 2.333252992101655e+52 
# SN_energy_per_final_crossing_time_list
0.0 0.0 2.31292131315515e+54 1.1071908949121957e+56 1.9938892884729527e+56 2.011737285782111e+56 1.6687940678303605e+56 1.1473491178431162e+56 6.758133072814089e+55 3.7671854777979247e+55 2.0964124648414337e+55 1.2159909192978403e+55 7.624247231661032e+54 5.276378867733532e+54 4.022175489621427e+54 3.312391928990716e+54 2.386245221175875e+54 1.511796625751857e+54 1.0143408085313218e+54 7.6499083499137175e+53 6.144741372631873e+53 5.136067856025061e+53 4.412438703398331e+53 3.86780040292423e+53 3.4431266988499276e+53 3.242922564179539e+53 3.2106993695742494e+53 3.178797891193911e+53 3.146782491561703e+53 3.1157856816978064e+53 3.085021108210724e+53 3.0544708865232987e+53 3.0249294456730003e+53 2.982059224700038e+53 2.8233004812250197e+53 2.4913773252411065e+53 2.149544915978961e+53 1.8902558450107657e+53 1.6870203862462088e+53 1.4885434316676017e+53 1.3029058998772723e+53 1.158484680072633e+53 1.0783957749407744e+53 1.0251667529568438e+53 9.483116830142545e+52 8.695619989687776e+52 8.129996551645713e+52 7.824001350937158e+52 7.370719957818538e+52 6.668064793921251e+52 5.764051701955744e+52 4.867431860870737e+52 4.2133719784880133e+52 3.7147820707940625e+52 3.3197521659871604e+52 3.0040277818116213e+52 2.7408751259078586e+52 2.5206356323902516e+52 2.333252992101655e+52 
# total_energy_release_list
0 0 1.1553193429126709e+54 5.64602296272966e+55 1.5605630535616691e+56 2.5654390023902847e+56 3.4033789611302623e+56 4.187029773697822e+56 4.975051778787188e+56 5.727043757683537e+56 6.414695492096227e+56 7.0303838077633915e+56 7.578306006062388e+56 8.06710961537085e+56 8.506017691075135e+56 8.90326497239599e+56 1.046094691373564e+57 1.2474686420678182e+57 1.3825806091703846e+57 1.4844787243421234e+57 1.5663277525198342e+57 1.6347410733054368e+57 1.693515527406209e+57 1.745035304231106e+57 1.7908983531543333e+57 1.7952179826429865e+57 1.799494690273691e+57 1.8037289045780785e+57 1.8079204738110513e+57 1.8120707547519678e+57 1.8161800567437395e+57 1.8202486653067056e+57 1.8242779241545587e+57 1.832222234084256e+57 1.8698290895446275e+57 1.9362002516583637e+57 1.9934648789967346e+57 2.0438219549219995e+57 2.0887647672412414e+57 2.148247742631363e+57 2.2003125449940453e+57 2.2466061997498177e+57 2.2609706197989645e+57 2.288281420160177e+57 2.3261764518420597e+57 2.3609246048918487e+57 2.3825831996637653e+57 2.3930049060985975e+57 2.43227661691165e+57 2.4766865106818983e+57 2.5534646859640066e+57 2.6182997283805853e+57 2.674422578941297e+57 2.7239041248596817e+57 2.768123803459517e+57 2.8081379781252307e+57 2.8446469134583273e+57 2.878222220275981e+57 2.909301557601201e+57 
# binding_energy_list
8.810488730080146e+54 8.810488730080146e+54 8.810488730080146e+54 8.790225168308896e+54 8.729713683881166e+54 8.669618757582214e+54 8.609937521846052e+54 8.570378452303692e+54 8.51138038202376e+54 8.491804750363178e+54 8.452788451602891e+54 8.413951416451895e+54 8.394599865193965e+54 8.375292821268861e+54 8.356030182312423e+54 8.336811846196331e+54 8.260379495771817e+54 8.165823713585906e+54 8.090958991783846e+54 8.035261221856194e+54 7.99834255007026e+54 7.96159350417325e+54 7.94328234724279e+54 7.90678627999831e+54 7.888601176185516e+54 7.888601176185516e+54 7.888601176185516e+54 7.888601176185516e+54 7.888601176185516e+54 7.870457896951001e+54 7.870457896951001e+54 7.870457896951001e+54 7.870457896951001e+54 7.870457896951001e+54 7.852356346100775e+54 7.816278045883308e+54 7.798301105232642e+54 7.762471166286928e+54 7.744617978025239e+54 7.709034690644309e+54 7.691304402866145e+54 7.673614893618154e+54 7.673614893618154e+54 7.655966069112569e+54 7.638357835776954e+54 7.620790100254084e+54 7.620790100254084e+54 7.620790100254084e+54 7.603262769401822e+54 7.585775750291883e+54 7.550922276654341e+54 7.533555637337217e+54 7.516228940182015e+54 7.498942093324558e+54 7.498942093324558e+54 7.481695005111584e+54 7.464487584100623e+54 7.447319739059888e+54 7.447319739059888e+54 
# total_gas_kinetic_energy_list
2.1445709002276886e+57 9.912980052080371e+58 1.3322849851728675e+59 9.133815385874862e+58 5.197399464537842e+58 2.7054191217439593e+58 1.3363630082483732e+58 6.377050675573417e+57 2.969595897779758e+57 1.3579650096469761e+57 6.124074434819148e+56 2.7322532212748984e+56 1.209171199100713e+56 5.322920569501428e+55 2.3395800210273604e+55 1.033133066409839e+55 2.960873781193101e+55 4.5256515576987005e+55 5.568912215266891e+55 6.338622067944299e+55 6.944262506878043e+55 7.441711197414392e+55 7.868152534528413e+55 8.242480977320616e+55 8.575945230038269e+55 8.607479684294804e+55 8.638414978861247e+55 8.66876517451649e+55 8.698818441229797e+55 8.728748044550062e+55 8.758657601863304e+55 8.788614354366849e+55 8.818490876664314e+55 8.876180234931516e+55 9.148111203699394e+55 9.628864717510963e+55 1.003687032289419e+56 1.0395519068836095e+56 1.0709810961810971e+56 1.1112771979565312e+56 1.1457910529695316e+56 1.1758130991371618e+56 1.1852923549216123e+56 1.2022806010393385e+56 1.22581254865902e+56 1.2458967687844223e+56 1.2582430759233144e+56 1.2637274289853953e+56 1.2852222783029886e+56 1.307131442807766e+56 1.3429655522493747e+56 1.370805754222178e+56 1.3955243957483406e+56 1.4185610765411248e+56 1.4406490927302097e+56 1.4598313793771664e+56 1.478887344565809e+56 1.4967876497201917e+56 1.5130586896471572e+56 
