# time_axis
5.999999999999999 7.0 7.30102999566398 7.477121254719661 7.602059991327962 7.698970004336018 7.778151250383643 7.845098040014256 7.903089986991943 7.954242509439324 8.0 8.041392685158224 8.079181246047623 8.113943352306837 8.146128035678238 8.176091259055681 8.301029995663981 8.47712125471966 8.60205999132796 8.698970004336019 8.778151250383644 8.845098040014257 8.903089986991942 8.954242509439323 8.999999999999998 9.004321373782641 9.008600171761916 9.012837224705171 9.017033339298779 9.021189299069936 9.02530586526477 9.02938377768521 9.033423755486949 9.041392685158224 9.079181246047623 9.146128035678236 9.204119982655923 9.255272505103305 9.301029995663981 9.361727836017593 9.414973347970816 9.462397997898954 9.477121254719663 9.505149978319904 9.544068044350274 9.57978359661681 9.60205999132796 9.612783856719734 9.653212513775342 9.698970004336017 9.778151250383642 9.845098040014257 9.903089986991944 9.954242509439325 10.0 10.041392685158225 10.079181246047623 10.113943352306835 10.146128035678236 
# total_gas_mass_list
8.563351467391335 10.239146124455734 10.367775734847102 10.203849833940813 9.959038351119933 9.675578469255353 9.369404318669105 9.048324437089919 8.71681701059833 8.377808584286916 8.033539311356726 7.686160818106467 7.338423792537192 6.9947235127338 6.662726102360766 6.355196096568076 6.7498478764015255 6.918987011810381 7.003540860392737 7.05824920694675 7.097754550247783 7.128071679840703 7.152412460568244 7.17259013888045 7.1897183840320364 7.191309102498886 7.192854174527745 7.194364904462852 7.195855265247732 7.197333097280748 7.198803444066155 7.200269582925492 7.201725643752182 7.204524847687101 7.217434812965898 7.23929904370904 7.256892011196633 7.27167308029826 7.284167886281901 7.299638442633769 7.3124458147872 7.323308976880197 7.32667682266439 7.332662271445851 7.340755427776485 7.347580617775843 7.35172811737211 7.353571034128255 7.360668195174225 7.367836641258025 7.379314201416952 7.38806995277683 7.39567421660454 7.402603558341957 7.409099560106421 7.41467854880377 7.420107903377473 7.425149464295864 7.429684622875406 
# ejected_gas_mass_list
-10.0 -10.0 4.265290745689885 5.95750481761617 6.448820780486865 6.69740469512244 6.8390082414518405 6.929219028954585 6.992081256544244 7.0388784535381586 7.075373224714601 7.104753537684659 7.129000107696635 7.14943540266355 7.166973563105789 7.1822578156682 7.237506513789569 7.299662271535158 7.336874119665433 7.363126536369901 7.383154123478765 7.39913209965026 7.412341403298783 7.423547517547854 7.433241268764009 7.434149950125884 7.435033922284401 7.435899547276203 7.436754760659349 7.437604019365148 7.4384501960952925 7.439295161789706 7.44013551512573 7.441754397630303 7.449277543696501 7.4622307343292285 7.472845620334836 7.481895255252002 7.489637958595717 7.499341567002226 7.507471834828353 7.514436275909516 7.5166080945029075 7.520482658922694 7.525751478548005 7.530221389658438 7.532949464178922 7.534164526303588 7.538860164713227 7.543629254290414 7.551319804887888 7.557231524596616 7.562397090906044 7.567129367240376 7.571587381577057 7.575432733092933 7.579189651065878 7.582691154547778 7.585851533727034 
# stellar_mass_list
-10.0 6.527139294736891 8.206300341603121 8.43835729837187 8.435490324629527 8.380154498075903 8.317753574605735 8.263282259954241 8.220136668986951 8.1871155550038 8.161795240534783 8.14194075184513 8.125885896353273 8.112495263448297 8.101021868899238 8.09097517716499 8.053519596839084 8.00826135096694 7.979368270683362 7.958265906671459 7.941708028162842 7.928122889072024 7.916626688421076 7.906666069184014 7.897891303695546 7.8970594055602685 7.896250803802025 7.895459215670876 7.894676307427754 7.89389676604999 7.893117755478327 7.89233757638047 7.8915597331327465 7.890061336045253 7.883019895542294 7.870684289776765 7.860219298586589 7.851024505022797 7.842967754916561 7.83248600665511 7.82333482239256 7.815282087964846 7.8127101415095 7.808080572989863 7.801478465578032 7.7956263406217055 7.791907433708146 7.790231504272448 7.783437680896639 7.776182096026941 7.763327891263467 7.752665853415943 7.743352995146877 7.73479621862498 7.726695948029196 7.719758015187676 7.712827226334251 7.7065708216309154 7.700856409863395 
# remnant_mass_list
-10.0 -10.0 5.5774340767487045 7.263928788452267 7.660404904516037 7.833301360367926 7.921046631730036 7.969032503431805 7.996825027939584 8.013930877190198 8.025189246727145 8.033123101733784 8.039074563338566 8.043784057822789 8.047668720623799 8.050970852506934 8.062608322861973 8.075477257622294 8.083043747389835 8.08827305848027 8.092209533191356 8.095334045585785 8.097906356838505 8.10008351370578 8.101962636484544 8.102139152424066 8.102310094930086 8.10247695952447 8.102641695218898 8.102805567901552 8.102969234269276 8.103133098537237 8.103296328373217 8.103609222362229 8.105065610483138 8.107564361950194 8.109631033817935 8.11141038808241 8.112938638910883 8.114885207316556 8.116550184792077 8.117987718327612 8.118443596205736 8.11925219497333 8.120396394924764 8.12139296310841 8.122021832552115 8.122300865369642 8.123434713527914 8.124618231152528 8.126679720904848 8.128344181755931 8.1297700989567 8.131064128639052 8.132278009559618 8.13329256475494 8.13430464434839 8.135202825067877 8.13601080046915 
# BH_mass_list
-10.0 -10.0 5.433554839902795 7.118416179848883 7.4833292271249086 7.626248482539204 7.6905512328232515 7.720605164862337 7.734721103163529 7.7413021704153495 7.744335955058623 7.745712639364898 7.746318506262408 7.746577207236202 7.74668241775804 7.746717971180113 7.74672446094418 7.74672446094418 7.74672446094418 7.74672446094418 7.74672446094418 7.74672446094418 7.74672446094418 7.74672446094418 7.74672446094418 7.74672446094418 7.74672446094418 7.74672446094418 7.74672446094418 7.74672446094418 7.74672446094418 7.74672446094418 7.74672446094418 7.74672446094418 7.74672446094418 7.74672446094418 7.74672446094418 7.74672446094418 7.74672446094418 7.74672446094418 7.74672446094418 7.74672446094418 7.74672446094418 7.74672446094418 7.74672446094418 7.74672446094418 7.74672446094418 7.74672446094418 7.74672446094418 7.74672446094418 7.74672446094418 7.74672446094418 7.74672446094418 7.74672446094418 7.74672446094418 7.74672446094418 7.74672446094418 7.74672446094418 7.74672446094418 
# NS_mass_list
-10.0 -10.0 5.027692557343294 6.718318350106676 7.185245817487455 7.412157639061952 7.534889241527984 7.600014967848375 7.6325687977043275 7.648442824011548 7.656030433782323 7.659589967263778 7.661227927614275 7.661967455358959 7.662295041819111 7.662436685609124 7.662523267426236 7.662523267426236 7.662523267426236 7.662523267426236 7.662523267426236 7.662523267426236 7.662523267426236 7.662523267426236 7.662523267426236 7.662523267426236 7.662523267426236 7.662523267426236 7.662523267426236 7.662523267426236 7.662523267426236 7.662523267426236 7.662523267426236 7.662523267426236 7.662523267426236 7.662523267426236 7.662523267426236 7.662523267426236 7.662523267426236 7.662523267426236 7.662523267426236 7.662523267426236 7.662523267426236 7.662523267426236 7.662523267426236 7.662523267426236 7.662523267426236 7.662523267426236 7.662523267426236 7.662523267426236 7.662523267426236 7.662523267426236 7.662523267426236 7.662523267426236 7.662523267426236 7.662523267426236 7.662523267426236 7.662523267426236 7.662523267426236 
# WD_mass_list
-10.0 -10.0 -10.0 -10.0 -10.0 3.0657048486680374 4.838504293473993 5.876068407117565 6.316060072280396 6.56015915928392 6.713752268838315 6.8180843534736235 6.893024982931721 6.949308491865611 6.993169815621814 7.028416226163723 7.13736185283499 7.235380504036105 7.285225232779695 7.3170574544027005 7.339801674771168 7.357181068733881 7.371074138980798 7.3825571770075795 7.39227465565545 7.393178530198001 7.394052424971685 7.394904110738672 7.395743615396847 7.396577430213121 7.397408913663457 7.398240123829391 7.399066848140049 7.400648068168762 7.407947879933029 7.4202484703032106 7.43021691512084 7.438656862045218 7.445804030696552 7.454775927200831 7.462336671329545 7.468783160122465 7.470812085981763 7.474392863420736 7.4794211142167475 7.483764288737632 7.486487875002915 7.487692152269206 7.492559526064259 7.497595937150535 7.506263433572739 7.513166881795959 7.519015552155587 7.524272273413312 7.529160245801824 7.53321413893632 7.5372301019402554 7.54077101918408 7.543938029861082 
