# time_axis
1000000 10000000 20000000 30000000 40000000 50000000 60000000 70000000 80000000 90000000 100000000 110000000 120000000 130000000 140000000 150000000 200000000 300000000 400000000 500000000 600000000 700000000 800000000 900000000 1000000000 1010000000 1020000000 1030000000 1040000000 1050000000 1060000000 1070000000 1080000000 1100000000 1200000000 1400000000 1600000000 1800000000 2000000000 2300000000 2600000000 2900000000 3000000000 3200000000 3500000000 3800000000 4000000000 4100000000 4500000000 5000000000 6000000000 7000000000 8000000000 9000000000 10000000000 11000000000 12000000000 13000000000 14000000000 
# SNIa_energy_release_list
0 0.0 0.0 0.0 0.0 0.0 1.0622961743869639e+55 2.9903740943722145e+55 5.205286316267886e+55 7.432367799309033e+55 9.550527275281993e+55 1.1515050744051733e+56 1.3317909500960833e+56 1.496750281085452e+56 1.6478517286208035e+56 1.7867040634041556e+56 2.3447450266339344e+56 3.083689560613701e+56 3.5866817068307323e+56 3.968885529956245e+56 4.277325569935144e+56 4.535911208656297e+56 4.758569945122344e+56 4.954080797037787e+56 5.128361926492679e+56 5.144793931718055e+56 5.161060781227638e+56 5.177162979365007e+56 5.1931074464513e+56 5.208893695910438e+56 5.224523389557581e+56 5.240002829221909e+56 5.255334492168839e+56 5.2855700078873e+56 5.428756890918149e+56 5.681722727239557e+56 5.900215246916971e+56 6.092516641584499e+56 6.264251572590831e+56 6.491685228786684e+56 6.690877379105487e+56 6.868072807688449e+56 6.92307792005209e+56 7.027656481227692e+56 7.172803265132904e+56 7.305929430015707e+56 7.38891851291299e+56 7.428859952751713e+56 7.579404097190825e+56 7.749641503866491e+56 8.044049593792373e+56 8.292764679896161e+56 8.508089089056534e+56 8.697974682160327e+56 8.867713426478764e+56 9.02126044129091e+56 9.161402441761434e+56 9.290293155493906e+56 9.409607578502021e+56 
# SNII_energy_release_list
0 0.0 2.705363097747237e+55 6.671353265111196e+55 1.025731478153153e+56 1.3166436566980248e+56 1.5068241234801227e+56 1.617138530697192e+56 1.6811299583925285e+56 1.7182528880412526e+56 1.7397909622041527e+56 1.752288896595302e+56 1.7595418080512224e+56 1.7637507588051773e+56 1.7661930691818612e+56 1.7676124618406415e+56 1.7689834431881427e+56 1.7689834431881427e+56 1.7689834431881427e+56 1.7689834431881427e+56 1.7689834431881427e+56 1.7689834431881427e+56 1.7689834431881427e+56 1.7689834431881427e+56 1.7689834431881427e+56 1.7689834431881427e+56 1.7689834431881427e+56 1.7689834431881427e+56 1.7689834431881427e+56 1.7689834431881427e+56 1.7689834431881427e+56 1.7689834431881427e+56 1.7689834431881427e+56 1.7689834431881427e+56 1.7689834431881427e+56 1.7689834431881427e+56 1.7689834431881427e+56 1.7689834431881427e+56 1.7689834431881427e+56 1.7689834431881427e+56 1.7689834431881427e+56 1.7689834431881427e+56 1.7689834431881427e+56 1.7689834431881427e+56 1.7689834431881427e+56 1.7689834431881427e+56 1.7689834431881427e+56 1.7689834431881427e+56 1.7689834431881427e+56 1.7689834431881427e+56 1.7689834431881427e+56 1.7689834431881427e+56 1.7689834431881427e+56 1.7689834431881427e+56 1.7689834431881427e+56 1.7689834431881427e+56 1.7689834431881427e+56 1.7689834431881427e+56 1.7689834431881427e+56 
# SN_energy_per_current_crossing_time_list
0.0 0.0 2.260876267507191e+55 3.35081025477191e+55 3.1184613567462135e+55 2.6049771567636206e+55 1.7846487216700276e+55 1.104892644363654e+55 6.925817686089804e+54 4.426529787653695e+54 2.9089069425142688e+54 1.9829400807804406e+54 1.4129695089390928e+54 1.057354310381967e+54 8.31240929239647e+53 6.840410963026675e+53 4.729825943479706e+53 3.0390499839667682e+53 2.1142827394887195e+53 1.6328029513619585e+53 1.3347084335384534e+53 1.1308747314645864e+53 9.825481272125937e+52 8.694909912571431e+52 7.804352607760056e+52 7.362989009962207e+52 7.293559888727665e+52 7.224228629841683e+52 7.157894482797727e+52 7.091247454317632e+52 7.025262944904546e+52 6.962006001587891e+52 6.899668378089371e+52 6.811283014654831e+52 6.487001597944155e+52 5.78594818815664e+52 5.038436023627444e+52 4.466023675161485e+52 4.0131288053781075e+52 3.57143607890418e+52 3.149371778613006e+52 2.818289185170105e+52 2.6295501544602857e+52 2.508099863494396e+52 2.3315628785835022e+52 2.1471910923691326e+52 2.0128275247268685e+52 1.9396839681233234e+52 1.8358571264612074e+52 1.6685165348045806e+52 1.4539815416695474e+52 1.2358976458280847e+52 1.0757520656893764e+52 9.533626854324218e+51 8.562056136357013e+51 7.77659469955883e+51 7.125951056887798e+51 6.577918049284971e+51 6.109554354898244e+51 
# SN_energy_per_final_crossing_time_list
0.0 0.0 3.6941190017009846e+55 5.4154799590555e+55 4.8965584650014674e+55 3.9723473994441525e+55 2.6512715003081037e+55 1.6050492742626737e+55 9.872057809549824e+54 6.209449668593097e+54 4.025594882217288e+54 2.7125118624455076e+54 1.9135332901295785e+54 1.4194062326134124e+54 1.1072150542448658e+54 9.048155024115918e+53 6.089362499264659e+53 3.783802227579179e+53 2.5755962941637455e+53 1.9570936800125095e+53 1.579382560773809e+53 1.3241006203043042e+53 1.1401351309721624e+53 1.0011230383007666e+53 8.924151888705751e+52 8.414089977837255e+52 8.32952117238791e+52 8.245210618578034e+52 8.164443649611658e+52 8.083427526952138e+52 8.003262345000414e+52 7.926324046016125e+52 7.850654243105734e+52 7.741123079384886e+52 7.331955540076878e+52 6.476620713460603e+52 5.594009053779895e+52 4.923444264420822e+52 4.396886265571265e+52 3.881951149547396e+52 3.399911032714512e+52 3.024460008196033e+52 2.8165641278765287e+52 2.6774986114459074e+52 2.4774377462793995e+52 2.272263821659674e+52 2.1247486265328252e+52 2.0452212863736556e+52 1.9271719421545305e+52 1.7434182106402438e+52 1.5075312628395342e+52 1.2735579648496645e+52 1.1025793433306614e+52 9.723186208600818e+51 8.691556799257697e+51 7.862451239137663e+51 7.176040814618166e+51 6.599913082901978e+51 6.109554354898244e+51 
# total_energy_release_list
0 0 2.705363097747237e+55 6.671353265111196e+55 1.025731478153153e+56 1.3166436566980248e+56 1.613053740918819e+56 1.9161759401344134e+56 2.2016585900193173e+56 2.461489667972156e+56 2.694843689732352e+56 2.9037939710004754e+56 3.091332758147306e+56 3.2605010398906293e+56 3.4140447978026645e+56 3.554316525244797e+56 4.113728469822077e+56 4.852673003801844e+56 5.355665150018875e+56 5.737868973144388e+56 6.046309013123286e+56 6.3048946518444395e+56 6.527553388310486e+56 6.72306424022593e+56 6.897345369680821e+56 6.913777374906197e+56 6.93004422441578e+56 6.9461464225531495e+56 6.9620908896394425e+56 6.9778771390985805e+56 6.993506832745724e+56 7.008986272410051e+56 7.024317935356981e+56 7.054553451075442e+56 7.197740334106292e+56 7.450706170427699e+56 7.669198690105113e+56 7.861500084772643e+56 8.033235015778974e+56 8.260668671974827e+56 8.45986082229363e+56 8.637056250876592e+56 8.692061363240234e+56 8.796639924415835e+56 8.941786708321047e+56 9.07491287320385e+56 9.157901956101133e+56 9.197843395939856e+56 9.348387540378968e+56 9.518624947054635e+56 9.813033036980515e+56 1.0061748123084304e+57 1.0277072532244676e+57 1.046695812534847e+57 1.0636696869666906e+57 1.0790243884479052e+57 1.0930385884949576e+57 1.1059276598682048e+57 1.1178591021690164e+57 
# binding_energy_list
3.3419504002611496e+54 3.3419504002611496e+54 3.334264127632374e+54 3.311311214825935e+54 3.288516308759853e+54 3.26587832172338e+54 3.243396173493513e+54 3.228494121712638e+54 3.221068791283454e+54 3.2062693245054675e+54 3.191537855100745e+54 3.1841975217261257e+54 3.1768740706497886e+54 3.1695674630434736e+54 3.162277660168379e+54 3.155004623374643e+54 3.1260793671239366e+54 3.090295432513605e+54 3.0690219883911704e+54 3.0478949896279954e+54 3.0338911841942658e+54 3.0199517204019945e+54 3.0060763026282413e+54 2.9991625189876288e+54 2.992264636608183e+54 2.992264636608183e+54 2.992264636608183e+54 2.9853826189179692e+54 2.9853826189179692e+54 2.9853826189179692e+54 2.9853826189179692e+54 2.9853826189179692e+54 2.9853826189179692e+54 2.9853826189179692e+54 2.9785164294291667e+54 2.9648313895243513e+54 2.951209226666378e+54 2.9444216337987694e+54 2.9376496519615545e+54 2.9241523778433426e+54 2.9174270140011897e+54 2.9107171180665963e+54 2.904022654464457e+54 2.904022654464457e+54 2.897343587701345e+54 2.8906798823654658e+54 2.8906798823654658e+54 2.8840315031266116e+54 2.8840315031266116e+54 2.87739841473569e+54 2.8641779699065856e+54 2.857590543374967e+54 2.851018267503898e+54 2.84446110744792e+54 2.8379190284415756e+54 2.8379190284415756e+54 2.831391995799367e+54 2.8248799749157104e+54 2.8248799749157104e+54 
# total_gas_kinetic_energy_list
2.144472615220798e+59 2.1400769946782285e+59 1.2412678841739852e+59 7.199747636395183e+58 4.1762494008191e+58 2.4225706672632254e+58 1.4053901258936309e+58 8.153871158455733e+57 4.731538796475564e+57 2.7463177903362017e+57 1.59465703393055e+57 9.26495376921294e+56 5.387945582102179e+56 3.1378854224696385e+56 1.8316762946961145e+56 1.0730783131400074e+56 1.1159313803726519e+56 1.1731413664787521e+56 1.2120046043405977e+56 1.2408659623261176e+56 1.2636818800343892e+56 1.282499594506055e+56 1.298695808148967e+56 1.312900373395064e+56 1.3256170407223888e+56 1.3267959572453878e+56 1.32796305102623e+56 1.329121101373351e+56 1.3302750258530318e+56 1.3314279071151215e+56 1.332582552060381e+56 1.3337320851738203e+56 1.334850573771573e+56 1.3370156019441067e+56 1.3473962389469034e+56 1.3657187269958636e+56 1.3813228026136824e+56 1.3950138318889587e+56 1.4070182260277689e+56 1.4224537470975642e+56 1.435673049866339e+56 1.4471667995527407e+56 1.4508355054418642e+56 1.4572973963753048e+56 1.466295202800572e+56 1.474019453691936e+56 1.478726130603355e+56 1.4808349792746365e+56 1.489069424719894e+56 1.4974945444404046e+56 1.511254751240304e+56 1.5219587348992611e+56 1.5314640346907867e+56 1.5403247802122228e+56 1.5488320910846344e+56 1.5562031233431993e+56 1.5635432599648004e+56 1.5704159880935998e+56 1.5766782856942806e+56 
