# time_axis
5.999999999999999 7.0 7.30102999566398 7.477121254719661 7.602059991327962 7.698970004336018 7.778151250383643 7.845098040014256 7.903089986991943 7.954242509439324 8.0 8.041392685158224 8.079181246047623 8.113943352306837 8.146128035678238 8.176091259055681 8.301029995663981 8.47712125471966 8.60205999132796 8.698970004336019 8.778151250383644 8.845098040014257 8.903089986991942 8.954242509439323 8.999999999999998 9.004321373782641 9.008600171761916 9.012837224705171 9.017033339298779 9.021189299069936 9.02530586526477 9.02938377768521 9.033423755486949 9.041392685158224 9.079181246047623 9.146128035678236 9.204119982655923 9.255272505103305 9.301029995663981 9.361727836017593 9.414973347970816 9.462397997898954 9.477121254719663 9.505149978319904 9.544068044350274 9.57978359661681 9.60205999132796 9.612783856719734 9.653212513775342 9.698970004336017 9.778151250383642 9.845098040014257 9.903089986991944 9.954242509439325 10.0 10.041392685158225 10.079181246047623 10.113943352306835 10.146128035678236 
# total_gas_mass_list
10.574443517209682 10.573552413767027 10.336989029445851 10.100444142648733 9.863919561626755 9.62741674008436 9.390945384390822 9.154522271177191 8.918172387691822 8.681933593679132 8.445863699633025 8.210053359564656 7.974645514580803 7.739867199352392 7.506077459773492 7.2738427653589435 7.290663822912288 7.311827204505703 7.325676197846432 7.335975516953554 7.344117496395407 7.350792329023542 7.3564362006524355 7.361298723244379 7.3655832588013235 7.365979686078214 7.366369557735117 7.3667559916052525 7.367140342584633 7.367523584705954 7.367906667519129 7.368287526355959 7.368658009844051 7.3693741834805975 7.3727801236751205 7.378703613743804 7.38364852416402 7.387907454154116 7.391591755298753 7.396270288765589 7.400232624985786 7.40365491521432 7.404744838057797 7.406649000728676 7.409270289011049 7.411521460253424 7.41288895996519 7.413504177889585 7.4158819571634185 7.418317634208824 7.422267503408489 7.425329351496996 7.428021768462651 7.430502639320397 7.432854942857102 7.434889731831153 7.4368894059062605 7.438755833612987 7.440449641882192 
# ejected_gas_mass_list
-10.0 -10.0 5.634814262896596 6.085737794392444 6.304592624523054 6.430066786214256 6.513486373269625 6.574179102768991 6.620634982531109 6.657392390548271 6.687180439817386 6.711833568824514 6.7326213371338 6.750451343633292 6.765969928324904 6.779649388790707 6.830116282664751 6.888619195516679 6.924392549814909 6.949886815654857 6.969434070152235 6.9850877040170305 6.998077303376665 7.00909607106583 7.018677950113649 7.019558647370472 7.020423824424206 7.0212804396136494 7.022131519103263 7.022979233907656 7.02382569164017 7.024666341342001 7.025483237370702 7.027059986592389 7.034516260046821 7.047321516473114 7.057858976589234 7.066827670239476 7.0745089232534015 7.084162718873927 7.092253489757864 7.099180409850956 7.101374819321915 7.105195272381811 7.1104271940221215 7.114895486956494 7.117598728320688 7.118812173032785 7.123486442475554 7.128249108370169 7.135918962432343 7.141819753909952 7.1469769975207305 7.151703334066797 7.15616233886284 7.160002137564686 7.163760222865803 7.16725424555901 7.1704138466700575 
# stellar_mass_list
-10.0 7.896662811943601 8.032370359613292 7.987255273950486 7.931970305903382 7.8812302557839455 7.8380175729413395 7.802335242030401 7.773195314318544 7.74938155729265 7.729754918302234 7.713366040964787 7.699470823540577 7.687502781894889 7.677039503057677 7.667764691088343 7.632469259607156 7.589445195479621 7.561539063747898 7.540985184592076 7.524771761829363 7.511430698248197 7.500100130539464 7.4902892187103 7.481598471414229 7.4807935477884895 7.480002581774892 7.479218330308225 7.478436817518736 7.477656084977638 7.476874439902986 7.476096382995949 7.475340598876722 7.473880243430862 7.466904336246507 7.454679373605095 7.44425853930665 7.43515114010246 7.427149148539721 7.4167036092428855 7.407587562995502 7.399569465154365 7.396994329197801 7.392401316120977 7.385830138027127 7.3799727891884315 7.376284847580809 7.374608016832995 7.367837063574699 7.360579372375077 7.347745564007566 7.337100695659427 7.327804278665157 7.319262832868588 7.311157215111881 7.304235043580158 7.297300422631063 7.291058926265524 7.285342814403478 
# remnant_mass_list
-10.0 -10.0 6.946957593955415 7.28548002727007 7.427211313119571 7.502407446775677 7.54666733387251 7.574462977656135 7.592846472054102 7.605570419339056 7.614761547675805 7.62167513053859 7.627070806075081 7.631424166592979 7.635040922458897 7.638121410957579 7.648869510234799 7.660976524672153 7.668237023634645 7.67330628610465 7.677146540351233 7.680205383898597 7.682734187215645 7.684873360263856 7.686731192401807 7.686901254326459 7.687067957267986 7.687232985783786 7.687397306628009 7.687561356311639 7.687725549308979 7.6878888087495385 7.68804680525312 7.6883507033703555 7.689791262551099 7.692264012072638 7.694320172860114 7.696080015350019 7.697596258458544 7.699534868488088 7.7011923194150596 7.702622594256434 7.703078982340911 7.703880224564333 7.705018202442969 7.706015682195318 7.706638514857066 7.70691772245993 7.708047079288312 7.709230898465717 7.711288403906989 7.712949594613371 7.714372436923323 7.715663643628205 7.716878255814461 7.7178900536544255 7.71890263517462 7.71979823433056 7.7206063837935295 
# BH_mass_list
-10.0 -10.0 6.803078357109506 7.103663029602497 7.214154502372778 7.267345931868984 7.295456002570703 7.310965652151022 7.3197158213936895 7.324712997069376 7.327586693584191 7.329246036386056 7.330201174665185 7.33074677021903 7.331056508350353 7.331230547320694 7.331326740698134 7.331326740698134 7.331326740698134 7.331326740698134 7.331326740698134 7.331326740698134 7.331326740698134 7.331326740698134 7.331326740698134 7.331326740698134 7.331326740698134 7.331326740698134 7.331326740698134 7.331326740698134 7.331326740698134 7.331326740698134 7.331326740698134 7.331326740698134 7.331326740698134 7.331326740698134 7.331326740698134 7.331326740698134 7.331326740698134 7.331326740698134 7.331326740698134 7.331326740698134 7.331326740698134 7.331326740698134 7.331326740698134 7.331326740698134 7.331326740698134 7.331326740698134 7.331326740698134 7.331326740698134 7.331326740698134 7.331326740698134 7.331326740698134 7.331326740698134 7.331326740698134 7.331326740698134 7.331326740698134 7.331326740698134 7.331326740698134 
# NS_mass_list
-10.0 -10.0 6.397216074550004 6.81958864323537 7.015740388477046 7.122671108188518 7.179402348246579 7.209204466329649 7.225599015837689 7.234833761760482 7.2401029801229 7.243131533069011 7.244877605731328 7.245884127515397 7.246463391632094 7.246796127162454 7.247108573720561 7.247108573720561 7.247108573720561 7.247108573720561 7.247108573720561 7.247108573720561 7.247108573720561 7.247108573720561 7.247108573720561 7.247108573720561 7.247108573720561 7.247108573720561 7.247108573720561 7.247108573720561 7.247108573720561 7.247108573720561 7.247108573720561 7.247108573720561 7.247108573720561 7.247108573720561 7.247108573720561 7.247108573720561 7.247108573720561 7.247108573720561 7.247108573720561 7.247108573720561 7.247108573720561 7.247108573720561 7.247108573720561 7.247108573720561 7.247108573720561 7.247108573720561 7.247108573720561 7.247108573720561 7.247108573720561 7.247108573720561 7.247108573720561 7.247108573720561 7.247108573720561 7.247108573720561 7.247108573720561 7.247108573720561 7.247108573720561 
# WD_mass_list
-10.0 -10.0 -10.0 -10.0 -10.0 4.435228365874747 5.544514155868962 5.947456923457845 6.167268711845365 6.307751662659299 6.405492353527658 6.477372602820425 6.532422458892582 6.575948736893723 6.611267408836139 6.640560617671409 6.735791141006657 6.826196930266708 6.873564628209309 6.904235668118975 6.926328872349874 6.943287792640829 6.956910656675747 6.968169605320156 6.9777599775384855 6.978629395397589 6.979480284501293 6.980321308915912 6.981157428451288 6.981990880292267 6.982823776129672 6.983650667002795 6.984449700599954 6.985983293361435 6.993194507580776 7.005354123285732 7.015263161605408 7.0236044608892785 7.0306913311614085 7.039622164384802 7.047145583084811 7.053557262297907 7.05558780522935 7.059134966219047 7.064134689079682 7.068480907180099 7.071177829569457 7.072382657379436 7.077230015590654 7.082267033969244 7.090916752560798 7.097806016422692 7.10364168825384 7.1088867080931655 7.113777445593971 7.117820202324962 7.12183807115525 7.125368761055359 7.128536435198443 
