# time_axis
1000000 10000000 20000000 30000000 40000000 50000000 60000000 70000000 80000000 90000000 100000000 110000000 120000000 130000000 140000000 150000000 200000000 300000000 400000000 500000000 600000000 700000000 800000000 900000000 1000000000 1010000000 1020000000 1030000000 1040000000 1050000000 1060000000 1070000000 1080000000 1100000000 1200000000 1400000000 1600000000 1800000000 2000000000 2300000000 2600000000 2900000000 3000000000 3200000000 3500000000 3800000000 4000000000 4100000000 4500000000 5000000000 6000000000 7000000000 8000000000 9000000000 10000000000 11000000000 12000000000 13000000000 14000000000 
# SNIa_energy_release_list
0 0.0 0.0 0.0 0.0 0.0 5.8369054627486956e+54 2.695857900495685e+55 4.893140147503656e+55 6.874505233033021e+55 8.618220896668039e+55 1.0159036609247475e+56 1.153481934417542e+56 1.277640015925874e+56 1.3907443710270122e+56 1.4946054141746494e+56 1.9154515544727007e+56 2.4844598747863525e+56 2.876785585897246e+56 3.176583888178503e+56 3.4193058597425994e+56 3.623206957811978e+56 3.7990448173016445e+56 3.953606708783038e+56 4.091498149439792e+56 4.104500009075458e+56 4.117382223104753e+56 4.130129117503743e+56 4.142751011220681e+56 4.155251356845259e+56 4.16762571448388e+56 4.17988074426592e+56 4.192021746029979e+56 4.215966763081969e+56 4.329399003422362e+56 4.529911903497296e+56 4.703209372592052e+56 4.855812378544059e+56 4.992152583046633e+56 5.172774874000867e+56 5.331020917989188e+56 5.471830439050778e+56 5.515569472080742e+56 5.598671504024946e+56 5.714054312741602e+56 5.81990425999139e+56 5.8858932824671605e+56 5.917653228747336e+56 6.0373723590570285e+56 6.172778094209688e+56 6.406976134657993e+56 6.604870860230538e+56 6.776205285513296e+56 6.927335387212318e+56 7.0624088908368235e+56 7.184611309191996e+56 7.296157386081072e+56 7.398752585591576e+56 7.493726994075454e+56 
# SNII_energy_release_list
0 0.0 5.726167067738426e+54 3.0144448599251013e+55 6.589099525610598e+55 1.0227314972928247e+56 1.294415972518802e+56 1.3705039277514111e+56 1.3918159202578743e+56 1.3977882684748716e+56 1.3994639648615467e+56 1.3999469927143918e+56 1.4000912396768573e+56 1.400146142338481e+56 1.4001734900296662e+56 1.4001885236176397e+56 1.4002178034414052e+56 1.4002178034414052e+56 1.4002178034414052e+56 1.4002178034414052e+56 1.4002178034414052e+56 1.4002178034414052e+56 1.4002178034414052e+56 1.4002178034414052e+56 1.4002178034414052e+56 1.4002178034414052e+56 1.4002178034414052e+56 1.4002178034414052e+56 1.4002178034414052e+56 1.4002178034414052e+56 1.4002178034414052e+56 1.4002178034414052e+56 1.4002178034414052e+56 1.4002178034414052e+56 1.4002178034414052e+56 1.4002178034414052e+56 1.4002178034414052e+56 1.4002178034414052e+56 1.4002178034414052e+56 1.4002178034414052e+56 1.4002178034414052e+56 1.4002178034414052e+56 1.4002178034414052e+56 1.4002178034414052e+56 1.4002178034414052e+56 1.4002178034414052e+56 1.4002178034414052e+56 1.4002178034414052e+56 1.4002178034414052e+56 1.4002178034414052e+56 1.4002178034414052e+56 1.4002178034414052e+56 1.4002178034414052e+56 1.4002178034414052e+56 1.4002178034414052e+56 1.4002178034414052e+56 1.4002178034414052e+56 1.4002178034414052e+56 1.4002178034414052e+56 
# SN_energy_per_current_crossing_time_list
0.0 0.0 1.414683112954822e+55 5.557007574493573e+55 8.024508817895361e+55 8.176210443378003e+55 6.180710985215084e+55 1.9046123053579377e+55 6.729085103983352e+54 3.064094877027661e+54 1.8849968177170048e+54 1.4416349143741768e+54 1.225017933377914e+54 1.0913793712775727e+54 9.917417677330335e+53 9.107680655831498e+53 7.4524792422515816e+53 5.120796343158377e+53 3.581783953817439e+53 2.770537895753502e+53 2.2671124116632554e+53 1.9227010375515603e+53 1.6724847924447694e+53 1.4818318926598326e+53 1.3318521958533808e+53 1.2566866214621147e+53 1.2459762333218431e+53 1.233734829385246e+53 1.222480495368498e+53 1.2115505267692368e+53 1.2001802468625553e+53 1.1894428010721164e+53 1.1791853112622786e+53 1.164341049553851e+53 1.1103042158903677e+53 9.931324465129531e+52 8.676336090416065e+52 7.715856933254625e+52 6.955957980770387e+52 6.219065362588686e+52 5.509398619016103e+52 4.952039952524997e+52 4.6300080364177434e+52 4.424728658979358e+52 4.131272691182949e+52 3.819544672727396e+52 3.5892678982126056e+52 3.4626997756742915e+52 3.292808578009465e+52 3.0085520168770326e+52 2.647067470912809e+52 2.2690205004430524e+52 1.989535127917038e+52 1.7756813403809946e+52 1.6050369841963035e+52 1.46623829678441e+52 1.351526650811751e+52 1.254184270456128e+52 1.1705651485743413e+52 
# SN_energy_per_final_crossing_time_list
0.0 0.0 1.8820091886251645e+55 8.025513344110849e+55 1.1748754179537044e+56 1.195765827481198e+56 9.001345731402631e+55 2.7610952126132473e+55 9.712738073814404e+54 4.4049651865505505e+54 2.6998879344764186e+54 2.0578203014286046e+54 1.7430696744073337e+54 1.548300388864746e+54 1.4030061199894216e+54 1.2850345041557864e+54 1.0393153363951878e+54 7.0130608828276875e+53 4.835437373574275e+53 3.695031639094253e+53 2.991562519227619e+53 2.513092979110959e+53 2.1672119195504565e+53 1.9049843674105162e+53 1.6995200843698824e+53 1.6024868171460668e+53 1.5877404260672702e+53 1.5710622023565838e+53 1.5556557950619945e+53 1.5406749214709503e+53 1.5251468283925597e+53 1.5104396001614645e+53 1.4963855801428923e+53 1.4756186898407827e+53 1.398059007545291e+53 1.2356666201671112e+53 1.0679507295530771e+53 9.404204942504153e+52 8.402005039457657e+52 7.420601058812978e+52 6.501305876306441e+52 5.784951987710736e+52 5.390861445155617e+52 5.121187060939105e+52 4.740332923518089e+52 4.348689336667152e+52 4.066592839677437e+52 3.9144319853776415e+52 3.6888632368251914e+52 3.337767236817163e+52 2.8865045688568215e+52 2.4390640862083035e+52 2.1117068291196887e+52 1.8626873572936996e+52 1.664788845360555e+52 1.5061519653723078e+52 1.3748119325082094e+52 1.2644918444363158e+52 1.1705651485743413e+52 
# total_energy_release_list
0 0 5.726167067738426e+54 3.0144448599251013e+55 6.589099525610598e+55 1.0227314972928247e+56 1.352785027146289e+56 1.6400897178009797e+56 1.88112993500824e+56 2.085238791778174e+56 2.2612860545283505e+56 2.4158506536391396e+56 2.553573174094399e+56 2.6777861582643552e+56 2.7909178610566784e+56 2.894793937792289e+56 3.315669357914106e+56 3.8846776782277575e+56 4.2770033893386515e+56 4.576801691619908e+56 4.819523663184005e+56 5.023424761253383e+56 5.19926262074305e+56 5.353824512224443e+56 5.491715952881197e+56 5.504717812516863e+56 5.517600026546158e+56 5.530346920945149e+56 5.542968814662086e+56 5.5554691602866645e+56 5.567843517925286e+56 5.580098547707325e+56 5.5922395494713846e+56 5.616184566523374e+56 5.729616806863767e+56 5.930129706938701e+56 6.103427176033458e+56 6.256030181985465e+56 6.392370386488038e+56 6.572992677442272e+56 6.731238721430594e+56 6.872048242492184e+56 6.915787275522147e+56 6.998889307466352e+56 7.114272116183007e+56 7.220122063432796e+56 7.286111085908566e+56 7.317871032188741e+56 7.437590162498434e+56 7.572995897651093e+56 7.807193938099399e+56 8.005088663671943e+56 8.176423088954701e+56 8.327553190653722e+56 8.462626694278228e+56 8.584829112633401e+56 8.696375189522478e+56 8.798970389032981e+56 8.893944797516859e+56 
# binding_energy_list
8.669618757582214e+54 8.669618757582214e+54 8.669618757582214e+54 8.669618757582214e+54 8.649679187756885e+54 8.649679187756885e+54 8.629785477669702e+54 8.629785477669702e+54 8.609937521846052e+54 8.609937521846052e+54 8.590135215053907e+54 8.590135215053907e+54 8.590135215053907e+54 8.570378452303692e+54 8.570378452303692e+54 8.570378452303692e+54 8.531001140175843e+54 8.472274141405911e+54 8.433347577642791e+54 8.394599865193965e+54 8.356030182312423e+54 8.336811846196331e+54 8.298507675144166e+54 8.279421637123327e+54 8.260379495771817e+54 8.241381150129963e+54 8.241381150129963e+54 8.241381150129963e+54 8.241381150129963e+54 8.241381150129963e+54 8.241381150129963e+54 8.241381150129963e+54 8.241381150129963e+54 8.222426499470695e+54 8.20351544329821e+54 8.165823713585906e+54 8.128305161640929e+54 8.090958991783846e+54 8.053784411990643e+54 8.016780633876855e+54 7.979946872679785e+54 7.94328234724279e+54 7.925013304804734e+54 7.90678627999831e+54 7.888601176185516e+54 7.852356346100775e+54 7.834296427662088e+54 7.834296427662088e+54 7.798301105232642e+54 7.780365510398008e+54 7.709034690644309e+54 7.673614893618154e+54 7.638357835776954e+54 7.603262769401822e+54 7.568328950209705e+54 7.533555637337217e+54 7.498942093324558e+54 7.464487584100623e+54 7.447319739059888e+54 
# total_gas_kinetic_energy_list
1.5237098334911527e+59 4.2678146838316735e+59 1.1952087577337471e+59 3.3468491510862733e+58 9.375650186966763e+57 2.6300104931874776e+57 7.412706810826612e+56 2.125080791571817e+56 6.449151299541118e+55 2.302883272436348e+55 1.12887844336057e+55 7.824974020376431e+54 6.678186920637423e+54 6.193521986274416e+54 5.908068901982878e+54 5.686970286670689e+54 2.409293380734274e+55 5.498080629516295e+55 8.060086174216923e+55 1.0239077749294257e+56 1.2150227941490286e+56 1.3860762113756084e+56 1.5441989854090568e+56 1.6913153112303171e+56 1.8305079501673376e+56 1.843684965253823e+56 1.8566521622038443e+56 1.8696521494530075e+56 1.8827423283272875e+56 1.895935905011345e+56 1.9092386674737469e+56 1.9226006881282393e+56 1.9356672078429751e+56 1.960542742289925e+56 2.084169983550492e+56 2.314344508857677e+56 2.523932776229352e+56 2.7172051325176704e+56 2.8949747453612075e+56 3.135851142492485e+56 3.3538336885689894e+56 3.551660008483771e+56 3.6166648028220237e+56 3.733548115549212e+56 3.9016072749242047e+56 4.050718428878699e+56 4.143448852803125e+56 4.185640765665747e+56 4.354363587620592e+56 4.53278387588301e+56 4.839714341826235e+56 5.089002874357547e+56 5.311424219548857e+56 5.519588009546142e+56 5.720671041250876e+56 5.894319786019707e+56 6.070432553855679e+56 6.23110850637319e+56 6.379541909736509e+56 
