# time_axis
5.999999999999999 7.0 7.30102999566398 7.477121254719661 7.602059991327962 7.698970004336018 7.778151250383643 7.845098040014256 7.903089986991943 7.954242509439324 8.0 8.041392685158224 8.079181246047623 8.113943352306837 8.146128035678238 8.176091259055681 8.301029995663981 8.47712125471966 8.60205999132796 8.698970004336019 8.778151250383644 8.845098040014257 8.903089986991942 8.954242509439323 8.999999999999998 9.004321373782641 9.008600171761916 9.012837224705171 9.017033339298779 9.021189299069936 9.02530586526477 9.02938377768521 9.033423755486949 9.041392685158224 9.079181246047623 9.146128035678236 9.204119982655923 9.255272505103305 9.301029995663981 9.361727836017593 9.414973347970816 9.462397997898954 9.477121254719663 9.505149978319904 9.544068044350274 9.57978359661681 9.60205999132796 9.612783856719734 9.653212513775342 9.698970004336017 9.778151250383642 9.845098040014257 9.903089986991944 9.954242509439325 10.0 10.041392685158225 10.079181246047623 10.113943352306835 10.146128035678236 
# total_gas_mass_list
10.425925345093205 10.873328822695887 10.320567319482375 9.767765952090867 9.215174068054912 8.663217677350959 8.1133347175626 7.5708157041239215 7.052569496964198 6.6031265463469735 6.288254562194691 6.123109329107567 6.049996016694934 6.014369435554251 5.99173681353432 5.973621842114924 6.598091266631394 6.951809642470472 7.117366794679064 7.2238900804958766 7.301158199969253 7.360856427851734 7.409338602912616 7.449790541902662 7.48468573374812 7.487839109097926 7.49091887590434 7.493983083989199 7.497045264240773 7.500108517205351 7.503174027109999 7.506229921849956 7.5091956049489825 7.514785583550294 7.541481491446692 7.586905063372117 7.624179356739185 7.655635053398091 7.682527758362544 7.716371438658955 7.744770765836898 7.768944879984989 7.776586646141374 7.789978423387434 7.808497453458465 7.824256552368455 7.833758965457993 7.838010969826849 7.854573847114228 7.8713748629607325 7.8986842422567145 7.91954699762737 7.937356030319692 7.953375434603538 7.96830835549016 7.980802528325326 7.993085764252997 8.004050193810846 8.013914172121806 
# ejected_gas_mass_list
-10.0 -10.0 5.04706860898612 5.8189297648263425 6.205175397694446 6.405162660264301 6.534459655000594 6.633242518708434 6.712816735356234 6.778984734808777 6.834471316650676 6.881656105549961 6.922466056095861 6.958300080464113 6.9901707015568 7.0188070194447985 7.129209723688173 7.266024973120138 7.354192447601035 7.4190743959936585 7.469930885874623 7.511286807020993 7.5461270919434345 7.57601557424925 7.602370445581947 7.604777381757737 7.607132119007566 7.6094788543816865 7.611827902522707 7.614181625559241 7.61654092512647 7.618896635793385 7.6211864292705 7.625512092269004 7.646341559149611 7.682413550005355 7.712578432127339 7.7384095634078385 7.760753307314093 7.789196893371449 7.813331295971062 7.834057922998383 7.840643746890647 7.852223293969676 7.8683147453135325 7.882077891383091 7.890407051308417 7.894141314154691 7.908729414110188 7.923594042310841 7.947894366959206 7.966569497719063 7.982584270578689 7.997045386997379 8.01057177738269 8.021922368889632 8.033110129307666 8.04312028275773 8.052144374152755 
# stellar_mass_list
-10.0 8.283257841524474 8.85883767949957 8.928564866452898 8.93956447872874 8.938118666218907 8.934229665682562 8.930240084861387 8.926619527223568 8.923392487462273 8.920498966572357 8.9178746064443 8.915469357376413 8.913245017975324 8.911172748775803 8.909230520506 8.900934908075744 8.88860574363983 8.879271210598995 8.871639075529984 8.865114150954195 8.859393869176868 8.854258894289195 8.849599581149489 8.84528565912366 8.84488160996318 8.844484644961565 8.844087356432807 8.84368794625132 8.843286004073308 8.8428814310434 8.842475693186804 8.842079498781112 8.841327251217379 8.83762139476224 8.830827515513915 8.824715093304093 8.819126477635297 8.814017100377184 8.807030291830138 8.80063114490562 8.794759719071847 8.79281725957173 8.78930682543222 8.784129983090072 8.779350878709254 8.776281390608235 8.774859297885147 8.768993389674677 8.76246116538289 8.750260525875813 8.73964315773677 8.730356123049997 8.72182411843995 8.71371508887137 8.706802305170552 8.699865137760888 8.69363250361588 8.687915151136085 
# remnant_mass_list
-10.0 -10.0 6.15509194663263 6.81150679999096 7.05155254856879 7.176630566947729 7.255423673232935 7.310970169600445 7.353491594795099 7.387802827401526 7.416481535101393 7.44107929722997 7.462579769247499 7.481652162388289 7.4987704960499055 7.514281571511359 7.575270348899765 7.653350157991274 7.704673630963915 7.742635529714457 7.772658202092443 7.797352812019058 7.818355197899061 7.836538400407059 7.8526888503644265 7.854169171917556 7.855618148787087 7.857063352106388 7.858511197023988 7.8599631098856255 7.8614195658135415 7.862874979227341 7.864291095555118 7.866965444736128 7.87988970086182 7.902550173328901 7.921881861196284 7.938753457657261 7.953553949226064 7.972898194029876 7.989776243694961 8.004607443897191 8.009384667659607 8.017857654268433 8.02999898816529 8.04084712077957 8.047641387556096 8.050743703252046 8.063257093459844 8.076667956480996 8.100361794306403 8.119665426669243 8.135639513081962 8.149628346434229 8.16235826434329 8.172797908545174 8.1829203415843 8.191724141955941 8.199569233987907 
# BH_mass_list
-10.0 -10.0 5.803206812609955 6.383171277813834 6.46465710026685 6.484979445979579 6.490506502955722 6.492044158637293 6.492465346951355 6.492575424208283 6.492598542083001 6.492602074850877 6.4926037858134 6.492604955565472 6.49260594407175 6.492606854722608 6.492607719129839 6.492607719129839 6.492607719129839 6.492607719129839 6.492607719129839 6.492607719129839 6.492607719129839 6.492607719129839 6.492607719129839 6.492607719129839 6.492607719129839 6.492607719129839 6.492607719129839 6.492607719129839 6.492607719129839 6.492607719129839 6.492607719129839 6.492607719129839 6.492607719129839 6.492607719129839 6.492607719129839 6.492607719129839 6.492607719129839 6.492607719129839 6.492607719129839 6.492607719129839 6.492607719129839 6.492607719129839 6.492607719129839 6.492607719129839 6.492607719129839 6.492607719129839 6.492607719129839 6.492607719129839 6.492607719129839 6.492607719129839 6.492607719129839 6.492607719129839 6.492607719129839 6.492607719129839 6.492607719129839 6.492607719129839 6.492607719129839 
# NS_mass_list
-10.0 -10.0 5.899581387554541 6.608800724696353 6.921438967987002 7.076437998249089 7.154872360348323 7.174518549649113 7.17986398378135 7.181346768358305 7.181757795472375 7.181871816081537 7.181902923967068 7.181912956877449 7.1819172520431565 7.181919547281223 7.181923976528853 7.181923976528853 7.181923976528853 7.181923976528853 7.181923976528853 7.181923976528853 7.181923976528853 7.181923976528853 7.181923976528853 7.181923976528853 7.181923976528853 7.181923976528853 7.181923976528853 7.181923976528853 7.181923976528853 7.181923976528853 7.181923976528853 7.181923976528853 7.181923976528853 7.181923976528853 7.181923976528853 7.181923976528853 7.181923976528853 7.181923976528853 7.181923976528853 7.181923976528853 7.181923976528853 7.181923976528853 7.181923976528853 7.181923976528853 7.181923976528853 7.181923976528853 7.181923976528853 7.181923976528853 7.181923976528853 7.181923976528853 7.181923976528853 7.181923976528853 7.181923976528853 7.181923976528853 7.181923976528853 7.181923976528853 7.181923976528853 
# WD_mass_list
-10.0 -10.0 -10.0 -10.0 -10.0 4.595737741578805 5.797699664878314 6.382446929830955 6.636403872596497 6.787596293047088 6.891236808178489 6.968528010756504 7.029431859755456 7.079300919834487 7.121294042961998 7.157408550936191 7.285454301952232 7.4265526349337 7.509864410210125 7.567930160767486 7.6120859438682755 7.647388753498697 7.676765587748736 7.701759062560431 7.723640584097539 7.725631938881993 7.727578865347583 7.729518504114018 7.731459480125901 7.7334037025780455 7.735351800455827 7.737296307104708 7.739186214639334 7.742749723802123 7.75987001566862 7.789502473597875 7.814419772226949 7.835912459255815 7.854583538202598 7.878743391221587 7.8996107724961275 7.91779335072375 7.923620599991755 7.9339216914366455 7.948608355102204 7.961659217279527 7.969799798479677 7.9735085179226175 7.988416085463455 8.004303473788239 8.032158198696688 8.054660678466282 8.073159750101494 8.089273355972834 8.103869647000586 8.115793836169074 8.12731736590673 8.137309923035051 8.146191545997125 
