# time_axis
1000000 10000000 20000000 30000000 40000000 50000000 60000000 70000000 80000000 90000000 100000000 110000000 120000000 130000000 140000000 150000000 200000000 300000000 400000000 500000000 600000000 700000000 800000000 900000000 1000000000 1010000000 1020000000 1030000000 1040000000 1050000000 1060000000 1070000000 1080000000 1100000000 1200000000 1400000000 1600000000 1800000000 2000000000 2300000000 2600000000 2900000000 3000000000 3200000000 3500000000 3800000000 4000000000 4100000000 4500000000 5000000000 6000000000 7000000000 8000000000 9000000000 10000000000 11000000000 12000000000 13000000000 14000000000 
# SNIa_energy_release_list
0 0.0 0.0 0.0 0.0 0.0 2.3690611837245338e+54 1.0944452378317749e+55 2.181099126049853e+55 3.3104544404679013e+55 4.398745755757278e+55 5.413040988940969e+55 6.344860970195022e+55 7.196822661610484e+55 7.975984202622313e+55 8.690636616836607e+55 1.1548348849843897e+56 1.5302031642654978e+56 1.7843444040724825e+56 1.976933832049058e+56 2.1320957988624673e+56 2.2620380286630084e+56 2.3738383509921223e+56 2.4719469259852486e+56 2.559359426740975e+56 2.567596794795569e+56 2.575754333474513e+56 2.583828423804647e+56 2.5918223365904383e+56 2.5997380081196325e+56 2.6075747107904337e+56 2.6153349580812467e+56 2.6230213578656666e+56 2.6381782141639192e+56 2.709947024135405e+56 2.8366918292165694e+56 2.9461221115641716e+56 3.0424065015917517e+56 3.1283754139322597e+56 3.2422017718098833e+56 3.341871688626349e+56 3.4305206874957147e+56 3.4580400163614186e+56 3.5103471392154245e+56 3.5829442502940364e+56 3.64952473506983e+56 3.691028069703072e+56 3.7110008961177912e+56 3.786274155641942e+56 3.8713997328709146e+56 4.018595309380468e+56 4.1429292116318805e+56 4.250564030424809e+56 4.345479868942267e+56 4.430309816637578e+56 4.507058726026216e+56 4.577100509556319e+56 4.641516976456419e+56 4.701146464753267e+56 
# SNII_energy_release_list
0 0.0 1.9169631501366103e+54 1.0843816279293277e+55 2.7561474813527677e+55 4.8717206665194224e+55 6.836802842623858e+55 7.962855690564117e+55 8.608104211650608e+55 8.977857305892535e+55 9.189754506794686e+55 9.311202169799991e+55 9.380823550268676e+55 9.420749153613389e+55 9.443658961069939e+55 9.456816010067471e+55 9.471195868286529e+55 9.471195868286529e+55 9.471195868286529e+55 9.471195868286529e+55 9.471195868286529e+55 9.471195868286529e+55 9.471195868286529e+55 9.471195868286529e+55 9.471195868286529e+55 9.471195868286529e+55 9.471195868286529e+55 9.471195868286529e+55 9.471195868286529e+55 9.471195868286529e+55 9.471195868286529e+55 9.471195868286529e+55 9.471195868286529e+55 9.471195868286529e+55 9.471195868286529e+55 9.471195868286529e+55 9.471195868286529e+55 9.471195868286529e+55 9.471195868286529e+55 9.471195868286529e+55 9.471195868286529e+55 9.471195868286529e+55 9.471195868286529e+55 9.471195868286529e+55 9.471195868286529e+55 9.471195868286529e+55 9.471195868286529e+55 9.471195868286529e+55 9.471195868286529e+55 9.471195868286529e+55 9.471195868286529e+55 9.471195868286529e+55 9.471195868286529e+55 9.471195868286529e+55 9.471195868286529e+55 9.471195868286529e+55 9.471195868286529e+55 9.471195868286529e+55 9.471195868286529e+55 
# SN_energy_per_current_crossing_time_list
0.0 0.0 7.1327264325085e+54 2.7951823967431024e+55 4.8571885451116924e+55 5.925995607323113e+55 5.428664988662748e+55 3.1567691772985433e+55 1.862388599498876e+55 1.1174784456495312e+55 6.854606273443881e+54 4.330656601083356e+54 2.8436187779356532e+54 1.9579018136670178e+54 1.4225094387274801e+54 1.0922841559820697e+54 6.701896721671416e+53 3.934162875477676e+53 2.6935790316600064e+53 2.0611791272023363e+53 1.675151340348175e+53 1.4140285278811689e+53 1.2255330364518575e+53 1.0827855462440863e+53 9.709386735656918e+52 9.155331640036011e+52 9.072094851609444e+52 8.984695043533335e+52 8.900830775254728e+52 8.81903989013245e+52 8.736366292876489e+52 8.656415788389857e+52 8.579212350295365e+52 8.468550824350787e+52 8.065811076929752e+52 7.198669913006565e+52 6.276132640461229e+52 5.572457702236773e+52 5.017320114179256e+52 4.4799530968329584e+52 3.964436914340025e+52 3.5605209752478303e+52 3.326516538472514e+52 3.179952896605936e+52 2.9674850645609614e+52 2.7425478715395455e+52 2.5769767096818717e+52 2.4858004894864285e+52 2.3635534211306087e+52 2.1595765429118327e+52 1.9006438915246766e+52 1.6296610996612755e+52 1.4295943778123114e+52 1.276265707864082e+52 1.1541724586767444e+52 1.0548827745817342e+52 9.726119888361423e+51 9.02859065154319e+51 8.429522074940975e+51 
# SN_energy_per_final_crossing_time_list
0.0 0.0 7.226439424503852e+54 3.3651853654409656e+55 6.302111060850359e+55 7.975146246093467e+55 7.44132554036764e+55 4.3661446948618556e+55 2.5860295200389293e+55 1.553521779312401e+55 9.52642182449823e+54 6.012111107440667e+54 3.9418074515086976e+54 2.7094642499165933e+54 1.9651002352909993e+54 1.5062539509372546e+54 9.163773828503657e+53 5.306393341295829e+53 3.5926674071746095e+53 2.7225402747831767e+53 2.193447003827528e+53 1.836928214305359e+53 1.580465155708204e+53 1.3869117818495064e+53 1.2357067380455079e+53 1.1644754606970507e+53 1.1531903817292195e+53 1.1413937066524067e+53 1.1300594088201003e+53 1.118998834287443e+53 1.1078354023330768e+53 1.0970272882311882e+53 1.0865878361565008e+53 1.0713244269076953e+53 1.014559717392155e+53 8.958639113227392e+52 7.73480543824248e+52 6.805620963651875e+52 6.076497258582692e+52 5.363687351370813e+52 4.696612297086961e+52 4.177288308376745e+52 3.890269676744553e+52 3.697197975098087e+52 3.420896650818408e+52 3.1373832098186347e+52 2.933559262934922e+52 2.823458425866519e+52 2.660250913326707e+52 2.4067552913468785e+52 2.0808301344865516e+52 1.7576460969685043e+52 1.5215795187282023e+52 1.3417776655426336e+52 1.1991984790375928e+52 1.0849608883083064e+52 9.901456096621317e+51 9.106233261988305e+51 8.429522074940975e+51 
# total_energy_release_list
0 0 1.9169631501366103e+54 1.0843816279293277e+55 2.7561474813527677e+55 4.8717206665194224e+55 7.073708960996312e+55 9.057300928395891e+55 1.078920333770046e+56 1.2288311746360435e+56 1.3588500262551963e+56 1.472424315874096e+56 1.5725684520463698e+56 1.6617571815223873e+56 1.7419643163692251e+56 1.8147452626904078e+56 2.1019544718130426e+56 2.477322751094151e+56 2.7314639909011354e+56 2.9240534188777113e+56 3.0792153856911205e+56 3.2091576154916615e+56 3.3209579378207754e+56 3.4190665128139013e+56 3.506479013569628e+56 3.514716381624222e+56 3.5228739203031656e+56 3.5309480106333e+56 3.5389419234190914e+56 3.5468575949482853e+56 3.5546942976190864e+56 3.5624545449099e+56 3.57014094469432e+56 3.585297800992572e+56 3.657066610964058e+56 3.7838114160452225e+56 3.893241698392825e+56 3.9895260884204045e+56 4.075495000760913e+56 4.1893213586385365e+56 4.288991275455002e+56 4.3776402743243674e+56 4.405159603190072e+56 4.457466726044078e+56 4.5300638371226895e+56 4.596644321898483e+56 4.638147656531725e+56 4.658120482946444e+56 4.733393742470595e+56 4.818519319699568e+56 4.96571489620912e+56 5.090048798460533e+56 5.197683617253462e+56 5.292599455770919e+56 5.377429403466231e+56 5.454178312854869e+56 5.524220096384972e+56 5.588636563285072e+56 5.64826605158192e+56 
# binding_energy_list
8.550667128846876e+54 8.550667128846876e+54 8.550667128846876e+54 8.550667128846876e+54 8.550667128846876e+54 8.531001140175843e+54 8.531001140175843e+54 8.531001140175843e+54 8.531001140175843e+54 8.51138038202376e+54 8.51138038202376e+54 8.51138038202376e+54 8.51138038202376e+54 8.491804750363178e+54 8.491804750363178e+54 8.491804750363178e+54 8.472274141405911e+54 8.433347577642791e+54 8.394599865193965e+54 8.356030182312423e+54 8.336811846196331e+54 8.317637711026743e+54 8.279421637123327e+54 8.260379495771817e+54 8.241381150129963e+54 8.241381150129963e+54 8.241381150129963e+54 8.241381150129963e+54 8.241381150129963e+54 8.222426499470695e+54 8.222426499470695e+54 8.222426499470695e+54 8.222426499470695e+54 8.222426499470695e+54 8.20351544329821e+54 8.165823713585906e+54 8.128305161640929e+54 8.090958991783846e+54 8.072350302488317e+54 8.035261221856194e+54 7.99834255007026e+54 7.96159350417325e+54 7.94328234724279e+54 7.925013304804734e+54 7.90678627999831e+54 7.870457896951001e+54 7.852356346100775e+54 7.852356346100775e+54 7.816278045883308e+54 7.780365510398008e+54 7.72680585095699e+54 7.691304402866145e+54 7.638357835776954e+54 7.603262769401822e+54 7.568328950209705e+54 7.533555637337217e+54 7.498942093324558e+54 7.464487584100623e+54 7.447319739059888e+54 
# total_gas_kinetic_energy_list
1.5237098334911527e+59 4.269490764648469e+59 2.4466351681473708e+59 1.4019319119863364e+59 8.033276910500612e+58 4.6033440492961576e+58 2.638038611197198e+58 1.511954622327935e+58 8.667352210072177e+57 4.970427813037892e+57 2.852167906669117e+57 1.6384082264508388e+57 9.428850041452206e+56 5.442897068138401e+56 3.1582364670357797e+56 1.8483528827099414e+56 2.030357361846382e+56 2.3507620923677647e+56 2.6288308243302685e+56 2.8728459007775747e+56 3.0918887942917443e+56 3.291760003971554e+56 3.4791779508024263e+56 3.656280158789511e+56 3.8253308129173394e+56 3.841695755240437e+56 3.8578013226708955e+56 3.873829209271897e+56 3.889879431361641e+56 3.9060071235647707e+56 3.922244389997955e+56 3.938568782069549e+56 3.954713125207871e+56 3.985908483690631e+56 4.139719403440688e+56 4.429920683648667e+56 4.697537598662176e+56 4.948701248346318e+56 5.182458672825776e+56 5.502593747385161e+56 5.796251180193271e+56 6.066117753859324e+56 6.155028467420502e+56 6.31702576034703e+56 6.551334946419699e+56 6.7600002710683e+56 6.891792095761149e+56 6.951444467039024e+56 7.192224096399321e+56 7.448860418878282e+56 7.897011132086471e+56 8.265405111124802e+56 8.594084389457456e+56 8.901712416624885e+56 9.198379418016602e+56 9.455321064689057e+56 9.715706767553406e+56 9.952969732275958e+56 1.0172041691021155e+57 
