# time_axis
5.999999999999999 7.0 7.30102999566398 7.477121254719661 7.602059991327962 7.698970004336018 7.778151250383643 7.845098040014256 7.903089986991943 7.954242509439324 8.0 8.041392685158224 8.079181246047623 8.113943352306837 8.146128035678238 8.176091259055681 8.301029995663981 8.47712125471966 8.60205999132796 8.698970004336019 8.778151250383644 8.845098040014257 8.903089986991942 8.954242509439323 8.999999999999998 9.004321373782641 9.008600171761916 9.012837224705171 9.017033339298779 9.021189299069936 9.02530586526477 9.02938377768521 9.033423755486949 9.041392685158224 9.079181246047623 9.146128035678236 9.204119982655923 9.255272505103305 9.301029995663981 9.361727836017593 9.414973347970816 9.462397997898954 9.477121254719663 9.505149978319904 9.544068044350274 9.57978359661681 9.60205999132796 9.612783856719734 9.653212513775342 9.698970004336017 9.778151250383642 9.845098040014257 9.903089986991944 9.954242509439325 10.0 10.041392685158225 10.079181246047623 10.113943352306835 10.146128035678236 
# total_gas_mass_list
10.425925345093205 10.873499308519957 10.631692500371992 10.38985081565912 10.148018890798868 9.906202911153784 9.664414042986468 9.422674716900584 9.181023376139905 8.939526274656668 8.698291727335482 8.457500894803019 8.217459137944198 7.978678884055797 7.742012812477705 7.508855130789548 7.547269779109748 7.60662060601369 7.652327505434238 7.689886351709469 7.721703514814109 7.749132604536402 7.773273477400033 7.794776320688351 7.814241072892393 7.8160747088688725 7.817870813347302 7.8196500642135245 7.821423680517998 7.823197747770479 7.824975705433179 7.826755088587905 7.828506618295285 7.831869691170511 7.848043662017774 7.8768259823064835 7.901546986685383 7.923354781523353 7.9425842752669364 7.967512887683492 7.989103485885039 8.007973564350793 8.014003707789305 8.024761261103034 8.03983124043333 8.052795696514076 8.060773380278 8.064333014280248 8.078383577791158 8.09282658930818 8.116813589878504 8.135479302156366 8.151478862351476 8.165932582841299 8.179430871633429 8.19078933692268 8.202003734833902 8.21198193815301 8.220992489363924 
# ejected_gas_mass_list
-10.0 -10.0 4.58910584793313 5.393536307469964 5.834447674823677 6.08936025514493 6.262273553064673 6.393651667686847 6.498740467081213 6.585521191301298 6.658220367007075 6.719962541716767 6.773157617619507 6.819609643659977 6.860667570224642 6.897336005391008 7.036609575215997 7.205280022445305 7.312366213323742 7.390680812141324 7.451902107645909 7.50164063667606 7.543452327113405 7.57934794233339 7.61086825455662 7.613793347787081 7.616651474450643 7.619475921680062 7.622284689135197 7.625087502925986 7.62788983130269 7.630687817707763 7.633435624608866 7.638694077819981 7.663671956821339 7.706938792795724 7.743014091158231 7.774092743782871 7.80096923470845 7.835138862365963 7.864171179562925 7.889153019384204 7.897063547535927 7.911092021449758 7.930570851021055 7.947173795846038 7.957322473190414 7.961834579049478 7.979549884224844 7.997608007885096 8.02727841910701 8.050107144240785 8.06950568969965 8.086902604395123 8.10304540628919 8.116554452866557 8.129827682051054 8.141585717738305 8.152162691446216 
# stellar_mass_list
-10.0 8.211255180103972 8.789738546439567 8.939148537041035 9.003871130993677 9.035460534475336 9.051341109448682 9.059144466411801 9.062641609497264 9.063814271569353 9.063737684104645 9.06300306861291 9.061937260395434 9.060719998549102 9.059448970362164 9.058176080129215 9.052156065638602 9.042979461054985 9.035820677374314 9.029829720172481 9.024613916734694 9.01996509428382 9.015740443876497 9.01185761750938 9.00823779024567 9.007891429944916 9.007551256209716 9.007213362038664 9.006875618613739 9.006536862770101 9.006196420435783 9.005854768204543 9.005517431510608 9.004867307793333 9.001693443634018 8.99581131257721 8.99046116382856 8.985496736093308 8.98091012172206 8.974582044893136 8.968715691597774 8.963271023774295 8.961466440511117 8.958162808544175 8.953269003749542 8.948736214043018 8.945782000981659 8.944419437544257 8.938751199568953 8.932390373065495 8.920331592943583 8.909705066309446 8.900402797831505 8.891855889958036 8.883751070401388 8.876823765102625 8.869889456950977 8.863642841816501 8.857927148175824 
# remnant_mass_list
-10.0 -10.0 5.65715196165904 6.336119582825257 6.651218981369338 6.836431986186341 6.960233222800097 7.049527602074606 7.117645982591601 7.17179939989417 7.2162413453795065 7.253659915946887 7.285821057607362 7.313934491463679 7.338853827674256 7.361197400572073 7.447167799084834 7.554288785060976 7.623603028250185 7.674510800387979 7.714592456416392 7.747511034624464 7.775431244774876 7.799604440324068 7.820982970820254 7.822973713430633 7.824919760781361 7.826844099207614 7.828758968447052 7.830671009110945 7.832584133614982 7.8344955024740885 7.836374272750352 7.839971384519319 7.857107220113042 7.887127322376739 7.912666649951911 7.935020303704383 7.95463156059419 7.980199521071865 8.002508057826489 8.022127369901565 8.028416067198782 8.039665654791774 8.05574058636643 8.070038067215576 8.079069098100852 8.083160345509745 8.099708602732363 8.117418806347183 8.148750762583283 8.17419729804105 8.195006807441084 8.213045180329303 8.229279281394126 8.242533158680587 8.255269505328545 8.266315121886054 8.276086293382402 
# BH_mass_list
-10.0 -10.0 5.237290490070764 5.817380601575357 5.970388428340878 6.038629322429041 6.073386502823122 6.092117745139938 6.102498880340762 6.108338735733403 6.111651394594927 6.113539732996138 6.114619577982556 6.1152386215491426 6.1155940837569345 6.1157965779071874 6.115911721753369 6.115911721753369 6.115911721753369 6.115911721753369 6.115911721753369 6.115911721753369 6.115911721753369 6.115911721753369 6.115911721753369 6.115911721753369 6.115911721753369 6.115911721753369 6.115911721753369 6.115911721753369 6.115911721753369 6.115911721753369 6.115911721753369 6.115911721753369 6.115911721753369 6.115911721753369 6.115911721753369 6.115911721753369 6.115911721753369 6.115911721753369 6.115911721753369 6.115911721753369 6.115911721753369 6.115911721753369 6.115911721753369 6.115911721753369 6.115911721753369 6.115911721753369 6.115911721753369 6.115911721753369 6.115911721753369 6.115911721753369 6.115911721753369 6.115911721753369 6.115911721753369 6.115911721753369 6.115911721753369 6.115911721753369 6.115911721753369 
# NS_mass_list
-10.0 -10.0 5.449325968852502 6.179431286679366 6.549653201204305 6.759549728265228 6.881535889997437 6.938564718907488 6.9681572926625295 6.9842485346642835 6.993208431713192 6.998261797029187 7.001132578375056 7.002770527073369 7.003707730899521 7.004244744229371 7.004811232134068 7.004811232134068 7.004811232134068 7.004811232134068 7.004811232134068 7.004811232134068 7.004811232134068 7.004811232134068 7.004811232134068 7.004811232134068 7.004811232134068 7.004811232134068 7.004811232134068 7.004811232134068 7.004811232134068 7.004811232134068 7.004811232134068 7.004811232134068 7.004811232134068 7.004811232134068 7.004811232134068 7.004811232134068 7.004811232134068 7.004811232134068 7.004811232134068 7.004811232134068 7.004811232134068 7.004811232134068 7.004811232134068 7.004811232134068 7.004811232134068 7.004811232134068 7.004811232134068 7.004811232134068 7.004811232134068 7.004811232134068 7.004811232134068 7.004811232134068 7.004811232134068 7.004811232134068 7.004811232134068 7.004811232134068 7.004811232134068 
# WD_mass_list
-10.0 -10.0 -10.0 -10.0 -10.0 4.306310983568745 5.516220606361348 6.1108605371141165 6.406895624108417 6.593879027814316 6.72549229144666 6.8244147641032 6.902198015538549 6.965451500459738 7.018253664391901 7.063263847417328 7.219671630923638 7.387677349612162 7.485961490624231 7.55442319290257 7.606532248682745 7.648315792095613 7.683119903658001 7.712826315482964 7.738794425223446 7.741198769657486 7.743546926633761 7.7458667578008535 7.748173083176882 7.750473933923212 7.752774033645338 7.755069982243743 7.75732479783473 7.761636468544957 7.78208085118445 7.817536592826546 7.847365186073648 7.873239761485608 7.8957724717390825 7.924929405250192 7.950179160476435 7.97224793140707 7.97929582855846 7.991873200746684 8.009780069317998 8.025644770459191 8.03563667858251 8.040156005614698 8.058391081065608 8.07782993208712 8.112037371380264 8.1396586395706 8.162146813663096 8.181571727463973 8.199001825782407 8.213197210520832 8.226809791823309 8.238593420639981 8.24900098034285 
