# time_axis
1000000 10000000 20000000 30000000 40000000 50000000 60000000 70000000 80000000 90000000 100000000 110000000 120000000 130000000 140000000 150000000 200000000 300000000 400000000 500000000 600000000 700000000 800000000 900000000 1000000000 1010000000 1020000000 1030000000 1040000000 1050000000 1060000000 1070000000 1080000000 1100000000 1200000000 1400000000 1600000000 1800000000 2000000000 2300000000 2600000000 2900000000 3000000000 3200000000 3500000000 3800000000 4000000000 4100000000 4500000000 5000000000 6000000000 7000000000 8000000000 9000000000 10000000000 11000000000 12000000000 13000000000 14000000000 
# SNIa_energy_release_list
0 0.0 0.0 0.0 0.0 0.0 1.4804019513401918e+55 4.234528937027483e+55 6.989231498858438e+55 9.497007355666955e+55 1.1732565175165174e+56 1.3726019032394272e+56 1.5514290541419418e+56 1.7131729086709568e+56 1.8607048358365045e+56 1.9962967404669617e+56 2.5466253559959915e+56 3.292764236937413e+56 3.8083220919102e+56 4.2027582677061e+56 4.522344524770903e+56 4.790953157478263e+56 5.022674217003396e+56 5.226420530343925e+56 5.4082372015521385e+56 5.425389403837038e+56 5.442373012345117e+56 5.459182150357686e+56 5.475828907829205e+56 5.492311578181983e+56 5.508629971684965e+56 5.524793493401098e+56 5.540804858099135e+56 5.572385462169173e+56 5.721996034792565e+56 5.986516441919724e+56 6.215178834343472e+56 6.416563034226841e+56 6.596500243857388e+56 6.834906822451698e+56 7.043803772531314e+56 7.229697956390729e+56 7.287427570844278e+56 7.397164406449021e+56 7.549512996258301e+56 7.689274251077489e+56 7.776407211925474e+56 7.818347922363011e+56 7.976452383988576e+56 8.155251198510177e+56 8.464534270502432e+56 8.7258901168135e+56 8.952180656258136e+56 9.151776425642981e+56 9.330207561469857e+56 9.491607952345385e+56 9.638942405853395e+56 9.774456885554338e+56 9.899906564235532e+56 
# SNII_energy_release_list
0 -5.543429261795418e+53 4.4103530747038396e+54 1.370116602888577e+55 2.1732346169738875e+55 2.845203823016305e+55 3.2494062646678907e+55 3.4288373592746663e+55 3.5071014074981285e+55 3.5410070036256445e+55 3.555490712619862e+55 3.5615068243741213e+55 3.563978315856828e+55 3.564997361456542e+55 3.5654156570453516e+55 3.5656118387893094e+55 3.5657270216898934e+55 3.5657270216898934e+55 3.5657270216898934e+55 3.5657270216898934e+55 3.5657270216898934e+55 3.5657270216898934e+55 3.5657270216898934e+55 3.5657270216898934e+55 3.5657270216898934e+55 3.5657270216898934e+55 3.5657270216898934e+55 3.5657270216898934e+55 3.5657270216898934e+55 3.5657270216898934e+55 3.5657270216898934e+55 3.5657270216898934e+55 3.5657270216898934e+55 3.5657270216898934e+55 3.5657270216898934e+55 3.5657270216898934e+55 3.5657270216898934e+55 3.5657270216898934e+55 3.5657270216898934e+55 3.5657270216898934e+55 3.5657270216898934e+55 3.5657270216898934e+55 3.5657270216898934e+55 3.5657270216898934e+55 3.5657270216898934e+55 3.5657270216898934e+55 3.5657270216898934e+55 3.5657270216898934e+55 3.5657270216898934e+55 3.5657270216898934e+55 3.5657270216898934e+55 3.5657270216898934e+55 3.5657270216898934e+55 3.5657270216898934e+55 3.5657270216898934e+55 3.5657270216898934e+55 3.5657270216898934e+55 3.5657270216898934e+55 3.5657270216898934e+55 
# SN_energy_per_current_crossing_time_list
0.0 -2.823815267976075e+53 1.7489233625371077e+54 3.230889114874803e+54 2.778360612600104e+54 2.334051807740098e+54 1.611726967692674e+54 1.0031774099127792e+54 6.524422555114778e+53 4.653573784213697e+53 3.617069660215125e+53 3.0034016824411634e+53 2.611287233587785e+53 2.3376493812568045e+53 2.1311922763831044e+53 1.9674261169788086e+53 1.648413789967039e+53 1.177236312585047e+53 8.472833594743643e+52 6.707137314166751e+52 5.595655511963457e+52 4.825507030560368e+52 4.2594056179148375e+52 3.8235400804946496e+52 3.477515159755492e+52 3.286624613278792e+52 3.259992113003821e+52 3.2322240090149493e+52 3.206422527042198e+52 3.180591051205324e+52 3.1545149620773453e+52 3.130135774609873e+52 3.105980338386794e+52 3.0733766426009174e+52 2.9591733744962465e+52 2.694338657337957e+52 2.3907350737064798e+52 2.1556661961152975e+52 1.9673480257837085e+52 1.7880607307407172e+52 1.6071002894039821e+52 1.4633634731869717e+52 1.3734030679245728e+52 1.3230209748495171e+52 1.2483095251032569e+52 1.1649609374336812e+52 1.1012309556055994e+52 1.0653367229565255e+52 1.0239128683881081e+52 9.462241961962483e+51 8.493313546745597e+51 7.39331317975008e+51 6.555030546176508e+51 5.898543633767972e+51 5.366703913762562e+51 4.9257181189254604e+51 4.557362935339478e+51 4.239246867093844e+51 3.9647412473588936e+51 
# SN_energy_per_final_crossing_time_list
0.0 -5.1909880435829006e+53 4.184144638121754e+54 7.83010786543939e+54 6.768514994304031e+54 5.663219560563299e+54 3.874405551460012e+54 2.382629499260179e+54 1.5301961507022284e+54 1.078312855564333e+54 8.28596716984267e+53 6.807184251187902e+53 5.8599877416164155e+53 5.197674032103954e+53 4.697886939182697e+53 4.301812347194427e+53 3.4804845612447784e+53 2.35811492594137e+53 1.6293812104573852e+53 1.2465853974825437e+53 1.0100279480937817e+53 8.489170611572227e+52 7.323367044372931e+52 6.439246564763092e+52 5.746176980083068e+52 5.420822484115522e+52 5.367539709056146e+52 5.312399641960399e+52 5.261080512595823e+52 5.209222032393351e+52 5.157303589141157e+52 5.10835754417537e+52 5.06026948113067e+52 4.990404315469562e+52 4.728327840746286e+52 4.1799826828191613e+52 3.6133501037740397e+52 3.1822968868379287e+52 2.843389016443371e+52 2.511552588871611e+52 2.2006761678864585e+52 1.9583478840270242e+52 1.8245003576277054e+52 1.7340744235082357e+52 1.604953593992688e+52 1.4723492255739902e+52 1.3768853276876076e+52 1.3255041094032756e+52 1.2491926782677752e+52 1.1301599850473473e+52 9.774655188665928e+51 8.259951838866302e+51 7.151739606310742e+51 6.308071794185261e+51 5.63917972100807e+51 5.100936038826008e+51 4.656392835128647e+51 4.282831593774804e+51 3.9647412473588936e+51 
# total_energy_release_list
0 -5.543429261795418e+53 4.4103530747038396e+54 1.370116602888577e+55 2.1732346169738875e+55 2.845203823016305e+55 4.729808216008082e+55 7.66336629630215e+55 1.0496332906356567e+56 1.30380143592926e+56 1.5288055887785036e+56 1.7287525856768394e+56 1.9078268857276245e+56 2.069672644816611e+56 2.21724640154104e+56 2.3528579243458926e+56 2.903198058164981e+56 3.649336939106402e+56 4.16489479407919e+56 4.55933096987509e+56 4.878917226939893e+56 5.147525859647253e+56 5.379246919172386e+56 5.582993232512915e+56 5.764809903721128e+56 5.781962106006028e+56 5.798945714514107e+56 5.815754852526675e+56 5.832401609998195e+56 5.848884280350973e+56 5.865202673853955e+56 5.8813661955700875e+56 5.897377560268125e+56 5.928958164338163e+56 6.078568736961554e+56 6.343089144088713e+56 6.571751536512462e+56 6.773135736395831e+56 6.953072946026378e+56 7.191479524620687e+56 7.400376474700304e+56 7.586270658559718e+56 7.644000273013267e+56 7.753737108618011e+56 7.90608569842729e+56 8.045846953246479e+56 8.132979914094463e+56 8.174920624532e+56 8.333025086157566e+56 8.511823900679166e+56 8.821106972671422e+56 9.08246281898249e+56 9.308753358427126e+56 9.508349127811971e+56 9.686780263638847e+56 9.848180654514375e+56 9.995515108022384e+56 1.0131029587723328e+57 1.0256479266404522e+57 
# binding_energy_list
4.255984131337409e+53 4.255984131337409e+53 4.24619563946313e+53 4.226686142656007e+53 4.207266283844464e+53 4.197589839910052e+53 4.178303666466239e+53 4.1591061049402186e+53 4.139996748197278e+53 4.130475019901611e+53 4.111497211045196e+53 4.102041029866064e+53 4.092606597300126e+53 4.073802778041122e+53 4.064433291652144e+53 4.05508535448381e+53 4.008667176273042e+53 3.9355007545577645e+53 3.872576449216181e+53 3.8282474331682126e+53 3.7844258471709587e+53 3.741105882720537e+53 3.7068072178257826e+53 3.6728230049808274e+53 3.647539469256058e+53 3.647539469256058e+53 3.639150361272071e+53 3.639150361272071e+53 3.639150361272071e+53 3.6307805477010323e+53 3.6307805477010323e+53 3.6307805477010323e+53 3.6224299841669652e+53 3.6224299841669652e+53 3.5974933515574015e+53 3.548133892335731e+53 3.5075187395256937e+53 3.475361614432033e+53 3.443499307633377e+53 3.396252725904075e+53 3.3573761424295727e+53 3.3265955329400333e+53 3.31894457552611e+53 3.2960971217745828e+53 3.26587832172338e+53 3.243396173493513e+53 3.228494121712638e+53 3.2210687912834544e+53 3.1988951096914166e+53 3.169567463043474e+53 3.1188895840939355e+53 3.0831879502493343e+53 3.0478949896279957e+53 3.026913428101317e+53 2.9991625189876286e+53 2.9785164294291667e+53 2.9648313895243513e+53 2.951209226666378e+53 2.9376496519615546e+53 
# total_gas_kinetic_energy_list
4.1062051640494837e+58 4.2666784641753426e+58 2.0907181049361848e+58 1.0245486487416266e+58 5.021270397390623e+57 2.461319768598427e+57 1.2069207314784935e+57 5.922580244021112e+56 2.9103571484201297e+56 1.4339133063396288e+56 7.099787271986235e+55 3.547894229179187e+55 1.8032506674150052e+55 9.446290183305019e+54 5.2040606400207446e+54 3.0955953673800646e+54 5.500720373665357e+54 9.277500477245052e+54 1.2269445165654544e+55 1.4746081787507e+55 1.6839631868066444e+55 1.866690768856659e+55 2.0301152915247197e+55 2.177868350435027e+55 2.3149590073220008e+55 2.3282753900860578e+55 2.3405484394694244e+55 2.3535087910895994e+55 2.3655817804284303e+55 2.3785939049139664e+55 2.391392024879204e+55 2.4042419488646678e+55 2.4167406500975022e+55 2.4409351673041176e+55 2.5569515456566525e+55 2.768671760918932e+55 2.956028727483555e+55 3.1244524352845067e+55 3.2751779112402074e+55 3.476739861685764e+55 3.6537103901071593e+55 3.8122196810066833e+55 3.8625353638433336e+55 3.9542444389109635e+55 4.0836053571499107e+55 4.19614859709156e+55 4.2662090872193406e+55 4.297525055173183e+55 4.421213377505545e+55 4.5520327798867e+55 4.770652698226211e+55 4.938750664077155e+55 5.072685239487342e+55 5.184485953133051e+55 5.283083949921866e+55 5.366092525732064e+55 5.441301723994766e+55 5.502747212981568e+55 5.559578729089443e+55 
