# time_axis
5.999999999999999 7.0 7.30102999566398 7.477121254719661 7.602059991327962 7.698970004336018 7.778151250383643 7.845098040014256 7.903089986991943 7.954242509439324 8.0 8.041392685158224 8.079181246047623 8.113943352306837 8.146128035678238 8.176091259055681 8.301029995663981 8.47712125471966 8.60205999132796 8.698970004336019 8.778151250383644 8.845098040014257 8.903089986991942 8.954242509439323 8.999999999999998 9.004321373782641 9.008600171761916 9.012837224705171 9.017033339298779 9.021189299069936 9.02530586526477 9.02938377768521 9.033423755486949 9.041392685158224 9.079181246047623 9.146128035678236 9.204119982655923 9.255272505103305 9.301029995663981 9.361727836017593 9.414973347970816 9.462397997898954 9.477121254719663 9.505149978319904 9.544068044350274 9.57978359661681 9.60205999132796 9.612783856719734 9.653212513775342 9.698970004336017 9.778151250383642 9.845098040014257 9.903089986991944 9.954242509439325 10.0 10.041392685158225 10.079181246047623 10.113943352306835 10.146128035678236 
# total_gas_mass_list
9.856561334612493 9.873212940787859 9.563419297428897 9.253663038362959 8.94395941019955 8.634331983605316 8.324880188481844 8.015801713878226 7.707389571283419 7.400211305541907 7.0953233801565 6.7946671669051755 6.5017234434074584 6.222411511171129 5.9656617301652 5.742952353735092 5.995123855866753 6.219145488315683 6.33852593248962 6.418776400080628 6.477562963571702 6.523347186707341 6.560360212741218 6.591086461516651 6.617566149331115 6.620061824049436 6.622377605778508 6.624776472354627 6.626964531826721 6.629365183357069 6.631717552306129 6.634032616291384 6.636244636543028 6.640560142529839 6.660391675452083 6.694373602755828 6.722109994716632 6.745411919686575 6.76516091996601 6.7900910912936565 6.810808889966669 6.8284846264433074 6.833938047187467 6.843709909365117 6.857097442105847 6.868418739181202 6.875306330136553 6.878368640568454 6.890193931025371 6.902363060918017 6.921919398049657 6.936414701468508 6.947674543254646 6.956944080618553 6.964957540208312 6.971569711001297 6.977546982407456 6.9824341538358725 6.986894315867124 
# ejected_gas_mass_list
-10.0 -10.0 4.907323427616589 5.443388262901257 5.681721133225158 5.816633025104836 5.917419120683779 5.999965478893412 6.0655909334106095 6.1187635703720895 6.162771001960603 6.199919063239217 6.2318492374133765 6.259746893772885 6.284406653062339 6.306517955889868 6.391107907948282 6.495331811470512 6.5625893361102055 6.612255150485498 6.650812129814271 6.682061517276935 6.7080754674499135 6.730163506438685 6.749546261504569 6.751389300214953 6.753101963309458 6.754878577437284 6.756501283655246 6.758284079233204 6.760033475783351 6.76175749787009 6.763406972720629 6.7666311272769795 6.78155074292974 6.807501538715474 6.82903204802131 6.847354325471904 6.863045143979081 6.883058532677827 6.89986004622338 6.914312707821498 6.918793226608296 6.926846719450156 6.937931334153176 6.9473506008679005 6.953101098260702 6.955662661543227 6.96558182023186 6.9758344204955955 6.992404314418436 7.00475862193039 7.014396964726698 7.0223584087697 7.02926022096407 7.034968359004011 7.04013857537726 7.044372985624894 7.0482429536183435 
# stellar_mass_list
-10.0 7.3762657718667874 7.593006563862951 7.590280991500211 7.589135344485371 7.582526839034701 7.573165043640852 7.562677772353863 7.552151452655171 7.542287401349742 7.533035817463138 7.524483962348367 7.5165704877899735 7.50925155677895 7.502443059361008 7.496069745876516 7.469064283496459 7.429119576168645 7.398374790733462 7.372796760838189 7.350821320127843 7.331460036456031 7.314050811627407 7.298183565117973 7.283594920773796 7.282204170770461 7.280846621312453 7.279505703309711 7.278139567501156 7.276752439459918 7.27538070996804 7.274005482397424 7.272672293082775 7.270081914540697 7.257420900310824 7.2340976209441745 7.212976196791312 7.193476308505217 7.175457133751037 7.150565934395369 7.12741566451454 7.105803988025682 7.098602681910421 7.0853877263978635 7.0657119644031985 7.047240772816468 7.035165984617946 7.029541556153373 7.005981479010385 6.979038937578995 6.926381696392769 6.879135076137733 6.839620726734745 6.8047840983538155 6.7729226946707755 6.746531151350547 6.720867309881388 6.6983380618376 6.6781612888384565 
# remnant_mass_list
-10.0 -10.0 6.135476558703706 6.51300798854375 6.644120413022094 6.713300852921486 6.755412306326209 6.783610303265536 6.8045879491976144 6.821239216232794 6.835049461352363 6.846864178150481 6.857191607577199 6.866371944026085 6.874626068620632 6.88213566069705 6.912020435552825 6.951396307601539 6.9781957872768015 6.998547010242629 7.014725449873679 7.02805036288149 7.039345222597658 7.049083457357715 7.057677816037112 7.058478854322336 7.059244804823401 7.060015477369431 7.060788321387212 7.061554482385341 7.062328176400851 7.063092267231447 7.063834235777689 7.065268462546432 7.072104906801776 7.084031351488629 7.094147130998756 7.102940585463308 7.110632860996726 7.120631525598345 7.129322885438884 7.136933940033274 7.139392976982394 7.1437300930723255 7.1499425763062225 7.1554614383542 7.158931359118355 7.160503586723867 7.166870134797566 7.173650024363412 7.185635674575249 7.195039722812411 7.201976997251795 7.207508094714111 7.212146154965976 7.215640295464008 7.218843159334739 7.22145434594125 7.223632519459506 
# BH_mass_list
-10.0 -10.0 5.899897511516105 6.213247498680559 6.270811593778882 6.288595278634804 6.294518577031477 6.296528332804163 6.2971730902872745 6.297359053071448 6.297409427226598 6.297420674401744 6.297422286176111 6.297422331610646 6.297422331610646 6.297422331610646 6.297422331610646 6.297422331610646 6.297422331610646 6.297422331610646 6.297422331610646 6.297422331610646 6.297422331610646 6.297422331610646 6.297422331610646 6.297422331610646 6.297422331610646 6.297422331610646 6.297422331610646 6.297422331610646 6.297422331610646 6.297422331610646 6.297422331610646 6.297422331610646 6.297422331610646 6.297422331610646 6.297422331610646 6.297422331610646 6.297422331610646 6.297422331610646 6.297422331610646 6.297422331610646 6.297422331610646 6.297422331610646 6.297422331610646 6.297422331610646 6.297422331610646 6.297422331610646 6.297422331610646 6.297422331610646 6.297422331610646 6.297422331610646 6.297422331610646 6.297422331610646 6.297422331610646 6.297422331610646 6.297422331610646 6.297422331610646 6.297422331610646 
# NS_mass_list
-10.0 -10.0 5.757350876615237 6.210704765247163 6.405038863955167 6.506977379525081 6.555559597219259 6.5753470053905785 6.5836570245837 6.587174465116583 6.588649968215797 6.589251681031657 6.589492228108429 6.589586355865268 6.589621375693467 6.589635601896226 6.589642334311298 6.589642334311298 6.589642334311298 6.589642334311298 6.589642334311298 6.589642334311298 6.589642334311298 6.589642334311298 6.589642334311298 6.589642334311298 6.589642334311298 6.589642334311298 6.589642334311298 6.589642334311298 6.589642334311298 6.589642334311298 6.589642334311298 6.589642334311298 6.589642334311298 6.589642334311298 6.589642334311298 6.589642334311298 6.589642334311298 6.589642334311298 6.589642334311298 6.589642334311298 6.589642334311298 6.589642334311298 6.589642334311298 6.589642334311298 6.589642334311298 6.589642334311298 6.589642334311298 6.589642334311298 6.589642334311298 6.589642334311298 6.589642334311298 6.589642334311298 6.589642334311298 6.589642334311298 6.589642334311298 6.589642334311298 6.589642334311298 
# WD_mass_list
-10.0 -10.0 -10.0 -10.0 -10.0 4.029430850593684 5.113434604040905 5.525227867778365 5.748359906863777 5.890658784170307 5.99039344004717 6.064953287693816 6.1232976432225446 6.170622304546489 6.210043388541891 6.243664858006423 6.360878108518612 6.487210032768047 6.561057321528515 6.6123489107457605 6.6507130785459365 6.680923949629334 6.705655008766844 6.72638701963292 6.744262018565417 6.745908837992981 6.747480530812601 6.749058978135175 6.750638932748541 6.752202334629791 6.753778203647019 6.755331663738277 6.756837452403364 6.759740669421528 6.773446639158164 6.796855964533872 6.816243064037816 6.832769466593125 6.846991037660728 6.865166002261876 6.880694126115197 6.894096029958242 6.8983882815442 6.905915028169919 6.916601541353733 6.926004038196451 6.931873187988673 6.934521901030382 6.945181289164088 6.9564189232728575 6.976010381153206 6.991148078464835 7.002189409043034 7.01091902750343 7.01819022392526 7.023639228662031 7.028612622972928 7.032652361519394 7.036012081306866 
