# time_axis
5.999999999999999 7.0 7.30102999566398 7.477121254719661 7.602059991327962 7.698970004336018 7.778151250383643 7.845098040014256 7.903089986991943 7.954242509439324 8.0 8.301029995663981 8.47712125471966 8.60205999132796 8.698970004336019 8.778151250383644 8.845098040014257 8.903089986991942 8.954242509439323 8.999999999999998 9.004321373782641 9.008600171761916 9.012837224705171 9.017033339298779 9.021189299069936 9.02530586526477 9.02938377768521 9.033423755486949 9.041392685158224 9.079181246047623 9.146128035678236 9.204119982655923 9.255272505103305 9.301029995663981 9.361727836017593 9.414973347970816 9.462397997898954 9.477121254719663 9.505149978319904 9.544068044350274 9.57978359661681 9.60205999132796 9.612783856719734 9.653212513775342 9.698970004336017 9.778151250383642 9.845098040014257 9.903089986991944 9.954242509439325 10.0 10.041392685158225 10.079181246047623 10.113943352306835 10.146128035678236 
# total_gas_mass_list
8.435289640643646 10.099078841055375 10.380412479226615 10.450075773802807 10.465380427024622 10.458170569300648 10.442518850311032 10.409242371631004 10.411091590268642 10.526322713501248 10.551079872099098 10.593557630014796 10.60324514925363 10.608109749127212 10.611198160027067 10.61338776629173 10.615036865847797 10.616337378496699 10.617398713549743 10.618285235781478 10.618366269640811 10.618446213073245 10.618524817588455 10.61860206074684 10.618677942860785 10.618752519137969 10.618825839760854 10.618898764038892 10.619042033265215 10.619697542158558 10.620781293109749 10.621638343088549 10.62234605127998 10.622936224085931 10.623656743668061 10.624243805333746 10.624730156843174 10.624877711579474 10.625142475147456 10.625499181606639 10.625798494585446 10.625981571456052 10.626062537210379 10.62637194756519 10.626685295191022 10.627180546862123 10.627552545706186 10.627870156707921 10.628153680748007 10.628411795433477 10.628636013847956 10.628849476980598 10.62904238739681 10.629217028524254 
# ejected_gas_mass_list
-10.0 -10.0 -10.0 -10.0 -10.0 -10.0 -10.0 -10.0 -10.0 -10.0 9.26730096558284 9.738894626836673 9.80388193580803 9.83365829980284 9.851716369554245 9.864153203168456 9.873330390035612 9.88045733051095 9.886203613659907 9.890956413234333 9.891388747520196 9.891814921746132 9.89223362729668 9.892644762109402 9.89304834510003 9.893444686464745 9.893834068520558 9.894221064862213 9.894980555545484 9.898441830300028 9.904115801373985 9.908560842866985 9.912203873609235 9.915223171530982 9.918886586835242 9.92185321615197 9.924298677209991 9.925038433187146 9.926363284979615 9.92814311411037 9.929632086288501 9.93054082072044 9.93094222489343 9.932473467568531 9.93401981887874 9.93645494211487 9.938276914972542 9.939827709841104 9.941208359841816 9.9424622514692 9.943549150927073 9.944581912319476 9.945513564472897 9.94635562163912 
# stellar_mass_list
-10.0 8.305023526583918 9.970552847561816 10.292079185547758 10.40622001957882 10.460292940313293 10.488120763007144 10.50400759767216 10.505197804444952 10.153469225924391 10.074738177363407 9.871625601461702 9.802785230444606 9.761697741542408 9.732851570981406 9.710836199907408 9.693162897116268 9.678473443012285 9.665939146618566 9.65505549483706 9.654039978562924 9.653034734026972 9.65204324656995 9.651066131156272 9.650103505296453 9.649154831596704 9.648219274100585 9.647285012110673 9.645439664959516 9.636859587480982 9.622080821060445 9.60976377129708 9.5990852488416 9.589800874551797 9.57792981561612 9.567727538868445 9.558852497935238 9.556063498449559 9.550998847118402 9.543869514743331 9.537664614382926 9.533691839391883 9.531934819288436 9.524832751361902 9.517328104462633 9.504243910892878 9.493548172679796 9.484210887194687 9.47563009603447 9.46753843972109 9.460578854250349 9.453653920155809 9.447376078861039 9.441666568484278 
# remnant_mass_list
-10.0 -10.0 6.385530746344946 8.452130854374802 8.982104616505442 9.162713895579854 9.224574623241212 9.258471905106868 9.285957984920795 9.310195402843986 9.208727465635862 9.276631851753933 9.34368744369375 9.375484102436268 9.394957506500502 9.408455048972595 9.41851641181783 9.426392243696501 9.432784696230716 9.438099400171664 9.438584909976525 9.43906403917028 9.439534637787995 9.43999637447319 9.44044919658082 9.440893502405979 9.441329876169299 9.4417654994051 9.442622794842904 9.44652558527124 9.452960904047304 9.458049067026398 9.462289400005282 9.465832331977655 9.470162066711975 9.47373484771184 9.476726933847562 9.477656585908173 9.479289088794868 9.481562144124814 9.483450601590798 9.484658556145305 9.485163655630577 9.487261608064381 9.489347860890344 9.492893018686734 9.495631711438037 9.497963640012516 9.500106468612055 9.502142874073114 9.503799667007184 9.50550294002814 9.507002738499402 9.508326082693143 
# BH_mass_list
-10.0 -10.0 -10.0 -10.0 -10.0 -10.0 -10.0 -10.0 -10.0 -10.0 -10.0 -10.0 -10.0 -10.0 -10.0 -10.0 -10.0 -10.0 -10.0 -10.0 -10.0 -10.0 -10.0 -10.0 -10.0 -10.0 -10.0 -10.0 -10.0 -10.0 -10.0 -10.0 -10.0 -10.0 -10.0 -10.0 -10.0 -10.0 -10.0 -10.0 -10.0 -10.0 -10.0 -10.0 -10.0 -10.0 -10.0 -10.0 -10.0 -10.0 -10.0 -10.0 -10.0 -10.0 
# NS_mass_list
-10.0 -10.0 6.385530746344946 8.452130854374802 8.984072384660985 9.284846985150187 9.483133119607626 9.62366350774683 9.728560680859983 9.80916214487202 9.841081815328721 9.856032306577069 9.856032306577069 9.856032306577069 9.856032306577069 9.856032306577069 9.856032306577069 9.856032306577069 9.856032306577069 9.856032306577069 9.856032306577069 9.856032306577069 9.856032306577069 9.856032306577069 9.856032306577069 9.856032306577069 9.856032306577069 9.856032306577069 9.856032306577069 9.856032306577069 9.856032306577069 9.856032306577069 9.856032306577069 9.856032306577069 9.856032306577069 9.856032306577069 9.856032306577069 9.856032306577069 9.856032306577069 9.856032306577069 9.856032306577069 9.856032306577069 9.856032306577069 9.856032306577069 9.856032306577069 9.856032306577069 9.856032306577069 9.856032306577069 9.856032306577069 9.856032306577069 9.856032306577069 9.856032306577069 9.856032306577069 9.856032306577069 
# WD_mass_list
-10.0 -10.0 -10.0 -10.0 -10.0 -10.0 6.335012892423788 7.418670457888978 7.9238626409210235 8.238305860280498 8.45944105821908 9.105395238929347 9.201489612606434 9.245004278787823 9.271100716464456 9.28896215428684 9.302162137874687 9.312429310826593 9.320721664515608 9.32758861900577 9.328214711474581 9.328832377266046 9.329438854294668 9.330033726370692 9.3306169365062 9.331189008084849 9.331750702948842 9.332311270204656 9.333413981917213 9.338426181897585 9.346663126010606 9.353151815220011 9.358543450399972 9.363037444508644 9.368516183283612 9.373026249416586 9.376795833514658 9.377965686769217 9.380018429809606 9.382873320355591 9.385242268693199 9.386756198922408 9.387388924594989 9.390014993219712 9.392623261800065 9.397048325672445 9.400460653832038 9.403362011706804 9.406024752346484 9.408552304820866 9.410606586141789 9.412716544367433 9.41457281353917 9.416209426619133 
