# time_axis
5.999999999999999 7.0 7.30102999566398 7.477121254719661 7.602059991327962 7.698970004336018 7.778151250383643 7.845098040014256 7.903089986991943 7.954242509439324 8.0 8.041392685158224 8.079181246047623 8.113943352306837 8.146128035678238 8.176091259055681 8.204119982655925 8.230448921378272 8.255272505103306 8.278753600952827 8.301029995663981 8.47712125471966 8.60205999132796 8.698970004336019 8.778151250383644 8.845098040014257 8.903089986991942 8.954242509439323 8.999999999999998 9.004321373782641 9.008600171761916 9.012837224705171 9.017033339298779 9.021189299069936 9.02530586526477 9.02938377768521 9.033423755486949 9.041392685158224 9.079181246047623 9.146128035678236 9.204119982655923 9.255272505103305 9.301029995663981 9.361727836017593 9.414973347970816 9.462397997898954 9.477121254719663 9.505149978319904 9.544068044350274 9.57978359661681 9.60205999132796 9.612783856719734 9.653212513775342 9.698970004336017 9.778151250383642 9.845098040014257 9.903089986991944 9.954242509439325 10.0 10.041392685158225 10.079181246047623 10.113943352306835 10.146128035678236 
# total_gas_mass_list
8.702059991327962 8.6910646070265 8.680696772142515 8.670547530365278 8.660416220260162 8.650208135235898 8.63974915360126 8.629026310523438 8.618030573889259 8.60675125906662 8.595176116162834 6.293559344018845 6.297007957629706 6.296251351413191 6.311101611668653 6.295660492793695 6.30772389629433 6.288730973008473 6.303412258591484 6.289486604803654 6.303558226820507 6.749451885507269 6.752718273768254 6.754998626065483 6.756700125458622 6.75759697344314 6.7593023271095 6.760270456206663 6.761145768849629 6.761181852454028 6.761178453616717 6.761176507394266 6.761247863995994 6.761604373191249 6.76160305735078 6.761688173925577 6.761868944325764 6.762135247192643 6.763138731049911 6.764033448000329 6.765493086451475 6.76662353700222 6.766671606245969 6.767618070535984 6.768692745653838 6.7694774953525485 6.7697288520616095 6.770167414530492 6.770825281410655 6.771557546098533 6.771859853384921 6.772041537590371 6.772714148920691 6.773490898988604 6.774874779516523 6.772080472724775 6.77474372049385 6.776662829231009 6.777493353818964 6.778917625130284 6.777554969759637 6.779304606708753 6.780199476151944 
# ejected_gas_mass_list
-10.0 -10.0 6.0030102163993355 6.401882991853663 6.634811347402004 6.797532195148152 6.915354218203507 7.007697081143705 7.083757826515581 7.148521238301144 7.20498980827039 7.255223481664858 7.300585302348892 7.341585774290982 7.380293917246042 7.414639046658836 7.447329533855574 7.476472437352127 7.5046912245059545 7.530375898852735 7.555402017158344 7.596927661685141 7.597393240743233 7.597720057440557 7.597964872980169 7.5980942442684505 7.598340874791043 7.598481255905996 7.598608408889106 7.598613655304716 7.59861316111111 7.59861287813033 7.5986232540901 7.598675115901488 7.598674924417733 7.598687311774247 7.598713626897732 7.5987524102125645 7.598898736347379 7.599029446023529 7.599243179450851 7.59940913196862 7.599416196806447 7.5995554365896805 7.599713852233161 7.599829741853178 7.599866899255151 7.599931774689337 7.600029195990548 7.600137782548399 7.600182656788113 7.600209638638188 7.600309611572534 7.600425227178853 7.600631647847242 7.6002154221303755 7.600612074986092 7.600899184492948 7.601023770473066 7.601237895570299 7.601033021476652 7.601296177562055 7.601431119873951 
# stellar_mass_list
-10.0 7.099999999999999 7.375564463639507 7.535716015599068 7.6493672765365295 7.73761642310467 7.8098067841825785 7.8709154306008395 7.92391320324046 7.970684194817599 8.012530220959384 8.05039048065719 8.08494729177596 8.11674818726903 8.14601613296377 8.173451793525912 8.19895207237637 8.223068718096687 8.245657349556659 8.267168648407694 8.287439910462682 8.249784448173441 8.232668936649043 8.220458600969996 8.210814546616 8.202773308300426 8.195845135740772 8.189738078567826 8.184261154791972 8.183743689777229 8.183232205494871 8.18272500913734 8.182222274602552 8.181719731701616 8.181225894392787 8.18073404449572 8.180249757485416 8.179292567773924 8.174733362018667 8.166593962905733 8.159459549159722 8.153088447204093 8.147339552711815 8.139575982173112 8.132677780231353 8.126436018033683 8.12447344852334 8.120714056441646 8.115438435928318 8.110546310138826 8.107452033445258 8.105958568013854 8.100271427584456 8.093762017768265 8.08213452839914 8.072051570693649 8.063149877449879 8.055031807348682 8.047589488888846 8.040911648928999 8.03451245463871 8.028631919817183 8.023198511137524 
# remnant_mass_list
-10.0 -10.0 5.4354511155852565 5.835101843121029 6.071321597944204 6.236717539433976 6.3627809552053725 6.463977013167746 6.548009160798815 6.619104214018984 6.679998315885024 6.732650895196895 6.7784649943016175 6.8277850127469115 6.864519591251871 6.90603476292985 6.937877654926246 6.974149544533173 7.002419290643965 7.034697190805323 7.060166451537577 7.19425346829258 7.2489223905431395 7.28466558053776 7.311128960683243 7.3320884151639545 7.3493918907881435 7.3640971666329 7.376870730292679 7.3780576123425305 7.379227852219246 7.380385013952637 7.381528863315312 7.382669223844476 7.383786840765263 7.38489690362841 7.385987166755529 7.388133625075567 7.3982071896716475 7.415599042985747 7.4302496540073815 7.442889576217218 7.453952860952033 7.4684030225686096 7.480792746644965 7.491656377016525 7.495006719793262 7.501338575656364 7.510039910024798 7.5179225084695425 7.522816976938786 7.525155693021305 7.533917845941248 7.543678900790529 7.5604346592053195 7.574302224914385 7.58606427768089 7.596419548079437 7.60561569689637 7.613631646432384 7.621122106674342 7.627830542487194 7.633901717545954 
# BH_mass_list
-10.0 -10.0 5.15556748748756 5.456597483151541 5.631431099519636 5.7514690142064016 5.841809874116577 5.913327386387405 5.971756861855869 6.019404819059148 6.058169894904506 6.089563337762802 6.114543082305787 6.1598295788162325 6.170820435561958 6.210848414636302 6.220634689369546 6.256498926257733 6.265318587898058 6.297804063588097 6.305830901257801 6.33551965447041 6.33551965447041 6.33551965447041 6.33551965447041 6.33551965447041 6.33551965447041 6.33551965447041 6.33551965447041 6.33551965447041 6.33551965447041 6.33551965447041 6.33551965447041 6.33551965447041 6.33551965447041 6.33551965447041 6.33551965447041 6.33551965447041 6.33551965447041 6.33551965447041 6.33551965447041 6.33551965447041 6.33551965447041 6.33551965447041 6.33551965447041 6.33551965447041 6.33551965447041 6.33551965447041 6.33551965447041 6.33551965447041 6.33551965447041 6.33551965447041 6.33551965447041 6.33551965447041 6.33551965447041 6.33551965447041 6.33551965447041 6.33551965447041 6.33551965447041 6.33551965447041 6.33551965447041 6.33551965447041 6.33551965447041 
# NS_mass_list
-10.0 -10.0 5.112192170882415 5.599795315513622 5.875345376910553 6.063074801012355 6.191342656797523 6.287984578603906 6.365188678806415 6.428612123406978 6.481796622443556 6.526974816396894 6.565587352252388 6.604782915108237 6.637098300406256 6.669310964992676 6.696739184168979 6.72337434914877 6.747276277757717 6.771064156395449 6.792540796539895 6.8415546282581445 6.8415546282581445 6.8415546282581445 6.8415546282581445 6.8415546282581445 6.8415546282581445 6.8415546282581445 6.8415546282581445 6.8415546282581445 6.8415546282581445 6.8415546282581445 6.8415546282581445 6.8415546282581445 6.8415546282581445 6.8415546282581445 6.8415546282581445 6.8415546282581445 6.8415546282581445 6.8415546282581445 6.8415546282581445 6.8415546282581445 6.8415546282581445 6.8415546282581445 6.8415546282581445 6.8415546282581445 6.8415546282581445 6.8415546282581445 6.8415546282581445 6.8415546282581445 6.8415546282581445 6.8415546282581445 6.8415546282581445 6.8415546282581445 6.8415546282581445 6.8415546282581445 6.8415546282581445 6.8415546282581445 6.8415546282581445 6.8415546282581445 6.8415546282581445 6.8415546282581445 6.8415546282581445 
# WD_mass_list
-10.0 -10.0 -10.0 -10.0 -10.0 3.618855720036452 4.7577875740509965 5.178009759985042 5.441643733055167 5.634943133513226 5.785675770175463 5.908080119231689 6.010616254710641 6.099129814212786 6.176712743651766 6.24539204397901 6.307662910862154 6.366990441320005 6.4192092152140035 6.468883566115465 6.513427624036012 6.815057807351283 6.936025761356658 7.006550974143345 7.055458487292175 7.092518908118594 7.122132585638022 7.146667286344865 7.167544097982321 7.169464389972538 7.171354590689059 7.173220595236974 7.175062148148993 7.176895147768756 7.178688761241171 7.180467495755197 7.1822118452798 7.185638395103444 7.201587126883345 7.228632803983828 7.25096612770013 7.269926571767009 7.2863014217382975 7.307396399687536 7.325233681787187 7.340694198085107 7.3454296105392185 7.354338343130233 7.366496031200103 7.377427619910419 7.384177108095936 7.387392091758305 7.399380319093421 7.4126323092563045 7.435139096442605 7.453547300333778 7.46901324410904 7.482522403071289 7.494438598112581 7.504765558257936 7.514366544942898 7.522926048663681 7.5306413520909325 
