# time_axis
1000000 10000000 20000000 30000000 40000000 50000000 60000000 70000000 80000000 90000000 100000000 110000000 120000000 130000000 140000000 150000000 200000000 300000000 400000000 500000000 600000000 700000000 800000000 900000000 1000000000 1010000000 1020000000 1030000000 1040000000 1050000000 1060000000 1070000000 1080000000 1100000000 1200000000 1400000000 1600000000 1800000000 2000000000 2300000000 2600000000 2900000000 3000000000 3200000000 3500000000 3800000000 4000000000 4100000000 4500000000 5000000000 6000000000 7000000000 8000000000 9000000000 10000000000 11000000000 12000000000 13000000000 14000000000 
# SNIa_energy_release_list
0 0.0 0.0 0.0 0.0 0.0 4.182278942982292e+53 5.162181696478146e+54 1.0903946769144896e+55 1.641943711170389e+55 2.1403940628571024e+55 2.584680883321991e+55 2.981571858174575e+55 3.3387535345404296e+55 3.6629234711927824e+55 3.959495272061316e+55 5.151364657008874e+55 6.744448763599272e+55 7.834866801853553e+55 8.665094473120944e+55 9.335771976979102e+55 9.89838302721899e+55 1.0383048052879654e+56 1.0808728297900994e+56 1.118825664524819e+56 1.1224023601011418e+56 1.1259465731382706e+56 1.1294538682011482e+56 1.1329261910205296e+56 1.1363652721954096e+56 1.139769745643207e+56 1.1431408541997117e+56 1.1464804502661875e+56 1.153066294128888e+56 1.1842589982285016e+56 1.2393716450227748e+56 1.2869802727995085e+56 1.328887233591206e+56 1.366317521298496e+56 1.4158908364998309e+56 1.4593106605355977e+56 1.497937967774532e+56 1.5099346689019578e+56 1.5327268620500566e+56 1.5643689992590687e+56 1.5933940749796305e+56 1.6114876450302686e+56 1.6201949450877558e+56 1.6530138263589976e+56 1.6901338892062047e+56 1.7543271597855129e+56 1.80855986344518e+56 1.8555101592196188e+56 1.8969204235576438e+56 1.9339253628754501e+56 1.9674102315480345e+56 1.9979702638120674e+56 2.0260770066199936e+56 2.052095456865349e+56 
# SNII_energy_release_list
0 0.0 6.255813133855568e+53 7.751164812691788e+54 1.6623527059307159e+55 2.46465177513559e+55 3.101826363502229e+55 3.3577897580533313e+55 3.4552589261885356e+55 3.4922926129865957e+55 3.506342588698011e+55 3.511786348640004e+55 3.513895099253646e+55 3.5147925612552157e+55 3.5152069356188717e+55 3.515391604299434e+55 3.515559629993148e+55 3.515559629993148e+55 3.515559629993148e+55 3.515559629993148e+55 3.515559629993148e+55 3.515559629993148e+55 3.515559629993148e+55 3.515559629993148e+55 3.515559629993148e+55 3.515559629993148e+55 3.515559629993148e+55 3.515559629993148e+55 3.515559629993148e+55 3.515559629993148e+55 3.515559629993148e+55 3.515559629993148e+55 3.515559629993148e+55 3.515559629993148e+55 3.515559629993148e+55 3.515559629993148e+55 3.515559629993148e+55 3.515559629993148e+55 3.515559629993148e+55 3.515559629993148e+55 3.515559629993148e+55 3.515559629993148e+55 3.515559629993148e+55 3.515559629993148e+55 3.515559629993148e+55 3.515559629993148e+55 3.515559629993148e+55 3.515559629993148e+55 3.515559629993148e+55 3.515559629993148e+55 3.515559629993148e+55 3.515559629993148e+55 3.515559629993148e+55 3.515559629993148e+55 3.515559629993148e+55 3.515559629993148e+55 3.515559629993148e+55 3.515559629993148e+55 3.515559629993148e+55 
# SN_energy_per_current_crossing_time_list
0.0 0.0 4.591465359435004e+53 4.7646498341342466e+54 5.900238136053714e+54 5.3978327588196404e+54 4.358379175173275e+54 1.892351173399407e+54 8.319428468143727e+53 4.074955202269168e+53 2.3317594999815216e+53 1.5863506485875786e+53 1.2279022000940877e+53 1.0392530464503615e+53 9.1936621082383e+52 8.312698882619077e+52 6.743459089926813e+52 4.630548212075131e+52 3.2407713968711045e+52 2.511475937025999e+52 2.0589864108148927e+52 1.7492143499611164e+52 1.5237481487167354e+52 1.351676277457975e+52 1.2160781145813635e+52 1.147013442348776e+52 1.1375379800708609e+52 1.12661552442448e+52 1.1163001944212083e+52 1.1065274291062705e+52 1.0963017475025278e+52 1.0864630775554207e+52 1.0771939630972722e+52 1.0637936277949789e+52 1.0153514515976587e+52 9.092890760141599e+51 7.948716477370456e+51 7.071459277939169e+51 6.376116355555576e+51 5.700672828567723e+51 5.048521794475203e+51 4.535566811174193e+51 4.239304099756126e+51 4.049982387632559e+51 3.778783093155217e+51 3.491037539714681e+51 3.278855263422013e+51 3.1621572920579355e+51 3.0036516921169475e+51 2.7409432499947276e+51 2.4048055945467846e+51 2.0557916190536303e+51 1.7983459649481956e+51 1.601496642216071e+51 1.444353989836238e+51 1.3173479060921774e+51 1.2117986749141023e+51 1.1226642757044383e+51 1.04619231174465e+51 
# SN_energy_per_final_crossing_time_list
0.0 0.0 6.70783851985369e+53 7.640455756967581e+54 9.513451243909272e+54 8.602706771610969e+54 6.848964995378523e+54 2.9353376827940293e+54 1.2759940984640578e+54 6.18872082990887e+53 3.5107688030098394e+53 2.370171850817629e+53 1.8219962378159653e+53 1.5324453577368941e+53 1.347906963747006e+53 1.2123055257960385e+53 9.620959232428474e+52 6.405732580383022e+52 4.3845308135251464e+52 3.338314920707709e+52 2.6967695676715275e+52 2.2622383336172554e+52 1.948820236548215e+52 1.7116446037457712e+52 1.5260695212031904e+52 1.4381761319810611e+52 1.425115022479381e+52 1.4102704408606734e+52 1.3962082304193644e+52 1.3828418874666883e+52 1.3689262477349888e+52 1.3555103477007866e+52 1.342839291399925e+52 1.324071793387886e+52 1.2542471555302316e+52 1.1080296253686254e+52 9.571627034477826e+51 8.425317375827388e+51 7.525290487420094e+51 6.644415884658644e+51 5.819650498672957e+51 5.177299374826745e+51 4.8238293854769475e+51 4.5823285042883467e+51 4.241062318350793e+51 3.890292053050411e+51 3.637678974052153e+51 3.50117331750915e+51 3.299087853259311e+51 2.985168139993959e+51 2.581187792220804e+51 2.180677061040545e+51 1.8878541192945445e+51 1.6650914935061982e+51 1.4879549952356697e+51 1.3464142496838702e+51 1.228807653792029e+51 1.1301617873680004e+51 1.04619231174465e+51 
# total_energy_release_list
0 0 6.255813133855568e+53 7.751164812691788e+54 1.6623527059307159e+55 2.46465177513559e+55 3.143649152932052e+55 3.874007927701146e+55 4.5456536031030254e+55 5.134236324156985e+55 5.646736651555114e+55 6.096467231961995e+55 6.49546695742822e+55 6.853546095795645e+55 7.178130406811655e+55 7.47488687636075e+55 8.666924287002023e+55 1.026000839359242e+56 1.13504264318467e+56 1.2180654103114091e+56 1.285133160697225e+56 1.3413942657212139e+56 1.3898607682872803e+56 1.4324287927894142e+56 1.4703816275241339e+56 1.4739583231004567e+56 1.4775025361375855e+56 1.481009831200463e+56 1.4844821540198444e+56 1.4879212351947245e+56 1.4913257086425219e+56 1.4946968171990266e+56 1.4980364132655024e+56 1.5046222571282029e+56 1.5358149612278165e+56 1.5909276080220896e+56 1.6385362357988233e+56 1.6804431965905208e+56 1.7178734842978108e+56 1.7674467994991457e+56 1.8108666235349126e+56 1.849493930773847e+56 1.8614906319012727e+56 1.8842828250493715e+56 1.9159249622583836e+56 1.9449500379789454e+56 1.9630436080295833e+56 1.9717509080870704e+56 2.0045697893583125e+56 2.0416898522055196e+56 2.1058831227848275e+56 2.1601158264444947e+56 2.2070661222189336e+56 2.2484763865569585e+56 2.285481325874765e+56 2.3189661945473493e+56 2.3495262268113822e+56 2.3776329696193085e+56 2.4036514198646637e+56 
# binding_energy_list
3.5399734108343427e+53 3.5399734108343427e+53 3.5318316979195846e+53 3.5237087104248475e+53 3.5075187395256937e+53 3.4914031547858552e+53 3.4833731503601304e+53 3.475361614432033e+53 3.4593937782612313e+53 3.4514373933585365e+53 3.443499307633377e+53 3.443499307633377e+53 3.435579478998757e+53 3.4276778654644765e+53 3.41979442513708e+53 3.41979442513708e+53 3.396252725904075e+53 3.3573761424295727e+53 3.334264127632374e+53 3.311311214825935e+53 3.2885163087598533e+53 3.2734069487883862e+53 3.2583670100200737e+53 3.243396173493513e+53 3.235936569296268e+53 3.235936569296268e+53 3.228494121712638e+53 3.228494121712638e+53 3.228494121712638e+53 3.228494121712638e+53 3.228494121712638e+53 3.228494121712638e+53 3.2210687912834544e+53 3.2210687912834544e+53 3.213660538640302e+53 3.1915378551007453e+53 3.1768740706497884e+53 3.1622776601683794e+53 3.1477483141012982e+53 3.1332857243156016e+53 3.1188895840939355e+53 3.1045595881283368e+53 3.097419299216578e+53 3.0902954325136047e+53 3.0831879502493343e+53 3.0690219883911705e+53 3.0690219883911705e+53 3.061963433690657e+53 3.0549211132155093e+53 3.040885025676258e+53 3.026913428101317e+53 3.0130060241861156e+53 2.9991625189876286e+53 2.9853826189179694e+53 2.971666031738019e+53 2.9648313895243513e+53 2.951209226666378e+53 2.9444216337987693e+53 2.9376496519615546e+53 
# total_gas_kinetic_energy_list
3.90366938458508e+57 4.103784889030969e+58 1.730107207676708e+58 6.596492963825371e+57 2.508198006304027e+57 9.543078636298568e+56 3.6362996431301785e+56 1.3904147138247738e+56 5.362189776559248e+55 2.111917197624933e+55 8.7214785722668e+54 3.961263519914556e+54 2.1067421757169904e+54 1.3617866507096396e+54 1.043856043418078e+54 8.923757511844895e+53 3.0187747934620198e+54 6.21011520783319e+54 8.60974655304589e+54 1.0514956488178383e+55 1.2100877195478616e+55 1.3461390017379134e+55 1.467453250149741e+55 1.577122311815924e+55 1.6779508470670397e+55 1.687515608103291e+55 1.6968219473823536e+55 1.706079994860764e+55 1.7153453681597093e+55 1.7246535760369802e+55 1.734010966763002e+55 1.7434212965384399e+55 1.7527244986678036e+55 1.7703115723927917e+55 1.856091554499255e+55 2.011601737177086e+55 2.148454106542225e+55 2.271693632216858e+55 2.3821530474052038e+55 2.527875900776058e+55 2.656202287403133e+55 2.769945513428029e+55 2.8066631030827856e+55 2.8723367724573435e+55 2.9651812040973757e+55 3.046007796782386e+55 3.0958167339272013e+55 3.118219239459644e+55 3.206919656317737e+55 3.298818734512562e+55 3.452785620149525e+55 3.574893016158976e+55 3.68363384031755e+55 3.7853531300778995e+55 3.883437723800219e+55 3.968275025962734e+55 4.053025649222412e+55 4.1323076512536597e+55 4.204926601546804e+55 
