# time_axis
5.999999999999999 7.0 7.30102999566398 7.477121254719661 7.602059991327962 7.698970004336018 7.778151250383643 7.845098040014256 7.903089986991943 7.954242509439324 8.0 8.041392685158224 8.079181246047623 8.113943352306837 8.146128035678238 8.176091259055681 8.301029995663981 8.47712125471966 8.60205999132796 8.698970004336019 8.778151250383644 8.845098040014257 8.903089986991942 8.954242509439323 8.999999999999998 9.004321373782641 9.008600171761916 9.012837224705171 9.017033339298779 9.021189299069936 9.02530586526477 9.02938377768521 9.033423755486949 9.041392685158224 9.079181246047623 9.146128035678236 9.204119982655923 9.255272505103305 9.301029995663981 9.361727836017593 9.414973347970816 9.462397997898954 9.477121254719663 9.505149978319904 9.544068044350274 9.57978359661681 9.60205999132796 9.612783856719734 9.653212513775342 9.698970004336017 9.778151250383642 9.845098040014257 9.903089986991944 9.954242509439325 10.0 10.041392685158225 10.079181246047623 10.113943352306835 10.146128035678236 
# total_gas_mass_list
8.834045203312508 9.856305601049177 9.48120018621867 9.062454861705408 8.642530376141666 8.222914552985689 7.8040387079968365 7.386805952812002 6.973312774354096 6.568827228488549 6.184447232714284 5.840337914532839 5.56328074055857 5.369925736280327 5.250624874346387 5.179419561299962 5.70451996529398 6.012852906354643 6.153620022776179 6.242241987427977 6.305515109517877 6.353771407751843 6.392515874383931 6.424582378773546 6.451952422963354 6.4544516274382575 6.456871098390929 6.459263196222597 6.461642982564487 6.464019606505662 6.466393773712605 6.468766718022232 6.471099288935487 6.4754752241454625 6.496153682011262 6.531075685825571 6.5593823190536 6.5831941601524555 6.603342279390778 6.628484327106807 6.649402295710877 6.667078460030403 6.672617992396763 6.682350492506755 6.695716662046436 6.707009543258572 6.713814909096671 6.716842852972603 6.728592501079421 6.740419387842745 6.7594469569359354 6.773907122701619 6.786378428903895 6.797717468096792 6.808357615817577 6.817364425604911 6.8261542153097166 6.834239930662705 6.841504059921445 
# ejected_gas_mass_list
-10.0 -10.0 4.2533027450530225 5.347271129715255 5.682324414225523 5.852336824086904 5.958104941100649 6.031356542100535 6.086121932594713 6.130701472862495 6.167983611221437 6.199632670104726 6.226930729799575 6.250822632058919 6.27199706754689 6.29095824468312 6.363504469104578 6.452251907080741 6.508847200210613 6.5502030022000906 6.582490549497784 6.608659127174689 6.630627985051068 6.649448316219124 6.665963473195907 6.667492011926691 6.6689750373678365 6.670444426064943 6.67190934808598 6.673375401262535 6.6748430060595245 6.676312914097062 6.677760789959618 6.680484973616346 6.693497633387205 6.7159901681311345 6.734689273337467 6.75073642866334 6.764536675511985 6.7820374847105125 6.796830269069596 6.8094916778459105 6.813489579553595 6.820547784840394 6.8303115843313185 6.838623590973832 6.843660033707287 6.84590750073991 6.854666638395944 6.863543858616296 6.8779511975221395 6.889001704558242 6.89860143916774 6.907384305381136 6.915672521312813 6.922723300506787 6.92963463112759 6.936018607406457 6.941775134738 
# stellar_mass_list
-10.0 6.62643689281076 7.679578592879776 7.750703754905816 7.74973089796581 7.736251403322269 7.722039179232398 7.70961509084404 7.699175726718169 7.6903840192286195 7.682869725608639 7.676330568385829 7.670547715503908 7.665362967241173 7.660660608147506 7.6563567195599775 7.638942029412024 7.615361689958026 7.598921689196534 7.586215000797681 7.575806525922109 7.5669881275106485 7.559300796460304 7.552487905016531 7.546326783505303 7.54574939926741 7.545187280743464 7.544628899108139 7.544070129064637 7.54350941655561 7.542946264341708 7.542380556538789 7.541822001589152 7.540768626138224 7.535664665360382 7.52651606000427 7.518519219608665 7.511359179656148 7.504955899913933 7.496405988857113 7.488761899864775 7.481895394638136 7.479659749232771 7.47563875706221 7.4698035588235205 7.4645142484680305 7.46114644052555 7.459602018666353 7.453296893585333 7.446415516396243 7.433905093416703 7.423273063023972 7.413979088683048 7.405441363928072 7.397338881956565 7.390418005245166 7.383486158323081 7.377246059124953 7.371530880949777 
# remnant_mass_list
-10.0 -10.0 5.247819148507154 6.323784889389902 6.562154506025737 6.670011159995956 6.730334176316955 6.768578389913153 6.7954178899708895 6.815738752378604 6.8319804830203665 6.845475397026582 6.857007744883573 6.86706701533021 6.87597654449893 6.883960579463905 6.9146516015231105 6.952611180617078 6.976907617855803 6.9945925655596275 7.008422231137267 7.019703428791437 7.029228451619628 7.037438860144479 7.044684984970454 7.045355323052423 7.046006188171675 7.046651423582844 7.047295968304899 7.047941543417111 7.048588824409086 7.049238051174875 7.049877555044201 7.0510785404061 7.056834679089885 7.066886458039538 7.075402696518632 7.082823665041661 7.089300249248824 7.097722172659146 7.105042859257539 7.111455951442285 7.113513211422753 7.117168820044515 7.122390323849431 7.127032423033917 7.12994644661991 7.13126995394231 7.136612796232822 7.142310887923799 7.152353171606735 7.160568333591222 7.167520330792737 7.173730181397259 7.17947486226349 7.1842579504728645 7.188953734354253 7.193091196597057 7.196808177063404 
# BH_mass_list
-10.0 -10.0 5.013904606621271 6.075580511422789 6.217035385413337 6.260787926125213 6.276332917497696 6.282105047297924 6.284209679354448 6.284946527577744 6.285185922562236 6.285244580198171 6.285257846607299 6.285263853286412 6.285267027036074 6.285269060399744 6.285270605342558 6.285270605342558 6.285270605342558 6.285270605342558 6.285270605342558 6.285270605342558 6.285270605342558 6.285270605342558 6.285270605342558 6.285270605342558 6.285270605342558 6.285270605342558 6.285270605342558 6.285270605342558 6.285270605342558 6.285270605342558 6.285270605342558 6.285270605342558 6.285270605342558 6.285270605342558 6.285270605342558 6.285270605342558 6.285270605342558 6.285270605342558 6.285270605342558 6.285270605342558 6.285270605342558 6.285270605342558 6.285270605342558 6.285270605342558 6.285270605342558 6.285270605342558 6.285270605342558 6.285270605342558 6.285270605342558 6.285270605342558 6.285270605342558 6.285270605342558 6.285270605342558 6.285270605342558 6.285270605342558 6.285270605342558 6.285270605342558 
# NS_mass_list
-10.0 -10.0 4.867371666889852 5.9626023096814365 6.301147385846944 6.455261997498184 6.5372158443899036 6.566022280653939 6.576486319776606 6.5803686376236525 6.581807013517543 6.58233751430969 6.582525052895125 6.582595088667995 6.582623059387295 6.582634082033424 6.5826439772307905 6.5826439772307905 6.5826439772307905 6.5826439772307905 6.5826439772307905 6.5826439772307905 6.5826439772307905 6.5826439772307905 6.5826439772307905 6.5826439772307905 6.5826439772307905 6.5826439772307905 6.5826439772307905 6.5826439772307905 6.5826439772307905 6.5826439772307905 6.5826439772307905 6.5826439772307905 6.5826439772307905 6.5826439772307905 6.5826439772307905 6.5826439772307905 6.5826439772307905 6.5826439772307905 6.5826439772307905 6.5826439772307905 6.5826439772307905 6.5826439772307905 6.5826439772307905 6.5826439772307905 6.5826439772307905 6.5826439772307905 6.5826439772307905 6.5826439772307905 6.5826439772307905 6.5826439772307905 6.5826439772307905 6.5826439772307905 6.5826439772307905 6.5826439772307905 6.5826439772307905 6.5826439772307905 6.5826439772307905 
# WD_mass_list
-10.0 -10.0 -10.0 -10.0 -10.0 3.237444357303596 4.5998995901280315 5.436155300418851 5.738839124883678 5.908493027980271 6.019380105937332 6.098665187434009 6.158930715601884 6.206780261572364 6.2460518445612845 6.2791028275407 6.391287384323647 6.506832350029874 6.571514421653106 6.615152702239228 6.647577081621604 6.6730486187123335 6.6939323615919655 6.711509743769508 6.72671653026385 6.728109369375772 6.729459535373814 6.730795882117179 6.732128680142833 6.733461496507549 6.73479572219488 6.7361318436575095 6.737445893941424 6.739908178730261 6.751611737441775 6.771676338521041 6.788324727915395 6.802584252803226 6.814849622057421 6.830560503795768 6.844007891486595 6.855635388136543 6.859336115570389 6.86587781999368 6.875147334019028 6.88331672019786 6.888411398457967 6.890716924569622 6.899971658971696 6.909751318287564 6.926768456290095 6.940491029281327 6.951970324846691 6.962124688411573 6.971437528932266 6.979133892898582 6.986640153357588 6.9932141105714996 6.9990888216667635 
