# time_axis
1000000 10000000 20000000 30000000 40000000 50000000 60000000 70000000 80000000 90000000 100000000 110000000 120000000 130000000 140000000 150000000 200000000 300000000 400000000 500000000 600000000 700000000 800000000 900000000 1000000000 1010000000 1020000000 1030000000 1040000000 1050000000 1060000000 1070000000 1080000000 1100000000 1200000000 1400000000 1600000000 1800000000 2000000000 2300000000 2600000000 2900000000 3000000000 3200000000 3500000000 3800000000 4000000000 4100000000 4500000000 5000000000 6000000000 7000000000 8000000000 9000000000 10000000000 11000000000 12000000000 13000000000 14000000000 
# SNIa_energy_release_list
0 0.0 0.0 0.0 0.0 0.0 8.820359977347759e+53 4.2781371517377543e+55 1.2825331584569948e+56 2.312069096089233e+56 3.346627949010999e+56 4.312691520376646e+56 5.189867671029892e+56 5.980615020384304e+56 6.694973596945581e+56 7.344106032554179e+56 9.906740706899817e+56 1.3244810773734088e+57 1.5493491025446746e+57 1.7192489854874424e+57 1.855865211976464e+57 1.9701330935518113e+57 2.0683506327468773e+57 2.1544759557634998e+57 2.231166805054105e+57 2.2383906596969736e+57 2.2455434002743703e+57 2.2526252008791228e+57 2.25963563658144e+57 2.2665772221417303e+57 2.2734502825163755e+57 2.2802552779710283e+57 2.2869946814885953e+57 2.30028305009348e+57 2.363194355274099e+57 2.4742470269494662e+57 2.5700838610457638e+57 2.654374861357712e+57 2.7296136711991315e+57 2.8292061332069978e+57 2.916388824825893e+57 2.9939149361941208e+57 3.0179730455902034e+57 3.063711883873787e+57 3.1271811944903722e+57 3.185384179289036e+57 3.2216625701238944e+57 3.23911938400479e+57 3.3049041644652654e+57 3.3792986830757504e+57 3.5079233082083116e+57 3.616547718243648e+57 3.710577297601884e+57 3.7934849578934116e+57 3.867575013855494e+57 3.934622196114284e+57 3.9957966812038755e+57 4.052056582612452e+57 4.104134536326416e+57 
# SNII_energy_release_list
0 0.0 1.3193410708344455e+54 6.405444258834974e+55 1.9476030601661869e+56 3.4949977995568814e+56 4.960472832030541e+56 5.985422853271853e+56 6.541494720574493e+56 6.812059076523111e+56 6.935977994408391e+56 6.990605522633967e+56 7.014077647022649e+56 7.024069647316715e+56 7.028370815096623e+56 7.030239872427207e+56 7.031815886621618e+56 7.031815886621618e+56 7.031815886621618e+56 7.031815886621618e+56 7.031815886621618e+56 7.031815886621618e+56 7.031815886621618e+56 7.031815886621618e+56 7.031815886621618e+56 7.031815886621618e+56 7.031815886621618e+56 7.031815886621618e+56 7.031815886621618e+56 7.031815886621618e+56 7.031815886621618e+56 7.031815886621618e+56 7.031815886621618e+56 7.031815886621618e+56 7.031815886621618e+56 7.031815886621618e+56 7.031815886621618e+56 7.031815886621618e+56 7.031815886621618e+56 7.031815886621618e+56 7.031815886621618e+56 7.031815886621618e+56 7.031815886621618e+56 7.031815886621618e+56 7.031815886621618e+56 7.031815886621618e+56 7.031815886621618e+56 7.031815886621618e+56 7.031815886621618e+56 7.031815886621618e+56 7.031815886621618e+56 7.031815886621618e+56 7.031815886621618e+56 7.031815886621618e+56 7.031815886621618e+56 7.031815886621618e+56 7.031815886621618e+56 7.031815886621618e+56 7.031815886621618e+56 
# SN_energy_per_current_crossing_time_list
0.0 0.0 4.843239164505213e+54 1.6147581828765864e+56 3.0307554502155353e+56 3.488435306394957e+56 3.3008625497546148e+56 2.3624792740530454e+56 1.3491892424653707e+56 7.166697468279048e+55 3.807986090016193e+55 2.1445712600309562e+55 1.3407400757934683e+55 9.49545138791721e+54 7.493212863688728e+54 6.353907118100263e+54 4.847677461234987e+54 3.2078096031071365e+54 2.2108410683436573e+54 1.7007821748342223e+54 1.3882417524391066e+54 1.1761238997378871e+54 1.0223829445715489e+54 9.055730945772408e+53 8.137432406266641e+53 7.671689212387496e+53 7.602608682259822e+53 7.533482202795835e+53 7.463737974930949e+53 7.396544900361403e+53 7.329591783330816e+53 7.263034293837122e+53 7.1990113372824445e+53 7.108635520627198e+53 6.782441214085536e+53 6.069021296805959e+53 5.300314588334639e+53 4.711821627848973e+53 4.246328897995766e+53 3.794326563672722e+53 3.3585072662329423e+53 3.0161139480148915e+53 2.8168733224917242e+53 2.692961637714408e+53 2.5115604192027365e+53 2.3196481450662637e+53 2.178496742362835e+53 2.1007527559159534e+53 1.9951360810605534e+53 1.8203783297921671e+53 1.5968324826136113e+53 1.3645877519383018e+53 1.1936313051805714e+53 1.0626872091352418e+53 9.583076044895032e+52 8.741611194512504e+52 8.039858138745129e+52 7.447928667382808e+52 6.941055483067552e+52 
# SN_energy_per_final_crossing_time_list
0.0 0.0 4.6891855616036774e+54 2.229723145476063e+56 4.645531478961211e+56 5.499731063070072e+56 5.209748659035858e+56 3.6987088543894007e+56 2.0903024320695556e+56 1.0988550974184924e+56 5.783191767199761e+55 3.2291539441994e+55 2.0033615105295453e+55 1.4090585605584855e+55 1.1049831934101975e+55 9.316067015488512e+54 6.943092122696974e+54 4.449047608038359e+54 2.99708672820438e+54 2.2644601601469226e+54 1.8208488243526935e+54 1.5229855426028835e+54 1.3090633182473733e+54 1.1478958041225964e+54 1.0221512214043528e+54 9.628100242411564e+53 9.533317971053698e+53 9.438767734153369e+53 9.343651142194435e+53 9.251886274001468e+53 9.160554514279473e+53 9.06983620596977e+53 8.982413939522535e+53 8.85550383493958e+53 8.384946577764571e+53 7.400662858945521e+53 6.3866639848944854e+53 5.61723789208374e+53 5.013990722999965e+53 4.424628562844676e+53 3.873295425633409e+53 3.444279213611981e+53 3.2065137016155376e+53 3.0480826493408307e+53 2.8197728920088705e+53 2.5858040236281767e+53 2.4176288204815366e+53 2.3266796228284916e+53 2.191982300348867e+53 1.983090519061778e+53 1.714335137738911e+53 1.4477682072761894e+53 1.2532453386317182e+53 1.1050101415573205e+53 9.874873194922e+52 8.936184678024755e+52 8.153459667158519e+52 7.498433968694071e+52 6.941055483067552e+52 
# total_energy_release_list
0 0 1.3193410708344455e+54 6.405444258834974e+55 1.9476030601661869e+56 3.4949977995568814e+56 4.969293192007889e+56 6.413236568445629e+56 7.824027879031488e+56 9.124128172612344e+56 1.028260594341939e+57 1.1303297043010613e+57 1.2203945318052541e+57 1.300468466770102e+57 1.3723344412042204e+57 1.4374345904981385e+57 1.6938556593521434e+57 2.0276626660355707e+57 2.2525306912068365e+57 2.422430574149604e+57 2.559046800638626e+57 2.673314682213973e+57 2.771532221409039e+57 2.8576575444256615e+57 2.9343483937162666e+57 2.9415722483591353e+57 2.948724988936532e+57 2.9558067895412846e+57 2.9628172252436016e+57 2.969758810803892e+57 2.9766318711785373e+57 2.98343686663319e+57 2.990176270150757e+57 3.003464638755642e+57 3.0663759439362606e+57 3.177428615611628e+57 3.273265449707926e+57 3.357556450019874e+57 3.432795259861293e+57 3.53238772186916e+57 3.619570413488055e+57 3.6970965248562825e+57 3.721154634252365e+57 3.766893472535949e+57 3.830362783152534e+57 3.888565767951198e+57 3.924844158786056e+57 3.9423009726669514e+57 4.008085753127427e+57 4.082480271737912e+57 4.2111048968704734e+57 4.31972930690581e+57 4.413758886264046e+57 4.4966665465555734e+57 4.570756602517656e+57 4.6378037847764456e+57 4.698978269866037e+57 4.755238171274614e+57 4.807316124988578e+57 
# binding_energy_list
8.9536476554959e+54 8.9536476554959e+54 8.9536476554959e+54 8.933054837332963e+54 8.912509381337514e+54 8.871560120379617e+54 8.85115609830841e+54 8.830799004185586e+54 8.810488730080146e+54 8.770008211436303e+54 8.749837752274363e+54 8.729713683881166e+54 8.729713683881166e+54 8.709635899560761e+54 8.68960429286302e+54 8.669618757582214e+54 8.609937521846052e+54 8.51138038202376e+54 8.452788451602891e+54 8.394599865193965e+54 8.336811846196331e+54 8.298507675144166e+54 8.260379495771817e+54 8.241381150129963e+54 8.20351544329821e+54 8.20351544329821e+54 8.20351544329821e+54 8.184647881347836e+54 8.184647881347836e+54 8.184647881347836e+54 8.184647881347836e+54 8.184647881347836e+54 8.184647881347836e+54 8.165823713585906e+54 8.147042840208421e+54 8.090958991783846e+54 8.053784411990643e+54 8.016780633876855e+54 7.979946872679785e+54 7.94328234724279e+54 7.90678627999831e+54 7.870457896951001e+54 7.852356346100775e+54 7.834296427662088e+54 7.816278045883308e+54 7.798301105232642e+54 7.780365510398008e+54 7.762471166286928e+54 7.744617978025239e+54 7.709034690644309e+54 7.673614893618154e+54 7.638357835776954e+54 7.603262769401822e+54 7.568328950209705e+54 7.533555637337217e+54 7.516228940182015e+54 7.481695005111584e+54 7.464487584100623e+54 7.447319739059888e+54 
# total_gas_kinetic_energy_list
2.4816809505278643e+57 1.1337120272663251e+59 1.4094244974086614e+59 8.841602662531943e+58 4.5980349368199053e+58 2.18657884457185e+58 9.866030491314241e+57 4.300593928191178e+57 1.829678218572156e+57 7.6481257323868365e+56 3.1565577121278672e+56 1.2924744822333255e+56 5.28341273034196e+55 2.1803898318712842e+55 9.280043024698741e+54 7.464967030340908e+54 5.423587308868542e+55 1.2021463956003103e+56 1.6939149976090526e+56 2.0825866783266637e+56 2.4047828526383198e+56 2.6798771589354382e+56 2.9255552214047186e+56 3.1475243666022525e+56 3.350302944841601e+56 3.369832935249472e+56 3.3888730823182108e+56 3.4076206461178175e+56 3.426259329278578e+56 3.4448836343088104e+56 3.463544996386909e+56 3.4822795528949978e+56 3.501114353891818e+56 3.537178619054111e+56 3.7099959151001048e+56 4.023457833739486e+56 4.29793177896842e+56 4.546021499482067e+56 4.771195023893771e+56 5.060956789531343e+56 5.318389405997481e+56 5.54699102568668e+56 5.620769186116635e+56 5.752643268058489e+56 5.939178399910224e+56 6.101165434534108e+56 6.201602103522512e+56 6.246318887566112e+56 6.424350812768688e+56 6.60881040467668e+56 6.917735431851562e+56 7.162695662113941e+56 7.380891462684345e+56 7.585940797469715e+56 7.779561561813102e+56 7.950458824032767e+56 8.121607636686272e+56 8.27953230227662e+56 8.427840214001162e+56 
