# time_axis
5.999999999999999 7.0 7.30102999566398 7.477121254719661 7.602059991327962 7.698970004336018 7.778151250383643 7.845098040014256 7.903089986991943 7.954242509439324 8.0 8.041392685158224 8.079181246047623 8.113943352306837 8.146128035678238 8.176091259055681 8.301029995663981 8.47712125471966 8.60205999132796 8.698970004336019 8.778151250383644 8.845098040014257 8.903089986991942 8.954242509439323 8.999999999999998 9.004321373782641 9.008600171761916 9.012837224705171 9.017033339298779 9.021189299069936 9.02530586526477 9.02938377768521 9.033423755486949 9.041392685158224 9.079181246047623 9.146128035678236 9.204119982655923 9.255272505103305 9.301029995663981 9.361727836017593 9.414973347970816 9.462397997898954 9.477121254719663 9.505149978319904 9.544068044350274 9.57978359661681 9.60205999132796 9.612783856719734 9.653212513775342 9.698970004336017 9.778151250383642 9.845098040014257 9.903089986991944 9.954242509439325 10.0 10.041392685158225 10.079181246047623 10.113943352306835 10.146128035678236 
# total_gas_mass_list
8.628290912707383 10.297476808966888 10.392220478041999 10.189734262166539 9.905878173699127 9.583310210559304 9.238141954802755 8.878445707956773 8.509285877284624 8.13490797814752 7.760450959312063 7.394224014721907 7.050867968138934 6.752974225738414 6.523950964404479 6.370454306554878 7.008426438592549 7.323207248887036 7.464126106505094 7.5523678366510145 7.61525846932331 7.663112879707481 7.701609424247613 7.733462554352183 7.760509459373108 7.763019832458364 7.765452896228302 7.767833978955729 7.770186195356838 7.772522953206673 7.774850695716369 7.777173679022802 7.779491704375713 7.783899220675026 7.804389245222186 7.83902543508707 7.867006911833992 7.890594590579551 7.910786202223749 7.935479124314857 7.956152930531618 7.973713690670553 7.979251287572694 7.988858097957085 8.00212270003411 8.013298100723576 8.020078015548286 8.023067053813985 8.034722756332737 8.046456813934471 8.06533118195364 8.079673496402123 8.092064232326804 8.10336647481488 8.113644985480354 8.12266806208067 8.131540178886752 8.139521891180681 8.146882918738509 
# ejected_gas_mass_list
-10.0 -10.0 4.369343964450341 6.060052670350748 6.605210969503461 6.8927139168908536 7.063016755984524 7.176092277988449 7.258392971474453 7.322145267297407 7.373432761816054 7.415724769596194 7.451297365824001 7.481750868433515 7.508241657781234 7.531584385185845 7.61799075969178 7.718860176136255 7.781115928418072 7.82588470196212 7.860515566190633 7.888364768284995 7.911691021101358 7.931602371347429 7.948935462623634 7.950563834591791 7.952145212475348 7.953695805145517 7.955230508735058 7.956757984533573 7.958282394816028 7.959806497139335 7.961330138832175 7.964234883296644 7.977869933638105 8.00140217852264 8.020846872840611 8.037531761324434 8.052022916593483 8.07000007906838 8.08526251410991 8.09837458127263 8.102537033865858 8.10978931358261 8.119867063418951 8.128414535230032 8.133625213120174 8.13592839139636 8.144944151020296 8.154075467641222 8.168876888172301 8.18021609010152 8.19007493103738 8.199117424580162 8.207381420276665 8.214667425248981 8.22185976780549 8.228353917981732 8.234362670112018 
# stellar_mass_list
-10.0 6.950510207441302 8.626852904611749 8.928197367543985 9.012304983083293 9.032036128631704 9.029654409946962 9.020386891154935 9.009906759645137 9.000122866651838 8.991495236897254 8.983980773984456 8.977403280908938 8.971582737704876 8.966369677462982 8.961649817087968 8.942927809008204 8.918260680161755 8.901334306790973 8.888347939291357 8.877765615839042 8.868811894092051 8.8610340500411 8.854140853800839 8.847941954438616 8.84734846539457 8.846771950152732 8.846206298219073 8.845645126434723 8.845084669821391 8.84452314361986 8.843959489823375 8.84339662506318 8.842314135401242 8.837169314835627 8.827956532487852 8.819933485407022 8.812724896101493 8.806282354123926 8.797708316232503 8.790041842139562 8.78315202520764 8.780919956292566 8.776872401789111 8.771013973093224 8.765731119593974 8.762338394713003 8.760795635096793 8.754475025626117 8.74759518678399 8.735068737320555 8.72442124907476 8.715111731825257 8.706558393029614 8.698458638394365 8.691523370203349 8.684593124729332 8.67833929603369 8.672624940215146 
# remnant_mass_list
-10.0 -10.0 5.571892463137695 7.253779862639173 7.666549180347657 7.858228448863334 7.962690639313008 8.025382024756823 8.066134885608772 8.094673803398011 8.115996978803695 8.132801230357094 8.146605755629583 8.158302911027988 8.168444333531207 8.177393224595313 8.210886083739629 8.250992849527524 8.276167755613043 8.294326173677563 8.308438048841145 8.319926992641134 8.329588273536643 8.33791365017749 8.345217457965079 8.345908071972804 8.346577090905926 8.347231915879773 8.34788022557833 8.348526471651386 8.3491727686187 8.349820444884449 8.350465989430525 8.35170279050453 8.357513511905 8.36764868744617 8.376201459808255 8.383680036734246 8.390201574282747 8.398652417218056 8.405998604170085 8.41243629389127 8.414491049286006 8.418172583976602 8.423416610396927 8.428053847403476 8.43099046782754 8.432312683393569 8.437669590451094 8.443366929099644 8.453423108573887 8.461650715202612 8.468614449994371 8.474835495251293 8.480577686150747 8.485370400313297 8.490064478490394 8.494210640729529 8.497926450211622 
# BH_mass_list
-10.0 -10.0 5.337977921251812 7.0163680623930125 7.362270374665032 7.490821360235353 7.5451560959684425 7.568801624704859 7.579073870518769 7.583485868355268 7.585335536350435 7.586087920102361 7.586384223231161 7.586493017580449 7.586522963363381 7.586531277785652 7.586536184629141 7.586536184629141 7.586536184629141 7.586536184629141 7.586536184629141 7.586536184629141 7.586536184629141 7.586536184629141 7.586536184629141 7.586536184629141 7.586536184629141 7.586536184629141 7.586536184629141 7.586536184629141 7.586536184629141 7.586536184629141 7.586536184629141 7.586536184629141 7.586536184629141 7.586536184629141 7.586536184629141 7.586536184629141 7.586536184629141 7.586536184629141 7.586536184629141 7.586536184629141 7.586536184629141 7.586536184629141 7.586536184629141 7.586536184629141 7.586536184629141 7.586536184629141 7.586536184629141 7.586536184629141 7.586536184629141 7.586536184629141 7.586536184629141 7.586536184629141 7.586536184629141 7.586536184629141 7.586536184629141 7.586536184629141 7.586536184629141 
# NS_mass_list
-10.0 -10.0 5.191444981520394 6.878186205065911 7.368743871797857 7.614724216609822 7.751774575611794 7.823133598773467 7.85673758686849 7.8720238653690275 7.878797620236594 7.881727573107416 7.882966752215528 7.883482129187253 7.8836925760884125 7.883775040032798 7.883831272735656 7.883831272735656 7.883831272735656 7.883831272735656 7.883831272735656 7.883831272735656 7.883831272735656 7.883831272735656 7.883831272735656 7.883831272735656 7.883831272735656 7.883831272735656 7.883831272735656 7.883831272735656 7.883831272735656 7.883831272735656 7.883831272735656 7.883831272735656 7.883831272735656 7.883831272735656 7.883831272735656 7.883831272735656 7.883831272735656 7.883831272735656 7.883831272735656 7.883831272735656 7.883831272735656 7.883831272735656 7.883831272735656 7.883831272735656 7.883831272735656 7.883831272735656 7.883831272735656 7.883831272735656 7.883831272735656 7.883831272735656 7.883831272735656 7.883831272735656 7.883831272735656 7.883831272735656 7.883831272735656 7.883831272735656 7.883831272735656 
# WD_mass_list
-10.0 -10.0 -10.0 -10.0 -10.0 3.561517671934137 5.333828697514774 6.383754681455056 6.8201603231218 7.06278515084349 7.21693737178579 7.32332304419055 7.401303987258663 7.461201337956185 7.508963050567802 7.548209067564009 7.6756579652034524 7.800095173407743 7.867742577517056 7.912812242932719 7.946036529008738 7.97205981572744 7.993296173617471 8.011157111225751 8.026512561275537 8.027949925238373 8.029339992734622 8.030698338821564 8.032041007270479 8.033377270431384 8.03471152043307 8.03604650254692 8.037374993362123 8.0399144397886 8.051744811507737 8.071998823178552 8.08873458284034 8.103116594817426 8.11547561736313 8.131249815403564 8.144751088571462 8.156428553257074 8.160126370406852 8.166717139427886 8.176029938795663 8.184193478001314 8.189329263757987 8.19163320958404 8.200914870453888 8.210695772484147 8.22774056407759 8.241486841180693 8.252987679753288 8.263162043340081 8.272472305074526 8.280185303867997 8.28768989214077 8.294278552397678 8.30015215615029 
