# time_axis
1000000 10000000 20000000 30000000 40000000 50000000 60000000 70000000 80000000 90000000 100000000 110000000 120000000 130000000 140000000 150000000 200000000 300000000 400000000 500000000 600000000 700000000 800000000 900000000 1000000000 1010000000 1020000000 1030000000 1040000000 1050000000 1060000000 1070000000 1080000000 1100000000 1200000000 1400000000 1600000000 1800000000 2000000000 2300000000 2600000000 2900000000 3000000000 3200000000 3500000000 3800000000 4000000000 4100000000 4500000000 5000000000 6000000000 7000000000 8000000000 9000000000 10000000000 11000000000 12000000000 13000000000 14000000000 
# SNIa_energy_release_list
0 0.0 0.0 0.0 0.0 0.0 3.26231376119444e+54 1.5063545855049102e+55 2.7011221641833854e+55 3.764028021817671e+55 4.694671377875313e+55 5.516026372443706e+55 6.249595069607399e+55 6.912051016914209e+55 7.515953596631173e+55 8.07085047393328e+55 1.0322140380811963e+56 1.337117283904243e+56 1.5475686464520252e+56 1.7084701711534817e+56 1.8387799960089704e+56 1.9482698709552988e+56 2.0427048520584466e+56 2.1257226436557937e+56 2.1997928242570636e+56 2.206777249554025e+56 2.213697770541543e+56 2.2205452016317705e+56 2.227325624099489e+56 2.234040864626978e+56 2.240688287194139e+56 2.2472717117940804e+56 2.2537940280732952e+56 2.2666577318169428e+56 2.3275972542659284e+56 2.435326214539439e+56 2.5284395299198974e+56 2.6104382672782047e+56 2.683701548506435e+56 2.7807638840147307e+56 2.86580487492295e+56 2.9414778048821793e+56 2.964985203189288e+56 3.0096456619607477e+56 3.071656540892954e+56 3.128545004890965e+56 3.164010824608873e+56 3.181080389431686e+56 3.245424806440171e+56 3.31820075359074e+56 3.444076096553668e+56 3.550442236625918e+56 3.642533394212727e+56 3.7237665384428885e+56 3.796369587947096e+56 3.8620527829149113e+56 3.9220099458034455e+56 3.9771561706281845e+56 4.028206246795089e+56 
# SNII_energy_release_list
0 0.0 2.639752534614348e+54 1.4926396888197195e+55 3.550062786478795e+55 5.811663341587232e+55 7.552112386563783e+55 7.976869853196002e+55 8.08053819730546e+55 8.10585429747508e+55 8.112045597069464e+55 8.113611702238818e+55 8.114028419403615e+55 8.114197802362944e+55 8.11428363128812e+55 8.114340876500793e+55 8.1144744874652e+55 8.1144744874652e+55 8.1144744874652e+55 8.1144744874652e+55 8.1144744874652e+55 8.1144744874652e+55 8.1144744874652e+55 8.1144744874652e+55 8.1144744874652e+55 8.1144744874652e+55 8.1144744874652e+55 8.1144744874652e+55 8.1144744874652e+55 8.1144744874652e+55 8.1144744874652e+55 8.1144744874652e+55 8.1144744874652e+55 8.1144744874652e+55 8.1144744874652e+55 8.1144744874652e+55 8.1144744874652e+55 8.1144744874652e+55 8.1144744874652e+55 8.1144744874652e+55 8.1144744874652e+55 8.1144744874652e+55 8.1144744874652e+55 8.1144744874652e+55 8.1144744874652e+55 8.1144744874652e+55 8.1144744874652e+55 8.1144744874652e+55 8.1144744874652e+55 8.1144744874652e+55 8.1144744874652e+55 8.1144744874652e+55 8.1144744874652e+55 8.1144744874652e+55 8.1144744874652e+55 8.1144744874652e+55 8.1144744874652e+55 8.1144744874652e+55 8.1144744874652e+55 
# SN_energy_per_current_crossing_time_list
0.0 0.0 7.28705019421771e+54 3.1372114579285395e+55 5.182151547776766e+55 5.693687196337396e+55 4.422368986344809e+55 1.1865980948489032e+55 3.7662421164143414e+54 1.657399785159678e+54 1.0473753568521485e+54 8.268345437110081e+53 7.148621019703333e+53 6.415322413029784e+53 5.841703094977157e+53 5.371802014896371e+53 4.389325610720213e+53 3.0073629553955925e+53 2.0987161473455627e+53 1.6200872445869942e+53 1.3234365147953628e+53 1.1207437862489512e+53 9.736807135872163e+52 8.617582617672475e+52 7.738047617302952e+52 7.300967399881019e+52 7.238464224353182e+52 7.166286755236495e+52 7.100421119932664e+52 7.036422729235254e+52 6.969615344088044e+52 6.906750528988168e+52 6.846741835032981e+52 6.759479276206829e+52 6.440883221732387e+52 5.753945549702306e+52 5.02191712369438e+52 4.4625347771916936e+52 4.0205188569890607e+52 3.591988908063856e+52 3.180456422401392e+52 2.8576711148733703e+52 2.671726094853858e+52 2.552715377241991e+52 2.383096795740859e+52 2.2031283931394912e+52 2.070280610113752e+52 1.997292958753801e+52 1.8994150587161266e+52 1.735718174915802e+52 1.527983369197839e+52 1.3106131294046345e+52 1.1498232963250573e+52 1.0267858930661371e+52 9.285914664028398e+51 8.48641561505702e+51 7.826421168501808e+51 7.265580072972881e+51 6.783769514746668e+51 
# SN_energy_per_final_crossing_time_list
0.0 0.0 9.3541997010909e+54 4.353882548936949e+55 7.290663148449897e+55 8.014184268857252e+55 6.210788312668732e+55 1.6619863666562716e+55 5.2612429386670574e+54 2.309537014309234e+54 1.4560760540605636e+54 1.1469507300873274e+54 9.895666561287144e+53 8.863042458346825e+53 8.05535018977326e+53 7.394010924669254e+53 5.992704920604429e+53 4.051694922450743e+53 2.7965747453950017e+53 2.1381336524892943e+53 1.731617038996177e+53 1.4549519444514763e+53 1.2548955731990205e+53 1.1031786945399146e+53 9.842787138492556e+52 9.28122638889665e+52 9.196307395860922e+52 9.099182170139534e+52 9.010138022757961e+52 8.923521255018772e+52 8.833401622225091e+52 8.748358172415218e+52 8.667154618109572e+52 8.546941342220246e+52 8.097924737292664e+52 7.157760491575841e+52 6.186663348256163e+52 5.448185159610306e+52 4.867781314580929e+52 4.299363566723168e+52 3.7668796662901405e+52 3.35192262117057e+52 3.1237714804851363e+52 2.9673438462453836e+52 2.7467638422816944e+52 2.519867136918359e+52 2.3564308291260105e+52 2.2682824820162712e+52 2.137595706611693e+52 1.9341606859616305e+52 1.6726895988526844e+52 1.413442315079653e+52 1.2237497655686687e+52 1.0794634774175775e+52 9.647827993322228e+51 8.728285814834954e+51 7.96738426920555e+51 7.328084635884662e+51 6.783769514746668e+51 
# total_energy_release_list
0 0 2.639752534614348e+54 1.4926396888197195e+55 3.550062786478795e+55 5.811663341587232e+55 7.878343762683227e+55 9.483224438700912e+55 1.0781660361488845e+56 1.186988231929275e+56 1.2806716974944778e+56 1.3629638074682523e+56 1.4363623489011013e+56 1.5026248819277153e+56 1.5630237227919293e+56 1.6185191350434072e+56 1.8436614868277165e+56 2.148564732650763e+56 2.3590160951985453e+56 2.5199176199000017e+56 2.6502274447554906e+56 2.759717319701819e+56 2.8541523008049665e+56 2.9371700924023136e+56 3.0112402730035835e+56 3.018224698300545e+56 3.025145219288063e+56 3.0319926503782904e+56 3.038773072846009e+56 3.045488313373498e+56 3.052135735940659e+56 3.0587191605406003e+56 3.065241476819815e+56 3.0781051805634627e+56 3.1390447030124483e+56 3.246773663285959e+56 3.3398869786664173e+56 3.4218857160247246e+56 3.4951489972529547e+56 3.5922113327612506e+56 3.6772523236694697e+56 3.752925253628699e+56 3.776432651935808e+56 3.8210931107072676e+56 3.883103989639474e+56 3.939992453637485e+56 3.975458273355393e+56 3.992527838178206e+56 4.056872255186691e+56 4.1296482023372605e+56 4.255523545300188e+56 4.361889685372438e+56 4.453980842959247e+56 4.535213987189409e+56 4.607817036693616e+56 4.673500231661431e+56 4.733457394549966e+56 4.7886036193747044e+56 4.8396536955416085e+56 
# binding_energy_list
8.550667128846876e+54 8.550667128846876e+54 8.550667128846876e+54 8.550667128846876e+54 8.531001140175843e+54 8.531001140175843e+54 8.531001140175843e+54 8.531001140175843e+54 8.51138038202376e+54 8.51138038202376e+54 8.51138038202376e+54 8.51138038202376e+54 8.491804750363178e+54 8.491804750363178e+54 8.491804750363178e+54 8.491804750363178e+54 8.452788451602891e+54 8.433347577642791e+54 8.394599865193965e+54 8.356030182312423e+54 8.336811846196331e+54 8.317637711026743e+54 8.279421637123327e+54 8.260379495771817e+54 8.241381150129963e+54 8.241381150129963e+54 8.241381150129963e+54 8.241381150129963e+54 8.222426499470695e+54 8.222426499470695e+54 8.222426499470695e+54 8.222426499470695e+54 8.222426499470695e+54 8.222426499470695e+54 8.20351544329821e+54 8.165823713585906e+54 8.128305161640929e+54 8.090958991783846e+54 8.072350302488317e+54 8.035261221856194e+54 7.99834255007026e+54 7.96159350417325e+54 7.94328234724279e+54 7.925013304804734e+54 7.90678627999831e+54 7.870457896951001e+54 7.852356346100775e+54 7.852356346100775e+54 7.816278045883308e+54 7.780365510398008e+54 7.72680585095699e+54 7.691304402866145e+54 7.638357835776954e+54 7.603262769401822e+54 7.568328950209705e+54 7.533555637337217e+54 7.498942093324558e+54 7.464487584100623e+54 7.447319739059888e+54 
# total_gas_kinetic_energy_list
1.5237098334911527e+59 4.265986232031448e+59 1.0411183276599556e+59 2.540465815482344e+58 6.201341406360376e+57 1.5161528650577448e+57 3.731632688731739e+56 9.446914018345927e+55 2.660814714845594e+55 1.0132201346258699e+55 6.092047930051878e+54 5.038915511948798e+54 4.703914720938523e+54 4.545156747582238e+54 4.4325980809191826e+54 4.331461579451625e+54 1.9606204740660457e+55 4.6622520430457396e+55 7.011637371498034e+55 9.077173598080938e+55 1.0935574039111343e+56 1.2633279265650146e+56 1.4230182119341124e+56 1.5737877644800876e+56 1.7183272511239784e+56 1.732069433753714e+56 1.7456234615271676e+56 1.7592418883666645e+56 1.7729770684786286e+56 1.7868390214234698e+56 1.800829719008379e+56 1.814897347422737e+56 1.8286523762284006e+56 1.8548518339865787e+56 1.9860413060718754e+56 2.2335975845468133e+56 2.4625571527286013e+56 2.6767636296567784e+56 2.8760668228556104e+56 3.149684615195659e+56 3.400721415885313e+56 3.631276409184334e+56 3.707641440150417e+56 3.8455402795691447e+56 4.045405388387948e+56 4.224310295833835e+56 4.336288854703656e+56 4.38743164589213e+56 4.593228108044442e+56 4.8129253372118495e+56 5.196199107233645e+56 5.51138913795781e+56 5.792535058470312e+56 6.055672832558607e+56 6.310077504917427e+56 6.5297086994636415e+56 6.752897070685689e+56 6.955747202443998e+56 7.143512990988861e+56 
