# time_axis
1000000 10000000 20000000 30000000 40000000 50000000 60000000 70000000 80000000 90000000 100000000 110000000 120000000 130000000 140000000 150000000 200000000 300000000 400000000 500000000 600000000 700000000 800000000 900000000 1000000000 1010000000 1020000000 1030000000 1040000000 1050000000 1060000000 1070000000 1080000000 1100000000 1200000000 1400000000 1600000000 1800000000 2000000000 2300000000 2600000000 2900000000 3000000000 3200000000 3500000000 3800000000 4000000000 4100000000 4500000000 5000000000 6000000000 7000000000 8000000000 9000000000 10000000000 11000000000 12000000000 13000000000 14000000000 
# SNIa_energy_release_list
0 0.0 0.0 0.0 0.0 0.0 1.0234440666356386e+53 5.037273000020912e+54 2.0402067037396403e+55 4.366294689914028e+55 7.13644152014383e+55 1.0060937545587158e+56 1.2947913147170152e+56 1.569162757908389e+56 1.8246084085298918e+56 2.0601059647760766e+56 2.986905388362389e+56 4.144886486177443e+56 4.903166745451469e+56 5.468992892486647e+56 5.920729380308854e+56 6.296844969594757e+56 6.61906068077507e+56 6.9009290436048495e+56 7.151447092578447e+56 7.175028569813734e+56 7.198366507466508e+56 7.2214696943675954e+56 7.244338893097211e+56 7.266979577536637e+56 7.289395899630706e+56 7.311589594055342e+56 7.333565529721373e+56 7.376885127670772e+56 7.581826406432415e+56 7.943106420694394e+56 8.254427990031371e+56 8.527934136661548e+56 8.771845932713867e+56 9.094446960248065e+56 9.376628997604173e+56 9.627401988241063e+56 9.70517436669812e+56 9.853068164169392e+56 1.0058194859319559e+57 1.0246218896082448e+57 1.0363405012957912e+57 1.0419785713881595e+57 1.0632193636313678e+57 1.0872349826808863e+57 1.1287400313114901e+57 1.1637762074399173e+57 1.1941002273018182e+57 1.2208278962895806e+57 1.2447142495367664e+57 1.2663233009065563e+57 1.2860385326000503e+57 1.3041674390031485e+57 1.3209480454014981e+57 
# SNII_energy_release_list
0 0.0 1.0040271762910343e+53 5.006534380418134e+54 2.322003307587577e+55 5.645977616074859e+55 1.0047900125766988e+56 1.4521755306237946e+56 1.8047499120478985e+56 2.054636863019614e+56 2.2195089930333365e+56 2.3230092419478176e+56 2.3857070154968743e+56 2.4227079061043395e+56 2.444123968677405e+56 2.456340062085711e+56 2.4690273503081542e+56 2.4690273503081542e+56 2.4690273503081542e+56 2.4690273503081542e+56 2.4690273503081542e+56 2.4690273503081542e+56 2.4690273503081542e+56 2.4690273503081542e+56 2.4690273503081542e+56 2.4690273503081542e+56 2.4690273503081542e+56 2.4690273503081542e+56 2.4690273503081542e+56 2.4690273503081542e+56 2.4690273503081542e+56 2.4690273503081542e+56 2.4690273503081542e+56 2.4690273503081542e+56 2.4690273503081542e+56 2.4690273503081542e+56 2.4690273503081542e+56 2.4690273503081542e+56 2.4690273503081542e+56 2.4690273503081542e+56 2.4690273503081542e+56 2.4690273503081542e+56 2.4690273503081542e+56 2.4690273503081542e+56 2.4690273503081542e+56 2.4690273503081542e+56 2.4690273503081542e+56 2.4690273503081542e+56 2.4690273503081542e+56 2.4690273503081542e+56 2.4690273503081542e+56 2.4690273503081542e+56 2.4690273503081542e+56 2.4690273503081542e+56 2.4690273503081542e+56 2.4690273503081542e+56 2.4690273503081542e+56 2.4690273503081542e+56 2.4690273503081542e+56 
# SN_energy_per_current_crossing_time_list
0.0 0.0 8.702529660557314e+53 2.356494834947003e+55 6.857303131464764e+55 1.1018867575118917e+56 1.3608669559303867e+56 1.3365929519154062e+56 1.0448549721951464e+56 7.467406882903756e+55 5.041301841536898e+55 3.2908573109897416e+55 2.1163965785531742e+55 1.3641689338796147e+55 8.9641401884997e+54 6.103609001135649e+54 2.7889940307572652e+54 1.3019801036718756e+54 8.65628199200065e+53 6.541703991783731e+53 5.280570135833994e+53 4.439890761462897e+53 3.8374884368520965e+53 3.3843708022168543e+53 3.030649798261858e+53 2.8548620679912584e+53 2.82741225415261e+53 2.8009552770847244e+53 2.77453035459171e+53 2.7487207130869173e+53 2.723376094443663e+53 2.6982094403252432e+53 2.673602551059322e+53 2.638766134757319e+53 2.5132525960516163e+53 2.2422835083840563e+53 1.953303150037096e+53 1.7332755918453382e+53 1.5599304974598152e+53 1.3925277778555301e+53 1.2317396315937392e+53 1.1058290459531912e+53 1.0322519143919408e+53 9.874603242967797e+52 9.210915357649514e+52 8.508740906904723e+52 7.994444154984e+52 7.709773445221539e+52 7.327796777925004e+52 6.693041288393953e+52 5.88471605388517e+52 5.039536155763329e+52 4.4176355290950083e+52 3.9399963572223727e+52 3.561042495289387e+52 3.253121553543716e+52 2.997185981080497e+52 2.7807812309486746e+52 2.595102678086447e+52 
# SN_energy_per_final_crossing_time_list
0.0 0.0 4.140579193563359e+53 2.023274584943928e+55 7.511194469754586e+55 1.3707974432030819e+56 1.815498455116392e+56 1.8526368209419417e+56 1.4777680952106406e+56 1.0664992974437172e+56 7.227679434389279e+55 4.720590648398236e+55 3.0321058083354505e+55 1.9502185623390544e+55 1.278236203217554e+55 8.679826085215094e+54 3.913010855618552e+54 1.790805276505845e+54 1.1726722413175635e+54 8.750440327631344e+53 6.986056054875545e+53 5.8165870163182725e+53 4.9830312156523965e+53 4.359063825722777e+53 3.874234603728577e+53 3.6468500168470183e+53 3.6091868831205086e+53 3.572882932599778e+53 3.536696914287271e+53 3.5013574258107085e+53 3.466660031122797e+53 3.432230902196228e+53 3.398554745076148e+53 3.349664546781827e+53 3.1693947688153263e+53 2.7935782244512643e+53 2.4072772436039616e+53 2.114871527118539e+53 1.8860348074622846e+53 1.6629966971669167e+53 1.4546382561453174e+53 1.2927257496835453e+53 1.202741443449311e+53 1.1435808122160336e+53 1.0574207377542707e+53 9.692571487285192e+52 9.061353282440163e+52 8.719214579386482e+52 8.212164019359905e+52 7.427979160209007e+52 6.418710998786055e+52 5.418306844365704e+52 4.689576960800639e+52 4.133405177536942e+52 3.693998763214223e+52 3.341816484424778e+52 3.0489393143688863e+52 2.8036158193951367e+52 2.595102678086447e+52 
# total_energy_release_list
0 0 1.0040271762910343e+53 5.006534380418134e+54 2.322003307587577e+55 5.645977616074859e+55 1.0058134566433344e+56 1.5025482606240038e+56 2.0087705824218625e+56 2.491266332011017e+56 2.9331531450477195e+56 3.3291029965065336e+56 3.6804983302138895e+56 3.991870664012728e+56 4.268732377207296e+56 4.516446026861787e+56 5.455932738670543e+56 6.613913836485597e+56 7.3721940957596235e+56 7.938020242794801e+56 8.389756730617009e+56 8.765872319902911e+56 9.088088031083223e+56 9.369956393913004e+56 9.620474442886601e+56 9.644055920121888e+56 9.667393857774662e+56 9.69049704467575e+56 9.713366243405365e+56 9.73600692784479e+56 9.75842324993886e+56 9.780616944363496e+56 9.802592880029528e+56 9.845912477978926e+56 1.005085375674057e+57 1.0412133771002548e+57 1.0723455340339525e+57 1.0996961486969702e+57 1.1240873283022021e+57 1.1563474310556219e+57 1.1845656347912327e+57 1.2096429338549217e+57 1.2174201717006274e+57 1.2322095514477545e+57 1.2527222209627713e+57 1.2715246246390602e+57 1.2832432363266066e+57 1.2888813064189749e+57 1.3101220986621832e+57 1.3341377177117017e+57 1.3756427663423055e+57 1.4106789424707327e+57 1.4410029623326336e+57 1.467730631320396e+57 1.4916169845675818e+57 1.5132260359373717e+57 1.5329412676308657e+57 1.5510701740339639e+57 1.5678507804323135e+57 
# binding_energy_list
8.669618757582214e+54 8.669618757582214e+54 8.669618757582214e+54 8.669618757582214e+54 8.669618757582214e+54 8.669618757582214e+54 8.649679187756885e+54 8.649679187756885e+54 8.629785477669702e+54 8.629785477669702e+54 8.629785477669702e+54 8.609937521846052e+54 8.609937521846052e+54 8.590135215053907e+54 8.590135215053907e+54 8.590135215053907e+54 8.550667128846876e+54 8.491804750363178e+54 8.452788451602891e+54 8.413951416451895e+54 8.375292821268861e+54 8.336811846196331e+54 8.317637711026743e+54 8.279421637123327e+54 8.260379495771817e+54 8.260379495771817e+54 8.260379495771817e+54 8.241381150129963e+54 8.241381150129963e+54 8.241381150129963e+54 8.241381150129963e+54 8.241381150129963e+54 8.241381150129963e+54 8.241381150129963e+54 8.20351544329821e+54 8.165823713585906e+54 8.128305161640929e+54 8.090958991783846e+54 8.072350302488317e+54 8.016780633876855e+54 7.979946872679785e+54 7.94328234724279e+54 7.94328234724279e+54 7.90678627999831e+54 7.888601176185516e+54 7.852356346100775e+54 7.834296427662088e+54 7.834296427662088e+54 7.798301105232642e+54 7.780365510398008e+54 7.72680585095699e+54 7.673614893618154e+54 7.638357835776954e+54 7.603262769401822e+54 7.568328950209705e+54 7.533555637337217e+54 7.498942093324558e+54 7.464487584100623e+54 7.447319739059888e+54 
# total_gas_kinetic_energy_list
2.1445709002276886e+57 9.912980052080371e+58 2.314463100063282e+59 2.163186376206399e+59 1.6878603682178578e+59 1.1820053988033162e+59 7.719580804177479e+58 4.8068139664613824e+58 2.893279686552487e+58 1.6988792137015185e+58 9.793920092861717e+57 5.569722410619352e+57 3.1363841955745904e+57 1.7546116317349375e+57 9.784689809050768e+56 5.460990309215471e+56 5.888705537139864e+56 6.469231042240139e+56 6.943703628403086e+56 7.343996810178659e+56 7.692476090207593e+56 8.002788172741524e+56 8.287206221946298e+56 8.552040841361507e+56 8.800011261112132e+56 8.824299463409531e+56 8.848244197376239e+56 8.871833942964503e+56 8.895187064512853e+56 8.918430117838518e+56 8.941669425562652e+56 8.964976243598932e+56 8.988352766852671e+56 9.034402155877659e+56 9.255807155867086e+56 9.667361719868102e+56 1.00392837674169e+57 1.03846923779856e+57 1.0702855681274825e+57 1.1131286848497695e+57 1.1518439507400132e+57 1.1870292471173203e+57 1.198430707808678e+57 1.2194215075889064e+57 1.2494291074937293e+57 1.275698821275337e+57 1.292433494547677e+57 1.2998641334175409e+57 1.3298309618273425e+57 1.3613987849138368e+57 1.4158202214826189e+57 1.4599768939240353e+57 1.499373318631683e+57 1.5362509372178989e+57 1.571646290335381e+57 1.602471508746873e+57 1.6335236290716333e+57 1.6620136182786975e+57 1.688165939159728e+57 
