# time_axis
5.999999999999999 7.0 7.30102999566398 7.477121254719661 7.602059991327962 7.698970004336018 7.778151250383643 7.845098040014256 7.903089986991943 7.954242509439324 8.0 8.041392685158224 8.079181246047623 8.113943352306837 8.146128035678238 8.176091259055681 8.301029995663981 8.47712125471966 8.60205999132796 8.698970004336019 8.778151250383644 8.845098040014257 8.903089986991942 8.954242509439323 8.999999999999998 9.004321373782641 9.008600171761916 9.012837224705171 9.017033339298779 9.021189299069936 9.02530586526477 9.02938377768521 9.033423755486949 9.041392685158224 9.079181246047623 9.146128035678236 9.204119982655923 9.255272505103305 9.301029995663981 9.361727836017593 9.414973347970816 9.462397997898954 9.477121254719663 9.505149978319904 9.544068044350274 9.57978359661681 9.60205999132796 9.612783856719734 9.653212513775342 9.698970004336017 9.778151250383642 9.845098040014257 9.903089986991944 9.954242509439325 10.0 10.041392685158225 10.079181246047623 10.113943352306835 10.146128035678236 
# total_gas_mass_list
8.563351467391335 10.239146124455734 10.607528240934936 10.578214404511533 10.47047574384228 10.315770385172954 10.130753924974565 9.925025921686961 9.704567110546735 9.473346333533122 9.234144392025945 8.989017387666935 8.73959145292043 8.487285693889973 8.233524442005935 7.979990767848118 8.011361111424405 8.049514330232336 8.078212336920668 8.101647120882703 8.121523452141417 8.138709411747634 8.153855635048433 8.167409659839318 8.179654397962045 8.180831982830096 8.181988999527414 8.183125347714306 8.184246845937206 8.18535965207285 8.186468899435832 8.187577997534461 8.188687023638098 8.19086173911823 8.2011451967933 8.219518934241128 8.235331918150678 8.249398277549483 8.261878025347361 8.278069216063626 8.292143988435294 8.304505993153352 8.308432355212917 8.315551526587292 8.32551001584235 8.334025696027075 8.339354176139354 8.341697821005104 8.351001203303433 8.360561119018433 8.376473641471696 8.388894674743636 8.399690101481623 8.409547216247791 8.418803059451346 8.426705339293605 8.434513928226286 8.44157169068778 8.447943735037189 
# ejected_gas_mass_list
-10.0 -10.0 3.290950062198537 4.99436116230505 5.711098209724319 6.127383044206396 6.390583911119011 6.574170823315886 6.71184211085503 6.819949645022329 6.907602729836636 6.980151676448538 7.041170600869082 7.093234823966931 7.138247588253187 7.177638932352442 7.320459305752495 7.481768991037468 7.579542536758586 7.649502769091927 7.703594408974069 7.747218800413379 7.783615712740437 7.814764099751499 7.841872695108888 7.844431768139134 7.846938250392677 7.849392410050575 7.851807228185386 7.854196252618364 7.856570679452925 7.858937899881173 7.861298138127457 7.865906778129953 7.88735916668499 7.9243893737312145 7.95505493198471 7.981492707705468 8.00434295877304 8.033211213066084 8.057649969164395 8.078650770901467 8.085235135708974 8.097072606922525 8.113420491229206 8.127213496736514 8.135760268732277 8.139499540948409 8.154226559217337 8.169172492377733 8.19365245420733 8.21243604361965 8.228543563943349 8.243082890321045 8.256595604192228 8.268029325144358 8.279237695719978 8.289294015338275 8.298314468374501 
# stellar_mass_list
-10.0 6.527139294736891 8.211657853706322 8.723698720476477 8.934406731950109 9.044440700764852 9.104800666991185 9.13783080417499 9.15527648367856 9.163790768320688 9.16724739011191 9.167908823173926 9.167082555313785 9.165510764304573 9.16360470450793 9.161585494851337 9.15166170515039 9.137940073973553 9.127943364453348 9.119913647259176 9.113125933976976 9.107203497762756 9.101924339901245 9.097137896926927 9.092755339519394 9.092330813512739 9.091913127124874 9.091502357441778 9.091096424531521 9.09069309784716 9.090290521139153 9.089887458468288 9.089483857187806 9.088690629443258 9.08491215422056 9.078008789679538 9.071846569158438 9.066178514184653 9.060992941998004 9.053953694289396 9.04751526614403 9.04159844823144 9.039668944763433 9.0360969823656 9.030872751246322 9.026115226797764 9.02298545327285 9.021568592445774 9.015681167234343 9.009149466000284 8.996921213953014 8.986263842791995 8.976933138629924 8.968358325827253 8.960262923574255 8.953307868826942 8.946380149423986 8.940106635008489 8.93439500738889 
# remnant_mass_list
-10.0 -10.0 4.398973399845048 6.0903511189913395 6.689089874624139 7.00551503102089 7.202896983360533 7.336538615333485 7.431813782595742 7.502563879236229 7.556965396581406 7.6001120942819975 7.635294980183823 7.664693711789385 7.689784974590035 7.711587221192523 7.790466799778566 7.881913047335462 7.938711904109215 7.979633169332979 8.011474248715494 8.037455074267516 8.05934478203786 8.07824889800254 8.094831806252442 8.096403331903293 8.097943531145928 8.099452451740754 8.100938110437395 8.102408896628152 8.10387173208609 8.105331195176884 8.106787464269429 8.109634314754675 8.122925834335382 8.14612680641442 8.165745457142616 8.182959048119518 8.198058468406398 8.217636434205348 8.23468689874279 8.249687768672544 8.254449370259142 8.26309970935506 8.275387321230182 8.286215241883296 8.293161106477264 8.296259075385183 8.3088468912564 8.322285117988438 8.346080033391086 8.365490037794391 8.381562475005708 8.395638080756742 8.408359882252794 8.41887368188118 8.428990899716828 8.437859489667737 8.44570190388771 
# BH_mass_list
-10.0 -10.0 4.047088265822373 5.73194960576846 6.248783590387448 6.466367713791494 6.582809342744892 6.649024018035115 6.687388350969336 6.709671145081205 6.722552468786476 6.7299419676424 6.734145554691089 6.736518054318335 6.73784829191982 6.738582130278281 6.738982828345396 6.738982828345396 6.738982828345396 6.738982828345396 6.738982828345396 6.738982828345396 6.738982828345396 6.738982828345396 6.738982828345396 6.738982828345396 6.738982828345396 6.738982828345396 6.738982828345396 6.738982828345396 6.738982828345396 6.738982828345396 6.738982828345396 6.738982828345396 6.738982828345396 6.738982828345396 6.738982828345396 6.738982828345396 6.738982828345396 6.738982828345396 6.738982828345396 6.738982828345396 6.738982828345396 6.738982828345396 6.738982828345396 6.738982828345396 6.738982828345396 6.738982828345396 6.738982828345396 6.738982828345396 6.738982828345396 6.738982828345396 6.738982828345396 6.738982828345396 6.738982828345396 6.738982828345396 6.738982828345396 6.738982828345396 6.738982828345396 
# NS_mass_list
-10.0 -10.0 4.14346284076696 5.839990476035019 6.493350588492221 6.857361297588059 7.082304354780896 7.223350723221399 7.307201042285466 7.357361533345492 7.38723077291892 7.404853931555481 7.415137385937765 7.421070754987486 7.424458596813857 7.426373647562473 7.4282826372302875 7.4282826372302875 7.4282826372302875 7.4282826372302875 7.4282826372302875 7.4282826372302875 7.4282826372302875 7.4282826372302875 7.4282826372302875 7.4282826372302875 7.4282826372302875 7.4282826372302875 7.4282826372302875 7.4282826372302875 7.4282826372302875 7.4282826372302875 7.4282826372302875 7.4282826372302875 7.4282826372302875 7.4282826372302875 7.4282826372302875 7.4282826372302875 7.4282826372302875 7.4282826372302875 7.4282826372302875 7.4282826372302875 7.4282826372302875 7.4282826372302875 7.4282826372302875 7.4282826372302875 7.4282826372302875 7.4282826372302875 7.4282826372302875 7.4282826372302875 7.4282826372302875 7.4282826372302875 7.4282826372302875 7.4282826372302875 7.4282826372302875 7.4282826372302875 7.4282826372302875 7.4282826372302875 7.4282826372302875 
# WD_mass_list
-10.0 -10.0 -10.0 -10.0 -10.0 2.8396191947912235 4.621524495066279 5.718274087166674 6.272619548314402 6.592771927433219 6.805155194195851 6.95665870817665 7.070022307891083 7.157951198925136 7.228176665549889 7.28566709821246 7.468851241686896 7.642474084269457 7.736768803991926 7.800214811207134 7.847483675595151 7.884883089670537 7.915666734304631 7.941764687246559 7.964314303418872 7.9664354173096505 7.968511652826492 7.970543246026934 7.972541137841171 7.974516714807177 7.976479341046815 7.9784351982672055 7.980384553216871 7.984188970757412 8.001842280245944 8.032247663344434 8.05757952091286 8.079540213058246 8.098611506618136 8.123087745797026 8.144185984549775 8.162589680151314 8.168401670478486 8.178924706062627 8.193795836987208 8.206828380708385 8.21515408975816 8.218859021353657 8.233860606862297 8.249785549817119 8.277766965797516 8.300398548088637 8.319014825482457 8.335230627221463 8.34981936467901 8.36182952486143 8.373348176187601 8.383415081051842 8.392294286943883 
