# time_axis
1000000 10000000 20000000 30000000 40000000 50000000 60000000 70000000 80000000 90000000 100000000 110000000 120000000 130000000 140000000 150000000 200000000 300000000 400000000 500000000 600000000 700000000 800000000 900000000 1000000000 1010000000 1020000000 1030000000 1040000000 1050000000 1060000000 1070000000 1080000000 1100000000 1200000000 1400000000 1600000000 1800000000 2000000000 2300000000 2600000000 2900000000 3000000000 3200000000 3500000000 3800000000 4000000000 4100000000 4500000000 5000000000 6000000000 7000000000 8000000000 9000000000 10000000000 11000000000 12000000000 13000000000 14000000000 
# SNIa_energy_release_list
0 0.0 0.0 0.0 0.0 0.0 7.230585943058012e+52 3.276600926300526e+54 1.2170522366521167e+55 2.4796028517306047e+55 3.9139947410428396e+55 5.379910584531032e+55 6.797591518720266e+55 8.129413888377139e+55 9.362715955289002e+55 1.0498041226550341e+56 1.4985692522484329e+56 2.064270647972076e+56 2.4365206981267655e+56 2.7149271985402094e+56 2.937495619691496e+56 3.1229665858796573e+56 3.28195899951307e+56 3.4211066690169702e+56 3.544823000859792e+56 3.5564700171675557e+56 3.5679977411802704e+56 3.5794100466367025e+56 3.59070684121039e+56 3.6018910669345137e+56 3.612964578371659e+56 3.6239281247042295e+56 3.6347844183289773e+56 3.6561858177868502e+56 3.7574483480256896e+56 3.936005225479035e+56 4.089915079490786e+56 4.225159567774565e+56 4.345791631176189e+56 4.505366406101881e+56 4.644969416048442e+56 4.769048444238717e+56 4.807533511476048e+56 4.880715449807596e+56 4.982226060523894e+56 5.075281844067707e+56 5.1332795224164895e+56 5.16118431256872e+56 5.266318114530263e+56 5.3851915627116515e+56 5.59065129520063e+56 5.764103080323248e+56 5.914230887859182e+56 6.046563395506648e+56 6.164826574934189e+56 6.271822237543386e+56 6.369441180608498e+56 6.4592080828260555e+56 6.542299398762513e+56 
# SNII_energy_release_list
0 0.0 5.850742438380881e+52 2.7119869310237476e+54 1.261969971469645e+55 3.1292896940641964e+55 5.649358047350522e+55 8.130156183044563e+55 9.96647153004725e+55 1.119957010029885e+56 1.19842212210926e+56 1.246878296582244e+56 1.2763082417310208e+56 1.2940197868683702e+56 1.3046271089397869e+56 1.3109645643139674e+56 1.3182909911624432e+56 1.3182909911624432e+56 1.3182909911624432e+56 1.3182909911624432e+56 1.3182909911624432e+56 1.3182909911624432e+56 1.3182909911624432e+56 1.3182909911624432e+56 1.3182909911624432e+56 1.3182909911624432e+56 1.3182909911624432e+56 1.3182909911624432e+56 1.3182909911624432e+56 1.3182909911624432e+56 1.3182909911624432e+56 1.3182909911624432e+56 1.3182909911624432e+56 1.3182909911624432e+56 1.3182909911624432e+56 1.3182909911624432e+56 1.3182909911624432e+56 1.3182909911624432e+56 1.3182909911624432e+56 1.3182909911624432e+56 1.3182909911624432e+56 1.3182909911624432e+56 1.3182909911624432e+56 1.3182909911624432e+56 1.3182909911624432e+56 1.3182909911624432e+56 1.3182909911624432e+56 1.3182909911624432e+56 1.3182909911624432e+56 1.3182909911624432e+56 1.3182909911624432e+56 1.3182909911624432e+56 1.3182909911624432e+56 1.3182909911624432e+56 1.3182909911624432e+56 1.3182909911624432e+56 1.3182909911624432e+56 1.3182909911624432e+56 1.3182909911624432e+56 
# SN_energy_per_current_crossing_time_list
0.0 0.0 4.897849815310174e+53 1.295815806141868e+55 3.88955848674695e+55 6.563711501561262e+55 8.347062824411235e+55 7.990716712231932e+55 5.88773218514218e+55 3.994839484682087e+55 2.604163595660779e+55 1.6729305681582628e+55 1.0772560216033564e+55 7.045105852897897e+54 4.7321832562087874e+54 3.2965225357066214e+54 1.5167906658265238e+54 6.755819812475431e+53 4.4968874044972514e+53 3.3967671223100977e+53 2.7396463823884802e+53 2.3014146523815044e+53 1.98749046667218e+53 1.7514278083147776e+53 1.5672645858728893e+53 1.4763996752243622e+53 1.462184517016281e+53 1.4484292515061657e+53 1.434637220866149e+53 1.4211992665691963e+53 1.4079813834464204e+53 1.3948457205890945e+53 1.3820413481961608e+53 1.3638621488088458e+53 1.2981059634112382e+53 1.1568632948342967e+53 1.0069755590494864e+53 8.929672363474551e+52 8.03241014278182e+52 7.165850990170006e+52 6.335778408339398e+52 5.686481478959413e+52 5.308162302036575e+52 5.076781422897015e+52 4.735079235134347e+52 4.374132459541259e+52 4.10964922469673e+52 3.9634260434979344e+52 3.767419353127465e+52 3.44170607540586e+52 3.027817221456993e+52 2.594758186150774e+52 2.2758684822842095e+52 2.030994409676783e+52 1.8365593469820372e+52 1.6786017954138674e+52 1.5472621534038626e+52 1.4361480805028085e+52 1.34077343917138e+52 
# SN_energy_per_final_crossing_time_list
0.0 0.0 2.5175579332704045e+53 1.1417847312657471e+55 4.263260805239367e+55 8.035023983847029e+55 1.0844949628594855e+56 1.0726509221184809e+56 8.0451266291502e+55 5.509715277821026e+55 3.6077871342792316e+55 2.3215977821745848e+55 1.4951212579681056e+55 9.770275562406582e+54 6.554374679033917e+54 4.558966340269447e+54 2.0787759034765107e+54 9.128239182882586e+53 6.00668041362238e+53 4.492407381446026e+53 3.591396093740592e+53 2.992786218390289e+53 2.5655244814326103e+53 2.2453068324986094e+53 1.9963045458736086e+53 1.879379323224003e+53 1.860130146712978e+53 1.8415060422673306e+53 1.8228670398915326e+53 1.8047027682254661e+53 1.786837751449267e+53 1.7690936238240823e+53 1.7517871724452915e+53 1.7266803173605148e+53 1.6339867698250358e+53 1.440609743465313e+53 1.241755783742266e+53 1.091162269134642e+53 9.73268173084566e+52 8.583071823684414e+52 7.508847571502706e+52 6.6738568878823e+52 6.210005868242524e+52 5.904371475898551e+52 5.459966107110529e+52 5.005205077918543e+52 4.6792944477565276e+52 4.5027571221013453e+52 4.2411354195226484e+52 3.83631815546671e+52 3.315327829819693e+52 2.7988429819442716e+52 2.422483920932852e+52 2.135336399394014e+52 1.9083116932420093e+52 1.726497419329121e+52 1.575193322510148e+52 1.4484916606933758e+52 1.34077343917138e+52 
# total_energy_release_list
0 0 5.850742438380881e+52 2.7119869310237476e+54 1.261969971469645e+55 3.1292896940641964e+55 5.65658863329358e+55 8.457816275674616e+55 1.1183523766699366e+56 1.3679172952029454e+56 1.5898215962135438e+56 1.7848693550353472e+56 1.9560673936030474e+56 2.106961175706084e+56 2.240898704468687e+56 2.3607686869690013e+56 2.816860243410876e+56 3.382561639134519e+56 3.7548116892892085e+56 4.033218189702653e+56 4.255786610853939e+56 4.441257577042101e+56 4.600249990675514e+56 4.739397660179413e+56 4.863113992022235e+56 4.874761008329999e+56 4.886288732342714e+56 4.897701037799146e+56 4.908997832372833e+56 4.920182058096957e+56 4.931255569534103e+56 4.942219115866673e+56 4.95307540949142e+56 4.974476808949293e+56 5.075739339188133e+56 5.254296216641478e+56 5.408206070653229e+56 5.543450558937008e+56 5.664082622338632e+56 5.823657397264324e+56 5.963260407210885e+56 6.08733943540116e+56 6.125824502638491e+56 6.199006440970039e+56 6.300517051686337e+56 6.39357283523015e+56 6.4515705135789325e+56 6.479475303731163e+56 6.584609105692706e+56 6.7034825538740945e+56 6.908942286363073e+56 7.082394071485691e+56 7.232521879021625e+56 7.364854386669091e+56 7.483117566096632e+56 7.590113228705829e+56 7.687732171770941e+56 7.7774990739884985e+56 7.860590389924957e+56 
# binding_energy_list
8.550667128846876e+54 8.550667128846876e+54 8.550667128846876e+54 8.550667128846876e+54 8.550667128846876e+54 8.550667128846876e+54 8.531001140175843e+54 8.531001140175843e+54 8.531001140175843e+54 8.531001140175843e+54 8.51138038202376e+54 8.51138038202376e+54 8.51138038202376e+54 8.51138038202376e+54 8.491804750363178e+54 8.491804750363178e+54 8.472274141405911e+54 8.433347577642791e+54 8.394599865193965e+54 8.375292821268861e+54 8.336811846196331e+54 8.317637711026743e+54 8.298507675144166e+54 8.260379495771817e+54 8.241381150129963e+54 8.241381150129963e+54 8.241381150129963e+54 8.241381150129963e+54 8.241381150129963e+54 8.241381150129963e+54 8.222426499470695e+54 8.222426499470695e+54 8.222426499470695e+54 8.222426499470695e+54 8.20351544329821e+54 8.165823713585906e+54 8.128305161640929e+54 8.109610578538388e+54 8.072350302488317e+54 8.035261221856194e+54 7.99834255007026e+54 7.96159350417325e+54 7.94328234724279e+54 7.925013304804734e+54 7.90678627999831e+54 7.870457896951001e+54 7.852356346100775e+54 7.852356346100775e+54 7.816278045883308e+54 7.780365510398008e+54 7.72680585095699e+54 7.691304402866145e+54 7.638357835776954e+54 7.603262769401822e+54 7.568328950209705e+54 7.533555637337217e+54 7.498942093324558e+54 7.464487584100623e+54 7.447319739059888e+54 
# total_gas_kinetic_energy_list
3.555417159551863e+57 1.523421844701242e+59 3.0384110467554833e+59 2.5583531762891767e+59 1.826902007434656e+59 1.2000043405377376e+59 7.537621088470446e+58 4.6201918292454834e+58 2.7941690958695937e+58 1.6775747411036316e+58 1.0033582962401316e+58 5.990347876525396e+57 3.574561376419128e+57 2.1339699297709564e+57 1.2757680207622206e+57 7.6474876489482115e+56 7.909244625932908e+56 8.366162827451424e+56 8.761407937369906e+56 9.107308711721665e+56 9.416842740708477e+56 9.698638255775802e+56 9.961753868019429e+56 1.0210581086413304e+57 1.0446817149056474e+57 1.0470123906698744e+57 1.0493062878516207e+57 1.0515678368033609e+57 1.0538118401558822e+57 1.0560514784944996e+57 1.058296052544957e+57 1.0605519591405702e+57 1.06281668764196e+57 1.0672676032962564e+57 1.0888278664247253e+57 1.1294817113070182e+57 1.1668315868931537e+57 1.2020094822771038e+57 1.2347859209252604e+57 1.2795293267026814e+57 1.3205396320160375e+57 1.3582633364274963e+57 1.3705915972679735e+57 1.3933610219093904e+57 1.4261873724710435e+57 1.4552030962401185e+57 1.4737787823516563e+57 1.4820730639813332e+57 1.5157075611827433e+57 1.5514779136868602e+57 1.6140259882093747e+57 1.665414284440259e+57 1.711277445526918e+57 1.754203269948564e+57 1.7954429789377665e+57 1.8313320928298347e+57 1.8675535272714174e+57 1.900684220507946e+57 1.931159333675355e+57 
