# time_axis
5.999999999999999 7.0 7.30102999566398 7.477121254719661 7.602059991327962 7.698970004336018 7.778151250383643 7.845098040014256 7.903089986991943 7.954242509439324 8.0 8.041392685158224 8.079181246047623 8.113943352306837 8.146128035678238 8.176091259055681 8.301029995663981 8.47712125471966 8.60205999132796 8.698970004336019 8.778151250383644 8.845098040014257 8.903089986991942 8.954242509439323 8.999999999999998 9.004321373782641 9.008600171761916 9.012837224705171 9.017033339298779 9.021189299069936 9.02530586526477 9.02938377768521 9.033423755486949 9.041392685158224 9.079181246047623 9.146128035678236 9.204119982655923 9.255272505103305 9.301029995663981 9.361727836017593 9.414973347970816 9.462397997898954 9.477121254719663 9.505149978319904 9.544068044350274 9.57978359661681 9.60205999132796 9.612783856719734 9.653212513775342 9.698970004336017 9.778151250383642 9.845098040014257 9.903089986991944 9.954242509439325 10.0 10.041392685158225 10.079181246047623 10.113943352306835 10.146128035678236 
# total_gas_mass_list
8.7873673767305 10.425844481731366 10.72574823447409 10.651084739335923 10.504849054574299 10.32232237774219 10.120378418974282 9.907808219776514 9.689404600927501 9.46783632417053 9.244609999921066 9.0205990127193 8.796350211327098 8.572273357786534 8.348773818617975 8.126367971483528 8.140147193832071 8.162774808405716 8.181358564354174 8.19743277723327 8.211656992082927 8.224376882347574 8.235901220560667 8.246456043549887 8.256186965506924 8.25713249371683 8.258060580260974 8.258973237995725 8.259876500723951 8.260775716036079 8.261674617659434 8.262575753402624 8.263478117270674 8.265244667754132 8.273682888237133 8.289062528281113 8.302599826259529 8.314872113124709 8.325926155059273 8.340515941524226 8.353421197216681 8.364921517601466 8.36860753583438 8.375322559467438 8.384803200549978 8.392995831676956 8.398150166257778 8.400430080528942 8.409535092322093 8.418981908259164 8.434930680984401 8.44753385415602 8.4584832720356 8.468480667385403 8.47787453308017 8.485886388081157 8.493825720575057 8.50096237381314 8.507425054574032 
# ejected_gas_mass_list
-10.0 -10.0 3.073703063438309 4.746450675673772 5.468345434781048 5.887420920157782 6.153078567063852 6.340191324545395 6.482519823802304 6.596012694810376 6.689274282997103 6.7672895361555145 6.833482947656833 6.890393484000476 6.939938358495033 6.983570756553778 7.143967841933315 7.328700596948547 7.44209751809045 7.523753010325605 7.587107490270972 7.638339405157554 7.681177795008772 7.717903507326031 7.749927159558812 7.752953328595302 7.755909657598848 7.758803451319762 7.7616545304230335 7.764480202416188 7.7672924291636365 7.770099277007468 7.772897675017724 7.778341016203792 7.803728796758263 7.847630082443018 7.884055993120166 7.915518526598218 7.942729065028983 7.977181601321936 8.006414450853057 8.031581665954445 8.039484524745943 8.053688536799168 8.07333836307594 8.089959244427323 8.100254358989465 8.104769747564308 8.122575808545074 8.14068465647827 8.17047284462994 8.193368672882485 8.212834512909204 8.230284287141071 8.246415081878917 8.259979610336849 8.27325393435461 8.285049759677072 8.295624328123644 
# stellar_mass_list
-10.0 6.695852395609151 8.344063453936661 8.811912340905433 9.001193282632997 9.096971929037638 9.148554986802692 9.176851240580032 9.19228117427686 9.200439727224065 9.20444926266643 9.2060891913582 9.206384725374795 9.205929589905509 9.205067678665941 9.20399749944584 9.19746576492356 9.187818711628221 9.18042325842692 9.174285038548291 9.168969428653943 9.16424191367171 9.15996065878886 9.156026192895567 9.15237967162125 9.152024244007134 9.151675128029773 9.151331600702562 9.150991390370805 9.150652479346208 9.150313449093765 9.149973331189894 9.149632498444873 9.148964306046413 9.145760234898532 9.139832036723089 9.134462544833921 9.129463053434845 9.124842316087369 9.118491559803232 9.112608715633021 9.107143478718472 9.105346528733763 9.102012208179026 9.097095661602593 9.092575965131072 9.089590533946517 9.088231333694495 9.082553418762146 9.076194782391966 9.064124289672716 9.053476185138386 9.044149584313153 9.035579051552771 9.027481699157345 9.020530986521882 9.01360181777223 9.00733278546802 9.001620011769962 
# remnant_mass_list
-10.0 -10.0 4.141749177164219 5.7994840328036386 6.38551505362505 6.705647850516329 6.907953886250908 7.047082180143626 7.148362296983767 7.225450722726641 7.28627813279524 7.3357286665707795 7.376951284588207 7.412045831442586 7.442457263593841 7.469205042643522 7.568017579141921 7.684863480797232 7.758176770739072 7.811248809799921 7.852663383689688 7.886522807353555 7.915093266977317 7.939796263050806 7.961495404873587 7.963553108587986 7.965564528284835 7.967534442734533 7.969476428418676 7.971402261072281 7.973320165723467 7.975235702423558 7.9771467233303825 7.98086826815651 7.998272684762 8.028690244294994 8.054442122274198 8.077047762384156 8.096877426804726 8.122619169230727 8.1450543637955 8.164798741208209 8.171076069335271 8.182456691497787 8.198638873075025 8.212922251798004 8.222065333280433 8.226153132207369 8.242756238228273 8.260487313292451 8.291894134979504 8.317423642471283 8.338308794950864 8.356411917586025 8.37264301410228 8.385950667715631 8.398685154261214 8.409776429234089 8.419547187576587 
# BH_mass_list
-10.0 -10.0 3.7218877055759427 5.370235837684449 5.8400566071657325 6.032235513774814 6.13099993538706 6.1854640524464 6.216482322139653 6.234455016967325 6.244974247970921 6.251169591065631 6.254833223918716 6.257005843384631 6.258297072272485 6.259066019252197 6.259523965749047 6.259523965749047 6.259523965749047 6.259523965749047 6.259523965749047 6.259523965749047 6.259523965749047 6.259523965749047 6.259523965749047 6.259523965749047 6.259523965749047 6.259523965749047 6.259523965749047 6.259523965749047 6.259523965749047 6.259523965749047 6.259523965749047 6.259523965749047 6.259523965749047 6.259523965749047 6.259523965749047 6.259523965749047 6.259523965749047 6.259523965749047 6.259523965749047 6.259523965749047 6.259523965749047 6.259523965749047 6.259523965749047 6.259523965749047 6.259523965749047 6.259523965749047 6.259523965749047 6.259523965749047 6.259523965749047 6.259523965749047 6.259523965749047 6.259523965749047 6.259523965749047 6.259523965749047 6.259523965749047 6.259523965749047 6.259523965749047 
# NS_mass_list
-10.0 -10.0 3.933923184357681 5.597319906571196 6.239941934788284 6.602039215178207 6.826260354618774 6.962987288396265 7.0406052711633365 7.085416779923203 7.111547813727125 7.1268848261654165 7.135926478651028 7.141273637568017 7.144443331205335 7.146325795237972 7.148420512081051 7.148420512081051 7.148420512081051 7.148420512081051 7.148420512081051 7.148420512081051 7.148420512081051 7.148420512081051 7.148420512081051 7.148420512081051 7.148420512081051 7.148420512081051 7.148420512081051 7.148420512081051 7.148420512081051 7.148420512081051 7.148420512081051 7.148420512081051 7.148420512081051 7.148420512081051 7.148420512081051 7.148420512081051 7.148420512081051 7.148420512081051 7.148420512081051 7.148420512081051 7.148420512081051 7.148420512081051 7.148420512081051 7.148420512081051 7.148420512081051 7.148420512081051 7.148420512081051 7.148420512081051 7.148420512081051 7.148420512081051 7.148420512081051 7.148420512081051 7.148420512081051 7.148420512081051 7.148420512081051 7.148420512081051 7.148420512081051 
# WD_mass_list
-10.0 -10.0 -10.0 -10.0 -10.0 2.7909081990739244 4.546103090095286 5.632733136520635 6.160149250471288 6.464814525247777 6.667055859598424 6.812058136003799 6.921549626469169 7.007480833652189 7.077011176618762 7.134685493324867 7.324128294987595 7.512019853311314 7.617116964824233 7.688949408642031 7.743025566996078 7.7861398918594835 7.821841722588667 7.852258558819117 7.878658807395478 7.881147685709403 7.883578201209389 7.885956297479399 7.888298497054622 7.890619089834186 7.8929280396959625 7.895232070064408 7.8975286213580205 7.9019951311324395 7.922783865396382 7.9587428315744395 7.98884232697893 8.015024845742428 8.037820044697266 8.06718730259855 8.092589119482636 8.114804972898808 8.12184197678098 8.134568911815728 8.152598877197727 8.168450806877814 8.178568348607392 8.18308453608372 8.20138258525891 8.22084675965815 8.255139591338168 8.282853242867866 8.305424612422932 8.324920204028281 8.342347799108866 8.35660129131994 8.370212300858027 8.382044950565351 8.3924523020437 
