# time_axis
1000000 10000000 20000000 30000000 40000000 50000000 60000000 70000000 80000000 90000000 100000000 200000000 300000000 400000000 500000000 600000000 700000000 800000000 900000000 1000000000 1010000000 1020000000 1030000000 1040000000 1050000000 1060000000 1070000000 1080000000 1100000000 1200000000 1400000000 1600000000 1800000000 2000000000 2300000000 2600000000 2900000000 3000000000 3200000000 3500000000 3800000000 4000000000 4100000000 4500000000 5000000000 6000000000 7000000000 8000000000 9000000000 10000000000 11000000000 12000000000 13000000000 14000000000 
# SNIa_energy_release_list
0 0.0 0.0 0.0 0.0 0.0 3.556464664606907e+55 1.0018772547240102e+56 1.8937942663933008e+56 2.642886629224629e+56 3.289117451740105e+56 7.186674860157731e+56 9.302174167468962e+56 1.0763234783055859e+57 1.1880644987776787e+57 1.2785767669544123e+57 1.3546390278403548e+57 1.4202467373754047e+57 1.4779270892311502e+57 1.5293956621270855e+57 1.5342501472318286e+57 1.5390564078571641e+57 1.5438161126751256e+57 1.548527534538154e+57 1.5531928812150769e+57 1.557812595971922e+57 1.5623874248665314e+57 1.5669191005054592e+57 1.5758577966900892e+57 1.618202781739276e+57 1.6930678871745527e+57 1.7577791038934824e+57 1.814766461118434e+57 1.8656840739460778e+57 1.9331420417505312e+57 1.9922486066595815e+57 2.044844419368023e+57 2.0611749375930206e+57 2.0922250358008517e+57 2.1353255955618807e+57 2.1748681252745545e+57 2.1995198231901934e+57 2.2113838584428287e+57 2.2561118619791665e+57 2.3066947464439366e+57 2.394189862966662e+57 2.4681289787284875e+57 2.5321402189871793e+57 2.5886006428178376e+57 2.639066179327002e+57 2.684733412443399e+57 2.726411093537554e+57 2.7647442013630375e+57 2.800230446593148e+57 
# SNII_energy_release_list
0 -2.483291790914152e+55 8.892375338103214e+55 2.4590983960197907e+56 4.503269330949997e+56 5.304191691709252e+56 5.672819903160775e+56 5.815467220982976e+56 5.815467220982976e+56 5.815467220982976e+56 5.815467220982976e+56 5.815467220982976e+56 5.815467220982976e+56 5.815467220982976e+56 5.815467220982976e+56 5.815467220982976e+56 5.815467220982976e+56 5.815467220982976e+56 5.815467220982976e+56 5.815467220982976e+56 5.815467220982976e+56 5.815467220982976e+56 5.815467220982976e+56 5.815467220982976e+56 5.815467220982976e+56 5.815467220982976e+56 5.815467220982976e+56 5.815467220982976e+56 5.815467220982976e+56 5.815467220982976e+56 5.815467220982976e+56 5.815467220982976e+56 5.815467220982976e+56 5.815467220982976e+56 5.815467220982976e+56 5.815467220982976e+56 5.815467220982976e+56 5.815467220982976e+56 5.815467220982976e+56 5.815467220982976e+56 5.815467220982976e+56 5.815467220982976e+56 5.815467220982976e+56 5.815467220982976e+56 5.815467220982976e+56 5.815467220982976e+56 5.815467220982976e+56 5.815467220982976e+56 5.815467220982976e+56 5.815467220982976e+56 5.815467220982976e+56 5.815467220982976e+56 5.815467220982976e+56 5.815467220982976e+56 
# SN_energy_per_current_crossing_time_list
0.0 -1.1080494925665414e+55 4.2568747163356324e+55 5.750155509929534e+55 1.5363814561104093e+56 7.721337080049477e+55 4.119204981429939e+55 1.9305658033518597e+55 4.0666866077474125e+54 3.545841293810123e+54 3.151022669611527e+54 2.191819005881258e+54 1.2567793952769502e+54 8.958872168548808e+53 7.000258772088791e+53 5.760763813168513e+53 4.900545332419105e+53 4.268964692167065e+53 3.7839977518796525e+53 3.3999035017713525e+53 3.2090137574738905e+53 3.1790705779400683e+53 3.150190657720495e+53 3.1201377134176623e+53 3.091505224526775e+53 3.0631192788315327e+53 3.0351771819061986e+53 3.0082924795608356e+53 2.9702343123611015e+53 2.828914823156869e+53 2.52283984879708e+53 2.1962013176081264e+53 1.945522045616777e+53 1.7469668835425327e+53 1.5525117588675966e+53 1.3672633254198535e+53 1.221872895919824e+53 1.1396202569840567e+53 1.0859354570180742e+53 1.0081532766894547e+53 9.274506029551168e+52 8.687351430803808e+52 8.368155789774572e+52 7.910157364807715e+52 7.177609922844303e+52 6.237562964980987e+52 5.290797863859742e+52 4.594993384441262e+52 4.064458100962584e+52 3.6427726130592385e+52 3.303464506167657e+52 3.021550491243957e+52 2.783836255743978e+52 2.581991738578635e+52 
# SN_energy_per_final_crossing_time_list
0.0 -5.353635198166332e+55 2.2071934901335504e+56 3.045963490480132e+56 3.966255982287961e+56 1.5540105039298273e+56 7.411174661162391e+55 3.237951600476307e+55 6.489619684174992e+54 5.4504224939010935e+54 4.701998292944343e+54 2.835876538617656e+54 1.539244769072298e+54 1.0630728651469255e+54 8.130316122441809e+53 6.585704606303131e+53 5.534316971311358e+53 4.773640121914869e+53 4.1968427768028665e+53 3.74487154535521e+53 3.53214051084337e+53 3.497052209271914e+53 3.463178039366464e+53 3.428047190796228e+53 3.394522722623622e+53 3.361320776378826e+53 3.32866166445502e+53 3.297263203180824e+53 3.2519134600913077e+53 3.081036070687611e+53 2.7236057589108514e+53 2.3542054939624323e+53 2.073210121331794e+53 1.8523917480789054e+53 1.6360885224022226e+53 1.433538180791971e+53 1.2756299707714751e+53 1.188214274861452e+53 1.12960805707686e+53 1.0453373178768477e+53 9.590428101420375e+52 8.968331243186461e+52 8.632313959922273e+52 8.136063344055115e+52 7.360857084462359e+52 6.366175586138508e+52 5.379836182072395e+52 4.6574804534089717e+52 4.108080382753822e+52 3.6718902635277707e+52 3.322764013653122e+52 3.0324827991921285e+52 2.789130466681816e+52 2.581991738578635e+52 
# total_energy_release_list
0 -2.483291790914152e+55 8.892375338103214e+55 2.4590983960197907e+56 4.503269330949997e+56 5.304191691709252e+56 6.028466369621466e+56 6.817344475706986e+56 7.709261487376277e+56 8.458353850207605e+56 9.10458467272308e+56 1.3002142081140707e+57 1.5117641388451938e+57 1.6578702004038836e+57 1.7696112208759763e+57 1.86012348905271e+57 1.9361857499386524e+57 2.0017934594737023e+57 2.059473811329448e+57 2.110942384225383e+57 2.1157968693301262e+57 2.120603129955462e+57 2.1253628347734234e+57 2.1300742566364515e+57 2.1347396033133745e+57 2.1393593180702196e+57 2.143934146964829e+57 2.1484658226037566e+57 2.1574045187883868e+57 2.1997495038375736e+57 2.2746146092728503e+57 2.33932582599178e+57 2.3963131832167315e+57 2.4472307960443754e+57 2.5146887638488288e+57 2.573795328757879e+57 2.6263911414663207e+57 2.642721659691318e+57 2.6737717578991493e+57 2.7168723176601783e+57 2.756414847372852e+57 2.781066545288491e+57 2.7929305805411263e+57 2.837658584077464e+57 2.8882414685422342e+57 2.9757365850649595e+57 3.049675700826785e+57 3.113686941085477e+57 3.170147364916135e+57 3.2206129014252996e+57 3.266280134541697e+57 3.3079578156358514e+57 3.3462909234613355e+57 3.381777168691446e+57 
# binding_energy_list
1.261827534590668e+58 1.261827534590668e+58 1.2161860006463704e+58 1.164126029410498e+58 9.14113241470247e+57 8.016780633876855e+57 7.568328950209705e+57 7.29457510254568e+57 7.112135136533238e+57 6.966265141107744e+57 6.854882264526593e+57 6.367955209079187e+57 6.194410750767837e+57 6.0953689724016436e+57 6.0255958607435934e+57 5.970352865838415e+57 5.942921586155739e+57 5.915616341754719e+57 5.888436553555932e+57 5.8613816451402967e+57 5.8613816451402967e+57 5.8613816451402967e+57 5.8613816451402967e+57 5.8613816451402967e+57 5.8613816451402967e+57 5.847900841444848e+57 5.847900841444848e+57 5.847900841444848e+57 5.847900841444848e+57 5.8344510427374236e+57 5.807644175213159e+57 5.780960474057187e+57 5.7676646339225444e+57 5.754399373371543e+57 5.74116462207328e+57 5.7279603098583274e+57 5.714786366718643e+57 5.701642722807478e+57 5.701642722807478e+57 5.688529308438448e+57 5.688529308438448e+57 5.675446054085442e+57 5.675446054085442e+57 5.675446054085442e+57 5.662392890382534e+57 5.6493697481230574e+57 5.636376558259514e+57 5.636376558259514e+57 5.623413251903491e+57 5.623413251903491e+57 5.610479760324735e+57 5.610479760324735e+57 5.610479760324735e+57 5.5975760149510704e+57 
# total_gas_kinetic_energy_list
5.392224731752873e+58 5.230278592004688e+58 5.076836749156268e+58 4.925130803927208e+58 4.959291135540931e+58 4.9753830551102735e+58 4.982170265346709e+58 4.986270801156908e+58 4.989258972865005e+58 4.9916088313178285e+58 4.993507988248735e+58 5.002255101560474e+58 5.005548914448021e+58 5.007387623342786e+58 5.0085789747052845e+58 5.009429507346155e+58 5.010069051167283e+58 5.010584318651507e+58 5.0110099351919655e+58 5.0113685589426054e+58 5.011403494465072e+58 5.0114348706960016e+58 5.01146607366863e+58 5.011497474107032e+58 5.011528941713471e+58 5.0115601257383704e+58 5.0115911404811715e+58 5.0116211180569303e+58 5.011678344605607e+58 5.011946200003966e+58 5.0123938790079655e+58 5.0127520204505405e+58 5.0130478102712586e+58 5.0132953584476576e+58 5.0135966379084665e+58 5.013842350301848e+58 5.014045229035821e+58 5.014106149833768e+58 5.0142144821302774e+58 5.014363463785377e+58 5.014485044546531e+58 5.0145585237014363e+58 5.014591347762111e+58 5.0147177643223383e+58 5.0148426577753957e+58 5.015035138645619e+58 5.015178664251021e+58 5.015300175321701e+58 5.015408344181809e+58 5.015515046989202e+58 5.015594117227086e+58 5.015679782268372e+58 5.015742796357176e+58 5.015819233625569e+58 
