# time_axis
5.999999999999999 7.0 7.30102999566398 7.477121254719661 7.602059991327962 7.698970004336018 7.778151250383643 7.845098040014256 7.903089986991943 7.954242509439324 8.0 8.301029995663981 8.47712125471966 8.60205999132796 8.698970004336019 8.778151250383644 8.845098040014257 8.903089986991942 8.954242509439323 8.999999999999998 9.004321373782641 9.008600171761916 9.012837224705171 9.017033339298779 9.021189299069936 9.02530586526477 9.02938377768521 9.033423755486949 9.041392685158224 9.079181246047623 9.146128035678236 9.204119982655923 9.255272505103305 9.301029995663981 9.361727836017593 9.414973347970816 9.462397997898954 9.477121254719663 9.505149978319904 9.544068044350274 9.57978359661681 9.60205999132796 9.612783856719734 9.653212513775342 9.698970004336017 9.778151250383642 9.845098040014257 9.903089986991944 9.954242509439325 10.0 10.041392685158225 10.079181246047623 10.113943352306835 10.146128035678236 
# total_gas_mass_list
9.922878745280336 9.909635654546632 9.896923349000971 9.884166348467017 9.887707828016381 9.889450719615297 9.890196937055146 9.8906498962419 9.890963242114847 9.891194645882916 9.891375191456795 9.892191593131624 9.892494473139037 9.892665614679991 9.892780231114939 9.89286393300748 9.892927828499458 9.89297918444582 9.8930214296483 9.893056759601818 9.8930604502037 9.89306355891894 9.893066664717981 9.893069785076321 9.893072895411633 9.89307598056763 9.893079037624284 9.893081994654828 9.893087703081816 9.893114242309304 9.89315858147424 9.89319397741473 9.893223200381922 9.893247612267391 9.893277520648885 9.893302024756512 9.89332239295827 9.893328484202273 9.893339438841705 9.893354429685967 9.89336694365471 9.893374564875229 9.893377990692052 9.893391197360437 9.893404230282629 9.893424928725388 9.893440635184799 9.893454048809046 9.893465933353065 9.893477526819796 9.893486272878095 9.893495647811239 9.893502323006167 9.893510587440522 
# ejected_gas_mass_list
-10.0 -10.0 7.220931719196178 7.596709939525678 8.009538177820104 8.124735100765983 8.166143230889267 8.18951025367691 8.204982774491015 8.216072226272878 8.224535937037414 8.260913666299844 8.273686808839638 8.28074534474024 8.285410753310533 8.28878717981019 8.29134752262946 8.293394781159552 8.29507182389946 8.296469515334154 8.296615266960933 8.29673800136296 8.29686058688135 8.29698371310067 8.297106409971885 8.297228080199405 8.297348609503738 8.297465164109205 8.29769008182885 8.298734265678073 8.30047334673792 8.301856799959019 8.30299575478109 8.303944973468278 8.305105166570254 8.306053474227593 8.306840190268764 8.307075193448348 8.307497517364775 8.30807479779753 8.308556124847353 8.308849006865358 8.308980597690883 8.309487522775331 8.30998721446145 8.31077965877869 8.311380045656376 8.31189214869885 8.312345384000174 8.31278707525624 8.313119995896766 8.31347657906551 8.313730301863076 8.314044231496895 
# stellar_mass_list
-10.0 8.547842856620997 8.623759617172569 8.667633554285695 8.17264291746148 8.055662138777281 7.993116599124013 7.950201728732026 7.917659281712686 7.891566101129953 7.8698649080004435 7.752114864487505 7.696059608053549 7.66004344040013 7.633874454563927 7.613512195765394 7.596954174279171 7.58304039298263 7.571119288327724 7.560634191450948 7.559667538270848 7.558733454558029 7.557801939192659 7.556867388436127 7.555930797065079 7.55499166881108 7.5540574425806675 7.55315328535587 7.551431459338904 7.543171536354554 7.52884349489682 7.5167690805125735 7.50635827782032 7.497321228894456 7.485639565997171 7.475576282597429 7.4668332596359095 7.464036263646722 7.45910330030905 7.452087235355917 7.445870073440139 7.4420065784953 7.440247042757068 7.433199332665798 7.425721603497837 7.412713147836792 7.4020744068461335 7.3927884407038755 7.384257842688291 7.3761475509391445 7.369236469639166 7.362298332345089 7.356067742613803 7.3503494922039785 
# remnant_mass_list
-10.0 -10.0 7.533026163353074 7.867982397144036 8.062907228327816 8.095104956732854 8.109252399401308 8.117780718946944 8.123590276888846 8.127952790996373 8.131391981534058 8.147391515760715 8.15362856331146 8.157228224685685 8.159657417290457 8.161443909332007 8.162831985574075 8.163955062459234 8.164885821569488 8.165682446932795 8.165754586291602 8.165823723448923 8.165892648648851 8.165961894355581 8.166031367841622 8.166101133021987 8.166170465122908 8.16623704663593 8.166362331499124 8.166958910390742 8.167963830295712 8.168780674628332 8.16946382860542 8.170039043568082 8.170759925233265 8.171362581714932 8.171870830149244 8.172033107751002 8.17230879304914 8.172699438224102 8.173035542236267 8.173241778116848 8.173332741808544 8.173703685857832 8.174079458393654 8.174719545316568 8.175220249185806 8.175648800767307 8.17604245471199 8.176420713098054 8.176727567123233 8.177045257351212 8.177322671781017 8.177572319435361 
# BH_mass_list
-10.0 -10.0 7.371509287799409 7.672539283463391 7.848630542519072 7.848630542519072 7.848630542519072 7.848630542519072 7.848630542519072 7.848630542519072 7.848630542519072 7.848630542519072 7.848630542519072 7.848630542519072 7.848630542519072 7.848630542519072 7.848630542519072 7.848630542519072 7.848630542519072 7.848630542519072 7.848630542519072 7.848630542519072 7.848630542519072 7.848630542519072 7.848630542519072 7.848630542519072 7.848630542519072 7.848630542519072 7.848630542519072 7.848630542519072 7.848630542519072 7.848630542519072 7.848630542519072 7.848630542519072 7.848630542519072 7.848630542519072 7.848630542519072 7.848630542519072 7.848630542519072 7.848630542519072 7.848630542519072 7.848630542519072 7.848630542519072 7.848630542519072 7.848630542519072 7.848630542519072 7.848630542519072 7.848630542519072 7.848630542519072 7.848630542519072 7.848630542519072 7.848630542519072 7.848630542519072 7.848630542519072 
# NS_mass_list
-10.0 -10.0 7.025201321894077 7.427155493880479 7.653355677792161 7.731074958969522 7.756734697226134 7.765345469794421 7.765345469794421 7.765345469794421 7.765345469794421 7.765345469794421 7.765345469794421 7.765345469794421 7.765345469794421 7.765345469794421 7.765345469794421 7.765345469794421 7.765345469794421 7.765345469794421 7.765345469794421 7.765345469794421 7.765345469794421 7.765345469794421 7.765345469794421 7.765345469794421 7.765345469794421 7.765345469794421 7.765345469794421 7.765345469794421 7.765345469794421 7.765345469794421 7.765345469794421 7.765345469794421 7.765345469794421 7.765345469794421 7.765345469794421 7.765345469794421 7.765345469794421 7.765345469794421 7.765345469794421 7.765345469794421 7.765345469794421 7.765345469794421 7.765345469794421 7.765345469794421 7.765345469794421 7.765345469794421 7.765345469794421 7.765345469794421 7.765345469794421 7.765345469794421 7.765345469794421 7.765345469794421 
# WD_mass_list
-10.0 -10.0 -10.0 -10.0 -10.0 4.866745826495221 5.963186530698599 6.366500078865516 6.611897834432488 6.735084601519347 6.812980602495612 7.063691753589201 7.133875525854352 7.170146086660245 7.193170893021106 7.209434761392409 7.2217081795426665 7.231418437762577 7.2393230592345175 7.245989252574147 7.246588494080702 7.247162115471153 7.247733315833228 7.248306507912816 7.248880917894897 7.249457068400402 7.250028977630398 7.250577575492548 7.251608211468889 7.256486627511898 7.264597073832585 7.271093318475622 7.27646191192327 7.280937806626091 7.286491042631617 7.2910866219010035 7.294929735169142 7.296150607462625 7.2982178903292 7.301132701891229 7.303627070971782 7.305151521623722 7.305822437880685 7.308549155256326 7.311296373316283 7.315941711995756 7.319545886608072 7.32261037944613 7.325409037190023 7.328083724981505 7.330243169642038 7.332469212961184 7.334405079946082 7.3361408880768915 
