# time_axis
5.999999999999999 7.0 7.30102999566398 7.477121254719661 7.602059991327962 7.698970004336018 7.778151250383643 7.845098040014256 7.903089986991943 7.954242509439324 8.0 8.041392685158224 8.079181246047623 8.113943352306837 8.146128035678238 8.176091259055681 8.301029995663981 8.47712125471966 8.60205999132796 8.698970004336019 8.778151250383644 8.845098040014257 8.903089986991942 8.954242509439323 8.999999999999998 9.004321373782641 9.008600171761916 9.012837224705171 9.017033339298779 9.021189299069936 9.02530586526477 9.02938377768521 9.033423755486949 9.041392685158224 9.079181246047623 9.146128035678236 9.204119982655923 9.255272505103305 9.301029995663981 9.361727836017593 9.414973347970816 9.462397997898954 9.477121254719663 9.505149978319904 9.544068044350274 9.57978359661681 9.60205999132796 9.612783856719734 9.653212513775342 9.698970004336017 9.778151250383642 9.845098040014257 9.903089986991944 9.954242509439325 10.0 10.041392685158225 10.079181246047623 10.113943352306835 10.146128035678236 
# total_gas_mass_list
8.602310340709769 10.259747898754664 10.58690313097528 10.467393696513389 10.276106015396346 10.04073706324395 9.776787800535597 9.493435126998408 9.19652057752243 8.890027658982842 8.57694267542521 8.25984087583973 7.9414499450267515 7.62539219269192 7.317254008668867 7.025893179017111 7.164273464376063 7.303781615092855 7.383358418391507 7.438568690954277 7.480337713450941 7.513455755283054 7.540670968238906 7.563768317107057 7.583545298724424 7.585406169659171 7.587214490109183 7.588985864172836 7.590728246949617 7.592459990777 7.594186274624107 7.5958918108285 7.597608330146056 7.600931459052268 7.616413707311687 7.6426045035757495 7.664207191973573 7.682533373415707 7.698292353131917 7.7180343819749835 7.734532008296423 7.748714142795166 7.753109738563199 7.761107361719346 7.7719703045746895 7.781171413114421 7.78685599733247 7.789363830101318 7.7990681026789614 7.809031980976428 7.825226766752056 7.837281081083574 7.847142128736601 7.855498503047423 7.8628588451636166 7.868901856986035 7.874556154725194 7.879657334132638 7.884147688544334 
# ejected_gas_mass_list
-10.0 -10.0 3.9123479046919365 5.969814577924882 6.54241146484973 6.793789218974298 6.939108475804047 7.035591246473824 7.106259695247411 7.160188222376159 7.203122750672648 7.238421821559047 7.268120454758396 7.2935745256900635 7.315731156497738 7.335271914367356 7.407617928777326 7.4926603787179165 7.545805107741505 7.584527800335121 7.614778400295043 7.6393231185529755 7.65984982453737 7.677515105720983 7.692814252361527 7.6942618706345405 7.695669926702257 7.697050471099902 7.698409631422364 7.699761679776788 7.701110640456401 7.702444538097947 7.703788176840418 7.706392693001065 7.718583355972459 7.7394130920506266 7.756784329628351 7.771651737157925 7.7845300210698705 7.800782181459512 7.814462322125007 7.82629254996165 7.8299721270290465 7.836682459064544 7.845828520913915 7.853603466207273 7.858419635388642 7.860547407606684 7.868798444526471 7.877298709652782 7.891175032609505 7.901551199096916 7.910068989256242 7.917307539765024 7.923698628829794 7.928956465597153 7.9338846602548445 7.9383378038981425 7.942263196389608 
# stellar_mass_list
-10.0 6.380461591093413 8.045723046437363 8.452229877420825 8.49720552576356 8.502089787171984 8.492271621240466 8.478085595750393 8.463560359465992 8.449661708650005 8.436672492058515 8.424697626728248 8.413721695787126 8.40368638786823 8.394526421295417 8.386156507847272 8.352455141202068 8.307526870844697 8.275729960366245 8.25054933922436 8.229450912408499 8.211172664514002 8.194992978921357 8.180404857452316 8.167119440069765 8.165831551408413 8.164570322608217 8.16333300180793 8.162101279857223 8.160889569746322 8.15967290810503 8.158458053088363 8.157239551219792 8.154849196363363 8.143497802104081 8.122834760350333 8.104458777974408 8.087580890267576 8.07216774313256 8.051212514278852 8.03200695266429 8.014289092515034 8.008495396158382 7.997789756459448 7.9819786355662306 7.96750664747035 7.957975152283926 7.953621143902914 7.935496448090609 7.915157153308028 7.876437782408351 7.842372035129528 7.813529542125613 7.787816870776283 7.764202486128817 7.7442951987221615 7.724936506092521 7.7076596568410825 7.6922029860339505 
# remnant_mass_list
-10.0 -10.0 4.895113041902482 7.029971187506968 7.568917776904766 7.7654561556991615 7.865178204344404 7.920819030339024 7.953940828184344 7.975229664006864 7.990047994506411 8.001156441551128 8.009992744311791 8.017336021439723 8.023630182849136 8.029145375713155 8.049632720069885 8.074298472597285 8.090091424611144 8.101717190372893 8.110897840129969 8.118454598501193 8.12486130925517 8.130411980108747 8.13528925183126 8.135752281332877 8.136206203011497 8.136651150857894 8.137085998227734 8.137518240625194 8.137949205327965 8.138379563024936 8.1388107460619 8.139648361163522 8.14356098488049 8.15040166918853 8.156188907196002 8.161276212005196 8.16573632815307 8.171524096246314 8.17657492842061 8.181022683526194 8.182442151933339 8.185002858586932 8.188658371257887 8.191879650848323 8.193946283703559 8.194866152960076 8.198629035915983 8.20263545010072 8.209761043136005 8.215472727103114 8.219905874376476 8.223591030535385 8.226773911694048 8.229272490741105 8.231610404685906 8.233585434824143 8.235260118597807 
# BH_mass_list
-10.0 -10.0 4.645706983150198 6.88135441467444 7.401187255831449 7.558091876867886 7.624440325895075 7.652927552554582 7.664677257607949 7.669200642099224 7.670802984365565 7.671327247512947 7.671484420536504 7.671526364280333 7.671534534562444 7.671535663433976 7.671535954773781 7.671535954773781 7.671535954773781 7.671535954773781 7.671535954773781 7.671535954773781 7.671535954773781 7.671535954773781 7.671535954773781 7.671535954773781 7.671535954773781 7.671535954773781 7.671535954773781 7.671535954773781 7.671535954773781 7.671535954773781 7.671535954773781 7.671535954773781 7.671535954773781 7.671535954773781 7.671535954773781 7.671535954773781 7.671535954773781 7.671535954773781 7.671535954773781 7.671535954773781 7.671535954773781 7.671535954773781 7.671535954773781 7.671535954773781 7.671535954773781 7.671535954773781 7.671535954773781 7.671535954773781 7.671535954773781 7.671535954773781 7.671535954773781 7.671535954773781 7.671535954773781 7.671535954773781 7.671535954773781 7.671535954773781 7.671535954773781 
# NS_mass_list
-10.0 -10.0 4.535484242080311 6.4920632968558865 7.074576114134673 7.344820067171539 7.49334456522527 7.577335346911376 7.6220354428093895 7.645056775106468 7.656454782830693 7.661854394013462 7.6642896660269395 7.6653395068898575 7.6657747459586005 7.6659415248714815 7.666041668187008 7.666041668187008 7.666041668187008 7.666041668187008 7.666041668187008 7.666041668187008 7.666041668187008 7.666041668187008 7.666041668187008 7.666041668187008 7.666041668187008 7.666041668187008 7.666041668187008 7.666041668187008 7.666041668187008 7.666041668187008 7.666041668187008 7.666041668187008 7.666041668187008 7.666041668187008 7.666041668187008 7.666041668187008 7.666041668187008 7.666041668187008 7.666041668187008 7.666041668187008 7.666041668187008 7.666041668187008 7.666041668187008 7.666041668187008 7.666041668187008 7.666041668187008 7.666041668187008 7.666041668187008 7.666041668187008 7.666041668187008 7.666041668187008 7.666041668187008 7.666041668187008 7.666041668187008 7.666041668187008 7.666041668187008 7.666041668187008 
# WD_mass_list
-10.0 -10.0 -10.0 -10.0 -10.0 3.0340699435946257 4.742935970624353 5.760812999992928 6.267400701889788 6.5569901364301915 6.743293155678818 6.871896766621146 6.965267248878494 7.035831937744664 7.0910356602092275 7.1355660695894985 7.274587984303639 7.404320942622253 7.473697285995071 7.519866498053996 7.553921715030187 7.580572022627841 7.602290066816365 7.620510263505689 7.636095156934917 7.637554993274375 7.63898287113089 7.6403794210750355 7.6417413200461395 7.643092186982695 7.6444362234854975 7.6457755544686545 7.647114650013569 7.649708006062911 7.661685438754383 7.682109765132652 7.698906870955957 7.713330814013335 7.725727636363463 7.741486099307803 7.754950261218045 7.766595692655022 7.77027209598617 7.776856470445939 7.7861518629781195 7.794244572025427 7.799389238935399 7.801667500252266 7.810913859866001 7.8206325417122615 7.837610097249758 7.850948015776265 7.8611421023215815 7.869514896702225 7.876674750015374 7.882249836624338 7.887431002522994 7.891781749519976 7.895452353355496 
