# time_axis
5.999999999999999 7.0 7.30102999566398 7.477121254719661 7.602059991327962 7.698970004336018 7.778151250383643 7.845098040014256 7.903089986991943 7.954242509439324 8.0 8.041392685158224 8.079181246047623 8.113943352306837 8.146128035678238 8.176091259055681 8.301029995663981 8.47712125471966 8.60205999132796 8.698970004336019 8.778151250383644 8.845098040014257 8.903089986991942 8.954242509439323 8.999999999999998 9.004321373782641 9.008600171761916 9.012837224705171 9.017033339298779 9.021189299069936 9.02530586526477 9.02938377768521 9.033423755486949 9.041392685158224 9.079181246047623 9.146128035678236 9.204119982655923 9.255272505103305 9.301029995663981 9.361727836017593 9.414973347970816 9.462397997898954 9.477121254719663 9.505149978319904 9.544068044350274 9.57978359661681 9.60205999132796 9.612783856719734 9.653212513775342 9.698970004336017 9.778151250383642 9.845098040014257 9.903089986991944 9.954242509439325 10.0 10.041392685158225 10.079181246047623 10.113943352306835 10.146128035678236 
# total_gas_mass_list
9.328290912707383 10.997549909945857 11.345971986179856 11.47315079306612 11.525875756829794 11.548004541254395 11.556477520796822 11.265621087722636 10.982373079135483 10.683379072610848 10.381686894086053 10.080940815728326 9.783853395346762 9.494145786305833 9.215972576837045 8.954448551442498 9.078469592560449 9.646826359250538 9.73927517548369 9.774110195997428 9.797945720832937 9.812968392035527 9.823589337242886 9.831574472797165 9.8377990450664 9.838349101073574 9.838887526196732 9.839414345105295 9.839929490662886 9.84043315163871 9.840925453318835 9.841409921313778 9.84188650586419 9.842814331973576 9.84696644285359 9.853483404847717 9.858384958505866 9.862248694337469 9.865373819611891 9.869111283366571 9.872104656684177 9.874565330476056 9.875299453763239 9.876635435664786 9.878412331510365 9.879926666108364 9.880831710247723 9.881245945517533 9.882768355898058 9.884338289178778 9.886778252347128 9.888589722296407 9.890041868740212 9.891252923169043 9.892292173678392 9.89317396981662 9.893964644004715 9.894662040783869 9.895282137128705 
# ejected_gas_mass_list
-10.0 -10.0 -10.0 -10.0 -10.0 -10.0 -10.0 -10.0 8.755820341529851 8.10083863700797 -10.0 -10.0 -10.0 -10.0 -10.0 -10.0 8.361578703718134 9.539851451668039 9.654957211489712 9.696906490706086 9.725230941576553 9.742936597673728 9.755389622875903 9.764718043779043 9.77196992959939 9.772609945902701 9.773236300827554 9.773849031490538 9.77444806803589 9.775033637959547 9.775605894606645 9.776168942519206 9.776722728974983 9.777800571537691 9.782619480591688 9.79016822751656 9.795834089738225 9.800293321766302 9.803895655058604 9.80819866101078 9.811640961390445 9.814468017070459 9.815310986595621 9.816844509324486 9.818883062169332 9.820619423205219 9.82165673864714 9.822131408689264 9.82387536431905 9.825672828929488 9.828464554171111 9.83053572007173 9.832195156848574 9.833578481753804 9.834765127149666 9.835771671330617 9.836673956950612 9.8374696058827 9.838176912937518 
# stellar_mass_list
-10.0 7.751221177400435 9.422253151479001 9.805071391452682 9.97002586161041 10.05743872289984 10.110683565323646 10.146990183245137 10.009846695042189 10.069147950831871 10.09754608814017 10.108844809694862 10.112155825857997 10.111872709966683 10.110081548309092 10.107755661690685 10.095075332923315 9.829185370668782 9.677004742024872 9.606413925423993 9.559907077538568 9.525554391024617 9.498518476329327 9.476357333285018 9.457675202105037 9.455955992222506 9.454260618000639 9.452590818196171 9.450947492590622 9.449331892931326 9.447743839292192 9.446171260034673 9.444614355205843 9.441556376936362 9.427442939770778 9.40367050418279 9.384248526294423 9.367810198641806 9.353681133617501 9.335754033128852 9.32060901710601 9.30757643993762 9.303565236637269 9.296161561910619 9.285967431416797 9.276963012580712 9.271356415541478 9.268768714892914 9.258818884443535 9.248079198618152 9.22986032542113 9.215082042249971 9.202494000338692 9.191353195298156 9.181249818617431 9.172452571918061 9.1641266581611 9.156589924117627 9.149737718835315 
# remnant_mass_list
-10.0 -10.0 6.228579642673514 7.9025220144531625 8.337490083259024 8.583037705885866 8.761684532188903 8.903458052777903 9.020063437861474 9.010618670404337 9.064099775307463 9.096044904416544 9.118123811427163 9.13464281504381 9.147642998710241 9.158238980790994 9.192137380563155 9.22411901154033 9.263396697475313 9.299163476000224 9.288818233240901 9.275082577866954 9.2871975207167 9.296632316796185 9.304255737681505 9.304943325735675 9.305619209877179 9.30628239823267 9.306932384192043 9.30756875424421 9.308191650908993 9.30880712725918 9.309415387425602 9.310605174452515 9.315995206136378 9.324731118184452 9.331560027466734 9.337142777564042 9.34179489259993 9.347507609557892 9.35218276973237 9.356096677032767 9.357284353286156 9.35944492950866 9.362377125718488 9.364912029957896 9.3664733758522 9.367183744201206 9.369901653835056 9.372766038408388 9.377508139149871 9.38123690641678 9.38434053896073 9.387038921548713 9.389449184514099 9.391504724014844 9.393431629262738 9.395148460851997 9.396686930719593 
# BH_mass_list
-10.0 -10.0 -10.0 -10.0 -10.0 -10.0 -10.0 -10.0 -10.0 -10.0 -10.0 -10.0 -10.0 -10.0 -10.0 -10.0 -10.0 -10.0 -10.0 -10.0 -10.0 -10.0 -10.0 -10.0 -10.0 -10.0 -10.0 -10.0 -10.0 -10.0 -10.0 -10.0 -10.0 -10.0 -10.0 -10.0 -10.0 -10.0 -10.0 -10.0 -10.0 -10.0 -10.0 -10.0 -10.0 -10.0 -10.0 -10.0 -10.0 -10.0 -10.0 -10.0 -10.0 -10.0 -10.0 -10.0 -10.0 -10.0 -10.0 
# NS_mass_list
-10.0 -10.0 6.228579642673514 7.9117797443644555 8.476563595668559 8.80904606795689 9.03288808350718 9.194673596972383 9.317628650948759 9.364174328467744 9.380375500202337 9.385928139554158 9.385928139554158 9.385928139554158 9.385928139554158 9.385928139554158 9.385928139554158 9.385928139554158 9.402222523520201 9.421356039894901 9.432148041039602 9.439299392120452 9.444482848664087 9.448461841912284 9.451641481090684 9.451925470306165 9.452204053567499 9.452477480885591 9.452745979514534 9.45300943416322 9.453268091427498 9.453522358477109 9.453771926084665 9.454258382116008 9.456461984873245 9.45999515884088 9.46273100727267 9.464932672209294 9.466756154287479 9.467727808189185 9.467727808189185 9.467727808189185 9.467727808189185 9.467727808189185 9.467727808189185 9.467727808189185 9.467727808189185 9.467727808189185 9.467727808189185 9.467727808189185 9.467727808189185 9.467727808189185 9.467727808189185 9.467727808189185 9.467727808189185 9.467727808189185 9.467727808189185 9.467727808189185 9.467727808189185 
# WD_mass_list
-10.0 -10.0 -10.0 -10.0 -10.0 4.070124147274657 5.839386816388363 6.908300525360108 7.444761697021116 7.787872442423296 8.032357555499809 8.218300105730131 8.362429541727236 8.449106699418792 8.50878559982372 8.553140459868585 8.676012638097417 8.773201001674293 8.818762997298416 8.84666407780848 8.866062507330264 8.880592813980071 8.892035016485003 8.901364107014253 8.909154926122085 8.909872780980086 8.910581254033806 8.911276961370918 8.911957808272033 8.912623124330608 8.913272364578246 8.913919104716218 8.914564882700276 8.915835864349969 8.921625173173569 8.931242794217397 8.938933178347515 8.945388030499641 8.950836690115544 8.96165672175299 8.972937382037733 8.982251653415883 8.985055372234807 8.990129248839573 8.996961362715496 9.00281887678627 9.006404619138715 9.008030521221988 9.01421993499901 9.020689975332072 9.031285236010454 9.039517724866098 9.046305755337126 9.052161163928075 9.057355714872728 9.061759677548231 9.065866577721541 9.069508487797021 9.072758406200215 
