# time_axis
1000000 10000000 20000000 30000000 40000000 50000000 60000000 70000000 80000000 90000000 100000000 110000000 120000000 130000000 140000000 150000000 200000000 300000000 400000000 500000000 600000000 700000000 800000000 900000000 1000000000 1010000000 1020000000 1030000000 1040000000 1050000000 1060000000 1070000000 1080000000 1100000000 1200000000 1400000000 1600000000 1800000000 2000000000 2300000000 2600000000 2900000000 3000000000 3200000000 3500000000 3800000000 4000000000 4100000000 4500000000 5000000000 6000000000 7000000000 8000000000 9000000000 10000000000 11000000000 12000000000 13000000000 14000000000 
# SNIa_energy_release_list
0 0.0 0.0 0.0 0.0 0.0 3.756082898206844e+53 1.702171969930938e+55 6.325544242452354e+55 1.2187272982926874e+56 1.821343889218072e+56 2.3901470702427907e+56 2.9087604542800153e+56 3.3766031564930024e+56 3.79888731915405e+56 4.182071262757157e+56 5.689072430496381e+56 7.64165711264091e+56 8.952697195612777e+56 9.941667045864345e+56 1.0736121830474152e+57 1.1400205095583025e+57 1.1970738506770017e+57 1.2470858798298402e+57 1.2916075860280478e+57 1.2958009191152759e+57 1.2999520632111241e+57 1.3040627301188117e+57 1.3081317583292312e+57 1.312160571237987e+57 1.3161498696862496e+57 1.3200995442303348e+57 1.3240108668135348e+57 1.3317227926069949e+57 1.3682300351873791e+57 1.4326612753027356e+57 1.4882526977671308e+57 1.5371382570262826e+57 1.5807679458449087e+57 1.638512947190292e+57 1.689056828850896e+57 1.733998115262014e+57 1.7479414891896433e+57 1.774455746271575e+57 1.8112437201401635e+57 1.8449772276539833e+57 1.8660031224617204e+57 1.8761202965474046e+57 1.9142450469179267e+57 1.957357561028942e+57 2.031893715806149e+57 2.0948351069912864e+57 2.1493182197285367e+57 2.1973534570577058e+57 2.2402803984422347e+57 2.2791280831671905e+57 2.314570544686728e+57 2.3471651584538464e+57 2.3773367181077835e+57 
# SNII_energy_release_list
0 0.0 5.618313136640572e+53 2.548753047419214e+55 9.577570174394751e+55 1.8461684019113256e+56 2.7120559057152307e+56 3.374981784185861e+56 3.740215269269752e+56 3.9226583207600288e+56 4.007721515172294e+56 4.04548735249539e+56 4.061666416995651e+56 4.0684357532290106e+56 4.071262601012199e+56 4.0724402592096684e+56 4.073307010944417e+56 4.073307010944417e+56 4.073307010944417e+56 4.073307010944417e+56 4.073307010944417e+56 4.073307010944417e+56 4.073307010944417e+56 4.073307010944417e+56 4.073307010944417e+56 4.073307010944417e+56 4.073307010944417e+56 4.073307010944417e+56 4.073307010944417e+56 4.073307010944417e+56 4.073307010944417e+56 4.073307010944417e+56 4.073307010944417e+56 4.073307010944417e+56 4.073307010944417e+56 4.073307010944417e+56 4.073307010944417e+56 4.073307010944417e+56 4.073307010944417e+56 4.073307010944417e+56 4.073307010944417e+56 4.073307010944417e+56 4.073307010944417e+56 4.073307010944417e+56 4.073307010944417e+56 4.073307010944417e+56 4.073307010944417e+56 4.073307010944417e+56 4.073307010944417e+56 4.073307010944417e+56 4.073307010944417e+56 4.073307010944417e+56 4.073307010944417e+56 4.073307010944417e+56 4.073307010944417e+56 4.073307010944417e+56 4.073307010944417e+56 4.073307010944417e+56 4.073307010944417e+56 
# SN_energy_per_current_crossing_time_list
0.0 0.0 2.0027623746726078e+54 5.337035281779418e+55 1.3270453859479893e+56 1.6158762490824906e+56 1.5672225772405002e+56 1.2190302439924928e+56 7.040346670270485e+55 3.8015511555485956e+55 2.0217162634884778e+55 1.1195172133232071e+55 6.802447724431431e+54 4.6751864438862296e+54 3.6116278761738146e+54 3.02637842469706e+54 2.2875436215061735e+54 1.5076708074290682e+54 1.0358182695187943e+54 7.956257125712268e+53 6.488171698336937e+53 5.4937165216852336e+53 4.773376657953868e+53 4.226641735790291e+53 3.797071059446638e+53 3.579456677756194e+53 3.546462335155853e+53 3.514814590287126e+53 3.482091090818291e+53 3.450525196766405e+53 3.4195094253338764e+53 3.38835571931804e+53 3.3582420159822074e+53 3.3160360681561944e+53 3.1636124289951304e+53 2.8303391693004385e+53 2.4713483494303487e+53 2.1966124683995393e+53 1.9792386105540297e+53 1.7684540527583377e+53 1.5651953448421217e+53 1.405483647959014e+53 1.3123467449318567e+53 1.2548974152807821e+53 1.170237467213884e+53 1.0807472697747086e+53 1.0149679702403068e+53 9.787229585541826e+52 9.294935357815352e+52 8.480327609601686e+52 7.438635629620244e+52 6.356276241757428e+52 5.559776882948276e+52 4.949357764018232e+52 4.4639166439280984e+52 4.071924492843458e+52 3.7444195671766685e+52 3.468854477481655e+52 3.2323887371963126e+52 
# SN_energy_per_final_crossing_time_list
0.0 0.0 1.60509409640232e+54 7.121015080192987e+55 2.0080605336187942e+56 2.538099663923386e+56 2.4741536635470784e+56 1.9117444212259646e+56 1.092966249935873e+56 5.840198029760308e+55 3.075772735299908e+55 1.6883105083587868e+55 1.017828529002676e+55 6.946098259721719e+54 5.331684809680311e+54 4.4416335166245046e+54 3.2785345445490786e+54 2.0918748673844238e+54 1.4045648441174506e+54 1.0595193095902153e+54 8.511282570204744e+53 7.114565144524806e+53 6.112331591961304e+53 5.357970274396324e+53 4.76977204117032e+53 4.492469994238848e+53 4.447271395911118e+53 4.4039067145277445e+53 4.359297666263556e+53 4.3162135533938215e+53 4.273880277115104e+53 4.231429749846349e+53 4.190341901608982e+53 4.131033059409567e+53 3.911153453664141e+53 3.451376350133381e+53 2.9778554691849762e+53 2.618643732264035e+53 2.3371034902119687e+53 2.062143887810244e+53 1.804983188227946e+53 1.604907730951635e+53 1.4938042765815464e+53 1.4202843165845482e+53 1.3137430719636821e+53 1.204664381561897e+53 1.1262902273786568e+53 1.08388959476786e+53 1.0211107340784698e+53 9.237600352322513e+52 7.985328898446042e+52 6.743139774803138e+52 5.836973693082032e+52 5.146189388691292e+52 4.598919096167252e+52 4.161893518643837e+52 3.7970795924474516e+52 3.491979322333377e+52 3.2323887371963126e+52 
# total_energy_release_list
0 0 5.618313136640572e+53 2.548753047419214e+55 9.577570174394751e+55 1.8461684019113256e+56 2.7158119886134374e+56 3.5451989811789546e+56 4.372769693514987e+56 5.141385619052716e+56 5.829065404390366e+56 6.4356344227381805e+56 6.970426871275666e+56 7.445038909722013e+56 7.870149920166249e+56 8.254511521966825e+56 9.762379441440798e+56 1.1714964123585326e+57 1.3026004206557193e+57 1.4014974056808761e+57 1.4809428841418569e+57 1.5473512106527442e+57 1.6044045517714435e+57 1.654416580924282e+57 1.6989382871224896e+57 1.7031316202097177e+57 1.707282764305566e+57 1.7113934312132534e+57 1.715462459423673e+57 1.719491272332429e+57 1.723480570780691e+57 1.7274302453247767e+57 1.7313415679079765e+57 1.7390534937014367e+57 1.775560736281821e+57 1.8399919763971773e+57 1.8955833988615726e+57 1.944468958120724e+57 1.9880986469393504e+57 2.0458436482847338e+57 2.0963875299453377e+57 2.141328816356456e+57 2.155272190284085e+57 2.1817864473660165e+57 2.2185744212346052e+57 2.252307928748425e+57 2.273333823556162e+57 2.2834509976418463e+57 2.3215757480123683e+57 2.3646882621233836e+57 2.4392244169005906e+57 2.502165808085728e+57 2.5566489208229784e+57 2.6046841581521475e+57 2.6476110995366763e+57 2.6864587842616322e+57 2.7219012457811696e+57 2.754495859548288e+57 2.784667419202225e+57 
# binding_energy_list
8.9536476554959e+54 8.9536476554959e+54 8.9536476554959e+54 8.933054837332963e+54 8.912509381337514e+54 8.892011178579445e+54 8.85115609830841e+54 8.830799004185586e+54 8.810488730080146e+54 8.790225168308896e+54 8.770008211436303e+54 8.749837752274363e+54 8.729713683881166e+54 8.709635899560761e+54 8.68960429286302e+54 8.669618757582214e+54 8.609937521846052e+54 8.531001140175843e+54 8.452788451602891e+54 8.394599865193965e+54 8.336811846196331e+54 8.298507675144166e+54 8.260379495771817e+54 8.241381150129963e+54 8.20351544329821e+54 8.20351544329821e+54 8.20351544329821e+54 8.184647881347836e+54 8.184647881347836e+54 8.184647881347836e+54 8.184647881347836e+54 8.184647881347836e+54 8.184647881347836e+54 8.165823713585906e+54 8.147042840208421e+54 8.090958991783846e+54 8.053784411990643e+54 8.016780633876855e+54 7.979946872679785e+54 7.94328234724279e+54 7.90678627999831e+54 7.870457896951001e+54 7.852356346100775e+54 7.834296427662088e+54 7.816278045883308e+54 7.798301105232642e+54 7.780365510398008e+54 7.762471166286928e+54 7.744617978025239e+54 7.709034690644309e+54 7.673614893618154e+54 7.638357835776954e+54 7.603262769401822e+54 7.568328950209705e+54 7.533555637337217e+54 7.516228940182015e+54 7.481695005111584e+54 7.464487584100623e+54 7.447319739059888e+54 
# total_gas_kinetic_energy_list
3.555417159551863e+57 1.5234893976272667e+59 3.0413731419845616e+59 1.9062408745916014e+59 1.0291146676316752e+59 5.041417254460786e+58 2.3140928751420364e+58 1.015303028640521e+58 4.3149349333377906e+57 1.7943166498731003e+57 7.371781522081938e+56 3.030603306589872e+56 1.2739501923923868e+56 5.692136838038151e+55 2.867091792465328e+55 1.7208364027943133e+55 4.342618811616845e+55 8.190966969335108e+55 1.105435527002315e+56 1.331498234059342e+56 1.5187441996347853e+56 1.679054419239916e+56 1.8212952824872743e+56 1.9499586438734331e+56 2.0675349852794105e+56 2.0789316878622094e+56 2.090003633017715e+56 2.100879840597473e+56 2.11166641167832e+56 2.122443894085597e+56 2.133240900415208e+56 2.144084074270896e+56 2.1549458984713306e+56 2.175980621231605e+56 2.2762369276176415e+56 2.457891339910311e+56 2.617115986141792e+56 2.76099225644323e+56 2.8899988866682854e+56 3.0595026709387715e+56 3.208862935100303e+56 3.3412714396934936e+56 3.3838970644592915e+56 3.460505681632537e+56 3.5687580770138347e+56 3.6624438135192835e+56 3.72073265327835e+56 3.7467388731620186e+56 3.849939232462666e+56 3.956620948561999e+56 4.135626184528485e+56 4.277498519379989e+56 4.403832864299058e+56 4.522019996273927e+56 4.635709179762107e+56 4.734341515559849e+56 4.832555871050159e+56 4.925090000719204e+56 5.008970834725359e+56 
