# time_axis
1000000 10000000 20000000 30000000 40000000 50000000 60000000 70000000 80000000 90000000 100000000 200000000 300000000 400000000 500000000 600000000 700000000 800000000 900000000 1000000000 1010000000 1020000000 1030000000 1040000000 1050000000 1060000000 1070000000 1080000000 1100000000 1200000000 1400000000 1600000000 1800000000 2000000000 2300000000 2600000000 2900000000 3000000000 3200000000 3500000000 3800000000 4000000000 4100000000 4500000000 5000000000 6000000000 7000000000 8000000000 9000000000 10000000000 11000000000 12000000000 13000000000 14000000000 
# SNIa_energy_release_list
0 0.0 0.0 0.0 0.0 0.0 6.322477258565556e+55 1.7810794584590017e+56 3.3666779543265623e+56 5.330618772961164e+56 7.628282299057558e+56 2.0448956956386046e+57 2.703275098205666e+57 3.150549118259147e+57 3.489855161405038e+57 3.763345848412049e+57 3.992463724318328e+57 4.189615210011445e+57 4.3626458578751534e+57 4.5168252767522155e+57 4.5313568282340014e+57 4.545742081251812e+57 4.559982090365944e+57 4.574083465906171e+57 4.588047401475642e+57 4.601870049438869e+57 4.615559999028773e+57 4.629118557507596e+57 4.655852375355226e+57 4.782445925724309e+57 5.00604108006484e+57 5.199100253055248e+57 5.3689702055160984e+57 5.5206370406640294e+57 5.721469602770181e+57 5.897325519101889e+57 6.053738302433621e+57 6.102278211829601e+57 6.194585136763029e+57 6.322684416496125e+57 6.440166410659176e+57 6.513392002407278e+57 6.548636463914943e+57 6.681459843771693e+57 6.831662745817198e+57 7.091398106991172e+57 7.31077717182874e+57 7.500713164444042e+57 7.668185155449313e+57 7.817888251613977e+57 7.95331748654166e+57 8.076907168069179e+57 8.190577710590685e+57 8.295799399054137e+57 
# SNII_energy_release_list
0 -1.2516619315714808e+56 -1.0086842622267855e+56 -2.665683796899789e+54 1.4053354987642539e+56 3.1405606642118117e+56 6.120739375231107e+56 7.6095544488529986e+56 8.375272973713503e+56 8.70146319016793e+56 8.70146319016793e+56 8.70146319016793e+56 8.70146319016793e+56 8.70146319016793e+56 8.70146319016793e+56 8.70146319016793e+56 8.70146319016793e+56 8.70146319016793e+56 8.70146319016793e+56 8.70146319016793e+56 8.70146319016793e+56 8.70146319016793e+56 8.70146319016793e+56 8.70146319016793e+56 8.70146319016793e+56 8.70146319016793e+56 8.70146319016793e+56 8.70146319016793e+56 8.70146319016793e+56 8.70146319016793e+56 8.70146319016793e+56 8.70146319016793e+56 8.70146319016793e+56 8.70146319016793e+56 8.70146319016793e+56 8.70146319016793e+56 8.70146319016793e+56 8.70146319016793e+56 8.70146319016793e+56 8.70146319016793e+56 8.70146319016793e+56 8.70146319016793e+56 8.70146319016793e+56 8.70146319016793e+56 8.70146319016793e+56 8.70146319016793e+56 8.70146319016793e+56 8.70146319016793e+56 8.70146319016793e+56 8.70146319016793e+56 8.70146319016793e+56 8.70146319016793e+56 8.70146319016793e+56 8.70146319016793e+56 
# SN_energy_per_current_crossing_time_list
0.0 -1.3627572402595917e+56 2.085572264939387e+55 8.326210391238579e+55 1.239575245978435e+56 1.551439204096031e+56 4.962346992313986e+56 2.9657270035439717e+56 1.7136109694254519e+56 8.590591360918827e+55 1.874559893643514e+55 1.1108841734047315e+55 5.855486295976709e+54 4.043354181135748e+54 3.103403084960914e+54 2.524149731360018e+54 2.1301623939262926e+54 1.8442475562068067e+54 1.6271354970218918e+54 1.456559561440741e+54 1.373402774680414e+54 1.360140585640492e+54 1.3469650389258688e+54 1.3344054903562135e+54 1.3219452531829188e+54 1.309102749149952e+54 1.2970668700410918e+54 1.2851197271954897e+54 1.267922370969745e+54 1.2051890149997762e+54 1.071069348257347e+54 9.297298210693744e+53 8.218146402907783e+53 7.3669839909564815e+53 6.537406373096786e+53 5.7500363198775026e+53 5.134315494832461e+53 4.78582949961553e+53 4.5608177675729675e+53 4.232703301601586e+53 3.892763795770086e+53 3.6458720571430075e+53 3.5125116690773235e+53 3.3197059283812132e+53 3.013583658368342e+53 2.621037057014765e+53 2.224585543319509e+53 1.9341089219063944e+53 1.711812189334261e+53 1.5353780722388343e+53 1.3931865842007665e+53 1.274969845976607e+53 1.1757251719098513e+53 1.0908625782560276e+53 
# SN_energy_per_final_crossing_time_list
0.0 -3.8448379810150597e+56 6.717379295988328e+55 2.714920554466184e+56 3.958897005115216e+56 4.79721681078419e+56 8.304571822608897e+56 4.235092168109202e+56 2.2812947273912166e+56 1.105395195809645e+56 2.3820518323206393e+55 1.329155083510468e+55 6.825602811006381e+54 4.637014458021707e+54 3.517680341848391e+54 2.83535419659333e+54 2.37532889355299e+54 2.043924414545996e+54 1.7938569643033196e+54 1.5984210180078007e+54 1.5065264535255082e+54 1.491359283910854e+54 1.476301443502039e+54 1.461928914409256e+54 1.4476801294824916e+54 1.4330324494583647e+54 1.419275239156027e+54 1.4056535563751045e+54 1.3857847127221734e+54 1.3124306287307905e+54 1.1590366497216425e+54 1.0007491339461176e+54 8.805445769578134e+53 7.861861810118752e+53 6.940290533130853e+53 6.077157700487359e+53 5.405249766440249e+53 5.032267727808348e+53 4.784858121657191e+53 4.4268031493945565e+53 4.059895284671001e+53 3.7957506182958865e+53 3.653891579857224e+53 3.442542519490719e+53 3.114390718864248e+53 2.692748898939381e+53 2.2743639241945123e+53 1.969119386255767e+53 1.7362288189961596e+53 1.5520137325283533e+53 1.4040326337832183e+53 1.281288683024485e+53 1.1784542036677487e+53 1.0908625782560276e+53 
# total_energy_release_list
0 -1.2516619315714808e+56 -1.0086842622267855e+56 -2.665683796899789e+54 1.4053354987642539e+56 3.1405606642118117e+56 6.7529871010876625e+56 9.390633907312e+56 1.1741950928040066e+57 1.4032081963129094e+57 1.632974548922549e+57 2.9150420146553977e+57 3.573421417222459e+57 4.0206954372759405e+57 4.360001480421831e+57 4.633492167428843e+57 4.862610043335121e+57 5.059761529028238e+57 5.232792176891947e+57 5.386971595769009e+57 5.401503147250795e+57 5.415888400268605e+57 5.4301284093827376e+57 5.444229784922964e+57 5.4581937204924344e+57 5.472016368455662e+57 5.485706318045567e+57 5.499264876524389e+57 5.5259986943720195e+57 5.6525922447411016e+57 5.876187399081633e+57 6.069246572072041e+57 6.239116524532892e+57 6.390783359680823e+57 6.591615921786974e+57 6.767471838118682e+57 6.923884621450415e+57 6.972424530846394e+57 7.064731455779822e+57 7.192830735512919e+57 7.31031272967597e+57 7.383538321424071e+57 7.418782782931736e+57 7.551606162788486e+57 7.701809064833992e+57 7.961544426007966e+57 8.180923490845534e+57 8.370859483460835e+57 8.538331474466106e+57 8.68803457063077e+57 8.823463805558454e+57 8.947053487085972e+57 9.060724029607478e+57 9.16594571807093e+57 
# binding_energy_list
1.164126029410498e+58 1.6180800376430778e+58 1.5739828644662294e+58 1.4757065332758842e+58 1.3772094688939559e+58 1.2882495516931323e+58 9.61612278383658e+57 8.871560120379617e+57 8.590135215053907e+57 8.491804750363178e+57 8.472274141405911e+57 8.452788451602891e+57 8.433347577642792e+57 8.433347577642792e+57 8.413951416451895e+57 8.413951416451895e+57 8.413951416451895e+57 8.413951416451895e+57 8.394599865193965e+57 8.394599865193965e+57 8.394599865193965e+57 8.394599865193965e+57 8.394599865193965e+57 8.394599865193965e+57 8.394599865193965e+57 8.394599865193965e+57 8.394599865193965e+57 8.394599865193965e+57 8.394599865193965e+57 8.394599865193965e+57 8.394599865193965e+57 8.37529282126886e+57 8.37529282126886e+57 8.37529282126886e+57 8.37529282126886e+57 8.37529282126886e+57 8.356030182312422e+57 8.356030182312422e+57 8.356030182312422e+57 8.356030182312422e+57 8.356030182312422e+57 8.356030182312422e+57 8.356030182312422e+57 8.356030182312422e+57 8.336811846196331e+57 8.336811846196331e+57 8.336811846196331e+57 8.317637711026743e+57 8.317637711026743e+57 8.317637711026743e+57 8.317637711026743e+57 8.317637711026743e+57 8.317637711026743e+57 8.298507675144167e+57 
# total_gas_kinetic_energy_list
7.138660587349877e+58 6.954608046453434e+58 6.833652782433024e+58 6.731130769355543e+58 6.637970851554635e+58 6.548348617471508e+58 6.647460994752857e+58 6.67750667555792e+58 6.689513085333746e+58 6.693999762727791e+58 6.694079543662598e+58 6.694517961128099e+58 6.694743085788207e+58 6.694895948531629e+58 6.695011861752011e+58 6.695104946238889e+58 6.695183610065471e+58 6.695251015073394e+58 6.695310123034041e+58 6.695362802671446e+58 6.695367762890962e+58 6.695372673512221e+58 6.695377458754568e+58 6.695382382637539e+58 6.69538712521158e+58 6.695391879914001e+58 6.695396801288321e+58 6.695401221691316e+58 6.69541025873149e+58 6.695453578782938e+58 6.695530646266267e+58 6.695596050848508e+58 6.69565402669846e+58 6.695705910292699e+58 6.695774440698915e+58 6.695834745596323e+58 6.695887980548704e+58 6.695904518742098e+58 6.695936042468853e+58 6.695979886581949e+58 6.696020033239721e+58 6.696045023412602e+58 6.696057265654451e+58 6.696102521477816e+58 6.696153720336517e+58 6.696242551388376e+58 6.696317540638751e+58 6.696382374674471e+58 6.696439584156618e+58 6.696490730136831e+58 6.696536787110522e+58 6.696579204161816e+58 6.696618026517253e+58 6.696653996700673e+58 
