# time_axis
5.999999999999999 7.0 7.30102999566398 7.477121254719661 7.602059991327962 7.698970004336018 7.778151250383643 7.845098040014256 7.903089986991943 7.954242509439324 8.0 8.301029995663981 8.47712125471966 8.60205999132796 8.698970004336019 8.778151250383644 8.845098040014257 8.903089986991942 8.954242509439323 8.999999999999998 9.004321373782641 9.008600171761916 9.012837224705171 9.017033339298779 9.021189299069936 9.02530586526477 9.02938377768521 9.033423755486949 9.041392685158224 9.079181246047623 9.146128035678236 9.204119982655923 9.255272505103305 9.301029995663981 9.361727836017593 9.414973347970816 9.462397997898954 9.477121254719663 9.505149978319904 9.544068044350274 9.57978359661681 9.60205999132796 9.612783856719734 9.653212513775342 9.698970004336017 9.778151250383642 9.845098040014257 9.903089986991944 9.954242509439325 10.0 10.041392685158225 10.079181246047623 10.113943352306835 10.146128035678236 
# total_gas_mass_list
10.044727494896694 10.031094144042275 10.023642684805054 10.017509491020522 10.011870195051863 10.006459863208601 10.015573290560013 10.01791320507457 10.018816703909321 10.019155310650154 10.019168143804993 10.01923924486485 10.019275756845671 10.019300552201207 10.01931936379085 10.019334500155237 10.01934722115576 10.019358151511664 10.01936774212052 10.019376286839034 10.01937709326065 10.019377890468547 10.019378674458858 10.019379464256799 10.01938023559477 10.019381002739198 10.019381816196505 10.01938251588878 10.019383991581908 10.0193910112676 10.019403440631667 10.019414109160563 10.019423521883471 10.019431932367386 10.019443054711173 10.019452816123117 10.019461470171013 10.019464158075296 10.019469273124257 10.019476376771966 10.019482882333776 10.019486943154233 10.019488912916605 10.019496265115649 10.019504578560126 10.019518976350303 10.019531139478818 10.019541655674692 10.019550935319321 10.019559231052058 10.019566716945645 10.01957357842367 10.019579878707553 10.01958571114149 
# ejected_gas_mass_list
-10.0 -10.0 -10.0 -10.0 -10.0 7.797240581612973 8.443944186709354 8.523657936225728 8.551003700743474 8.560838180667092 8.561206710544674 8.563243070185909 8.564285216383059 8.564991566554948 8.565526717485557 8.565956854387256 8.56631803520243 8.566628143859894 8.566900066278102 8.567142196298134 8.567165040986154 8.567187623524317 8.567209830542607 8.567232200958115 8.567254047436387 8.567275774090131 8.56729881124706 8.567318625628925 8.567360412493805 8.567559134238403 8.567910784677226 8.56821239882722 8.56847834191839 8.56871583535819 8.56902971346501 8.569305005223349 8.569548926377452 8.56962466018984 8.569768745533212 8.569968771085446 8.570151877732249 8.570266136541168 8.570321549063818 8.570528317816333 8.570762005732231 8.571166435748845 8.571507811932054 8.57180275607201 8.572062858751687 8.572295255888262 8.572504863263404 8.572696901159198 8.572873160366902 8.573036269359642 
# stellar_mass_list
-10.0 8.654821665207646 8.801375376964092 8.889704322176414 8.955464917355558 9.008696922681347 8.832464606817105 8.781465499572331 8.751205774054197 8.729164518699084 8.711735144611447 8.623215673837773 8.581818278971502 8.554857725430677 8.534968712498438 8.519253540376196 8.506301748012357 8.49528553863573 8.485739663284587 8.477265409090272 8.476483634954871 8.475718251351644 8.474952365365239 8.474183332346993 8.473414920459602 8.47265712942722 8.471899662964582 8.471166111316375 8.469747814387526 8.462930267581518 8.450984730486056 8.440764333636361 8.431860913122925 8.423997248598095 8.413662430053588 8.40469271108528 8.396770335329178 8.39428643679965 8.38966536958965 8.383228041840924 8.377419356380832 8.373748952427867 8.372025811682676 8.36541858961821 8.358151438626432 8.345417004166595 8.334804422299438 8.325493910585115 8.316884515760641 8.309032932020248 8.301954093752322 8.295240196804414 8.288848031056414 8.283239437462322 
# remnant_mass_list
-10.0 -10.0 6.614683961242205 7.246724172818895 7.549251615246997 7.745513494914001 7.888759746629207 7.9845031795297015 8.031373392065182 8.061520463435446 8.083178435979857 8.173241325562854 8.206578608159083 8.225990569443805 8.239294793510998 8.249249919900647 8.257108574454799 8.263560664020302 8.268984948473097 8.273678743605947 8.274105262053652 8.274521557948782 8.274937663918703 8.275355130981989 8.275771780005893 8.276181691757603 8.276590911027464 8.276985517956613 8.277744739076612 8.281358572505313 8.28752543668419 8.292640714480187 8.296979236026923 8.300722015802803 8.305519658495157 8.309575125788568 8.31307596225347 8.314160014110568 8.316153401241442 8.318891902907072 8.321319457497903 8.322837331947332 8.323542867522784 8.326225170491055 8.329113320959374 8.334056287069354 8.338048695448133 8.341470379864765 8.344583114483992 8.347369571599467 8.349833543004289 8.352140378156236 8.354309999440904 8.35617083560406 
# BH_mass_list
-10.0 -10.0 -10.0 -10.0 -10.0 -10.0 -10.0 -10.0 -10.0 -10.0 -10.0 -10.0 -10.0 -10.0 -10.0 -10.0 -10.0 -10.0 -10.0 -10.0 -10.0 -10.0 -10.0 -10.0 -10.0 -10.0 -10.0 -10.0 -10.0 -10.0 -10.0 -10.0 -10.0 -10.0 -10.0 -10.0 -10.0 -10.0 -10.0 -10.0 -10.0 -10.0 -10.0 -10.0 -10.0 -10.0 -10.0 -10.0 -10.0 -10.0 -10.0 -10.0 -10.0 -10.0 
# NS_mass_list
-10.0 -10.0 7.1499376242966886 7.575879210922173 7.815819117469536 7.978863970988157 8.095631872633092 8.147360288620487 8.16752858368443 8.175060810030496 8.175060810030496 8.175060810030496 8.175060810030496 8.175060810030496 8.175060810030496 8.175060810030496 8.175060810030496 8.175060810030496 8.175060810030496 8.175060810030496 8.175060810030496 8.175060810030496 8.175060810030496 8.175060810030496 8.175060810030496 8.175060810030496 8.175060810030496 8.175060810030496 8.175060810030496 8.175060810030496 8.175060810030496 8.175060810030496 8.175060810030496 8.175060810030496 8.175060810030496 8.175060810030496 8.175060810030496 8.175060810030496 8.175060810030496 8.175060810030496 8.175060810030496 8.175060810030496 8.175060810030496 8.175060810030496 8.175060810030496 8.175060810030496 8.175060810030496 8.175060810030496 8.175060810030496 8.175060810030496 8.175060810030496 8.175060810030496 8.175060810030496 8.175060810030496 
# WD_mass_list
-10.0 -10.0 -10.0 -10.0 -10.0 5.215850655931237 6.326704266346765 6.736233558737003 6.989935080926244 7.1739035976554035 7.318400591193113 7.687756184370633 7.782579793766243 7.832319495547872 7.864539108536291 7.887772939753977 7.905629651334056 7.919991444375469 7.931867577107952 7.942004639578358 7.942919527041895 7.9438114964653685 7.944702084196292 7.945594608822958 7.9464844126190295 7.947358883595215 7.948230945682447 7.949070989425152 7.950684810248379 7.958323367758251 7.971197959622992 7.981729225489354 7.99056005333858 7.99810589705085 8.007683295359579 8.015698101311349 8.022558756602933 8.024672499212409 8.02854630547573 8.033840989457559 8.03850864012673 8.041415016320991 8.042762799347104 8.047868722537327 8.053334918216905 8.062615840537035 8.070045230382503 8.076366306368397 8.082080346858433 8.087166664328468 8.091642060839527 8.0958133916777 8.099720372026656 8.103058924216587 
