# time_axis
1000000 10000000 20000000 30000000 40000000 50000000 60000000 70000000 80000000 90000000 100000000 110000000 120000000 130000000 140000000 150000000 200000000 300000000 400000000 500000000 600000000 700000000 800000000 900000000 1000000000 1010000000 1020000000 1030000000 1040000000 1050000000 1060000000 1070000000 1080000000 1100000000 1200000000 1400000000 1600000000 1800000000 2000000000 2300000000 2600000000 2900000000 3000000000 3200000000 3500000000 3800000000 4000000000 4100000000 4500000000 5000000000 6000000000 7000000000 8000000000 9000000000 10000000000 11000000000 12000000000 13000000000 14000000000 
# SNIa_energy_release_list
0 0.0 0.0 0.0 0.0 0.0 8.268949405560654e+54 3.816651340880554e+55 6.278790307815533e+55 8.372375097454907e+55 1.019377794509523e+56 1.1805842419267357e+56 1.3251842077148662e+56 1.4562869628058662e+56 1.5762018264107946e+56 1.6866913718265986e+56 2.137436191648843e+56 2.7524771428341347e+56 3.179035135394084e+56 3.505945890104488e+56 3.771093059565734e+56 3.9940831458717e+56 4.186549745364487e+56 4.355836293043014e+56 4.506937378654934e+56 4.521188870193272e+56 4.535314553625346e+56 4.549284060697006e+56 4.563120291581035e+56 4.576824611213989e+56 4.590388151094904e+56 4.603823035305197e+56 4.617134892093827e+56 4.6433895805471894e+56 4.767782107689251e+56 4.987748485819153e+56 5.177933071739561e+56 5.34546199415567e+56 5.495172362287259e+56 5.693554273830537e+56 5.8673956119746345e+56 6.022109368005051e+56 6.070188196989333e+56 6.161496353389896e+56 6.28830519316829e+56 6.404643876698462e+56 6.477177275594534e+56 6.512090454250631e+56 6.6436992221743165e+56 6.792559350537172e+56 7.050049980552248e+56 7.267657288429993e+56 7.45607578250171e+56 7.622294363830425e+56 7.770864559918328e+56 7.905240856843676e+56 8.027928832949953e+56 8.140775569747147e+56 8.245241154829564e+56 
# SNII_energy_release_list
0 0.0 8.112070012629438e+54 4.2680299305567716e+55 8.692218558805499e+55 1.2734022978559193e+56 1.5403983565426046e+56 1.5404236795713607e+56 1.5404413023077492e+56 1.5404569459644108e+56 1.5404717690818371e+56 1.540486178431707e+56 1.5405003588402387e+56 1.5405141258874332e+56 1.540527377637201e+56 1.5405400619994107e+56 1.5405704686857533e+56 1.5405704686857533e+56 1.5405704686857533e+56 1.5405704686857533e+56 1.5405704686857533e+56 1.5405704686857533e+56 1.5405704686857533e+56 1.5405704686857533e+56 1.5405704686857533e+56 1.5405704686857533e+56 1.5405704686857533e+56 1.5405704686857533e+56 1.5405704686857533e+56 1.5405704686857533e+56 1.5405704686857533e+56 1.5405704686857533e+56 1.5405704686857533e+56 1.5405704686857533e+56 1.5405704686857533e+56 1.5405704686857533e+56 1.5405704686857533e+56 1.5405704686857533e+56 1.5405704686857533e+56 1.5405704686857533e+56 1.5405704686857533e+56 1.5405704686857533e+56 1.5405704686857533e+56 1.5405704686857533e+56 1.5405704686857533e+56 1.5405704686857533e+56 1.5405704686857533e+56 1.5405704686857533e+56 1.5405704686857533e+56 1.5405704686857533e+56 1.5405704686857533e+56 1.5405704686857533e+56 1.5405704686857533e+56 1.5405704686857533e+56 1.5405704686857533e+56 1.5405704686857533e+56 1.5405704686857533e+56 1.5405704686857533e+56 1.5405704686857533e+56 
# SN_energy_per_current_crossing_time_list
0.0 0.0 1.836035906871042e+55 7.94198604084683e+55 1.0263851149641844e+56 9.440347084477865e+55 6.342909834938476e+55 2.6514367750674275e+54 2.1920868693248613e+54 1.871389705208868e+54 1.6342157409765558e+54 1.4514944415434309e+54 1.3062991929610951e+54 1.1880280429118295e+54 1.0897883855198974e+54 1.0068615700231783e+54 8.299236141240993e+53 5.7542592175504625e+53 4.0480998587567325e+53 3.140182859850528e+53 2.5740870964455685e+53 2.1854041668707076e+53 1.9026031534135591e+53 1.6867439821689422e+53 1.5167449252203618e+53 1.4315364498965263e+53 1.4198656846558928e+53 1.4051322419961181e+53 1.3926903056462302e+53 1.3803750390463288e+53 1.367154939924915e+53 1.355140959544902e+53 1.343647310761105e+53 1.3267369458802257e+53 1.2653410059920632e+53 1.1321844548930017e+53 9.894947951521626e+52 8.802201649018953e+52 7.937043259045973e+52 7.097827528512008e+52 6.289110998761639e+52 5.653802570192649e+52 5.288432556778657e+52 5.051709085750486e+52 4.7178010013239073e+52 4.3620725734970704e+52 4.0993363698400906e+52 3.955174264448458e+52 3.7611700276899853e+52 3.4366358305415694e+52 3.023918223280108e+52 2.59237488645502e+52 2.27323197587461e+52 2.0290876341573835e+52 1.8342239431220647e+52 1.6751238946238736e+52 1.544436895624388e+52 1.4332280832536526e+52 1.3376799261923345e+52 
# SN_energy_per_final_crossing_time_list
0.0 0.0 2.7699975916344354e+55 1.1803881344641942e+56 1.5107108082284792e+56 1.380139531728e+56 9.222896278018276e+55 3.8370246172652425e+54 3.1587820593273434e+54 2.68617331356754e+54 2.3373646430751088e+54 2.0691659471151475e+54 1.8564420747008202e+54 1.68346938710008e+54 1.540032682471513e+54 1.4191479099904497e+54 1.1564324229330496e+54 7.875588247916838e+53 5.462067374190246e+53 4.186086297104535e+53 3.395204705886782e+53 2.8553840191108604e+53 2.4645313229318267e+53 2.1677111790004288e+53 1.934846666387559e+53 1.8249009120176414e+53 1.8087912067814387e+53 1.7887928520975962e+53 1.771726860393422e+53 1.7548356485694728e+53 1.7368088268012033e+53 1.7203344914644423e+53 1.7045808523878128e+53 1.6809540522263297e+53 1.5928440585959786e+53 1.4083327453221681e+53 1.217655090220531e+53 1.0726024096637759e+53 9.585192771116827e+52 8.467589288911402e+52 7.420117294906761e+52 6.603689485694939e+52 6.156485349349353e+52 5.845996450328674e+52 5.412616327232879e+52 4.965715789724207e+52 4.643944300184378e+52 4.470626207758247e+52 4.2131197279834835e+52 3.81230249874761e+52 3.2971628568591077e+52 2.786457638763756e+52 2.4126954062841753e+52 2.1284259254201608e+52 1.902438671840692e+52 1.720686049968384e+52 1.5710173134344857e+52 1.4450004222044622e+52 1.3376799261923345e+52 
# total_energy_release_list
0 0 8.112070012629438e+54 4.2680299305567716e+55 8.692218558805499e+55 1.2734022978559193e+56 1.6230878505982112e+56 1.9220888136594162e+56 2.1683203330893027e+56 2.3776944557099017e+56 2.55984956359136e+56 2.7210704203584425e+56 2.865684566555105e+56 2.996801088693299e+56 3.1167292040479957e+56 3.2272314338260095e+56 3.6780066603345965e+56 4.293047611519888e+56 4.719605604079837e+56 5.046516358790242e+56 5.3116635282514875e+56 5.534653614557453e+56 5.72712021405024e+56 5.896406761728767e+56 6.047507847340687e+56 6.061759338879025e+56 6.075885022311099e+56 6.089854529382759e+56 6.103690760266788e+56 6.117395079899742e+56 6.130958619780657e+56 6.14439350399095e+56 6.15770536077958e+56 6.1839600492329426e+56 6.308352576375004e+56 6.528318954504906e+56 6.718503540425314e+56 6.886032462841423e+56 7.035742830973012e+56 7.23412474251629e+56 7.407966080660388e+56 7.562679836690804e+56 7.610758665675086e+56 7.702066822075649e+56 7.828875661854043e+56 7.945214345384216e+56 8.017747744280287e+56 8.052660922936384e+56 8.18426969086007e+56 8.333129819222925e+56 8.590620449238002e+56 8.808227757115747e+56 8.996646251187463e+56 9.162864832516179e+56 9.311435028604081e+56 9.44581132552943e+56 9.568499301635707e+56 9.681346038432901e+56 9.785811623515318e+56 
# binding_energy_list
8.669618757582214e+54 8.669618757582214e+54 8.669618757582214e+54 8.649679187756885e+54 8.649679187756885e+54 8.629785477669702e+54 8.629785477669702e+54 8.629785477669702e+54 8.609937521846052e+54 8.609937521846052e+54 8.590135215053907e+54 8.590135215053907e+54 8.590135215053907e+54 8.570378452303692e+54 8.570378452303692e+54 8.550667128846876e+54 8.531001140175843e+54 8.472274141405911e+54 8.433347577642791e+54 8.394599865193965e+54 8.356030182312423e+54 8.336811846196331e+54 8.298507675144166e+54 8.279421637123327e+54 8.241381150129963e+54 8.241381150129963e+54 8.241381150129963e+54 8.241381150129963e+54 8.241381150129963e+54 8.241381150129963e+54 8.241381150129963e+54 8.241381150129963e+54 8.222426499470695e+54 8.222426499470695e+54 8.20351544329821e+54 8.165823713585906e+54 8.128305161640929e+54 8.090958991783846e+54 8.053784411990643e+54 8.016780633876855e+54 7.979946872679785e+54 7.94328234724279e+54 7.925013304804734e+54 7.90678627999831e+54 7.888601176185516e+54 7.852356346100775e+54 7.834296427662088e+54 7.834296427662088e+54 7.798301105232642e+54 7.780365510398008e+54 7.709034690644309e+54 7.673614893618154e+54 7.638357835776954e+54 7.603262769401822e+54 7.568328950209705e+54 7.533555637337217e+54 7.498942093324558e+54 7.464487584100623e+54 7.447319739059888e+54 
# total_gas_kinetic_energy_list
1.5237098334911527e+59 4.263243554331177e+59 2.156461990104306e+55 3.315174086951983e+54 5.6413408101040744e+54 5.3557294175111516e+54 5.2608046922100214e+54 5.3795053367376495e+54 5.395518372083787e+54 5.3586508650062445e+54 5.1689851658037884e+54 4.9591042245611645e+54 4.7674716391300954e+54 4.5958489060417276e+54 4.4400320595707216e+54 4.291160249252582e+54 2.4318742692398505e+55 5.80339612690258e+55 8.603517263927556e+55 1.098753798716046e+56 1.3081741527104265e+56 1.4955837311735547e+56 1.6691207318374866e+56 1.8304318971229058e+56 1.9834262167809145e+56 1.997655041582355e+56 2.0118270934878775e+56 2.0261394626763047e+56 2.0405757744487744e+56 2.0551315672117504e+56 2.069807647005551e+56 2.0845347691184065e+56 2.0988062147129884e+56 2.1258772746764166e+56 2.261671405933623e+56 2.5143629590245405e+56 2.744861086831766e+56 2.9568544663947285e+56 3.1521020026015974e+56 3.4168821157236567e+56 3.6564569341134694e+56 3.8738280198334223e+56 3.945392417817132e+56 4.073644549271192e+56 4.258193363144079e+56 4.422223457087432e+56 4.52392148932777e+56 4.570322084114437e+56 4.755623897700744e+56 4.951841297268086e+56 5.289059177583536e+56 5.562963399493089e+56 5.80731652823445e+56 6.036026758645159e+56 6.2571433008681265e+56 6.447860044130549e+56 6.641509215478397e+56 6.8179829707444595e+56 6.9811656003353665e+56 
