# time_axis
1000000 10000000 20000000 30000000 40000000 50000000 60000000 70000000 80000000 90000000 100000000 110000000 120000000 130000000 140000000 150000000 200000000 300000000 400000000 500000000 600000000 700000000 800000000 900000000 1000000000 1010000000 1020000000 1030000000 1040000000 1050000000 1060000000 1070000000 1080000000 1100000000 1200000000 1400000000 1600000000 1800000000 2000000000 2300000000 2600000000 2900000000 3000000000 3200000000 3500000000 3800000000 4000000000 4100000000 4500000000 5000000000 6000000000 7000000000 8000000000 9000000000 10000000000 11000000000 12000000000 13000000000 14000000000 
# SNIa_energy_release_list
0 0.0 0.0 0.0 0.0 0.0 3.922543927150458e+54 1.810545228675193e+55 2.9785414768979543e+55 3.9716955458527126e+55 4.835723521439926e+55 5.600440676733214e+55 6.286376779337376e+55 6.908282099751117e+55 7.477112165442275e+55 8.001228737505145e+55 1.0139341415361443e+56 1.3056802767558075e+56 1.508021071412561e+56 1.6630940507465956e+56 1.7888691715633932e+56 1.8946467960631958e+56 1.985945367299272e+56 2.066248282178136e+56 2.1379247574156123e+56 2.144685111684007e+56 2.1513857882468456e+56 2.158012380600377e+56 2.164575752168982e+56 2.171076550434082e+56 2.1775105682454805e+56 2.183883556995864e+56 2.1901981866018566e+56 2.2026523951882183e+56 2.261659407566259e+56 2.3660029979705407e+56 2.4562192817153992e+56 2.535688606962927e+56 2.6067055045853372e+56 2.7008103462854635e+56 2.7832740866542897e+56 2.8566644371374e+56 2.8794712174316664e+56 2.922784353923328e+56 2.9829376808540996e+56 3.038124364470672e+56 3.0725314747792343e+56 3.0890929711421137e+56 3.151523214970335e+56 3.2221368573258446e+56 3.344280731859722e+56 3.447505467844507e+56 3.5368841304492624e+56 3.615731993083705e+56 3.6862081239497036e+56 3.7499512029603937e+56 3.808149782658968e+56 3.8616800483838303e+56 3.911234610251537e+56 
# SNII_energy_release_list
0 0.0 3.173988166619633e+54 1.7941819526163371e+55 4.050109621526725e+55 6.313339637629532e+55 7.877959588672268e+55 7.878068072951927e+55 7.878120319696333e+55 7.878165394736782e+55 7.878210493375574e+55 7.878256025373959e+55 7.87830223723045e+55 7.87834830199952e+55 7.878393622542785e+55 7.878437789048412e+55 7.878551953380568e+55 7.878551953380568e+55 7.878551953380568e+55 7.878551953380568e+55 7.878551953380568e+55 7.878551953380568e+55 7.878551953380568e+55 7.878551953380568e+55 7.878551953380568e+55 7.878551953380568e+55 7.878551953380568e+55 7.878551953380568e+55 7.878551953380568e+55 7.878551953380568e+55 7.878551953380568e+55 7.878551953380568e+55 7.878551953380568e+55 7.878551953380568e+55 7.878551953380568e+55 7.878551953380568e+55 7.878551953380568e+55 7.878551953380568e+55 7.878551953380568e+55 7.878551953380568e+55 7.878551953380568e+55 7.878551953380568e+55 7.878551953380568e+55 7.878551953380568e+55 7.878551953380568e+55 7.878551953380568e+55 7.878551953380568e+55 7.878551953380568e+55 7.878551953380568e+55 7.878551953380568e+55 7.878551953380568e+55 7.878551953380568e+55 7.878551953380568e+55 7.878551953380568e+55 7.878551953380568e+55 7.878551953380568e+55 7.878551953380568e+55 7.878551953380568e+55 7.878551953380568e+55 
# SN_energy_per_current_crossing_time_list
0.0 0.0 7.783246707241583e+54 3.642343922623211e+55 5.590921752789615e+55 5.629761092622621e+55 3.940870944698717e+55 1.3336252300485979e+54 1.1002213377096735e+54 9.378359045594078e+53 8.179229736655494e+53 7.256169482627661e+53 6.523311958833734e+53 5.926944969187648e+53 5.432020735324029e+53 5.014575863076592e+53 4.121034349120874e+53 2.844881217277764e+53 1.9947891666747627e+53 1.5435119590947019e+53 1.2627186136217158e+53 1.0702899450562074e+53 9.305009988505026e+52 8.239615219098911e+52 7.401575431994259e+52 6.985130612904737e+52 6.927560979650811e+52 6.855057436246321e+52 6.793745465504387e+52 6.733062302918093e+52 6.667975810424741e+52 6.608786700707617e+52 6.552167959130646e+52 6.468655322438875e+52 6.164498919526744e+52 5.508575568406496e+52 4.809298742438517e+52 4.2746844180175364e+52 3.851973344358889e+52 3.4420695350077606e+52 3.0482074087076856e+52 2.7392227445900294e+52 2.5619402700480093e+52 2.4468726775565427e+52 2.2847629152336083e+52 2.1123147008019352e+52 1.985047826196274e+52 1.9152365778324497e+52 1.8213923562613577e+52 1.6644835635581086e+52 1.4653593803848107e+52 1.257027953306132e+52 1.1028893395415757e+52 9.849573392023972e+51 8.908255360980704e+51 8.139151064144927e+51 7.507746265688905e+51 6.969884549798535e+51 6.507723748205302e+51 
# SN_energy_per_final_crossing_time_list
0.0 0.0 1.1115256875078681e+55 5.171671425101517e+55 7.900223383076462e+55 7.925796088636101e+55 5.530787154441994e+55 1.866361217293709e+54 1.5356938895231016e+54 1.3058322719921604e+54 1.1362590142718488e+54 1.0058548386713739e+54 9.024198922052279e+53 8.18326692382922e+53 7.485998630048689e+53 6.898397157531587e+53 5.623723880560181e+53 3.831338994954034e+53 2.657228608203202e+53 2.036486798150204e+53 1.6517343909890272e+53 1.3891184444810588e+53 1.1989731274314756e+53 1.054573315777504e+53 9.412871035684264e+52 8.877995558947174e+52 8.799624162440231e+52 8.70233350945318e+52 8.619309184759798e+52 8.537135161241157e+52 8.449436122430526e+52 8.369290066295891e+52 8.292650262504458e+52 8.177708159233834e+52 7.749061262782493e+52 6.851430379505105e+52 5.923800252422595e+52 5.218131244382925e+52 4.6631261962825876e+52 4.119421031898207e+52 3.6098340989386474e+52 3.212648232084556e+52 2.995087034314143e+52 2.844036112240583e+52 2.633200116173614e+52 2.4157862769192333e+52 2.2592467819603173e+52 2.1749287880751528e+52 2.0496537808758048e+52 1.854659026270906e+52 1.6040472623367023e+52 1.3555927859149665e+52 1.173760040031404e+52 1.0354649275907856e+52 9.25523651571525e+51 8.371022433192351e+51 7.642894315710597e+51 7.029830723464043e+51 6.507723748205302e+51 
# total_energy_release_list
0 0 3.173988166619633e+54 1.7941819526163371e+55 4.050109621526725e+55 6.313339637629532e+55 8.270213981387314e+55 9.68861330162712e+55 1.0856661796594287e+56 1.1849860940589496e+56 1.27139340148155e+56 1.3478696702107172e+56 1.4164679016567827e+56 1.4786630401750638e+56 1.535550578798506e+56 1.5879666526553557e+56 1.8017893368742012e+56 2.0935354720938644e+56 2.2958762667506177e+56 2.4509492460846525e+56 2.57672436690145e+56 2.6825019914012527e+56 2.7738005626373285e+56 2.854103477516193e+56 2.925779952753669e+56 2.9325403070220635e+56 2.9392409835849022e+56 2.945867575938434e+56 2.9524309475070386e+56 2.958931745772139e+56 2.965365763583537e+56 2.9717387523339206e+56 2.9780533819399133e+56 2.990507590526275e+56 3.0495146029043155e+56 3.1538581933085974e+56 3.244074477053456e+56 3.3235438023009836e+56 3.394560699923394e+56 3.48866554162352e+56 3.5711292819923464e+56 3.644519632475457e+56 3.667326412769723e+56 3.7106395492613845e+56 3.7707928761921563e+56 3.8259795598087286e+56 3.860386670117291e+56 3.8769481664801704e+56 3.939378410308392e+56 4.009992052663902e+56 4.1321359271977785e+56 4.235360663182564e+56 4.3247393257873195e+56 4.4035871884217615e+56 4.474063319287761e+56 4.53780639829845e+56 4.596004977997025e+56 4.649535243721887e+56 4.699089805589594e+56 
# binding_energy_list
8.550667128846876e+54 8.550667128846876e+54 8.550667128846876e+54 8.550667128846876e+54 8.531001140175843e+54 8.531001140175843e+54 8.531001140175843e+54 8.531001140175843e+54 8.51138038202376e+54 8.51138038202376e+54 8.51138038202376e+54 8.491804750363178e+54 8.491804750363178e+54 8.491804750363178e+54 8.491804750363178e+54 8.491804750363178e+54 8.452788451602891e+54 8.433347577642791e+54 8.394599865193965e+54 8.356030182312423e+54 8.336811846196331e+54 8.298507675144166e+54 8.279421637123327e+54 8.260379495771817e+54 8.241381150129963e+54 8.241381150129963e+54 8.241381150129963e+54 8.241381150129963e+54 8.222426499470695e+54 8.222426499470695e+54 8.222426499470695e+54 8.222426499470695e+54 8.222426499470695e+54 8.222426499470695e+54 8.20351544329821e+54 8.165823713585906e+54 8.128305161640929e+54 8.090958991783846e+54 8.072350302488317e+54 8.035261221856194e+54 7.99834255007026e+54 7.96159350417325e+54 7.94328234724279e+54 7.925013304804734e+54 7.888601176185516e+54 7.870457896951001e+54 7.852356346100775e+54 7.852356346100775e+54 7.816278045883308e+54 7.780365510398008e+54 7.72680585095699e+54 7.691304402866145e+54 7.638357835776954e+54 7.603262769401822e+54 7.568328950209705e+54 7.533555637337217e+54 7.498942093324558e+54 7.464487584100623e+54 7.447319739059888e+54 
# total_gas_kinetic_energy_list
1.5237098334911527e+59 4.26339592531453e+59 2.1529780907695107e+55 1.4325442999841714e+54 2.898221657599627e+54 3.038968470088571e+54 3.155089674938806e+54 3.345374624786085e+54 3.4623033227929394e+54 3.526347611427155e+54 3.475297392437601e+54 3.395539392909894e+54 3.316713706272726e+54 3.242787005228568e+54 3.172844187429588e+54 3.1019914741644374e+54 1.7841365238182084e+55 4.3950157733230546e+55 6.666332769524072e+55 8.66434974261198e+55 1.0464091216400072e+56 1.210775244100496e+56 1.3655913524070158e+56 1.5116337036904883e+56 1.651921678668544e+56 1.6650537557165232e+56 1.6781510090609904e+56 1.6913904391725955e+56 1.7047595978142345e+56 1.71825554385965e+56 1.7318754455283765e+56 1.745559843905001e+56 1.7588342265369612e+56 1.784050476406641e+56 1.9113015127854552e+56 2.1512977526435158e+56 2.3735584764060034e+56 2.581076918755839e+56 2.7743570125054606e+56 3.0398760956892765e+56 3.2834379856077107e+56 3.507081992586567e+56 3.5812766116323715e+56 3.714886579132078e+56 3.9086558724184314e+56 4.082383433828563e+56 4.190820451633455e+56 4.240466850056038e+56 4.440051817841911e+56 4.653308459210418e+56 5.025107591601251e+56 5.330872867788118e+56 5.603582250006724e+56 5.858843176100973e+56 6.105821810358729e+56 6.318820202854965e+56 6.535452027075382e+56 6.732204948001497e+56 6.914449429765354e+56 
