# time_axis
5.999999999999999 7.0 7.30102999566398 7.477121254719661 7.602059991327962 7.698970004336018 7.778151250383643 7.845098040014256 7.903089986991943 7.954242509439324 8.0 8.041392685158224 8.079181246047623 8.113943352306837 8.146128035678238 8.176091259055681 8.301029995663981 8.47712125471966 8.60205999132796 8.698970004336019 8.778151250383644 8.845098040014257 8.903089986991942 8.954242509439323 8.999999999999998 9.004321373782641 9.008600171761916 9.012837224705171 9.017033339298779 9.021189299069936 9.02530586526477 9.02938377768521 9.033423755486949 9.041392685158224 9.079181246047623 9.146128035678236 9.204119982655923 9.255272505103305 9.301029995663981 9.361727836017593 9.414973347970816 9.462397997898954 9.477121254719663 9.505149978319904 9.544068044350274 9.57978359661681 9.60205999132796 9.612783856719734 9.653212513775342 9.698970004336017 9.778151250383642 9.845098040014257 9.903089986991944 9.954242509439325 10.0 10.041392685158225 10.079181246047623 10.113943352306835 10.146128035678236 
# total_gas_mass_list
10.425925345093205 10.872879039004872 6.583034811230707 5.53812750003916 5.790485940141387 5.7617848078837515 5.748057040576867 5.768995929481993 5.7768574453899815 5.779955277922607 5.7701193796663794 5.757501130645133 5.745358219657817 5.7337223282865315 5.7226817575817055 5.711830753570693 6.465937999440452 6.8525240868778825 7.033210923298476 7.150109819958357 7.235370985693239 7.301469302822703 7.355414216716218 7.400530437324422 7.439639354955823 7.443116513744794 7.4465557630218555 7.450002973455632 7.453454804482626 7.456910146411329 7.460367788473575 7.463812911601375 7.467126245486902 7.473351982822376 7.50339890810456 7.554641578224653 7.596859761415234 7.632599135675635 7.663237003425956 7.701941942747304 7.734524368359115 7.762334121894851 7.77116266039228 7.786596762548791 7.80800324995826 7.8262953793067425 7.837313886781453 7.842260732685043 7.861561483480807 7.881213214441548 7.913298948440015 7.937884151601017 7.958684425603564 7.977290817384433 7.99456477881348 8.008924092955043 8.023054652300841 8.035516742834593 8.046740794246784 
# ejected_gas_mass_list
-10.0 -10.0 4.808097386705005 5.612255230993642 6.011480173986347 6.20536576736059 6.335343014070266 6.43963441592688 6.525061193660629 6.5968854970623525 6.657211700557474 6.708741015010499 6.753593085151306 6.793216441327738 6.828649813973099 6.860629719914412 6.985137977883063 7.141780979129062 7.24389467753119 7.319497295985683 7.37900818248407 7.427487482155329 7.468463959551316 7.503646432352761 7.534778085726234 7.537573377438394 7.5403425004792 7.543122310760892 7.545910117095986 7.548705017486175 7.551506022424694 7.554301087555639 7.556993167860935 7.56206194973848 7.5867119457980765 7.62943434608954 7.665240745724542 7.695952991280861 7.722556802806393 7.756508112993943 7.785368374635143 7.810191781532509 7.8181074763814475 7.8319852278788415 7.85131398502284 7.867902632201244 7.877926032621392 7.882433538530956 7.90006315584151 7.918081778631752 7.947642883340096 7.970406891716254 7.989739297468526 8.007086961205964 8.023236554555075 8.03669255486629 8.049961125830185 8.061684576551455 8.072260233792068 
# stellar_mass_list
-10.0 8.430246718875846 9.008271320189028 9.002473476384372 8.997936300763689 8.994558767594366 8.99178301756725 8.989391115526322 8.987270663187543 8.985354146881248 8.983598864400713 8.981973027591723 8.980455130396827 8.979028515806535 8.977680450323403 8.976401123937636 8.970774210655359 8.96197874749657 8.955016531183158 8.949150072087834 8.944014711268204 8.939434913788475 8.935256388494464 8.931419572367243 8.927818618549965 8.927485382849834 8.927153669093777 8.926818939124471 8.92648150898141 8.926141484162308 8.925798939705695 8.925455399468925 8.92512266597461 8.924492437839419 8.921342077058762 8.915500451821394 8.910162630799991 8.905234875635845 8.90067568182722 8.894362969859895 8.888510859660892 8.883084120492727 8.881272941162434 8.877995756771849 8.873122336311974 8.868577682452786 8.865650204025506 8.864285064681672 8.858629350818681 8.852262151676914 8.840213718906384 8.82960558888413 8.820324748044099 8.811798088527174 8.80368658562732 8.7967798336316 8.789840828268876 8.78361352525989 8.777895805950335 
# remnant_mass_list
-10.0 -10.0 5.876143500430915 6.554747157411483 6.79262211934737 6.9180088089015666 7.00174049341713 7.063650603647107 7.112817166571151 7.153444644367841 7.187948374022147 7.217891280742167 7.2442904252091855 7.2678675338756085 7.289145168095084 7.308510564005886 7.3853635386153265 7.485041894629473 7.551158625434265 7.60029466892313 7.639305682124099 7.6714257152924095 7.698815594393366 7.722531871723517 7.7436632903823455 7.745566827926642 7.747453153915314 7.749348560502683 7.751250705132113 7.753158912969898 7.755073033073192 7.756983991153624 7.758826548541968 7.762294171225389 7.77921614199839 7.808894777870462 7.8342741585028906 7.8563841668537915 7.875818461503023 7.90125521774134 7.923455487476749 7.942966989559031 7.949265543882114 7.960402865125195 7.976383431034791 7.99069511668579 7.9996305140718915 8.003723867193994 8.020213274336072 8.037918585876321 8.069185946222085 8.094561967123921 8.115305681241471 8.133288854135804 8.149526264396298 8.162733322123094 8.175471963217621 8.186478421237414 8.196249268248298 
# BH_mass_list
-10.0 -10.0 5.456282028842639 6.0359150703588424 6.035928772916873 6.035929171494064 6.03592988413428 6.035930551199818 6.035931197508634 6.0359318757406815 6.035932566360661 6.0359332619233514 6.035933941908914 6.0359346024210065 6.035935244719954 6.035935870037601 6.035936479658009 6.035936479658009 6.035936479658009 6.035936479658009 6.035936479658009 6.035936479658009 6.035936479658009 6.035936479658009 6.035936479658009 6.035936479658009 6.035936479658009 6.035936479658009 6.035936479658009 6.035936479658009 6.035936479658009 6.035936479658009 6.035936479658009 6.035936479658009 6.035936479658009 6.035936479658009 6.035936479658009 6.035936479658009 6.035936479658009 6.035936479658009 6.035936479658009 6.035936479658009 6.035936479658009 6.035936479658009 6.035936479658009 6.035936479658009 6.035936479658009 6.035936479658009 6.035936479658009 6.035936479658009 6.035936479658009 6.035936479658009 6.035936479658009 6.035936479658009 6.035936479658009 6.035936479658009 6.035936479658009 6.035936479658009 6.035936479658009 
# NS_mass_list
-10.0 -10.0 5.668317507624378 6.3980993057486915 6.709019069740448 6.854902178932431 6.924823097473915 6.924827121270626 6.924828726152765 6.92482999959172 6.9248312767574385 6.924832567883315 6.924833876351088 6.924835178379493 6.924836457758892 6.924837704243282 6.924840825865424 6.924840825865424 6.924840825865424 6.924840825865424 6.924840825865424 6.924840825865424 6.924840825865424 6.924840825865424 6.924840825865424 6.924840825865424 6.924840825865424 6.924840825865424 6.924840825865424 6.924840825865424 6.924840825865424 6.924840825865424 6.924840825865424 6.924840825865424 6.924840825865424 6.924840825865424 6.924840825865424 6.924840825865424 6.924840825865424 6.924840825865424 6.924840825865424 6.924840825865424 6.924840825865424 6.924840825865424 6.924840825865424 6.924840825865424 6.924840825865424 6.924840825865424 6.924840825865424 6.924840825865424 6.924840825865424 6.924840825865424 6.924840825865424 6.924840825865424 6.924840825865424 6.924840825865424 6.924840825865424 6.924840825865424 6.924840825865424 
# WD_mass_list
-10.0 -10.0 -10.0 -10.0 -10.0 4.5253025223406205 5.735104996100895 6.318397302442516 6.540260070962618 6.675864812627969 6.772191970458895 6.846245302444544 6.905987018457602 6.955814832480522 6.998392627360903 7.03544590782311 7.169947242423897 7.3233557270167635 7.4162907463502 7.482024206463121 7.532559694481295 7.573221928084694 7.607295121482074 7.636392196362711 7.662025076327 7.664321241835072 7.666594604177138 7.668876875891318 7.671165223327354 7.673458826623436 7.675757497745809 7.678050347492311 7.680259223638198 7.684411215325374 7.704580871587292 7.739605460481918 7.7692282690283765 7.794807318638195 7.817127169787407 7.846124249715468 7.871244051006815 7.8931861010361555 7.900243446869698 7.912692717275619 7.93049137954406 7.946369356161679 7.956254051072915 7.960775123469306 7.978943196649073 7.998374612608345 8.03250836336275 8.060051079046664 8.082466888964202 8.101831529004288 8.119264540881451 8.133409329876931 8.147023992022708 8.158765567910592 8.169172572741955 
