# time_axis
1000000 10000000 20000000 30000000 40000000 50000000 60000000 70000000 80000000 90000000 100000000 110000000 120000000 130000000 140000000 150000000 200000000 300000000 400000000 500000000 600000000 700000000 800000000 900000000 1000000000 1010000000 1020000000 1030000000 1040000000 1050000000 1060000000 1070000000 1080000000 1100000000 1200000000 1400000000 1600000000 1800000000 2000000000 2300000000 2600000000 2900000000 3000000000 3200000000 3500000000 3800000000 4000000000 4100000000 4500000000 5000000000 6000000000 7000000000 8000000000 9000000000 10000000000 11000000000 12000000000 13000000000 14000000000 
# SNIa_energy_release_list
0 0.0 0.0 0.0 0.0 0.0 5.8401607356168216e+54 1.666765829561338e+55 2.565003288607188e+55 3.332823434384253e+55 4.003468240629931e+55 4.598863286734102e+55 5.134241623788875e+55 5.620625375467824e+55 6.066249087289868e+55 6.477429551780801e+55 8.159821908272362e+55 1.046563732678322e+56 1.206974641701138e+56 1.330112120911608e+56 1.4300864803742275e+56 1.5142222268256143e+56 1.5868747062477908e+56 1.650802638881055e+56 1.707881932127483e+56 1.7132688246808417e+56 1.7186036527002292e+56 1.7238817818351393e+56 1.729110115235042e+56 1.734287068648859e+56 1.739411810335442e+56 1.7444887361748136e+56 1.7495183975286224e+56 1.7594393794083382e+56 1.8064472374439027e+56 1.8895948164835373e+56 1.9615030368712446e+56 2.0248560913386054e+56 2.081476966942357e+56 2.1565160059298708e+56 2.222282766205666e+56 2.2808190814566963e+56 2.2990034250286476e+56 2.333561626097705e+56 2.381548551534683e+56 2.4255741070473174e+56 2.4530234511451648e+56 2.4662373749093733e+56 2.5160530507275632e+56 2.5723900429213247e+56 2.6698519974424705e+56 2.7522242930097742e+56 2.8235510631909177e+56 2.886470190925015e+56 2.9427236984094263e+56 2.9935960610796045e+56 3.0400445834204834e+56 3.082768242819054e+56 3.1223193680291875e+56 
# SNII_energy_release_list
0 0.0 1.767530300914059e+54 4.908485228612381e+54 7.211221034143957e+54 8.95491025277682e+54 9.728373098447103e+54 9.728373098447103e+54 9.728373098447103e+54 9.728373098447103e+54 9.728373098447103e+54 9.728373098447103e+54 9.728373098447103e+54 9.728373098447103e+54 9.728373098447103e+54 9.728373098447103e+54 9.728373098447103e+54 9.728373098447103e+54 9.728373098447103e+54 9.728373098447103e+54 9.728373098447103e+54 9.728373098447103e+54 9.728373098447103e+54 9.728373098447103e+54 9.728373098447103e+54 9.728373098447103e+54 9.728373098447103e+54 9.728373098447103e+54 9.728373098447103e+54 9.728373098447103e+54 9.728373098447103e+54 9.728373098447103e+54 9.728373098447103e+54 9.728373098447103e+54 9.728373098447103e+54 9.728373098447103e+54 9.728373098447103e+54 9.728373098447103e+54 9.728373098447103e+54 9.728373098447103e+54 9.728373098447103e+54 9.728373098447103e+54 9.728373098447103e+54 9.728373098447103e+54 9.728373098447103e+54 9.728373098447103e+54 9.728373098447103e+54 9.728373098447103e+54 9.728373098447103e+54 9.728373098447103e+54 9.728373098447103e+54 9.728373098447103e+54 9.728373098447103e+54 9.728373098447103e+54 9.728373098447103e+54 9.728373098447103e+54 9.728373098447103e+54 9.728373098447103e+54 9.728373098447103e+54 
# SN_energy_per_current_crossing_time_list
0.0 0.0 1.5621323515774779e+53 3.1060286732972808e+53 2.367119672360606e+53 1.837267816808116e+53 1.0673682852758334e+53 4.448125552599012e+52 3.748956967241973e+52 3.250903157843385e+52 2.876016719270284e+52 2.58365899476573e+52 2.3488282339366107e+52 2.155881084548923e+52 1.9943634060239713e+52 1.8571721893087793e+52 1.5827497467545306e+52 1.1572344250932086e+52 8.485184200858967e+51 6.817103608632612e+51 5.759415562607048e+51 5.021257137269918e+51 4.477542866526267e+51 4.057574678270614e+51 3.723974458970248e+51 3.523346078459064e+51 3.498474462241132e+51 3.4698414498048634e+51 3.44602301721543e+51 3.421231207500699e+51 3.3955580325790526e+51 3.372585289059935e+51 3.349496775205469e+51 3.3193443357291904e+51 3.222189523104723e+51 2.979840363085327e+51 2.6850983551819465e+51 2.4565296777501603e+51 2.2734300791808734e+51 2.1087383592214172e+51 1.933379351387027e+51 1.7943548608399563e+51 1.6954904345948362e+51 1.6519146501779244e+51 1.5874001904685096e+51 1.5085442969790994e+51 1.4426996659338802e+51 1.4039327715742699e+51 1.38182457448453e+51 1.3135009089865015e+51 1.2482868759239933e+51 1.1425274037903004e+51 1.0524052415498351e+51 9.764006041377028e+50 9.118342567387145e+50 8.541023091484968e+50 8.052110819593993e+50 7.564140190839582e+50 7.192119230498475e+50 
# SN_energy_per_final_crossing_time_list
0.0 0.0 8.571042231308487e+53 1.5231001877601065e+54 1.1166340869262954e+54 8.455432941348064e+53 4.812643167439074e+53 1.9689112005207506e+53 1.6333873861831056e+53 1.3962318408561415e+53 1.219524699286661e+53 1.082687821921284e+53 9.735512739692109e+52 8.844577531655308e+52 8.103382268731134e+52 7.477053838946137e+52 6.118645857017009e+52 4.1929779052667015e+52 2.916969814222124e+52 2.239176325627943e+52 1.817969803457535e+52 1.5299547530201654e+52 1.321138884467895e+52 1.162488579566205e+52 1.03795045132051e+52 9.795719671640681e+51 9.701043645608013e+51 9.59794034949882e+51 9.507389989315892e+51 9.413958769842428e+51 9.319015082273673e+51 9.232065021453549e+51 9.146117576538313e+51 9.02033560150834e+51 8.548078416629224e+51 7.55992780234682e+51 6.538025049017693e+51 5.76017393847515e+51 5.14807209799785e+51 4.548456480676574e+51 3.9864216150118855e+51 3.548151549525854e+51 3.306706608294486e+51 3.142093950041731e+51 2.908705187814104e+51 2.6685885905355863e+51 2.4957438568665306e+51 2.4028675470037504e+51 2.264665531819733e+51 2.0489043626066067e+51 1.772283326022645e+51 1.4978875262394694e+51 1.2970317095750613e+51 1.1441441075023524e+51 1.022934065243693e+51 9.250813874881929e+50 8.446366796930007e+50 7.769024287557354e+50 7.192119230498475e+50 
# total_energy_release_list
0 0 1.767530300914059e+54 4.908485228612381e+54 7.211221034143957e+54 8.95491025277682e+54 1.5568533834063925e+55 2.6396031394060484e+55 3.5378405984518985e+55 4.3056607442289634e+55 4.976305550474641e+55 5.571700596578812e+55 6.107078933633585e+55 6.593462685312535e+55 7.039086397134579e+55 7.450266861625511e+55 9.132659218117072e+55 1.143847463662793e+56 1.304258372685609e+56 1.427395851896079e+56 1.5273702113586985e+56 1.6115059578100853e+56 1.6841584372322618e+56 1.748086369865526e+56 1.8051656631119541e+56 1.8105525556653128e+56 1.8158873836847002e+56 1.8211655128196103e+56 1.826393846219513e+56 1.8315707996333301e+56 1.836695541319913e+56 1.8417724671592846e+56 1.8468021285130934e+56 1.8567231103928092e+56 1.9037309684283737e+56 1.9868785474680084e+56 2.0587867678557157e+56 2.1221398223230765e+56 2.178760697926828e+56 2.253799736914342e+56 2.319566497190137e+56 2.3781028124411674e+56 2.3962871560131186e+56 2.430845357082176e+56 2.478832282519154e+56 2.5228578380317884e+56 2.550307182129636e+56 2.5635211058938443e+56 2.6133367817120343e+56 2.6696737739057957e+56 2.7671357284269415e+56 2.8495080239942453e+56 2.9208347941753887e+56 2.983753921909486e+56 3.0400074293938974e+56 3.0908797920640755e+56 3.1373283144049545e+56 3.180051973803525e+56 3.2196030990136586e+56 
# binding_energy_list
9.162204901220067e+52 9.162204901220067e+52 9.120108393559115e+52 9.057326008982017e+52 9.015711376059534e+52 8.974287945007545e+52 8.933054837332963e+52 8.871560120379617e+52 8.830799004185586e+52 8.790225168308896e+52 8.770008211436304e+52 8.729713683881166e+52 8.689604292863019e+52 8.669618757582214e+52 8.629785477669701e+52 8.609937521846051e+52 8.472274141405911e+52 8.260379495771818e+52 8.072350302488317e+52 7.925013304804734e+52 7.780365510398008e+52 7.655966069112569e+52 7.533555637337216e+52 7.430191378967051e+52 7.345138681571143e+52 7.328245331389074e+52 7.328245331389074e+52 7.311390834834127e+52 7.311390834834127e+52 7.29457510254568e+52 7.277798045368272e+52 7.277798045368272e+52 7.261059574351499e+52 7.244359600749891e+52 7.161434102128969e+52 7.014552984199657e+52 6.870684400142374e+52 6.729766562843224e+52 6.622165037017589e+52 6.456542290346589e+52 6.295061828571968e+52 6.16595001861481e+52 6.123503917247722e+52 6.039486293763782e+52 5.915616341754719e+52 5.80764417521316e+52 5.74116462207328e+52 5.701642722807478e+52 5.571857489319327e+52 5.420008904016261e+52 5.140436515824243e+52 4.920395356814511e+52 4.7533522594280486e+52 4.6238102139925937e+52 4.5081670454146376e+52 4.4157044735331566e+52 4.3351087838752935e+52 4.2854852039743744e+52 4.2169650342858223e+52 
# total_gas_kinetic_energy_list
1.0314321036570264e+58 1.0696791510188687e+58 2.060381341584127e+53 3.8347937713968595e+53 3.060339591900374e+53 2.5219755122821105e+53 2.4637593497858624e+53 2.4808283770724447e+53 2.3515601367144797e+53 2.2564869575916983e+53 2.1026335002475595e+53 1.9858683907427486e+53 1.8578371659526621e+53 1.7836020406808927e+53 1.6681184207886068e+53 1.6354292690309698e+53 8.78109836288605e+53 2.052928406682003e+54 3.0033202018179025e+54 3.806559705613799e+54 4.4908086120027335e+54 5.0857019879626286e+54 5.624975604011634e+54 6.113737381852136e+54 6.570656667150852e+54 6.611056427768823e+54 6.656596836881626e+54 6.694794236867364e+54 6.737778615238184e+54 6.78247543244616e+54 6.826461965867822e+54 6.868539976724484e+54 6.909409730175802e+54 6.988515560332044e+54 7.381199549227045e+54 8.097122868602033e+54 8.7467854420675e+54 9.332338897299016e+54 9.866524851818949e+54 1.0591036723565894e+55 1.1238543039624383e+55 1.182351776519184e+55 1.2014152749384981e+55 1.236026871867778e+55 1.2856198777627698e+55 1.3310945446275728e+55 1.3588177823866063e+55 1.3719148491132077e+55 1.4240656346542727e+55 1.4809236954348373e+55 1.5825861345099228e+55 1.6634429411577993e+55 1.7253881222766436e+55 1.7753917299242175e+55 1.8182553614099649e+55 1.852475764920677e+55 1.8833525041075714e+55 1.9025610498889248e+55 1.929113077008578e+55 
