# time_axis
5.999999999999999 7.0 7.30102999566398 7.477121254719661 7.602059991327962 7.698970004336018 7.778151250383643 7.845098040014256 7.903089986991943 7.954242509439324 8.0 8.041392685158224 8.079181246047623 8.113943352306837 8.146128035678238 8.176091259055681 8.301029995663981 8.47712125471966 8.60205999132796 8.698970004336019 8.778151250383644 8.845098040014257 8.903089986991942 8.954242509439323 8.999999999999998 9.004321373782641 9.008600171761916 9.012837224705171 9.017033339298779 9.021189299069936 9.02530586526477 9.02938377768521 9.033423755486949 9.041392685158224 9.079181246047623 9.146128035678236 9.204119982655923 9.255272505103305 9.301029995663981 9.361727836017593 9.414973347970816 9.462397997898954 9.477121254719663 9.505149978319904 9.544068044350274 9.57978359661681 9.60205999132796 9.612783856719734 9.653212513775342 9.698970004336017 9.778151250383642 9.845098040014257 9.903089986991944 9.954242509439325 10.0 10.041392685158225 10.079181246047623 10.113943352306835 10.146128035678236 
# total_gas_mass_list
9.256561334612494 9.272376557608982 4.732343668025356 4.9746740618521 4.840994350151782 4.759164468694404 4.767627367190989 4.77813206475076 4.727653515201875 4.686000379014235 4.6508070548640355 4.620679757085118 4.593591866160327 4.569484460979477 4.546825637190315 4.527851282387075 5.264999640941135 5.631434709930058 5.798868734678973 5.905517127768424 5.981219866941366 6.038856251185327 6.0853460153653876 6.123781114262608 6.156865316958952 6.1597535239733245 6.162793190956734 6.165542858642562 6.168480155460397 6.1715093043633305 6.1744108229718355 6.177267191292228 6.179991954864599 6.185228135353181 6.210362672017415 6.2530278407329885 6.288734894012407 6.318875230711174 6.344828361937622 6.37830986010781 6.406938420920147 6.431707654151029 6.439568021980656 6.453343318148654 6.47299472676321 6.490629600525459 6.501387082330899 6.506454944879331 6.526136162952051 6.547322313927458 6.584245727258955 6.612747447469143 6.6333795081632605 6.6493462230064315 6.6625814927948 6.672951043854465 6.682126165336557 6.687778823397334 6.6952800916022985 
# ejected_gas_mass_list
-10.0 -10.0 4.732343668025356 5.171226169469636 5.3377999996108265 5.4394970711291295 5.523314104553427 5.595126805243748 5.650384082170227 5.695138043524234 5.732682503655696 5.765006089662634 5.793328608262138 5.818521770941656 5.841153776146179 5.861766467896251 5.943370060094968 6.049862181917765 6.121555682812457 6.175556705961997 6.2178391741304155 6.252189123886532 6.281221309681219 6.306093639207783 6.3281176651039015 6.330066818114619 6.332122732707781 6.33398650995424 6.33598166064275 6.33804372934021 6.340023215107244 6.341975998284439 6.3438425906326446 6.347439957810242 6.364895365723626 6.395220126511997 6.42124916068277 6.443663995104251 6.4632794128444795 6.488999855472336 6.511349954789259 6.530943406356652 6.537209636576071 6.548246233942741 6.564109684372984 6.578461570052711 6.587269163405247 6.591432063886791 6.607680188274899 6.6253120598423045 6.6563776227663976 6.68063711810044 6.698343368539116 6.7121265573025335 6.723603749936405 6.732628035571053 6.740635967091275 6.745580187832629 6.752153714857009 
# stellar_mass_list
-10.0 6.955531338948513 7.191176669256828 7.074310115629471 7.034837084600362 7.010903338877591 6.993066423355205 6.97861534172789 6.966494035196536 6.955600041736496 6.946063810355912 6.937335748230989 6.9293257596486475 6.9219017787632815 6.9149803029101 6.90845162332555 6.880291265373115 6.8370981800754045 6.80300757699456 6.77390857405332 6.7487879263248365 6.726672181293439 6.70671295036131 6.688437739726458 6.671460208699506 6.669879130150461 6.668305708275559 6.666701479929943 6.665100341569161 6.663510073473839 6.661887219132743 6.6602716474092505 6.658726347830909 6.655752623888573 6.640879782787593 6.613279888324541 6.587935890490387 6.564429629618635 6.542438405352709 6.511662080598222 6.4826496287772875 6.4552038921490835 6.445929338469026 6.428926199420249 6.403272120870349 6.37872219591907 6.362618972903988 6.355005751388493 6.322828809680801 6.285088366265002 6.208506237016292 6.136659972739172 6.075735594762722 6.021340873765955 5.9708828955470565 5.9289105460745954 5.887578606472557 5.8512253630430715 5.8183557960583245 
# remnant_mass_list
-10.0 -10.0 5.71982308641644 6.092607918653698 6.175375921937598 6.218828019422027 6.2465404093851955 6.26576053665079 6.281309023286299 6.294362438676145 6.305630602531481 6.315571342347345 6.3244412319761985 6.332458505288915 6.3397624282895615 6.346487562140889 6.373876977274885 6.411278952854751 6.437449627168738 6.4576422573469445 6.473628968354059 6.486698161753457 6.497767596858029 6.507287801000492 6.5157328603513305 6.516507408987099 6.51724195393119 6.5179970865450985 6.518760958009127 6.5195239178029345 6.520292330417337 6.521051800203482 6.52176825558824 6.523150101720152 6.5298633572488685 6.541585868996386 6.55157423708475 6.560215424225945 6.5677997500675565 6.577683609123293 6.586275311865364 6.593796091233474 6.596247659803865 6.600518391970082 6.606661951695115 6.612141447373314 6.615567552651495 6.617123832088602 6.623434739596047 6.630165413591971 6.642059403122853 6.651267290733024 6.657761666761146 6.662735298325857 6.666763706944661 6.669663015070986 6.672248936612261 6.6742625729293685 6.675890736762691 
# BH_mass_list
-10.0 -10.0 5.522040446212103 5.834028953409807 5.834028953409807 5.834028953409807 5.834028953409807 5.834028953409807 5.834028953409807 5.834028953409807 5.834028953409807 5.834028953409807 5.834028953409807 5.834028953409807 5.834028953409807 5.834028953409807 5.834028953409807 5.834028953409807 5.834028953409807 5.834028953409807 5.834028953409807 5.834028953409807 5.834028953409807 5.834028953409807 5.834028953409807 5.834028953409807 5.834028953409807 5.834028953409807 5.834028953409807 5.834028953409807 5.834028953409807 5.834028953409807 5.834028953409807 5.834028953409807 5.834028953409807 5.834028953409807 5.834028953409807 5.834028953409807 5.834028953409807 5.834028953409807 5.834028953409807 5.834028953409807 5.834028953409807 5.834028953409807 5.834028953409807 5.834028953409807 5.834028953409807 5.834028953409807 5.834028953409807 5.834028953409807 5.834028953409807 5.834028953409807 5.834028953409807 5.834028953409807 5.834028953409807 5.834028953409807 5.834028953409807 5.834028953409807 5.834028953409807 
# NS_mass_list
-10.0 -10.0 5.283082179038384 5.744523387001684 5.911236020413642 5.986112406501875 6.0130129252569695 6.0130129252569695 6.0130129252569695 6.0130129252569695 6.0130129252569695 6.0130129252569695 6.0130129252569695 6.0130129252569695 6.0130129252569695 6.0130129252569695 6.0130129252569695 6.0130129252569695 6.0130129252569695 6.0130129252569695 6.0130129252569695 6.0130129252569695 6.0130129252569695 6.0130129252569695 6.0130129252569695 6.0130129252569695 6.0130129252569695 6.0130129252569695 6.0130129252569695 6.0130129252569695 6.0130129252569695 6.0130129252569695 6.0130129252569695 6.0130129252569695 6.0130129252569695 6.0130129252569695 6.0130129252569695 6.0130129252569695 6.0130129252569695 6.0130129252569695 6.0130129252569695 6.0130129252569695 6.0130129252569695 6.0130129252569695 6.0130129252569695 6.0130129252569695 6.0130129252569695 6.0130129252569695 6.0130129252569695 6.0130129252569695 6.0130129252569695 6.0130129252569695 6.0130129252569695 6.0130129252569695 6.0130129252569695 6.0130129252569695 6.0130129252569695 6.0130129252569695 6.0130129252569695 
# WD_mass_list
-10.0 -10.0 -10.0 -10.0 -10.0 3.623427023052952 4.710700549489139 5.1179252745492 5.297567344981321 5.409473735302448 5.489252662987379 5.550592899828022 5.599850965791779 5.640777754992211 5.675562249008474 5.7057671919249655 5.814546320408564 5.937104222642348 6.01085140520768 6.062813481179125 6.101462456677829 6.13164713360391 6.156325993869489 6.176956068200812 6.194829036277463 6.196449090574237 6.197982566819216 6.199556090330783 6.201144815111836 6.202728640053211 6.204320767098377 6.205891405814578 6.207370405605753 6.210215687013593 6.223904511482874 6.247298509978075 6.2667530984193345 6.28325169089757 6.297492624907193 6.315732962912947 6.331311274412454 6.344746890181013 6.3490874676386815 6.356604316168132 6.367320507236197 6.376784708503475 6.382658673159243 6.385316003145757 6.396023651369075 6.407326184907113 6.427016159920062 6.442023035673635 6.452489242377676 6.460440821202689 6.46684169679384 6.4714270432261864 6.475501839748632 6.478665229363295 6.481216951009505 
