# time_axis
5.999999999999999 7.0 7.30102999566398 7.477121254719661 7.602059991327962 7.698970004336018 7.778151250383643 7.845098040014256 7.903089986991943 7.954242509439324 8.0 8.041392685158224 8.079181246047623 8.113943352306837 8.146128035678238 8.176091259055681 8.204119982655925 8.230448921378272 8.255272505103306 8.278753600952827 8.301029995663981 8.47712125471966 8.60205999132796 8.698970004336019 8.778151250383644 8.845098040014257 8.903089986991942 8.954242509439323 8.999999999999998 9.004321373782641 9.008600171761916 9.012837224705171 9.017033339298779 9.021189299069936 9.02530586526477 9.02938377768521 9.033423755486949 9.041392685158224 9.079181246047623 9.146128035678236 9.204119982655923 9.255272505103305 9.301029995663981 9.361727836017593 9.414973347970816 9.462397997898954 9.477121254719663 9.505149978319904 9.544068044350274 9.57978359661681 9.60205999132796 9.612783856719734 9.653212513775342 9.698970004336017 9.778151250383642 9.845098040014257 9.903089986991944 9.954242509439325 10.0 10.041392685158225 10.079181246047623 10.113943352306835 10.146128035678236 
# total_gas_mass_list
9.414258261397736 9.41202609539447 9.410894123411325 9.409908838149914 9.408970275226343 9.408055212108499 9.407139570979712 9.406225079876814 9.405312295418174 9.404401221114766 9.403494027746463 9.402590012506906 9.40168917654745 9.40078516576272 9.399878043431189 9.398965923956121 9.398050611893702 9.397133816276213 9.39621503395828 9.395294388842968 9.394371677099397 9.396122574907595 9.396136364811621 9.396146830429265 9.396153400318205 9.396159523489336 9.396163267300988 9.396168599143536 9.396172527578845 9.39617264618529 9.396173095342563 9.396173389394985 9.396173709064437 9.396173851708674 9.396174534998433 9.396174735783456 9.396174980012185 9.396175661219534 9.396178110792972 9.396184241893812 9.396188806698332 9.3961928763063 9.39619636527798 9.396201045803178 9.396205531327709 9.396208618149416 9.396209727358695 9.396211957157828 9.39621473461988 9.396217447585363 9.396218991462838 9.39621991341253 9.39622302938639 9.396226265602856 9.396231975022678 9.396238175034147 9.396241242293184 9.396245221862955 9.396248483726703 9.396252721955994 9.396252788325413 9.396256963180852 9.396259597055824 
# ejected_gas_mass_list
-10.0 -10.0 6.711736579750253 7.075603772767193 7.277449615925985 7.417221742200965 7.522898279009892 7.608020946385827 7.679355904272903 7.740777590175496 7.794814558914784 7.84305007397048 7.886625621689051 7.926186047438061 7.962408232462938 7.99576211788611 8.026706178766633 8.055601193221028 8.082692101264804 8.108193518387276 8.132278174604396 8.16322834608223 8.163464037905603 8.163642831939777 8.163755036164206 8.163859586527625 8.163923498738939 8.16401450562327 8.164081546879304 8.164083570822514 8.16409123532383 8.164096253018856 8.164101707779572 8.164104141804879 8.1641158010151 8.164119227023592 8.164123394280717 8.164135017473455 8.164176811232597 8.164281401320538 8.164359256655768 8.164428655056154 8.164488143644808 8.164567936729071 8.164644392515427 8.16469700004691 8.164715902414978 8.164753898747854 8.164801223017356 8.164847443664913 8.16487374455564 8.16488944981375 8.164942525948591 8.16499764378047 8.165094868084275 8.165200423354301 8.165252634549399 8.16532036638637 8.165375875532611 8.165447990119198 8.16544911932267 8.165520144395122 8.165564947786539 
# stellar_mass_list
-10.0 7.181441326329612 7.257927758246346 7.3021495550127025 7.335613360565068 7.363324688115579 7.387196361735651 7.408190011240832 7.427069190526918 7.444305886791568 7.459955960991439 7.474287734813595 7.487567231526635 7.5003240300067535 7.512643577005469 7.524451494231843 7.535764204899056 7.546615556906671 7.557040596331327 7.56707214385199 7.576738204152726 7.2253893541397005 7.169753607979308 7.135111461514478 7.110064115266837 7.0905684161497575 7.074672790618062 7.061313845023166 7.04981824011499 7.048750657636605 7.0477061368135905 7.046669626678523 7.0456405011808645 7.044630567293629 7.0436278917902975 7.042639133537308 7.041667658443867 7.039763736064412 7.03082629299943 7.0155589229503095 7.0028447190400405 6.991989460265433 6.98256869425336 6.970374917560045 6.960052711512888 6.951078131762326 6.9483149417237815 6.943172260049072 6.93610153169507 6.929682011618673 6.925834726851097 6.92396244460418 6.917002061762514 6.909241548851766 6.896276808859713 6.885631923703428 6.876620431918444 6.868743400323923 6.861702122538446 6.8554451441954685 6.849497138222638 6.844152233175995 6.838968364416597 
# remnant_mass_list
-10.0 -10.0 6.203414965340165 6.53559831107599 6.723202315621245 6.85242004763747 6.948884248169957 7.023680763691036 7.083186215226956 7.131226874372101 7.170125937084764 7.2013010105438555 7.225698635655878 7.246805675069655 7.266586397985676 7.285380978764184 7.30334755024714 7.320586039165531 7.337169685336046 7.3531560533314595 7.368593546174151 7.405019345106133 7.413175394808781 7.417977835303556 7.421301537997061 7.4237985055535445 7.425775577958522 7.427395654296198 7.4287597042112425 7.428885019630249 7.429007118254423 7.429128277827799 7.429248500458093 7.4293660786707445 7.429482737234888 7.429597514356284 7.429709935170739 7.429929559752371 7.430951962792374 7.432658896532742 7.434043009200772 7.4351979334961955 7.436179539552572 7.437424273676354 7.438451959310851 7.439327873620695 7.439594890806314 7.44008534137551 7.440752498993923 7.441350752096627 7.441701174182022 7.441872356136633 7.442500606226382 7.443190403457451 7.444311155182642 7.445206318483449 7.445946297931656 7.446583333633137 7.447146903616791 7.447637499394022 7.448110587885748 7.448526161045704 7.448935823724575 
# BH_mass_list
-10.0 -10.0 6.069995232561731 6.3724086880341 6.542279357517242 6.659087548371385 6.745755745834053 6.81202535876827 6.863805853494604 6.904568371866598 6.936365041509391 6.960491657923993 6.97774092222654 6.992451915500023 7.006680881950495 7.0204584105382395 7.033812267828268 7.0467677348786335 7.059347895316993 7.071573882853768 7.083465094898551 7.095039377702115 7.095039377702115 7.095039377702115 7.095039377702115 7.095039377702115 7.095039377702115 7.095039377702115 7.095039377702115 7.095039377702115 7.095039377702115 7.095039377702115 7.095039377702115 7.095039377702115 7.095039377702115 7.095039377702115 7.095039377702115 7.095039377702115 7.095039377702115 7.095039377702115 7.095039377702115 7.095039377702115 7.095039377702115 7.095039377702115 7.095039377702115 7.095039377702115 7.095039377702115 7.095039377702115 7.095039377702115 7.095039377702115 7.095039377702115 7.095039377702115 7.095039377702115 7.095039377702115 7.095039377702115 7.095039377702115 7.095039377702115 7.095039377702115 7.095039377702115 7.095039377702115 7.095039377702115 7.095039377702115 7.095039377702115 
# NS_mass_list
-10.0 -10.0 5.625847342732872 6.031463719842122 6.255586125252177 6.4078544805566 6.517199020679004 6.600740514399904 6.667136949377057 6.721120979885888 6.7654695293685565 6.801730316063127 6.831048128812987 6.855930213920153 6.878419173736151 6.899388470923014 6.9192519510576505 6.938223956929276 6.956401751077686 6.973849165350487 6.990622632597487 7.019517880792262 7.019517880792262 7.019517880792262 7.019517880792262 7.019517880792262 7.019517880792262 7.019517880792262 7.019517880792262 7.019517880792262 7.019517880792262 7.019517880792262 7.019517880792262 7.019517880792262 7.019517880792262 7.019517880792262 7.019517880792262 7.019517880792262 7.019517880792262 7.019517880792262 7.019517880792262 7.019517880792262 7.019517880792262 7.019517880792262 7.019517880792262 7.019517880792262 7.019517880792262 7.019517880792262 7.019517880792262 7.019517880792262 7.019517880792262 7.019517880792262 7.019517880792262 7.019517880792262 7.019517880792262 7.019517880792262 7.019517880792262 7.019517880792262 7.019517880792262 7.019517880792262 7.019517880792262 7.019517880792262 7.019517880792262 
# WD_mass_list
-10.0 -10.0 -10.0 -10.0 -10.0 -10.0 4.489862834580002 4.933593121134851 5.194326551816278 5.378167491219598 5.519831345030126 5.634759716549191 5.730397380164864 5.811566755860749 5.881867683332066 5.943354079072485 5.997396622979125 6.045360216813438 6.0886092066896635 6.128152747534422 6.164694264818025 6.3987933067085 6.475183159256597 6.515151862187574 6.541040108515737 6.559643348482898 6.573900041430894 6.585289786066919 6.594685119531258 6.59553962418457 6.5963708165661785 6.597194277163502 6.598010055908421 6.598806629201291 6.5995957432768275 6.600370940228252 6.601129081932252 6.602606939157539 6.609430948023777 6.620624874224761 6.629525890530428 6.636837071057345 6.6429707149176 6.650645476696179 6.65689753826163 6.662167608139545 6.663763614975625 6.6666824632848005 6.670626956468863 6.674138940139198 6.6761851726788 6.677181865051497 6.680823656277571 6.684793349833268 6.691179950360232 6.696226047895275 6.700361287802216 6.703895551978472 6.707002707184565 6.709692801962773 6.712274065672469 6.714531227755417 6.716746962882197 
