# time_axis
1000000 10000000 20000000 30000000 40000000 50000000 60000000 70000000 80000000 90000000 100000000 110000000 120000000 130000000 140000000 150000000 200000000 300000000 400000000 500000000 600000000 700000000 800000000 900000000 1000000000 1010000000 1020000000 1030000000 1040000000 1050000000 1060000000 1070000000 1080000000 1100000000 1200000000 1400000000 1600000000 1800000000 2000000000 2300000000 2600000000 2900000000 3000000000 3200000000 3500000000 3800000000 4000000000 4100000000 4500000000 5000000000 6000000000 7000000000 8000000000 9000000000 10000000000 11000000000 12000000000 13000000000 14000000000 
# SNIa_energy_release_list
0 0.0 0.0 0.0 0.0 0.0 3.0211425074443673e+53 3.728992438572367e+54 7.876654126062705e+54 1.1860828752536728e+55 1.5461396583753693e+55 1.867067632584758e+55 2.1537568075133307e+55 2.4117606058341068e+55 2.645917706842051e+55 2.8601390407728806e+55 3.721051335598969e+55 4.87177536042818e+55 5.659416165904494e+55 6.25911532318417e+55 6.743567096046977e+55 7.149959355278477e+55 7.500048870941532e+55 7.807531865716147e+55 8.081677899777572e+55 8.107513572882539e+55 8.133114615674045e+55 8.158448987773018e+55 8.183530743979117e+55 8.208372385347457e+55 8.232964043621774e+55 8.257314696365384e+55 8.281437724526594e+55 8.329009496764348e+55 8.554324949613863e+55 8.952422331876863e+55 9.296315719182269e+55 9.599024075228707e+55 9.869395926413381e+55 1.0227481093340493e+56 1.0541117510372016e+56 1.0820135948109263e+56 1.0906792290153638e+56 1.1071428216081543e+56 1.1299990382298736e+56 1.1509648615447618e+56 1.1640344778273155e+56 1.1703240642758665e+56 1.194030287675782e+56 1.2208434054615363e+56 1.2672124498112082e+56 1.3063866311481867e+56 1.340300475177525e+56 1.3702125619837654e+56 1.3969425279269122e+56 1.4211298242905028e+56 1.4432044089505078e+56 1.4635068968725027e+56 1.4823009378606057e+56 
# SNII_energy_release_list
0 0.0 3.89710157151044e+53 4.89669034987585e+54 1.1213983785484866e+55 1.735887234022793e+55 2.2475766327895514e+55 2.453602816985866e+55 2.5320561142682775e+55 2.5618680390876755e+55 2.5731761794192904e+55 2.5775182340195143e+55 2.579209855090473e+55 2.579895029193353e+55 2.580220270559819e+55 2.580366388178764e+55 2.58049315341662e+55 2.58049315341662e+55 2.58049315341662e+55 2.58049315341662e+55 2.58049315341662e+55 2.58049315341662e+55 2.58049315341662e+55 2.58049315341662e+55 2.58049315341662e+55 2.58049315341662e+55 2.58049315341662e+55 2.58049315341662e+55 2.58049315341662e+55 2.58049315341662e+55 2.58049315341662e+55 2.58049315341662e+55 2.58049315341662e+55 2.58049315341662e+55 2.58049315341662e+55 2.58049315341662e+55 2.58049315341662e+55 2.58049315341662e+55 2.58049315341662e+55 2.58049315341662e+55 2.58049315341662e+55 2.58049315341662e+55 2.58049315341662e+55 2.58049315341662e+55 2.58049315341662e+55 2.58049315341662e+55 2.58049315341662e+55 2.58049315341662e+55 2.58049315341662e+55 2.58049315341662e+55 2.58049315341662e+55 2.58049315341662e+55 2.58049315341662e+55 2.58049315341662e+55 2.58049315341662e+55 2.58049315341662e+55 2.58049315341662e+55 2.58049315341662e+55 2.58049315341662e+55 
# SN_energy_per_current_crossing_time_list
0.0 0.0 3.301602567511664e+53 3.376255534521117e+54 4.6268045612485045e+54 4.507776860176393e+54 3.79141480648037e+54 1.6324170226581893e+54 7.068982492614046e+53 3.3904557515348773e+53 1.8923179122696322e+53 1.256700141250565e+53 9.600795945895036e+52 8.034780310892782e+52 7.095264696827375e+52 6.401020297486206e+52 5.166810585109472e+52 3.5323656881462e+52 2.466078103539561e+52 1.907987956398736e+52 1.5624267688774999e+52 1.326250268101982e+52 1.1545808064241529e+52 1.0237195546142876e+52 9.206979114835967e+51 8.68381797602788e+51 8.61183255254607e+51 8.52890275950901e+51 8.450584171329435e+51 8.376379890086844e+51 8.298755077668395e+51 8.224067343519063e+51 8.153700089137699e+51 8.051899552884163e+51 7.683754826405488e+51 6.879519755074132e+51 6.01339042365124e+51 5.3498488456628343e+51 4.824277269544107e+51 4.3142496717633325e+51 3.821909832325299e+51 3.434827860474523e+51 3.2108956785204896e+51 3.068291960348286e+51 2.8640186667827163e+51 2.647009915049999e+51 2.486811501562003e+51 2.3986095208857473e+51 2.279647226048343e+51 2.0815926333274768e+51 1.8286179145578215e+51 1.564990243183101e+51 1.3703903188532003e+51 1.2215402928202326e+51 1.1026973093833e+51 1.0065300296165522e+51 9.266451962421735e+50 8.591204457725585e+50 8.011339461918397e+50 
# SN_energy_per_final_crossing_time_list
0.0 0.0 4.429915294493072e+53 5.123176833184439e+54 7.180997029892295e+54 6.985020865407233e+54 5.829356584543809e+54 2.4880194986137754e+54 1.0685971771325934e+54 5.087117528359691e+53 2.8202342479895004e+53 1.861590545014174e+53 1.4143605336587522e+53 1.1776784323879175e+53 1.0351127774987663e+53 9.29771181083842e+52 7.368444314776221e+52 4.905193510926197e+52 3.3574779743879317e+52 2.5563387496257023e+52 2.0650735027071485e+52 1.732329064015914e+52 1.492327250861538e+52 1.3107083524326728e+52 1.1686028259676316e+52 1.1012977336914531e+52 1.0912961428132201e+52 1.0799287660802217e+52 1.069160503562624e+52 1.0589251237612389e+52 1.0482690896107144e+52 1.0379957422242483e+52 1.0282927847779558e+52 1.0139214244636918e+52 9.60452613642841e+51 8.484852380148364e+51 7.329575013049921e+51 6.451777453775235e+51 5.7625730468476853e+51 5.088034429542443e+51 4.456461857688423e+51 3.964574768251246e+51 3.693901556802822e+51 3.508969388410675e+51 3.2476412831715443e+51 2.9790351771696076e+51 2.7855939215743977e+51 2.6810632235147542e+51 2.526314100531014e+51 2.2859265737482186e+51 1.976574144140409e+51 1.66987858030086e+51 1.4456460808486817e+51 1.275063098834722e+51 1.1394187716821299e+51 1.0310323466753298e+51 9.409737443060764e+50 8.654345426168317e+50 8.011339461918397e+50 
# total_energy_release_list
0 0 3.89710157151044e+53 4.89669034987585e+54 1.1213983785484866e+55 1.735887234022793e+55 2.277788057863995e+55 2.8265020608431027e+55 3.319721526874548e+55 3.7479509143413484e+55 4.1193158377946595e+55 4.4445858666042724e+55 4.7329666626038037e+55 4.99165563502746e+55 5.22613797740187e+55 5.440505428951645e+55 6.301544489015589e+55 7.4522685138448e+55 8.239909319321115e+55 8.83960847660079e+55 9.324060249463598e+55 9.730452508695098e+55 1.0080542024358152e+56 1.0388025019132767e+56 1.0662171053194193e+56 1.0688006726299159e+56 1.0713607769090665e+56 1.073894214118964e+56 1.0764023897395737e+56 1.0788865538764077e+56 1.0813457197038393e+56 1.0837807849782004e+56 1.0861930877943215e+56 1.0909502650180968e+56 1.1134818103030484e+56 1.1532915485293483e+56 1.187680887259889e+56 1.2179517228645328e+56 1.244988907983e+56 1.2807974246757113e+56 1.3121610663788636e+56 1.3400629101525882e+56 1.3487285443570258e+56 1.3651921369498162e+56 1.3880483535715356e+56 1.4090141768864238e+56 1.4220837931689775e+56 1.4283733796175285e+56 1.452079603017444e+56 1.4788927208031982e+56 1.5252617651528701e+56 1.5644359464898486e+56 1.598349790519187e+56 1.6282618773254273e+56 1.6549918432685742e+56 1.6791791396321648e+56 1.7012537242921698e+56 1.7215562122141646e+56 1.7403502532022676e+56 
# binding_energy_list
3.499451670283548e+53 3.499451670283548e+53 3.499451670283548e+53 3.4914031547858552e+53 3.4833731503601304e+53 3.475361614432033e+53 3.4673685045253095e+53 3.4593937782612313e+53 3.4514373933585365e+53 3.443499307633377e+53 3.435579478998757e+53 3.435579478998757e+53 3.4276778654644765e+53 3.41979442513708e+53 3.41979442513708e+53 3.411929116219295e+53 3.396252725904075e+53 3.365115693754915e+53 3.3419504002611496e+53 3.31894457552611e+53 3.3036954103681354e+53 3.2885163087598533e+53 3.2734069487883862e+53 3.2583670100200737e+53 3.250872973854347e+53 3.250872973854347e+53 3.243396173493513e+53 3.243396173493513e+53 3.243396173493513e+53 3.243396173493513e+53 3.243396173493513e+53 3.243396173493513e+53 3.243396173493513e+53 3.235936569296268e+53 3.228494121712638e+53 3.2062693245054672e+53 3.1915378551007453e+53 3.1768740706497884e+53 3.1622776601683794e+53 3.1477483141012982e+53 3.1332857243156016e+53 3.1188895840939355e+53 3.111716337106033e+53 3.1045595881283368e+53 3.097419299216578e+53 3.0831879502493343e+53 3.076096814740705e+53 3.076096814740705e+53 3.061963433690657e+53 3.0549211132155093e+53 3.0338911841942657e+53 3.0199517204019946e+53 3.0060763026282415e+53 2.992264636608183e+53 2.9785164294291667e+53 2.9648313895243513e+53 2.958012466551522e+53 2.9444216337987693e+53 2.9376496519615546e+53 
# total_gas_kinetic_energy_list
3.90366938458508e+57 4.103784889030969e+58 1.730104148059164e+58 6.596137835750345e+57 2.5076899480959596e+57 9.538386230049229e+56 3.6326011861172466e+56 1.3876050561673218e+56 5.340658051502553e+55 2.0949671806278516e+55 8.585921352056804e+54 3.8521351342817876e+54 2.018600373073603e+54 1.2903456330328156e+54 9.858240580808893e+53 8.45185581123347e+53 2.904277758274934e+54 6.1074874172786915e+54 8.594344204091438e+54 1.0613581786627869e+55 1.2323464648900795e+55 1.3810524664154326e+55 1.5151609204488738e+55 1.637643122704323e+55 1.75127465751947e+55 1.7620597326389545e+55 1.7725851013026557e+55 1.7830628011620408e+55 1.793572311294858e+55 1.8041329631889795e+55 1.8147586036047814e+55 1.825451090711606e+55 1.8360278424858952e+55 1.8560470681986546e+55 1.9540897433871607e+55 2.1334275367311045e+55 2.2929417445232406e+55 2.4378849881319707e+55 2.568877731499064e+55 2.743128010407689e+55 2.898002628112308e+55 3.0363577610830545e+55 3.081248358072942e+55 3.161793021454154e+55 3.2762581497170376e+55 3.376455064403999e+55 3.438474519085743e+55 3.466414975030358e+55 3.577585388696294e+55 3.6933904193314606e+55 3.8892164408246854e+55 4.0457172586812906e+55 4.1851688142534436e+55 4.31564359481878e+55 4.4415558577644733e+55 4.550414616318321e+55 4.6596553075522297e+55 4.761310150486935e+55 4.8542310306144365e+55 
