# time_axis
5.999999999999999 7.0 7.30102999566398 7.477121254719661 7.602059991327962 7.698970004336018 7.778151250383643 7.845098040014256 7.903089986991943 7.954242509439324 8.0 8.041392685158224 8.079181246047623 8.113943352306837 8.146128035678238 8.176091259055681 8.301029995663981 8.47712125471966 8.60205999132796 8.698970004336019 8.778151250383644 8.845098040014257 8.903089986991942 8.954242509439323 8.999999999999998 9.004321373782641 9.008600171761916 9.012837224705171 9.017033339298779 9.021189299069936 9.02530586526477 9.02938377768521 9.033423755486949 9.041392685158224 9.079181246047623 9.146128035678236 9.204119982655923 9.255272505103305 9.301029995663981 9.361727836017593 9.414973347970816 9.462397997898954 9.477121254719663 9.505149978319904 9.544068044350274 9.57978359661681 9.60205999132796 9.612783856719734 9.653212513775342 9.698970004336017 9.778151250383642 9.845098040014257 9.903089986991944 9.954242509439325 10.0 10.041392685158225 10.079181246047623 10.113943352306835 10.146128035678236 
# total_gas_mass_list
8.834045203312508 9.856305601049177 9.481199226514223 9.062425902655937 8.642428118117786 8.22267213875665 7.803538099330706 7.385812868303229 6.971371580432205 6.565021013469104 6.1771589225407695 5.82740183837774 5.543372869225185 5.344463194905241 5.223148908825792 5.15289440915155 5.684714855893497 6.002530391350482 6.149742128755442 6.243342656912278 6.310650882216928 6.3622547166662695 6.403862125236976 6.438438617169178 6.468053966936501 6.470754525292267 6.473373691292093 6.475963928386821 6.478544904097351 6.481122345350787 6.483698157929191 6.486273287718191 6.488804621040062 6.493555020718009 6.516040873944469 6.554130121333794 6.5851332874219555 6.611285581501812 6.633492419325017 6.661272292042786 6.6844664590297445 6.704122027436887 6.71029517263546 6.721148632106017 6.736086797189145 6.748729972036906 6.756361449727176 6.759756080408244 6.772969297998367 6.7862854434280715 6.80779922278033 6.8241769350008585 6.838260024234353 6.851025197370117 6.862988075564518 6.873076222537784 6.882943151835449 6.891961295684978 6.900025811168037 
# ejected_gas_mass_list
-10.0 -10.0 4.050247933392521 5.150233588146512 5.513145267696862 5.70118818301799 5.820133089312523 5.903063473194158 5.965493770809951 6.016631241801813 6.059559400297936 6.096088168056958 6.127654717784141 6.155319833663742 6.1798731708859815 6.201886967533419 6.2863330936802475 6.390129242956647 6.456562658822151 6.505261786192411 6.543372156291523 6.574307750566453 6.600310610558923 6.622622266111016 6.642228096559102 6.644038290072869 6.645797467384428 6.647540636924354 6.649280952021679 6.651022242196128 6.652765777903667 6.654512187890868 6.656232140407278 6.6594685300049745 6.67493989562646 6.701709002031249 6.724004917730312 6.743154959254729 6.759655257866964 6.78059726518933 6.798331210187548 6.813531896426443 6.818337872978239 6.826824077771279 6.838579048659731 6.848594795035007 6.854669486934673 6.857378603260857 6.867963971933192 6.87869600186852 6.8961679836292 6.909576403659294 6.921178726844562 6.931751985873607 6.941708703517948 6.950140534142104 6.95841833615204 6.9660103555501705 6.97282052912539 
# stellar_mass_list
-10.0 6.62643689281076 7.683126039276931 7.784734236236029 7.801432231345975 7.798461874612003 7.79088027791523 7.78291746987575 7.77567964305013 7.769324607748445 7.763756313792093 7.75883058334102 7.754422314437242 7.750433216028139 7.746787507380356 7.743428665628957 7.729631313826002 7.710445218016249 7.696737541062326 7.685959895435413 7.67701448917761 7.669353884925709 7.662615080132735 7.656595708934626 7.651114143924609 7.650598763946747 7.650096525887455 7.649597321279573 7.649097447007852 7.6485955262044 7.648091188644461 7.647584367355383 7.6470837292687985 7.646138411445506 7.641543412140863 7.633245965222689 7.625929148057839 7.61932677404226 7.613382089822323 7.60538510781829 7.598177327555661 7.5916566342858784 7.589524129102042 7.5856771368657485 7.580067226636633 7.574955079955153 7.57168619809851 7.570184066462102 7.5640269598652905 7.55726523195835 7.544858103639804 7.534228985749969 7.524935038466635 7.516396828784278 7.508293204975232 7.501372399951912 7.494439714877223 7.488200079783082 7.482484235261634 
# remnant_mass_list
-10.0 -10.0 5.022937263637396 6.1024365271582095 6.361776845729299 6.484135063948196 6.55512445104508 6.601568675301653 6.6349815091680595 6.660723095744425 6.681540853505266 6.698978030692031 6.713957967944981 6.727076847713251 6.738734570314919 6.749210749565851 6.789729543605792 6.84036558283483 6.873069194261852 6.8970161938093035 6.915825489963782 6.931222659015012 6.944260112731878 6.955525760915443 6.9654890567001395 6.966411552418216 6.967307906215829 6.968196678589606 6.9690845840307105 6.969973990510354 6.970865655987432 6.9717597412505015 6.972640695867678 6.974296829389158 6.9822399532946475 6.996139756802942 7.0079453246287615 7.018254901691451 7.0272694697813085 7.0390152884332124 7.0492469756505365 7.058225235744413 7.061107886194612 7.066236556498066 7.073568200940638 7.0800963594118995 7.084197551613745 7.08606239772885 7.093591437111064 7.101636111191483 7.1158387843296556 7.127453467789525 7.137215561270892 7.145880741570128 7.153850490418123 7.160459101836861 7.16691563567327 7.172583623002496 7.177660923956885 
# BH_mass_list
-10.0 -10.0 4.752627724064873 5.814303628866391 5.955758236071967 5.999508027128923 6.015049529487712 6.020818545445647 6.022948182947252 6.023705670219081 6.023966145099213 6.024041203032836 6.02405441879091 6.024060325225987 6.024063396311976 6.024065338895924 6.024066808038023 6.024066808038023 6.024066808038023 6.024066808038023 6.024066808038023 6.024066808038023 6.024066808038023 6.024066808038023 6.024066808038023 6.024066808038023 6.024066808038023 6.024066808038023 6.024066808038023 6.024066808038023 6.024066808038023 6.024066808038023 6.024066808038023 6.024066808038023 6.024066808038023 6.024066808038023 6.024066808038023 6.024066808038023 6.024066808038023 6.024066808038023 6.024066808038023 6.024066808038023 6.024066808038023 6.024066808038023 6.024066808038023 6.024066808038023 6.024066808038023 6.024066808038023 6.024066808038023 6.024066808038023 6.024066808038023 6.024066808038023 6.024066808038023 6.024066808038023 6.024066808038023 6.024066808038023 6.024066808038023 6.024066808038023 6.024066808038023 
# NS_mass_list
-10.0 -10.0 4.688847210770522 5.7881146805924475 6.145231533463914 6.311436380050416 6.401528423225516 6.432889131619301 6.444246453604309 6.448465579999537 6.450037159258246 6.450622140126028 6.450834603881705 6.45091138724635 6.450943008607582 6.45095515272853 6.450965286189583 6.450965286189583 6.450965286189583 6.450965286189583 6.450965286189583 6.450965286189583 6.450965286189583 6.450965286189583 6.450965286189583 6.450965286189583 6.450965286189583 6.450965286189583 6.450965286189583 6.450965286189583 6.450965286189583 6.450965286189583 6.450965286189583 6.450965286189583 6.450965286189583 6.450965286189583 6.450965286189583 6.450965286189583 6.450965286189583 6.450965286189583 6.450965286189583 6.450965286189583 6.450965286189583 6.450965286189583 6.450965286189583 6.450965286189583 6.450965286189583 6.450965286189583 6.450965286189583 6.450965286189583 6.450965286189583 6.450965286189583 6.450965286189583 6.450965286189583 6.450965286189583 6.450965286189583 6.450965286189583 6.450965286189583 6.450965286189583 
# WD_mass_list
-10.0 -10.0 -10.0 -10.0 -10.0 3.1682754762456913 4.534605303347101 5.374516500551674 5.680747666961972 5.853670473575791 5.967526169142638 6.0495092844287 6.112207082739769 6.162273027033201 6.203560103321827 6.2384571614353 6.358025714639524 6.483230817314381 6.55437317312561 6.60284763499001 6.639131333119634 6.667802279475335 6.691422532274552 6.711385227886709 6.728716884698532 6.730306904774634 6.7318495313996705 6.733376849507086 6.734900441060465 6.736424378082857 6.737949956237728 6.739477444170062 6.740980325632175 6.743799834926355 6.757219413578994 6.7803082515028485 6.799547123050599 6.8160860874105165 6.830357713668578 6.848701005098459 6.8644584173862935 6.878123961109618 6.8824806366895634 6.8901956322638584 6.901145947877092 6.910820587786146 6.9168630420836985 6.919601715272933 6.930603363966481 6.942262926318038 6.962616809562976 6.979053165618372 6.992729736576377 7.0047681734488405 7.015759270269653 7.024816047266691 7.033615739379106 7.04130203400382 7.0481572869536615 
