# time_axis
5.999999999999999 7.0 7.30102999566398 7.477121254719661 7.602059991327962 7.698970004336018 7.778151250383643 7.845098040014256 7.903089986991943 7.954242509439324 8.0 8.041392685158224 8.079181246047623 8.113943352306837 8.146128035678238 8.176091259055681 8.301029995663981 8.47712125471966 8.60205999132796 8.698970004336019 8.778151250383644 8.845098040014257 8.903089986991942 8.954242509439323 8.999999999999998 9.004321373782641 9.008600171761916 9.012837224705171 9.017033339298779 9.021189299069936 9.02530586526477 9.02938377768521 9.033423755486949 9.041392685158224 9.079181246047623 9.146128035678236 9.204119982655923 9.255272505103305 9.301029995663981 9.361727836017593 9.414973347970816 9.462397997898954 9.477121254719663 9.505149978319904 9.544068044350274 9.57978359661681 9.60205999132796 9.612783856719734 9.653212513775342 9.698970004336017 9.778151250383642 9.845098040014257 9.903089986991944 9.954242509439325 10.0 10.041392685158225 10.079181246047623 10.113943352306835 10.146128035678236 
# total_gas_mass_list
8.7873673767305 10.425575787851878 10.719719825898249 10.118606786029877 9.727703025501881 9.298485422149016 8.847847893479596 8.387094442637643 7.930588422561035 7.503335259278693 7.148409083427382 6.903960495195496 6.763876919379138 6.6878943951626395 6.6414219113383455 6.607509781595603 7.324520228808118 7.663238824987772 7.810991134949429 7.902743579906753 7.967727310159414 8.017165355112502 8.056706002209419 8.089362402181381 8.117129355501856 8.119721932288536 8.122192353441758 8.12465693337794 8.127151918201962 8.129582101324074 8.131932405650081 8.134277482448901 8.136701091019367 8.141134983298931 8.162037722145348 8.19740529545315 8.22600756638687 8.250069318870837 8.270448195607788 8.295794290746642 8.316846829403485 8.334696227915066 8.340254177007033 8.35009654838038 8.363564515667054 8.374938176678654 8.381804801115372 8.384842664313364 8.396699976882177 8.408572612419643 8.427808843792574 8.441879034053033 8.45485877673863 8.465982567462973 8.47698175515973 8.485979698000836 8.494957294610492 8.503035924962427 8.510251472174833 
# ejected_gas_mass_list
-10.0 -10.0 -10.0 6.375974582012603 7.037802929450052 7.3330396037807235 7.484787052486038 7.582207024498831 7.655212440376312 7.712903784131061 7.760015708398042 7.799176300231167 7.832317526516775 7.860883050525198 7.88588204772294 7.908048048026152 7.991088596942426 8.089581475333281 8.150972277162102 8.195328373148973 8.229670909432496 8.25741220242293 8.280590240871991 8.300386309336169 8.317676039805791 8.319311589881252 8.320873427872987 8.322434826430266 8.324018792525035 8.325564810524414 8.327063003515635 8.328560791798353 8.330111806091937 8.332957378832258 8.346511746953427 8.36996250508831 8.389392457285002 8.406052350403707 8.420382207627888 8.438480237083038 8.453739561835759 8.466835056823465 8.470941848375514 8.478247927902022 8.488313983164268 8.496875725428952 8.502071414428281 8.504376401072584 8.513410190277463 8.522514077497767 8.537386264235396 8.548358096823689 8.558548419378106 8.567333324537152 8.576066001639637 8.583243482444002 8.59043453308611 8.596930652011022 8.6027526634794 
# stellar_mass_list
-10.0 7.350027325295236 8.995917013587968 9.429237194701063 9.426887994262806 9.415031780891898 9.399787207858608 9.385823620300465 9.374138467926777 9.36446940280816 9.356340775541755 9.34936160257103 9.34325044866424 9.337809286610822 9.332901455839565 9.328427565348152 9.310405137349175 9.2862868270242 9.269596052626783 9.256740518212693 9.246248904084347 9.23735525134989 9.229621951983068 9.222763696841465 9.21658442254336 9.215989751988332 9.215422099492582 9.21486321562485 9.21430504999155 9.213745415766946 9.21318355552086 9.212619080062812 9.21205526362793 9.210983440340984 9.205860659603871 9.196676240050964 9.188667511432772 9.181473831643906 9.17505350004755 9.166492857895173 9.158836515497928 9.15195697340436 9.149722776690771 9.145687796260617 9.139838886806173 9.134553194945344 9.131172015789488 9.129628711103171 9.123311947435088 9.116433964479606 9.103913918135312 9.093273540282897 9.08397054889574 9.07542571142337 9.06732274222444 9.060395146732725 9.053462485975292 9.047217532123891 9.041499827919353 
# remnant_mass_list
-10.0 -10.0 5.899907883716359 7.552409816710685 8.077490634468589 8.246338734850509 8.33124918099275 8.382229953615067 8.416246972114926 8.441099867012019 8.460521932566794 8.476346241489676 8.489714146932421 8.501249050458567 8.511387260088194 8.520409374018628 8.554611801105587 8.596081007871248 8.622260644811126 8.641179869968399 8.655882889602061 8.667861328186843 8.677934079970024 8.686612369366626 8.694234877858557 8.694959157684837 8.695648281984479 8.696325126014253 8.696999817013356 8.697675032617754 8.69835164301242 8.699030271290132 8.699706836846513 8.700987514990164 8.707037308654355 8.717594638459836 8.726507560335634 8.734292862282697 8.74106795768893 8.74985852666794 8.757496414416861 8.764184445122005 8.766323639418838 8.770139590770645 8.775581356253793 8.780402004632274 8.783441491683295 8.784815074799102 8.790372996846989 8.796283325656027 8.806705973063856 8.815225642878147 8.822431975800015 8.828864502854975 8.834807590655538 8.839758279824318 8.844612590276522 8.848891072188056 8.852732279292274 
# BH_mass_list
-10.0 -10.0 5.606651976304766 7.254737454589928 7.720755556330863 7.787032194818316 7.811328212802548 7.820035149332079 7.823078549542335 7.8240208741681725 7.824386850886084 7.824424424953109 7.82448482306606 7.824494273016516 7.82451918676641 7.8245249323073045 7.824543723592947 7.824543723592947 7.824543723592947 7.824543723592947 7.824543723592947 7.824543723592947 7.824543723592947 7.824543723592947 7.824543723592947 7.824543723592947 7.824543723592947 7.824543723592947 7.824543723592947 7.824543723592947 7.824543723592947 7.824543723592947 7.824543723592947 7.824543723592947 7.824543723592947 7.824543723592947 7.824543723592947 7.824543723592947 7.824543723592947 7.824543723592947 7.824543723592947 7.824543723592947 7.824543723592947 7.824543723592947 7.824543723592947 7.824543723592947 7.824543723592947 7.824543723592947 7.824543723592947 7.824543723592947 7.824543723592947 7.824543723592947 7.824543723592947 7.824543723592947 7.824543723592947 7.824543723592947 7.824543723592947 7.824543723592947 7.824543723592947 
# NS_mass_list
-10.0 -10.0 5.590962099374328 7.247996026454393 7.825826126042674 8.061023875814213 8.173585568180334 8.228114127967752 8.243717125532081 8.249505481249274 8.251566935161819 8.252259951575875 8.252499712999741 8.2525896942088 8.252625152887953 8.252648025423015 8.25268407299763 8.25268407299763 8.25268407299763 8.25268407299763 8.25268407299763 8.25268407299763 8.25268407299763 8.25268407299763 8.25268407299763 8.25268407299763 8.25268407299763 8.25268407299763 8.25268407299763 8.25268407299763 8.25268407299763 8.25268407299763 8.25268407299763 8.25268407299763 8.25268407299763 8.25268407299763 8.25268407299763 8.25268407299763 8.25268407299763 8.25268407299763 8.25268407299763 8.25268407299763 8.25268407299763 8.25268407299763 8.25268407299763 8.25268407299763 8.25268407299763 8.25268407299763 8.25268407299763 8.25268407299763 8.25268407299763 8.25268407299763 8.25268407299763 8.25268407299763 8.25268407299763 8.25268407299763 8.25268407299763 8.25268407299763 8.25268407299763 
# WD_mass_list
-10.0 -10.0 -10.0 -10.0 -10.0 3.9610347897880724 5.709102035022236 6.7748791341540695 7.277618459692962 7.502588549639061 7.638880014845057 7.7321002828391245 7.800831235206848 7.854248063139398 7.89742044172661 7.933317950873687 8.052719579219879 8.172708863143752 8.23892483715466 8.283321048974669 8.316140007661657 8.341914786796227 8.36297998794929 8.380715216912163 8.395996120775894 8.397434217474578 8.398800321845233 8.400140013988224 8.40147341428314 8.40280583122406 8.404138982614008 8.405474090146715 8.406803135190236 8.409313451415898 8.421077257438201 8.441246058012 8.457936235262597 8.472276442228347 8.484583541554958 8.500323741009165 8.513800235141467 8.525454968600327 8.529154940667107 8.535722334577484 8.545016818311076 8.553182516058053 8.558299094247237 8.560603355271134 8.569877223274197 8.579653391774617 8.596686170436916 8.61042101796288 8.621912307882779 8.632075497263825 8.641388956816474 8.649092746201898 8.656599697785627 8.663178548206929 8.669055612215475 
