# time_axis
5.999999999999999 7.0 7.30102999566398 7.477121254719661 7.602059991327962 7.698970004336018 7.778151250383643 7.845098040014256 7.903089986991943 7.954242509439324 8.0 8.041392685158224 8.079181246047623 8.113943352306837 8.146128035678238 8.176091259055681 8.301029995663981 8.47712125471966 8.60205999132796 8.698970004336019 8.778151250383644 8.845098040014257 8.903089986991942 8.954242509439323 8.999999999999998 9.004321373782641 9.008600171761916 9.012837224705171 9.017033339298779 9.021189299069936 9.02530586526477 9.02938377768521 9.033423755486949 9.041392685158224 9.079181246047623 9.146128035678236 9.204119982655923 9.255272505103305 9.301029995663981 9.361727836017593 9.414973347970816 9.462397997898954 9.477121254719663 9.505149978319904 9.544068044350274 9.57978359661681 9.60205999132796 9.612783856719734 9.653212513775342 9.698970004336017 9.778151250383642 9.845098040014257 9.903089986991944 9.954242509439325 10.0 10.041392685158225 10.079181246047623 10.113943352306835 10.146128035678236 
# total_gas_mass_list
8.7873673767305 10.425863451032134 10.726171201767837 10.523310044365084 10.25561445348634 9.945725626533811 9.607582030090619 9.24983122483986 8.878254195450651 8.497227011454331 8.110921353818558 7.724777914832953 7.347949173811959 6.996823187570836 6.69643460342915 6.470999180484159 6.866534657196679 7.13624953474468 7.2643580899556985 7.3462405764237735 7.4052334905127 7.450558746153723 7.487029047558956 7.51736992839936 7.543204881269667 7.545621460091903 7.547956116693523 7.5502354819752595 7.55248315640674 7.554716453923391 7.556941417291356 7.5591630444234585 7.561375636226915 7.56562761954061 7.585294358603401 7.61859381850334 7.6455786615791705 7.6683945861838225 7.687759625773261 7.7118545383787405 7.731983797829155 7.749012135565592 7.754362245914106 7.7637488498557685 7.776676532863183 7.787547398410763 7.794164479778468 7.797086445487369 7.808456242980938 7.81988656321741 7.838325996686549 7.8523465356358395 7.864450846984419 7.875460755763949 7.885780260636258 7.8945442742613015 7.903079476899592 7.910982239325646 7.9180194580101055 
# ejected_gas_mass_list
-10.0 -10.0 3.9985928232377934 5.660132716682556 6.284762771992403 6.609037224323326 6.794016746357468 6.914125071753033 7.000973438157758 7.06782930911876 7.12153917680629 7.165756913049116 7.202858414820241 7.234531220364043 7.261994714885008 7.286135680791068 7.374955287902232 7.477732182504881 7.540799991111648 7.586039446688667 7.62097336021315 7.649112735293957 7.672553670391297 7.692584927028297 7.710012277751883 7.711659599746565 7.713253845816631 7.7148129552278375 7.716352917373189 7.717885512451044 7.719414844791836 7.720944325718092 7.7224700066545715 7.725408703119478 7.739115945795095 7.762748033430099 7.782279094410261 7.799051007410609 7.813467260557751 7.831631085604043 7.846993202090426 7.860118990992808 7.8642671743333805 7.871572632712679 7.881690938768645 7.89024968379884 7.895481570872222 7.897797160079878 7.906838046865299 7.915975549750517 7.930816755631051 7.942182756467411 7.952050702423082 7.961070211294053 7.969561368438779 7.976800504118135 7.983874913546143 7.990446210171776 7.996314653448454 
# stellar_mass_list
-10.0 6.579759066228756 8.225931376232502 8.663659109575207 8.765518689426763 8.792883703371633 8.793669741854437 8.785381571765074 8.774972118980466 8.764966643348663 8.756070794460895 8.74832050480623 8.74155274095424 8.735581635943362 8.730248319514914 8.725430371213786 8.706434041650327 8.681533878528922 8.66450296000172 8.651456297554251 8.640837303477262 8.63185418830258 8.624056908315405 8.617146553476589 8.610939836963523 8.610342514289599 8.609763010032012 8.60919583215216 8.608634109670817 8.608073703288166 8.607512426790011 8.606949240472336 8.606385820411926 8.605296863049567 8.60014329118402 8.590916772202638 8.582887983338368 8.575669106926842 8.569218128221413 8.560638891334124 8.552967793498592 8.546072988424 8.543841558471348 8.539788317220292 8.533924979081672 8.528643512406195 8.525245520384571 8.523702993469557 8.517379360688567 8.510499793137418 8.497970028996603 8.487319335732181 8.478006539102825 8.469449998137955 8.461350823765551 8.45441256946506 8.44748268176407 8.441225964444095 8.435511888668286 
# remnant_mass_list
-10.0 -10.0 5.2011413219251486 6.853254502656502 7.373538721053173 7.592346624831613 7.708760540056659 7.777772017917931 7.822010430409743 7.852548172767178 7.875075710651204 7.892642106621229 7.906958767877155 7.91902089629774 7.929435020766223 7.938596625395838 7.972704277393414 8.013280693919668 8.038646952552188 8.056908526327812 8.071080744801737 8.082615203468773 8.09230605916139 8.100656275379878 8.107972302199371 8.108667744572264 8.109340567265269 8.109997428072347 8.11064660143912 8.111293013811437 8.111939230512649 8.112586549720463 8.113232978022994 8.114477768054897 8.12030033117197 8.130453616887426 8.139014549268866 8.14650552664325 8.153036872589523 8.161494130920374 8.16884578071237 8.175288867648003 8.177343256387294 8.181030424710867 8.18627932290799 8.19091562096879 8.193857083995445 8.19517916101112 8.200538946158396 8.206236299749774 8.216295583104365 8.224525958135981 8.231492325761465 8.23771581043154 8.243457609088145 8.248252431060285 8.252946239945222 8.257094327970401 8.26080990625202 
# BH_mass_list
-10.0 -10.0 4.967226780039265 6.6155934551695585 7.0856815977456185 7.2362737998312445 7.300056483218095 7.328186621861768 7.340513723957905 7.345814120013057 7.348035911966206 7.348930159892854 7.349275357830597 7.3493995595171855 7.349431687060158 7.34943911631324 7.349442836382233 7.349442836382233 7.349442836382233 7.349442836382233 7.349442836382233 7.349442836382233 7.349442836382233 7.349442836382233 7.349442836382233 7.349442836382233 7.349442836382233 7.349442836382233 7.349442836382233 7.349442836382233 7.349442836382233 7.349442836382233 7.349442836382233 7.349442836382233 7.349442836382233 7.349442836382233 7.349442836382233 7.349442836382233 7.349442836382233 7.349442836382233 7.349442836382233 7.349442836382233 7.349442836382233 7.349442836382233 7.349442836382233 7.349442836382233 7.349442836382233 7.349442836382233 7.349442836382233 7.349442836382233 7.349442836382233 7.349442836382233 7.349442836382233 7.349442836382233 7.349442836382233 7.349442836382233 7.349442836382233 7.349442836382233 7.349442836382233 
# NS_mass_list
-10.0 -10.0 4.820693840307847 6.47800323139565 7.058923766092324 7.340130677894543 7.492730398905981 7.575694235224264 7.61467654955802 7.632679929742858 7.64075148529939 7.644257457916093 7.645734482278189 7.646339581399837 7.646580793572182 7.646672359074991 7.646727380844073 7.646727380844073 7.646727380844073 7.646727380844073 7.646727380844073 7.646727380844073 7.646727380844073 7.646727380844073 7.646727380844073 7.646727380844073 7.646727380844073 7.646727380844073 7.646727380844073 7.646727380844073 7.646727380844073 7.646727380844073 7.646727380844073 7.646727380844073 7.646727380844073 7.646727380844073 7.646727380844073 7.646727380844073 7.646727380844073 7.646727380844073 7.646727380844073 7.646727380844073 7.646727380844073 7.646727380844073 7.646727380844073 7.646727380844073 7.646727380844073 7.646727380844073 7.646727380844073 7.646727380844073 7.646727380844073 7.646727380844073 7.646727380844073 7.646727380844073 7.646727380844073 7.646727380844073 7.646727380844073 7.646727380844073 7.646727380844073 
# WD_mass_list
-10.0 -10.0 -10.0 -10.0 -10.0 3.1907665307215907 4.939057764853574 6.005705997393896 6.517633835517838 6.78651776386464 6.953717139921317 7.06761581784403 7.1502701400571205 7.213234278834746 7.263094932875316 7.303836080852429 7.434837527493316 7.561264741190153 7.629564604914952 7.674947708721524 7.708344048138979 7.734488299239154 7.755801241958156 7.7737234864384215 7.789110523261845 7.790558449808233 7.79195689988727 7.7933199248135585 7.794664825454363 7.796001870344382 7.797336390197769 7.798671071334679 7.800001812388051 7.802558459928648 7.81441630130912 7.834711351477895 7.851466425823709 7.865874747738598 7.87825412619683 7.894042226245424 7.907554979011785 7.919243324479486 7.922940803489102 7.929542194071467 7.938864301034609 7.947026721810713 7.9521712912158184 7.954475125980495 7.963762270787815 7.973543687302947 7.990594523922144 8.004345974205444 8.015851559589667 8.026030218914872 8.035340104736221 8.043056697803712 8.05056103915361 8.057152910985735 8.063026275492717 
