# time_axis
1000000 10000000 20000000 30000000 40000000 50000000 60000000 70000000 80000000 90000000 100000000 110000000 120000000 130000000 140000000 150000000 160000000 170000000 180000000 190000000 200000000 210000000 220000000 230000000 240000000 250000000 260000000 270000000 280000000 290000000 300000000 310000000 320000000 330000000 340000000 350000000 360000000 370000000 380000000 390000000 400000000 500000000 600000000 700000000 800000000 900000000 1000000000 1010000000 1020000000 1030000000 1040000000 1050000000 1060000000 1070000000 1080000000 1100000000 1200000000 1400000000 1600000000 1800000000 2000000000 2300000000 2600000000 2900000000 3000000000 3200000000 3500000000 3800000000 4000000000 4100000000 4500000000 5000000000 6000000000 7000000000 8000000000 9000000000 10000000000 11000000000 12000000000 13000000000 14000000000 
# SNIa_energy_release_list
0 0 0 0 0 0 0 0 0 0 0 0 0 0 0 0 0 0 0 0 0 0 0 0 0 0 0 0 0 0 0 0 0 0 0 0 0 0 0 0 0 0 0 0 0 0 0 0 0 0 0 0 0 0 0 0 0 0 0 0 0 0 0 0 0 0 0 0 0 0 0 0 0 0 0 0 0 0 0 0 1e-10 
# SNII_energy_release_list
0 -2.103062424705117e+54 -9.697251135158684e+55 -1.5942648186130157e+56 -5.518586043044331e+55 2.1750450376368636e+56 6.285876427531621e+56 1.1163215436363468e+57 1.6369816479209877e+57 2.1659862836414506e+57 2.6909324281136572e+57 3.206825470300268e+57 3.711631971729669e+57 4.204655399896626e+57 4.2001705035655835e+57 4.044572293423121e+57 3.8138441285508305e+57 3.539024109618558e+57 3.271176293696843e+57 3.010126001733269e+57 2.755702164786514e+57 2.507737589828382e+57 2.2660689969130084e+57 2.030537024413196e+57 1.8009862009227136e+57 1.577264892107093e+57 1.7162701168529354e+57 1.962994650078807e+57 1.9223967255863594e+57 1.8137718279688998e+57 1.6525991453643814e+57 1.5818478322175297e+57 1.5538394341750602e+57 1.5564812846742751e+57 1.5834868856330872e+57 1.630741126867264e+57 1.6952403625699122e+57 1.7746531002331016e+57 1.8670967096069474e+57 1.9710091034160504e+57 2.0850676619870682e+57 4.5214088585386066e+57 7.084990299474706e+57 8.48133762937624e+57 9.43609662406166e+57 1.0170689552008506e+58 1.0768599857595427e+58 1.0822713531429659e+58 1.087593276546542e+58 1.0928285259572194e+58 1.0979797887593358e+58 1.1030498660591544e+58 1.1080413601148192e+58 1.1129564602554768e+58 1.1177970548420468e+58 1.1272650567253659e+58 1.170809111017748e+58 1.2432900042322592e+58 1.3021990057332755e+58 1.351753011526788e+58 1.394473338375882e+58 1.4333187902957194e+58 1.4345633333796807e+58 1.4345633333796807e+58 1.4345633333796807e+58 1.4345633333796807e+58 1.4345633333796807e+58 1.4345633333796807e+58 1.4345633333796807e+58 1.4345633333796807e+58 1.4345633333796807e+58 1.4345633333796807e+58 1.4345633333796807e+58 1.4345633333796807e+58 1.4345633333796807e+58 1.4345633333796807e+58 1.4345633333796807e+58 1.4345633333796807e+58 1.4345633333796807e+58 1.4345633333796807e+58 1.4345633333796807e+58 
# SN_energy_per_current_crossing_time_list
0.0 -5.063877079676039e+55 -2.1578693312513476e+56 -8.046980409806471e+55 1.126577858146452e+56 2.894693074488365e+56 4.614175316189594e+56 5.956132214805319e+56 7.049539586316283e+56 7.957988024310746e+56 8.763050397837462e+56 9.53024726717812e+56 1.029743281534256e+57 1.1072936167276687e+57 -8.126469366412298e+54 -2.3386426102800405e+56 -2.9682579356335996e+56 -3.1005774302445627e+56 -2.6996550929795166e+56 -2.384543965994822e+56 -2.1304012700639025e+56 -1.9211252936334847e+56 -1.745814693126378e+56 -1.5968291421081242e+56 -1.4686584825730483e+56 -1.357230303646696e+56 8.463448289660954e+55 1.5162121650803984e+56 -2.3999060902688847e+55 -6.166671491448785e+55 -8.801409140919127e+55 -3.829597573245559e+55 -1.5128396896820424e+55 1.4295672444377822e+54 1.4678583719401e+55 2.5849718356363346e+55 3.556475443773403e+55 4.419171015072132e+55 5.196986619522408e+55 5.906511078635866e+55 6.559273284934994e+55 2.1765704595373845e+56 4.404461376991059e+56 3.0863698698999294e+56 2.4932919425536333e+56 2.1591244806532828e+56 1.9196397091181588e+56 1.7505971207178693e+56 1.7344752694920577e+56 1.7186411752436001e+56 1.7031009859935125e+56 1.6879253820384911e+56 1.6730788797428421e+56 1.6584524478458089e+56 1.643971993780431e+56 1.628191912921853e+56 1.5846590918114849e+56 1.4388954171727412e+56 1.2465076731079935e+56 1.1014218024679912e+56 9.876128782943733e+55 6.272895539581577e+55 2.086417253063051e+54 0.0 0.0 0.0 0.0 0.0 0.0 0.0 0.0 0.0 0.0 0.0 0.0 0.0 0.0 0.0 0.0 0.0 0.0 
# SN_energy_per_final_crossing_time_list
0.0 -1.6258088594472955e+55 -6.600642466428473e+56 -4.345301196607727e+56 7.252651726413193e+56 1.8972721128304146e+57 2.8601545124795112e+57 3.393460312990334e+57 3.622547863185147e+57 3.680605825132611e+57 3.652368442091077e+57 3.589380523351006e+57 3.512244740909358e+57 3.43026275973323e+57 -3.120414160201719e+55 -1.0825910397752747e+57 -1.605315663244687e+57 -1.9120894114048498e+57 -1.8635795699367952e+57 -1.8162850764911207e+57 -1.7701808133372347e+57 -1.725239813398724e+57 -1.681434850990512e+57 -1.6387386639951307e+57 -1.597124185787877e+57 -1.5565647195352396e+57 9.671435850966085e+56 1.716612091607687e+57 -2.8246436285324996e+56 -7.5576923892310945e+56 -1.121376022798989e+57 -4.922597605395766e+56 -1.9487139814445665e+56 1.838095487252918e+55 1.8789433114293598e+56 3.2877639212341123e+56 4.4876026902949175e+56 5.52522539683968e+56 6.431862108245471e+56 7.229814941723085e+56 7.935745109510732e+56 1.6951102116195088e+57 1.7836389603393158e+57 9.715234554314403e+56 6.642836905674715e+56 5.111008159730183e+56 4.160024326918993e+56 3.7650162150723904e+56 3.7027846180279518e+56 3.642480268763537e+56 3.5840456956367843e+56 3.527560021883171e+56 3.4728848968164827e+56 3.419733020709085e+56 3.3678949917273947e+56 3.2937313334363035e+56 3.0296237321277602e+56 2.5214674859400694e+56 2.0493281101600733e+56 1.7238862390483377e+56 1.4861560110735382e+56 9.009044972503853e+55 2.886346807540046e+54 0.0 0.0 0.0 0.0 0.0 0.0 0.0 0.0 0.0 0.0 0.0 0.0 0.0 0.0 0.0 0.0 0.0 0.0 
# total_energy_release_list
0 -2.103062424705117e+54 -9.697251135158684e+55 -1.5942648186130157e+56 -5.518586043044331e+55 2.1750450376368636e+56 6.285876427531621e+56 1.1163215436363468e+57 1.6369816479209877e+57 2.1659862836414506e+57 2.6909324281136572e+57 3.206825470300268e+57 3.711631971729669e+57 4.204655399896626e+57 4.2001705035655835e+57 4.044572293423121e+57 3.8138441285508305e+57 3.539024109618558e+57 3.271176293696843e+57 3.010126001733269e+57 2.755702164786514e+57 2.507737589828382e+57 2.2660689969130084e+57 2.030537024413196e+57 1.8009862009227136e+57 1.577264892107093e+57 1.7162701168529354e+57 1.962994650078807e+57 1.9223967255863594e+57 1.8137718279688998e+57 1.6525991453643814e+57 1.5818478322175297e+57 1.5538394341750602e+57 1.5564812846742751e+57 1.5834868856330872e+57 1.630741126867264e+57 1.6952403625699122e+57 1.7746531002331016e+57 1.8670967096069474e+57 1.9710091034160504e+57 2.0850676619870682e+57 4.5214088585386066e+57 7.084990299474706e+57 8.48133762937624e+57 9.43609662406166e+57 1.0170689552008506e+58 1.0768599857595427e+58 1.0822713531429659e+58 1.087593276546542e+58 1.0928285259572194e+58 1.0979797887593358e+58 1.1030498660591544e+58 1.1080413601148192e+58 1.1129564602554768e+58 1.1177970548420468e+58 1.1272650567253659e+58 1.170809111017748e+58 1.2432900042322592e+58 1.3021990057332755e+58 1.351753011526788e+58 1.394473338375882e+58 1.4333187902957194e+58 1.4345633333796807e+58 1.4345633333796807e+58 1.4345633333796807e+58 1.4345633333796807e+58 1.4345633333796807e+58 1.4345633333796807e+58 1.4345633333796807e+58 1.4345633333796807e+58 1.4345633333796807e+58 1.4345633333796807e+58 1.4345633333796807e+58 1.4345633333796807e+58 1.4345633333796807e+58 1.4345633333796807e+58 1.4345633333796807e+58 1.4345633333796807e+58 1.4345633333796807e+58 1.4345633333796807e+58 1.4345633333796807e+58 
# binding_energy_list
8.356030182312424e+56 1.0495424286523242e+57 1.309181922999399e+57 1.4157937799570925e+57 1.3931568029452979e+57 1.3061708881318404e+57 1.2022644346174082e+57 1.101539309541419e+57 1.0023052380778943e+57 9.141132414702472e+56 8.37529282126886e+56 7.709034690644309e+56 7.112135136533237e+56 6.576578373554172e+56 6.902398038402398e+56 7.244359600749891e+56 7.550922276654341e+56 7.816278045883309e+56 8.072350302488316e+56 8.298507675144167e+56 8.511380382023758e+56 8.70963589956076e+56 8.892011178579445e+56 9.057326008982017e+56 9.204495717531684e+56 9.354056741475445e+56 9.289663867799439e+56 9.204495717531684e+56 9.289663867799439e+56 9.397233105646356e+56 9.506047936562849e+56 9.506047936562849e+56 9.4841846330089e+56 9.46237161365791e+56 9.418895965228341e+56 9.37562006925883e+56 9.332543007969886e+56 9.268298233793465e+56 9.225714271547704e+56 9.162204901220067e+56 9.099132726322582e+56 7.603262769401822e+56 5.727960309858327e+56 5.093308710571963e+56 4.677351412872e+56 4.405548635065516e+56 4.207266283844463e+56 4.1975898399100515e+56 4.178303666466239e+56 4.159106104940219e+56 4.1495404263436495e+56 4.130475019901611e+56 4.120975190973321e+56 4.102041029866064e+56 4.092606597300126e+56 4.064433291652144e+56 3.944573020752753e+56 3.7757219092541446e+56 3.6559479161312693e+56 3.564511334262439e+56 3.491403154785855e+56 3.4119291162192953e+56 3.3496543915782656e+56 3.296097121774583e+56 3.280952931131177e+56 3.250872973854347e+56 3.2136605386403018e+56 3.1768740706497886e+56 3.1550046233746437e+56 3.147748314101298e+56 3.111716337106033e+56 3.076096814740705e+56 3.0199517204019945e+56 2.9785164294291665e+56 2.9444216337987693e+56 2.91742701400119e+56 2.897343587701345e+56 2.87739841473569e+56 2.8641779699065857e+56 2.851018267503898e+56 2.8379190284415753e+56 
# total_gas_kinetic_energy_list
3.316764827574848e+58 1.5158738748420842e+60 3.398294080946695e+60 4.577765994454806e+60 5.190026564163337e+60 5.353020058679087e+60 5.351913195272258e+60 5.2766383222553884e+60 5.1703407641595795e+60 5.0525177756442485e+60 4.931662398287037e+60 4.8113469920979185e+60 4.693020684243523e+60 4.5772319809546255e+60 4.461852184222159e+60 4.349032280870649e+60 4.238943416586483e+60 4.1315817525675506e+60 4.026997255784975e+60 3.925331779849288e+60 3.826217936951895e+60 3.729595596633963e+60 3.635404947854782e+60 3.543586821187954e+60 3.454082838202158e+60 3.366835665289134e+60 3.283156201934027e+60 3.2017651224911908e+60 3.1209121447550388e+60 3.0421667919053887e+60 2.9653711743317178e+60 2.8911459921326346e+60 2.8190127165046397e+60 2.748823346656804e+60 2.6804832381067477e+60 2.6139223846722277e+60 2.5490809528073318e+60 2.4859048292514136e+60 2.4243438247628092e+60 2.3643508219034567e+60 2.3058811968177105e+60 2.3183999431250922e+60 2.3304176317464015e+60 2.3347149835980308e+60 2.3372589650465027e+60 2.3389673121304085e+60 2.3402114610891676e+60 2.3403183279021946e+60 2.3404225031978853e+60 2.340524124547418e+60 2.3406232740452865e+60 2.3407200671854488e+60 2.340814589254163e+60 2.3409069417798505e+60 2.3409972448453288e+60 2.3411717957714863e+60 2.3419409762537152e+60 2.343114010021385e+60 2.343983252014913e+60 2.3446629631599025e+60 2.3452146050564727e+60 2.3458787022137602e+60 2.3464160152609188e+60 2.3468676008793444e+60 2.3470032002670976e+60 2.3472555606438082e+60 2.3475947290190337e+60 2.347892584061844e+60 2.348070652794955e+60 2.348153750441459e+60 2.348455190513727e+60 2.3487715886332424e+60 2.3492675154485978e+60 2.349643083907179e+60 2.3499404949658135e+60 2.3501842087067552e+60 2.3503891243038556e+60 2.35056391742278e+60 2.3507160444497167e+60 2.3508493081871005e+60 2.3509675679725216e+60 
