# time_axis
5.999999999999999 7.0 7.30102999566398 7.477121254719661 7.602059991327962 7.698970004336018 7.778151250383643 7.845098040014256 7.903089986991943 7.954242509439324 8.0 8.041392685158224 8.079181246047623 8.113943352306837 8.146128035678238 8.176091259055681 8.301029995663981 8.47712125471966 8.60205999132796 8.698970004336019 8.778151250383644 8.845098040014257 8.903089986991942 8.954242509439323 8.999999999999998 9.004321373782641 9.008600171761916 9.012837224705171 9.017033339298779 9.021189299069936 9.02530586526477 9.02938377768521 9.033423755486949 9.041392685158224 9.079181246047623 9.146128035678236 9.204119982655923 9.255272505103305 9.301029995663981 9.361727836017593 9.414973347970816 9.462397997898954 9.477121254719663 9.505149978319904 9.544068044350274 9.57978359661681 9.60205999132796 9.612783856719734 9.653212513775342 9.698970004336017 9.778151250383642 9.845098040014257 9.903089986991944 9.954242509439325 10.0 10.041392685158225 10.079181246047623 10.113943352306835 10.146128035678236 
# total_gas_mass_list
10.221848749616354 10.219039754620512 10.216780427964279 10.2148473925599 10.213544275152898 10.211872933076387 10.209676840200386 10.207981626906603 10.206300351140454 10.204627853470521 10.20304893972676 10.201779060858673 10.200631850261024 10.199495040121795 10.198365149321633 10.19724976616243 10.20729699789977 10.2091811729162 10.209955682252335 10.21042076209703 10.21074169654899 10.21098022959446 10.211166317114952 10.211316966383313 10.211442420891593 10.211453815618977 10.211465057873717 10.211476092002316 10.211486939581203 10.211497573496983 10.211508173705036 10.211518596366092 10.211528887633134 10.21154889636034 10.211640652475708 10.211792114626228 10.211912327711145 10.212010836960822 10.212093092470175 10.212194413268742 10.212276627588917 10.21234487840595 10.212365344674641 10.212402637469541 10.212452387022967 10.212495396447137 10.212521129565596 10.212533135628757 10.212577462046424 10.212624258352545 10.212698628558854 10.212755680061122 10.212802920398776 10.212844348707291 10.212881356355355 10.21291485231158 10.21294537926909 10.212973896587972 10.212999705151798 
# ejected_gas_mass_list
-10.0 -10.0 6.821285575803528 7.524619160421023 7.925990854703291 8.084673933295646 8.14417197719612 8.246094508349906 8.330135770003128 8.40149519655453 8.468233969920442 8.540733045589032 8.607819973597922 8.6663758815316 8.718265764427839 8.765084643701563 8.978092854931392 9.008976907197333 9.0210980500051 9.028227371092699 9.033084052387203 9.036661190204539 9.039432868108955 9.041664689388638 9.043515132458484 9.043682840183825 9.043848244681037 9.044010529997314 9.04417001654501 9.044326308746287 9.044482053375665 9.044635138644624 9.044786244709481 9.045079891513762 9.046424133969884 9.048634634642884 9.050381645210424 9.051808380443726 9.052996374993592 9.054455579547549 9.05563627239234 9.056614169801026 9.056907011679536 9.057440144376525 9.058150410944588 9.05876358036552 9.059130063377047 9.05930095164422 9.059931330669043 9.060595912967626 9.061650147634742 9.062457272016875 9.06312454162401 9.06370893336051 9.064230349740786 9.064701787533597 9.065131024596347 9.06553164861031 9.06589392317262 
# stellar_mass_list
-10.0 8.6456945314229 8.721611291974474 8.765485229087599 8.798442131372264 8.82552960786904 8.848845594053234 8.869702753929927 8.888598656913139 8.905956337798212 8.922067044110689 8.93714147475219 8.951326460884506 8.96466078667617 8.977213394495951 8.989106720463942 8.629423083369016 8.53417279983633 8.486115975343793 8.45409513145235 8.430281200263739 8.411455298438991 8.395970894801108 8.382862947688407 8.371522738767784 8.370472780837407 8.369431947378606 8.36840954942739 8.367400165523039 8.366407539933787 8.365413665874597 8.36443312112359 8.363462252418685 8.361567009970209 8.35272161001619 8.337520493753892 8.324840536593433 8.313973735447744 8.304530748482552 8.292368562751234 8.281991906835211 8.272982557599939 8.270191036445045 8.265032928850628 8.257906406242105 8.251526425082682 8.247594466586067 8.245741054404661 8.23867786597549 8.230950790277358 8.217868256534079 8.207150391897285 8.197914332346826 8.189588121220602 8.181970702741866 8.175017041420572 8.168521219423445 8.162401020055466 8.15679374867469 
# remnant_mass_list
-10.0 -10.0 6.544429898208307 7.144630325457003 7.432532236384718 7.620329274738561 7.758312457168106 7.865842373316739 7.953237058399224 8.02671700658634 8.089927166041038 8.145247902235326 8.194352671709703 8.238536103501543 8.278618554573146 8.315077965670671 8.406996343744318 8.444491691860586 8.460221147281958 8.469641362473206 8.476138178802913 8.480983011491464 8.484782870606848 8.487873587113622 8.490457392142808 8.490692277846929 8.490924609274586 8.491151874583045 8.491375553480516 8.491594669917161 8.491814244880954 8.492030183083841 8.492243507883142 8.492657456784356 8.494559355842808 8.49771646132615 8.500242720585817 8.502333835613157 8.504093749752585 8.506284277595556 8.508088349350766 8.509605943524386 8.510069616319027 8.510908176606662 8.512048780127213 8.51304317162395 8.513645563687051 8.51392480945267 8.51498372721194 8.516103596876912 8.517933127846739 8.519365563990526 8.520566392952393 8.521640518048649 8.522615979370837 8.523495303650598 8.524312884830568 8.525081375585527 8.525770672933293 
# BH_mass_list
-10.0 -10.0 -10.0 -10.0 -10.0 -10.0 -10.0 -10.0 -10.0 -10.0 -10.0 -10.0 -10.0 -10.0 -10.0 -10.0 -10.0 -10.0 -10.0 -10.0 -10.0 -10.0 -10.0 -10.0 -10.0 -10.0 -10.0 -10.0 -10.0 -10.0 -10.0 -10.0 -10.0 -10.0 -10.0 -10.0 -10.0 -10.0 -10.0 -10.0 -10.0 -10.0 -10.0 -10.0 -10.0 -10.0 -10.0 -10.0 -10.0 -10.0 -10.0 -10.0 -10.0 -10.0 -10.0 -10.0 -10.0 -10.0 -10.0 
# NS_mass_list
-10.0 -10.0 7.12305299669598 7.525007168682383 7.751207352594064 7.9069648684087985 8.021302342025914 8.109871416571893 8.182074081618353 8.242884876315749 8.29541453532591 8.341444881063238 8.382390131516795 8.41931369565434 8.452720392052509 8.48301695604801 8.53051362905861 8.53051362905861 8.53051362905861 8.53051362905861 8.53051362905861 8.53051362905861 8.53051362905861 8.53051362905861 8.53051362905861 8.53051362905861 8.53051362905861 8.53051362905861 8.53051362905861 8.53051362905861 8.53051362905861 8.53051362905861 8.53051362905861 8.53051362905861 8.53051362905861 8.53051362905861 8.53051362905861 8.53051362905861 8.53051362905861 8.53051362905861 8.53051362905861 8.53051362905861 8.53051362905861 8.53051362905861 8.53051362905861 8.53051362905861 8.53051362905861 8.53051362905861 8.53051362905861 8.53051362905861 8.53051362905861 8.53051362905861 8.53051362905861 8.53051362905861 8.53051362905861 8.53051362905861 8.53051362905861 8.53051362905861 8.53051362905861 
# WD_mass_list
-10.0 -10.0 -10.0 -10.0 -10.0 4.964597501297123 6.059360566581407 6.462484188082743 6.715518688431638 6.8986115649336055 7.038295262111793 7.152332057983353 7.247908487156848 7.329612637840178 7.40075487592638 7.463601097761368 7.700050325786326 7.864171367286439 7.921200396211853 7.952956371965296 7.97395053993709 7.989165175853842 8.000850237682155 8.01020115531258 8.017916605606716 8.018613498966536 8.019302085574617 8.019974958150597 8.02063653902488 8.021283979391816 8.021932134852667 8.022568932028724 8.023197417124553 8.02441525857823 8.029981918054833 8.039120290226153 8.04634335143807 8.052263868644447 8.057206611152877 8.063308679030081 8.068293356140252 8.072458456279078 8.073725982761763 8.076012389900233 8.079110173729836 8.081799527456893 8.083423623898641 8.084175198897416 8.087017822266697 8.090011436079484 8.094874536011357 8.098658586119747 8.101815112805035 8.10462660455121 8.107170149380075 8.109455177853523 8.111573150999728 8.113558193382653 8.115333961675624 
