# time_axis
1000000 10000000 20000000 30000000 40000000 50000000 60000000 70000000 80000000 90000000 100000000 110000000 120000000 130000000 140000000 150000000 200000000 300000000 400000000 500000000 600000000 700000000 800000000 900000000 1000000000 1010000000 1020000000 1030000000 1040000000 1050000000 1060000000 1070000000 1080000000 1100000000 1200000000 1400000000 1600000000 1800000000 2000000000 2300000000 2600000000 2900000000 3000000000 3200000000 3500000000 3800000000 4000000000 4100000000 4500000000 5000000000 6000000000 7000000000 8000000000 9000000000 10000000000 11000000000 12000000000 13000000000 14000000000 
# SNIa_energy_release_list
0 0.0 0.0 0.0 0.0 0.0 6.647586777019348e+54 3.0696178502201633e+55 5.385178114780033e+55 7.403310315797001e+55 9.160023304841753e+55 1.0709739862182344e+56 1.2095281409801402e+56 1.3348093424641737e+56 1.4491472459998573e+56 1.5543076377616425e+56 1.981767616052025e+56 2.562158153850803e+56 2.963394548588995e+56 3.2704033183535492e+56 3.5191610316087645e+56 3.72823726138824e+56 3.9086074116112983e+56 4.067197816223733e+56 4.208713949327904e+56 4.222059113395925e+56 4.235283385634283e+56 4.248366508416178e+56 4.261322178896049e+56 4.274153666967425e+56 4.286855056280491e+56 4.299434549423188e+56 4.3118977538775975e+56 4.33647866158045e+56 4.452931061935384e+56 4.6588158094834865e+56 4.836786520620189e+56 4.993527261362068e+56 5.133579122393662e+56 5.319137188569944e+56 5.481722677068361e+56 5.6264045979329065e+56 5.671353982831294e+56 5.756742530112319e+56 5.875311274713648e+56 5.984087894789425e+56 6.051903491603255e+56 6.084543489281074e+56 6.207582935403845e+56 6.34674686555724e+56 6.5874542088977635e+56 6.790863096642617e+56 6.966976420393191e+56 7.1223300161233845e+56 7.2611808164584435e+56 7.386791266983903e+56 7.501457414747897e+56 7.606923588770283e+56 7.704556285160718e+56 
# SNII_energy_release_list
0 0.0 6.521468049368763e+54 3.432465610331984e+55 7.319824821678166e+55 1.1110966449965126e+56 1.3803280313055821e+56 1.4288017403351987e+56 1.437526233370479e+56 1.4391105459181718e+56 1.4394131465952924e+56 1.4394854555282035e+56 1.439515279194666e+56 1.4395302452489803e+56 1.4395429709471153e+56 1.4395548774171734e+56 1.439583264082025e+56 1.439583264082025e+56 1.439583264082025e+56 1.439583264082025e+56 1.439583264082025e+56 1.439583264082025e+56 1.439583264082025e+56 1.439583264082025e+56 1.439583264082025e+56 1.439583264082025e+56 1.439583264082025e+56 1.439583264082025e+56 1.439583264082025e+56 1.439583264082025e+56 1.439583264082025e+56 1.439583264082025e+56 1.439583264082025e+56 1.439583264082025e+56 1.439583264082025e+56 1.439583264082025e+56 1.439583264082025e+56 1.439583264082025e+56 1.439583264082025e+56 1.439583264082025e+56 1.439583264082025e+56 1.439583264082025e+56 1.439583264082025e+56 1.439583264082025e+56 1.439583264082025e+56 1.439583264082025e+56 1.439583264082025e+56 1.439583264082025e+56 1.439583264082025e+56 1.439583264082025e+56 1.439583264082025e+56 1.439583264082025e+56 1.439583264082025e+56 1.439583264082025e+56 1.439583264082025e+56 1.439583264082025e+56 1.439583264082025e+56 1.439583264082025e+56 1.439583264082025e+56 
# SN_energy_per_current_crossing_time_list
0.0 0.0 1.5482303642886222e+55 6.281416301541864e+55 8.778572968877325e+55 8.608036769839171e+55 6.203217241235663e+55 1.3188970153114857e+55 4.010942821140858e+54 2.1171905108178488e+54 1.5997385408470526e+54 1.370657593640087e+54 1.2211636907833607e+54 1.1046220868828108e+54 1.0107171898593711e+54 9.32087793444243e+53 7.656165106935203e+53 5.2829289709569965e+53 3.7048275430204808e+53 2.869377378813503e+53 2.349815782555617e+53 1.9938024715781536e+53 1.734981173919608e+53 1.5376165826630703e+53 1.382284761482991e+53 1.3044162853604297e+53 1.2934829407097313e+53 1.2805553984912259e+53 1.2689575591040206e+53 1.2576697665907387e+53 1.2457917081736282e+53 1.2347041982267762e+53 1.2241286466556029e+53 1.2087320433655966e+53 1.1527060920958622e+53 1.0312130872622894e+53 9.010544074900111e+52 8.014116955951069e+52 7.225556987942994e+52 6.460722693344799e+52 5.723984768042568e+52 5.145284168196538e+52 4.811491348507319e+52 4.5974288471516546e+52 4.2928982664144453e+52 3.9691208906991984e+52 3.7299135665911117e+52 3.5984884912086187e+52 3.42199713094789e+52 3.1266511282683096e+52 2.751060752637353e+52 2.3583084554610218e+52 2.0678698250480284e+52 1.8456829064203947e+52 1.6683390584685735e+52 1.523945697508813e+52 1.4048299891420009e+52 1.3036576893983514e+52 1.2167455307211358e+52 
# SN_energy_per_final_crossing_time_list
0.0 0.0 2.1672977451674e+55 9.239911369898676e+55 1.2918969762064227e+56 1.259920717297986e+56 9.030287497462821e+55 1.910645445460894e+55 5.7851975694979525e+54 3.04161225582501e+54 2.289864188154996e+54 1.955361797699133e+54 1.7366397717978088e+54 1.5662881845392336e+54 1.4291630083624723e+54 1.3145161946356152e+54 1.0673290540546622e+54 7.233105496906899e+53 5.000400563639304e+53 3.8260906675093236e+53 3.1001380380327823e+53 2.6056083419726678e+53 2.2478593982671935e+53 1.9764297531614346e+53 1.7636419851691148e+53 1.663138409244809e+53 1.6480722890942396e+53 1.6304815662451182e+53 1.614597848536392e+53 1.599121640655225e+53 1.5829081088597433e+53 1.5677168229484534e+53 1.5532243683739705e+53 1.5316953589455543e+53 1.4512857158731413e+53 1.282917279171569e+53 1.108978218264471e+53 9.766891770403052e+52 8.726967618404805e+52 7.708378991069507e+52 6.754061354591472e+52 6.010318506554894e+52 5.601808124304864e+52 5.32076533375034e+52 4.925535379389361e+52 4.518754857657856e+52 4.225752610910099e+52 4.0677531980078407e+52 3.833441605812096e+52 3.4686554056561463e+52 2.9998104635982434e+52 2.534979204945491e+52 2.194808783289413e+52 1.9360910870499005e+52 1.7304253287148494e+52 1.5654177333946248e+52 1.4290245785992464e+52 1.3143700894095665e+52 1.2167455307211358e+52 
# total_energy_release_list
0 0 6.521468049368763e+54 3.432465610331984e+55 7.319824821678166e+55 1.1110966449965126e+56 1.4468038990757757e+56 1.735763525357215e+56 1.976044044848482e+56 2.179441577497872e+56 2.3554154770794676e+56 2.510459441746438e+56 2.6490434201748063e+56 2.774339587713154e+56 2.8886902169469724e+56 2.993862515178816e+56 3.42135088013405e+56 4.001741417932828e+56 4.40297781267102e+56 4.709986582435574e+56 4.958744295690789e+56 5.167820525470265e+56 5.348190675693324e+56 5.506781080305758e+56 5.648297213409929e+56 5.661642377477951e+56 5.674866649716308e+56 5.687949772498204e+56 5.700905442978075e+56 5.713736931049451e+56 5.726438320362516e+56 5.739017813505213e+56 5.751481017959623e+56 5.776061925662476e+56 5.89251432601741e+56 6.098399073565512e+56 6.276369784702214e+56 6.433110525444093e+56 6.573162386475687e+56 6.758720452651969e+56 6.921305941150387e+56 7.065987862014932e+56 7.110937246913319e+56 7.196325794194344e+56 7.314894538795673e+56 7.42367115887145e+56 7.49148675568528e+56 7.524126753363099e+56 7.64716619948587e+56 7.786330129639265e+56 8.027037472979789e+56 8.230446360724642e+56 8.406559684475216e+56 8.561913280205409e+56 8.700764080540468e+56 8.826374531065928e+56 8.941040678829922e+56 9.046506852852309e+56 9.144139549242743e+56 
# binding_energy_list
8.669618757582214e+54 8.669618757582214e+54 8.669618757582214e+54 8.669618757582214e+54 8.649679187756885e+54 8.649679187756885e+54 8.629785477669702e+54 8.629785477669702e+54 8.609937521846052e+54 8.609937521846052e+54 8.590135215053907e+54 8.590135215053907e+54 8.590135215053907e+54 8.570378452303692e+54 8.570378452303692e+54 8.570378452303692e+54 8.531001140175843e+54 8.472274141405911e+54 8.433347577642791e+54 8.394599865193965e+54 8.356030182312423e+54 8.336811846196331e+54 8.298507675144166e+54 8.279421637123327e+54 8.260379495771817e+54 8.241381150129963e+54 8.241381150129963e+54 8.241381150129963e+54 8.241381150129963e+54 8.241381150129963e+54 8.241381150129963e+54 8.241381150129963e+54 8.241381150129963e+54 8.222426499470695e+54 8.20351544329821e+54 8.165823713585906e+54 8.128305161640929e+54 8.090958991783846e+54 8.053784411990643e+54 8.016780633876855e+54 7.979946872679785e+54 7.94328234724279e+54 7.925013304804734e+54 7.90678627999831e+54 7.888601176185516e+54 7.852356346100775e+54 7.834296427662088e+54 7.834296427662088e+54 7.798301105232642e+54 7.780365510398008e+54 7.709034690644309e+54 7.673614893618154e+54 7.638357835776954e+54 7.603262769401822e+54 7.568328950209705e+54 7.533555637337217e+54 7.498942093324558e+54 7.464487584100623e+54 7.447319739059888e+54 
# total_gas_kinetic_energy_list
1.5237098334911527e+59 4.266290973998154e+59 7.681538013714982e+58 1.3829781599018958e+58 2.494273962990182e+57 4.540423320804165e+56 8.675575618032342e+55 2.0723780862137906e+55 8.867254636624988e+54 6.70540065085833e+54 6.166156788689471e+54 5.878981879307612e+54 5.643342573044547e+54 5.4337696970173305e+54 5.244091165030049e+54 5.066255585000854e+54 2.3895723465225877e+55 5.553954947930652e+55 8.180222985889628e+55 1.041496455535873e+56 1.237614647824428e+56 1.4131551225079426e+56 1.575541710365104e+56 1.7265693476012972e+56 1.8696143414771624e+56 1.8830706389303098e+56 1.8963543585483508e+56 1.9097141015950126e+56 1.9231856784463248e+56 1.9367650208536654e+56 1.950457091980401e+56 1.9642048736418016e+56 1.9776048718479313e+56 2.0030576715752716e+56 2.130062858097018e+56 2.3664800775048087e+56 2.5819155936844075e+56 2.7803717835907694e+56 2.962984140487675e+56 3.2105335953368404e+56 3.434538617339073e+56 3.637810083120132e+56 3.704659932728484e+56 3.8246877761369885e+56 3.997330723989588e+56 4.150627244090066e+56 4.245831765420071e+56 4.2892027184168726e+56 4.4625397586701745e+56 4.645954519444875e+56 4.96134327288293e+56 5.217513816325194e+56 5.446075961690451e+56 5.659985563477782e+56 5.866678178835512e+56 6.045108083746216e+56 6.226131951572278e+56 6.391222867127122e+56 6.543795798801243e+56 
