# time_axis
1000000 10000000 20000000 30000000 40000000 50000000 60000000 70000000 80000000 90000000 100000000 110000000 120000000 130000000 140000000 150000000 200000000 300000000 400000000 500000000 600000000 700000000 800000000 900000000 1000000000 1010000000 1020000000 1030000000 1040000000 1050000000 1060000000 1070000000 1080000000 1100000000 1200000000 1400000000 1600000000 1800000000 2000000000 2300000000 2600000000 2900000000 3000000000 3200000000 3500000000 3800000000 4000000000 4100000000 4500000000 5000000000 6000000000 7000000000 8000000000 9000000000 10000000000 11000000000 12000000000 13000000000 14000000000 
# SNIa_energy_release_list
0 0.0 0.0 0.0 0.0 0.0 3.1458025554374956e+53 1.4549438715907406e+54 3.2766581845751926e+54 5.607479709070653e+54 8.320110925964493e+54 1.1317626714646306e+55 1.4524700391894178e+55 1.7881949742088373e+55 2.1342095710505984e+55 2.4867245505159903e+55 4.258550175005551e+55 6.574816659051355e+55 7.974978842416264e+55 8.99009432710679e+55 9.788334526807308e+55 1.0446688324811259e+56 1.1007086144111407e+56 1.1495028679251945e+56 1.1927158614352596e+56 1.1967772531884633e+56 1.2007959612269915e+56 1.2047724993588152e+56 1.2087076487506122e+56 1.2126026709005178e+56 1.2164577341213403e+56 1.2202735923368136e+56 1.224051462180232e+56 1.231496032560349e+56 1.2666693422882428e+56 1.3285150831378949e+56 1.381666469184886e+56 1.4282674698788428e+56 1.4697613293081891e+56 1.5245599240680396e+56 1.5724271476552449e+56 1.6149217975857957e+56 1.6280925692342523e+56 1.6531392310202128e+56 1.6878346592073505e+56 1.7196282253887925e+56 1.7394338100784965e+56 1.7489613593652968e+56 1.784838490094391e+56 1.8253932265816552e+56 1.8954276846352526e+56 1.9545070808118408e+56 2.005618220361011e+56 2.050651244501348e+56 2.0908904570356243e+56 2.1272759014323815e+56 2.1604716807080154e+56 2.190990635496501e+56 2.219236327328331e+56 
# SNII_energy_release_list
0 0.0 2.5454756583781212e+53 1.4412631445294383e+54 3.9690415369773293e+54 7.769168866006789e+54 1.2218385155413476e+55 1.6408230572328368e+55 2.0258703071718527e+55 2.3797293860263318e+55 2.7049267201190213e+55 3.0037840829117585e+55 3.278435173698666e+55 3.5308408483212126e+55 3.7628031172917003e+55 3.9759780115088605e+55 4.4731636209159916e+55 4.4731636209159916e+55 4.4731636209159916e+55 4.4731636209159916e+55 4.4731636209159916e+55 4.4731636209159916e+55 4.4731636209159916e+55 4.4731636209159916e+55 4.4731636209159916e+55 4.4731636209159916e+55 4.4731636209159916e+55 4.4731636209159916e+55 4.4731636209159916e+55 4.4731636209159916e+55 4.4731636209159916e+55 4.4731636209159916e+55 4.4731636209159916e+55 4.4731636209159916e+55 4.4731636209159916e+55 4.4731636209159916e+55 4.4731636209159916e+55 4.4731636209159916e+55 4.4731636209159916e+55 4.4731636209159916e+55 4.4731636209159916e+55 4.4731636209159916e+55 4.4731636209159916e+55 4.4731636209159916e+55 4.4731636209159916e+55 4.4731636209159916e+55 4.4731636209159916e+55 4.4731636209159916e+55 4.4731636209159916e+55 4.4731636209159916e+55 4.4731636209159916e+55 4.4731636209159916e+55 4.4731636209159916e+55 4.4731636209159916e+55 4.4731636209159916e+55 4.4731636209159916e+55 4.4731636209159916e+55 4.4731636209159916e+55 4.4731636209159916e+55 
# SN_energy_per_current_crossing_time_list
0.0 0.0 1.3200517050954775e+54 4.682316907950257e+54 8.483043080298898e+54 1.1400169840554476e+55 1.2305629507352004e+55 1.0932658102466793e+55 9.598582252406867e+54 8.500605502705644e+54 7.578533259149014e+54 6.792196980627053e+54 6.1135142004002364e+54 5.5221029185784685e+54 5.002709097353105e+54 4.543621436819024e+54 2.2870161052613356e+54 1.789821689709924e+53 1.0950795113131878e+53 8.021313689725228e+52 6.365281085147891e+52 5.293157722229129e+52 4.539712726889893e+52 3.980518782740225e+52 3.5483838873499707e+52 3.3370722637042404e+52 3.3040719651368867e+52 3.271438483670604e+52 3.239395385194443e+52 3.2083417945803185e+52 3.177380652214116e+52 3.146995583623817e+52 3.117567324763719e+52 3.0754012999119575e+52 2.9230979508025756e+52 2.597980355629418e+52 2.254988511607755e+52 1.9952925981567073e+52 1.7918272598607445e+52 1.5961300792424826e+52 1.409167477876959e+52 1.2633585028669883e+52 1.1784227643018126e+52 1.127227265654407e+52 1.0499836216324478e+52 9.695942640568582e+51 9.105847689682834e+51 8.780382217741953e+51 8.341683580510512e+51 7.618919022981024e+51 6.697329052645523e+51 5.7353626891209684e+51 5.028394894877966e+51 4.4856080527249357e+51 4.0554767296233736e+51 3.704829270848622e+51 3.414768871306984e+51 3.1690229966829305e+51 2.958139597250554e+51 
# SN_energy_per_final_crossing_time_list
0.0 0.0 7.108928218119963e+53 3.314223743007126e+54 7.059503823610081e+54 1.0612881845037629e+55 1.2458583699664882e+55 1.1820703855749073e+55 1.094427042466581e+55 1.0126574745758031e+55 9.366104618614648e+54 8.66032542659975e+54 8.006246670760362e+54 7.400711077085543e+54 6.840550011227584e+54 6.322669610998169e+54 3.1481727899473e+54 2.4257998865932482e+53 1.4663741365743433e+53 1.0631190515437373e+53 8.359880001913427e+52 6.894865420436022e+52 5.868983451899346e+52 5.110167394644837e+52 4.5256482998869537e+52 4.2534499904014107e+52 4.2087478151846156e+52 4.164583745287443e+52 4.121237782483891e+52 4.079212972513788e+52 4.03736443465954e+52 3.9963054726686403e+52 3.9565206770685244e+52 3.898307493592099e+52 3.683661242639084e+52 3.238517505924293e+52 2.7832424967755684e+52 2.4402352444585474e+52 2.1728026587470015e+52 1.9129984376369676e+52 1.6710268636930969e+52 1.483472327736295e+52 1.379360129382284e+52 1.3115543858709186e+52 1.2112044151133826e+52 1.109901498360466e+52 1.0371083255126757e+52 9.978095412865497e+51 9.393429064982923e+51 8.494504052037116e+51 7.334630172055713e+51 6.187318839706108e+51 5.3528122681922584e+51 4.716258064649417e+51 4.214207556625781e+51 3.810606745780353e+51 3.476556698327409e+51 3.19621587476153e+51 2.958139597250554e+51 
# total_energy_release_list
0 0 2.5454756583781212e+53 1.4412631445294383e+54 3.9690415369773293e+54 7.769168866006789e+54 1.2532965410957225e+55 1.7863174443919108e+55 2.3535361256293719e+55 2.940477356933397e+55 3.5369378127154707e+55 4.135546754376389e+55 4.7309052128880836e+55 5.31903582253005e+55 5.897012688342299e+55 6.462702562024851e+55 8.731713795921543e+55 1.1047980279967347e+56 1.2448142463332255e+56 1.3463257948022782e+56 1.4261498147723301e+56 1.491985194572725e+56 1.5480249765027398e+56 1.5968192300167937e+56 1.6400322235268587e+56 1.6440936152800625e+56 1.6481123233185906e+56 1.6520888614504143e+56 1.6560240108422114e+56 1.659919032992117e+56 1.6637740962129394e+56 1.6675899544284128e+56 1.6713678242718311e+56 1.6788123946519483e+56 1.713985704379842e+56 1.775831445229494e+56 1.8289828312764851e+56 1.875583831970442e+56 1.9170776913997883e+56 1.9718762861596387e+56 2.0197435097468442e+56 2.0622381596773946e+56 2.0754089313258515e+56 2.100455593111812e+56 2.13515102129895e+56 2.1669445874803917e+56 2.1867501721700957e+56 2.196277721456896e+56 2.23215485218599e+56 2.2727095886732544e+56 2.3427440467268516e+56 2.40182344290344e+56 2.4529345824526104e+56 2.4979676065929474e+56 2.538206819127223e+56 2.5745922635239804e+56 2.6077880427996147e+56 2.6383069975881e+56 2.66655268941993e+56 
# binding_energy_list
8.550667128846876e+54 8.550667128846876e+54 8.550667128846876e+54 8.550667128846876e+54 8.550667128846876e+54 8.550667128846876e+54 8.550667128846876e+54 8.550667128846876e+54 8.531001140175843e+54 8.531001140175843e+54 8.531001140175843e+54 8.531001140175843e+54 8.51138038202376e+54 8.51138038202376e+54 8.51138038202376e+54 8.51138038202376e+54 8.491804750363178e+54 8.433347577642791e+54 8.413951416451895e+54 8.375292821268861e+54 8.336811846196331e+54 8.317637711026743e+54 8.298507675144166e+54 8.279421637123327e+54 8.241381150129963e+54 8.241381150129963e+54 8.241381150129963e+54 8.241381150129963e+54 8.241381150129963e+54 8.241381150129963e+54 8.241381150129963e+54 8.241381150129963e+54 8.222426499470695e+54 8.222426499470695e+54 8.20351544329821e+54 8.165823713585906e+54 8.128305161640929e+54 8.109610578538388e+54 8.072350302488317e+54 8.035261221856194e+54 7.99834255007026e+54 7.96159350417325e+54 7.94328234724279e+54 7.925013304804734e+54 7.90678627999831e+54 7.870457896951001e+54 7.852356346100775e+54 7.852356346100775e+54 7.816278045883308e+54 7.780365510398008e+54 7.72680585095699e+54 7.691304402866145e+54 7.638357835776954e+54 7.603262769401822e+54 7.568328950209705e+54 7.533555637337217e+54 7.498942093324558e+54 7.464487584100623e+54 7.447319739059888e+54 
# total_gas_kinetic_energy_list
1.5237098334911527e+59 4.2775511896676635e+59 4.274301661014747e+59 3.9280845518074985e+59 3.6099127629191345e+59 3.317514652720465e+59 3.048802497542586e+59 2.8018577128783934e+59 2.574917087028799e+59 2.3663601890017144e+59 2.174697784381517e+59 1.9985612561517857e+59 1.8366928572222723e+59 1.6879367333052173e+59 1.551230667555967e+59 1.4255984926529489e+59 1.4256891693097226e+59 1.425851615354929e+59 1.4259905815955983e+59 1.4261118895966295e+59 1.4262198215427846e+59 1.426317622638377e+59 1.426408369031284e+59 1.426493908887675e+59 1.4265751171665986e+59 1.42658301630522e+59 1.4265908615080446e+59 1.4265986645486502e+59 1.4266064348488562e+59 1.426614179901167e+59 1.4266219068310084e+59 1.4266296164725213e+59 1.426637298689549e+59 1.4266524909684128e+59 1.426726494044744e+59 1.4268657146126908e+59 1.4269939623709193e+59 1.4271137279331673e+59 1.4272258964949386e+59 1.427379732679183e+59 1.4275196218832008e+59 1.4276484781842723e+59 1.4276900411082937e+59 1.427768487423999e+59 1.4278804916320287e+59 1.427979274701435e+59 1.4280434613182056e+59 1.4280716464452564e+59 1.4281857355138534e+59 1.428308005537209e+59 1.4285210712038004e+59 1.4286959605235832e+59 1.4288520998295423e+59 1.4289982412996004e+59 1.4291378338371236e+59 1.4292601868299127e+59 1.4293827939585903e+59 1.4294958304543964e+59 1.4295990488366414e+59 
