# time_axis
1000000 10000000 20000000 30000000 40000000 50000000 60000000 70000000 80000000 90000000 100000000 110000000 120000000 130000000 140000000 150000000 200000000 300000000 400000000 500000000 600000000 700000000 800000000 900000000 1000000000 1010000000 1020000000 1030000000 1040000000 1050000000 1060000000 1070000000 1080000000 1100000000 1200000000 1400000000 1600000000 1800000000 2000000000 2300000000 2600000000 2900000000 3000000000 3200000000 3500000000 3800000000 4000000000 4100000000 4500000000 5000000000 6000000000 7000000000 8000000000 9000000000 10000000000 11000000000 12000000000 13000000000 14000000000 
# SNIa_energy_release_list
0 0.0 0.0 0.0 0.0 0.0 1.3684502281429765e+54 6.34435011440268e+55 1.7933986031850062e+56 3.0989587543610195e+56 4.35232968060796e+56 5.490835649432027e+56 6.509855830651821e+56 7.42311902146849e+56 8.247273326737601e+56 8.997098486927567e+56 1.1975382777652107e+57 1.5892847424521917e+57 1.854705035621777e+57 2.055780980789994e+57 2.2177203047181133e+57 2.353304498680234e+57 2.4699312445161023e+57 2.5722542058051806e+57 2.6634070976123843e+57 2.6719943885186863e+57 2.680498640225446e+57 2.6889185443919527e+57 2.6972534290363404e+57 2.705506913781958e+57 2.7136788620493148e+57 2.721769865550036e+57 2.729783389406467e+57 2.745585073694578e+57 2.8204067402138043e+57 2.95252380240586e+57 3.0665767097311862e+57 3.1669153208012614e+57 3.256497454749266e+57 3.375097015055574e+57 3.4789372954855115e+57 3.5712889320377554e+57 3.599953198369179e+57 3.654442766117433e+57 3.730063665950778e+57 3.7994178804067244e+57 3.842647616323902e+57 3.863449842246018e+57 3.941847105721237e+57 4.03050981606266e+57 4.183816019117941e+57 4.313299456745213e+57 4.4253874776837166e+57 4.5242275460769064e+57 4.6125527026082404e+57 4.692487492906564e+57 4.765422648168715e+57 4.8324999406164866e+57 4.894591961421813e+57 
# SNII_energy_release_list
0 0.0 2.0469148583714454e+54 9.499511188341657e+55 2.725779210255643e+56 4.681959028035304e+56 6.432645883718908e+56 7.531718166711992e+56 8.0434381810442e+56 8.25474657214804e+56 8.336569747946383e+56 8.367060282009162e+56 8.378263479494167e+56 8.38250318283775e+56 8.3841552864842e+56 8.384965729283488e+56 8.385838351765267e+56 8.385838351765267e+56 8.385838351765267e+56 8.385838351765267e+56 8.385838351765267e+56 8.385838351765267e+56 8.385838351765267e+56 8.385838351765267e+56 8.385838351765267e+56 8.385838351765267e+56 8.385838351765267e+56 8.385838351765267e+56 8.385838351765267e+56 8.385838351765267e+56 8.385838351765267e+56 8.385838351765267e+56 8.385838351765267e+56 8.385838351765267e+56 8.385838351765267e+56 8.385838351765267e+56 8.385838351765267e+56 8.385838351765267e+56 8.385838351765267e+56 8.385838351765267e+56 8.385838351765267e+56 8.385838351765267e+56 8.385838351765267e+56 8.385838351765267e+56 8.385838351765267e+56 8.385838351765267e+56 8.385838351765267e+56 8.385838351765267e+56 8.385838351765267e+56 8.385838351765267e+56 8.385838351765267e+56 8.385838351765267e+56 8.385838351765267e+56 8.385838351765267e+56 8.385838351765267e+56 8.385838351765267e+56 8.385838351765267e+56 8.385838351765267e+56 8.385838351765267e+56 
# SN_energy_per_current_crossing_time_list
0.0 0.0 7.238645559726233e+54 2.4093387704010825e+56 4.278576439797269e+56 4.669409385194024e+56 4.21672489270453e+56 2.7365225843418022e+56 1.3701669866754508e+56 6.493081017110492e+55 3.2444619134191085e+55 1.8585779722641738e+55 1.2643029227225108e+55 9.912675282095537e+54 8.436614074658217e+54 7.538134719934723e+54 6.001734252233298e+54 4.042690617374069e+54 2.8017477861355987e+54 2.160880951718928e+54 1.7664303948891623e+54 1.4979378993306486e+54 1.3030483408570391e+54 1.1547512527305499e+54 1.0380746891013568e+54 9.787929063244954e+53 9.701443467697324e+53 9.613184911056411e+53 9.523968492057677e+53 9.438744791004338e+53 9.353236322485889e+53 9.26829239694144e+53 9.187174733209858e+53 9.072354627404297e+53 8.657210988128397e+53 7.748696258994533e+53 6.7693772243542495e+53 6.019217281564526e+53 5.425634873055401e+53 4.8488614737292585e+53 4.2926474332605475e+53 3.8555153233273005e+53 3.601519544693326e+53 3.4426371282509103e+53 3.2110649201546842e+53 2.9660427963990512e+53 2.785567522622655e+53 2.6862200316677157e+53 2.5513318336292e+53 2.3279747939079247e+53 2.042241311117786e+53 1.7453989547141745e+53 1.5267472908443174e+53 1.3593844098683815e+53 1.225805054839334e+53 1.1182592438218069e+53 1.0285098792149056e+53 9.527986209860015e+52 8.879657990886644e+52 
# SN_energy_per_final_crossing_time_list
0.0 0.0 7.806007339027165e+54 3.5446237793403212e+56 6.772205037153114e+56 7.459984938598689e+56 6.678284730600403e+56 4.280136828831382e+56 2.1172097637750443e+56 9.925402114339994e+55 4.912786948621428e+55 2.790926077773807e+55 1.8845200287964296e+55 1.4677228662482755e+55 1.2416106511607506e+55 1.103216862656489e+55 8.58492753198782e+54 5.602289280398113e+54 3.7957235029860974e+54 2.875547614863401e+54 2.3158624781523607e+54 1.938962938778109e+54 1.6678561950165286e+54 1.4633005804568737e+54 1.3035596098022795e+54 1.2280516131900642e+54 1.2161763402935019e+54 1.2041139641602205e+54 1.1919554892197487e+54 1.1803146495080365e+54 1.1686542778314863e+54 1.1570785256725794e+54 1.1459983138577456e+54 1.1298839233975547e+54 1.0700099632478041e+54 9.446900840160288e+53 8.15524117897861e+53 7.174613887799378e+53 6.4054825502140395e+53 5.653563424793597e+53 4.949998211989872e+53 4.402342076843583e+53 4.099220451863348e+53 3.896223052497626e+53 3.604798806535249e+53 3.3060700156961924e+53 3.0910998305593904e+53 2.9748854883733225e+53 2.8028596833076845e+53 2.535896027108653e+53 2.19240191147965e+53 1.8517172201872515e+53 1.6029487813414818e+53 1.4134924129447614e+53 1.2631207227877466e+53 1.1431317425595591e+53 1.0430313361367801e+53 9.592591900951522e+52 8.879657990886644e+52 
# total_energy_release_list
0 0 2.0469148583714454e+54 9.499511188341657e+55 2.725779210255643e+56 4.681959028035304e+56 6.4463303860003375e+56 8.16615317815226e+56 9.836836784229206e+56 1.135370532650906e+57 1.2688899428554342e+57 1.385789593144119e+57 1.4888119310145987e+57 1.580562220430624e+57 1.66314286132218e+57 1.7382064216211053e+57 2.0361221129417376e+57 2.4278685776287184e+57 2.6932888707983037e+57 2.894364815966521e+57 3.05630413989464e+57 3.1918883338567604e+57 3.308515079692629e+57 3.4108380409817074e+57 3.5019909327889114e+57 3.510578223695213e+57 3.519082475401973e+57 3.5275023795684795e+57 3.535837264212867e+57 3.544090748958485e+57 3.5522626972258415e+57 3.5603537007265626e+57 3.568367224582993e+57 3.5841689088711045e+57 3.658990575390331e+57 3.7911076375823864e+57 3.905160544907713e+57 4.005499155977788e+57 4.095081289925793e+57 4.2136808502321004e+57 4.317521130662038e+57 4.409872767214282e+57 4.438537033545706e+57 4.49302660129396e+57 4.568647501127305e+57 4.638001715583251e+57 4.6812314515004286e+57 4.702033677422545e+57 4.780430940897764e+57 4.8690936512391865e+57 5.0223998542944676e+57 5.15188329192174e+57 5.2639713128602433e+57 5.362811381253433e+57 5.451136537784767e+57 5.5310713280830906e+57 5.604006483345242e+57 5.671083775793013e+57 5.7331757965983395e+57 
# binding_energy_list
8.933054837332963e+54 8.933054837332963e+54 8.933054837332963e+54 8.933054837332963e+54 8.912509381337514e+54 8.871560120379617e+54 8.85115609830841e+54 8.810488730080146e+54 8.790225168308896e+54 8.770008211436303e+54 8.749837752274363e+54 8.729713683881166e+54 8.709635899560761e+54 8.709635899560761e+54 8.68960429286302e+54 8.669618757582214e+54 8.609937521846052e+54 8.51138038202376e+54 8.452788451602891e+54 8.394599865193965e+54 8.336811846196331e+54 8.298507675144166e+54 8.260379495771817e+54 8.222426499470695e+54 8.20351544329821e+54 8.20351544329821e+54 8.20351544329821e+54 8.184647881347836e+54 8.184647881347836e+54 8.184647881347836e+54 8.184647881347836e+54 8.184647881347836e+54 8.184647881347836e+54 8.165823713585906e+54 8.147042840208421e+54 8.090958991783846e+54 8.053784411990643e+54 8.016780633876855e+54 7.979946872679785e+54 7.94328234724279e+54 7.90678627999831e+54 7.870457896951001e+54 7.852356346100775e+54 7.834296427662088e+54 7.816278045883308e+54 7.798301105232642e+54 7.780365510398008e+54 7.762471166286928e+54 7.744617978025239e+54 7.709034690644309e+54 7.673614893618154e+54 7.638357835776954e+54 7.603262769401822e+54 7.568328950209705e+54 7.533555637337217e+54 7.516228940182015e+54 7.481695005111584e+54 7.464487584100623e+54 7.447319739059888e+54 
# total_gas_kinetic_energy_list
3.217699452337698e+57 1.4095886186323885e+59 1.5058783114027676e+59 7.950857449276746e+58 3.4717771901114994e+58 1.38524933626121e+58 5.242535786728929e+57 1.9172383267737922e+57 6.841397738469518e+56 2.409114603598161e+56 8.331865264613702e+55 2.999288186628803e+55 9.823435737256854e+54 5.185558026278011e+54 8.186460723539107e+54 2.4099491897809367e+54 5.501866018088849e+55 1.3277312042370368e+56 1.9094795075388044e+56 2.37000739240503e+56 2.752205408606234e+56 3.078778223973695e+56 3.370806360637425e+56 3.6346407754825814e+56 3.875988673628371e+56 3.899182242484613e+56 3.921737209153551e+56 3.943978918684576e+56 3.966143826625005e+56 3.988345439365616e+56 4.01059376138663e+56 4.032963970059488e+56 4.055442752072667e+56 4.098125619989541e+56 4.303707316949134e+56 4.676725258444294e+56 5.003618958669347e+56 5.298917579224492e+56 5.567166523474632e+56 5.91197343033312e+56 6.218621321317927e+56 6.490891169431411e+56 6.578911681085268e+56 6.735793306313515e+56 6.957854522334545e+56 7.151049275478125e+56 7.2704261873161576e+56 7.323717809056668e+56 7.535822701311242e+56 7.755619567166646e+56 8.123665010563926e+56 8.415424658442604e+56 8.675348521319831e+56 8.919623935316274e+56 9.150214653233317e+56 9.354195568359009e+56 9.55806595597895e+56 9.746072417965504e+56 9.92291625486277e+56 
