# time_axis
1000000 10000000 20000000 30000000 40000000 50000000 60000000 70000000 80000000 90000000 100000000 110000000 120000000 130000000 140000000 150000000 200000000 300000000 400000000 500000000 600000000 700000000 800000000 900000000 1000000000 1010000000 1020000000 1030000000 1040000000 1050000000 1060000000 1070000000 1080000000 1100000000 1200000000 1400000000 1600000000 1800000000 2000000000 2300000000 2600000000 2900000000 3000000000 3200000000 3500000000 3800000000 4000000000 4100000000 4500000000 5000000000 6000000000 7000000000 8000000000 9000000000 10000000000 11000000000 12000000000 13000000000 14000000000 
# SNIa_energy_release_list
0 0.0 0.0 0.0 0.0 0.0 4.8447074836341004e+55 1.3624818119874355e+56 2.2261433992613386e+56 2.9972935826435664e+56 3.6763430243576243e+56 4.278184435360886e+56 4.817298433808955e+56 5.305224970010152e+56 5.750802173162445e+56 6.160815463040094e+56 7.829314544839536e+56 1.009917017309613e+57 1.1670762686950123e+57 1.287432016332529e+57 1.3850062046377906e+57 1.4670470115934134e+57 1.5378411116611788e+57 1.600101478784681e+57 1.655669771229995e+57 1.6609125496849002e+57 1.6661037768491814e+57 1.6712416459723707e+57 1.676329973434942e+57 1.6813681279250314e+57 1.6863560655145604e+57 1.6912967894217023e+57 1.6961910795876235e+57 1.7058447831502966e+57 1.751580730568142e+57 1.8324544539725265e+57 1.90237398508309e+57 1.963958694964347e+57 2.0189889890664583e+57 2.0919061291530684e+57 2.155802282486441e+57 2.2126655848027722e+57 2.2303253995478112e+57 2.2638944311840335e+57 2.3105000568099058e+57 2.3532564402405193e+57 2.3799128969356688e+57 2.3927440163378223e+57 2.4411150500661954e+57 2.4958174724205052e+57 2.5904441810084168e+57 2.6704111906377364e+57 2.739650162871649e+57 2.8007229350136355e+57 2.8553208680053732e+57 2.9047066995319472e+57 2.9497898756107675e+57 2.9912565708177682e+57 3.0296436995461085e+57 
# SNII_energy_release_list
0 0.0 1.2338077799411504e+56 3.0392058069303786e+56 4.302761979176735e+56 5.137359292928491e+56 5.538472491280128e+56 5.650836198852007e+56 5.682330724643835e+56 5.691204493746787e+56 5.693772444329706e+56 5.694528456891877e+56 5.694792666622221e+56 5.694908267274383e+56 5.694962203701448e+56 5.694999882878366e+56 5.695054976803202e+56 5.695054976803202e+56 5.695054976803202e+56 5.695054976803202e+56 5.695054976803202e+56 5.695054976803202e+56 5.695054976803202e+56 5.695054976803202e+56 5.695054976803202e+56 5.695054976803202e+56 5.695054976803202e+56 5.695054976803202e+56 5.695054976803202e+56 5.695054976803202e+56 5.695054976803202e+56 5.695054976803202e+56 5.695054976803202e+56 5.695054976803202e+56 5.695054976803202e+56 5.695054976803202e+56 5.695054976803202e+56 5.695054976803202e+56 5.695054976803202e+56 5.695054976803202e+56 5.695054976803202e+56 5.695054976803202e+56 5.695054976803202e+56 5.695054976803202e+56 5.695054976803202e+56 5.695054976803202e+56 5.695054976803202e+56 5.695054976803202e+56 5.695054976803202e+56 5.695054976803202e+56 5.695054976803202e+56 5.695054976803202e+56 5.695054976803202e+56 5.695054976803202e+56 5.695054976803202e+56 5.695054976803202e+56 5.695054976803202e+56 5.695054976803202e+56 5.695054976803202e+56 
# SN_energy_per_current_crossing_time_list
0.0 0.0 1.390616886549304e+56 2.309824522576949e+56 1.7563861359759412e+56 1.2167630230832226e+56 6.296854714366739e+55 2.2281454215407592e+55 9.956015185768489e+54 5.9677485127915245e+54 4.47584490793346e+54 3.7599544914879746e+54 3.329278751390261e+54 3.015527857860539e+54 2.7638760072481145e+54 2.5569051921310176e+54 2.1290135262998836e+54 1.4935005738124143e+54 1.0561235661973974e+54 8.21698804203841e+53 6.746097534687719e+53 5.731495614754596e+53 4.989855041871018e+53 4.422215334343406e+53 3.973944878225707e+53 3.751694258156182e+53 3.7170938500463985e+53 3.6811513344828197e+53 3.6479006540617582e+53 3.6141562704567822e+53 3.5803430228386646e+53 3.548630003352128e+53 3.517353710449529e+53 3.4728242432131975e+53 3.3086905723879124e+53 2.953546837879327e+53 2.574322059408066e+53 2.283474830205882e+53 2.0530237632114486e+53 1.8279794087825695e+53 1.612759397434858e+53 1.4437699355961343e+53 1.347725429537466e+53 1.2851831698374647e+53 1.1950663860388936e+53 1.100835446235301e+53 1.0320356324228813e+53 9.946682984530255e+52 9.415896708680826e+52 8.558184987063945e+52 7.459623253853354e+52 6.34281663975694e+52 5.521512648203255e+52 4.894410270549705e+52 4.3960316960476367e+52 3.99241876961441e+52 3.659110023690952e+52 3.3779288293421376e+52 3.137521700446771e+52 
# SN_energy_per_final_crossing_time_list
0.0 0.0 2.689164354118432e+56 3.934982497360124e+56 2.754002911209804e+56 1.8190591619476332e+56 9.138499029760836e+55 3.166670979925611e+55 1.392346175770422e+55 8.236990772911467e+54 6.1098232355626535e+54 5.0838498226428364e+54 4.463963902076808e+54 4.013199566405964e+54 3.653622719001247e+54 3.359402357306981e+54 2.729853368469923e+54 1.8552367750491095e+54 1.2845205619236907e+54 9.837119432884493e+53 7.97509851225765e+53 6.705497927887169e+53 5.786263067449066e+53 5.088769579777109e+53 4.541801618916774e+53 4.285116318364066e+53 4.242981546014119e+53 4.199370049825904e+53 4.158877822245118e+53 4.1178696001794575e+53 4.076825474071718e+53 4.03823598901517e+53 4.000283978657535e+53 3.945164098090517e+53 3.738167773096257e+53 3.3050539410342214e+53 2.857390659469821e+53 2.5167728099120125e+53 2.24891451440945e+53 1.9865956544556137e+53 1.7408228078849121e+53 1.5492158516563388e+53 1.4434018334776724e+53 1.3718604218484979e+53 1.2697499275420265e+53 1.1648790040668669e+53 1.0893652912923104e+53 1.0487347425794167e+53 9.88385775541001e+52 8.942061721690445e+52 7.734190117148104e+52 6.535998818963084e+52 5.659156730316865e+52 4.991703059063496e+52 4.4624905596192703e+52 4.0364862713692395e+52 3.6848143624748053e+52 3.3892260340304554e+52 3.137521700446771e+52 
# total_energy_release_list
0 0 1.2338077799411504e+56 3.0392058069303786e+56 4.302761979176735e+56 5.137359292928491e+56 6.022943239643538e+56 7.013318010839442e+56 7.908474123905174e+56 8.688498076390353e+56 9.37011546868733e+56 9.972712892252764e+56 1.0512091100431175e+57 1.1000133237284533e+57 1.1445764376863894e+57 1.1855815345918458e+57 1.3524369521642739e+57 1.579422514989933e+57 1.7365817663753323e+57 1.8569375140128492e+57 1.954511702318111e+57 2.0365525092737337e+57 2.107346609341499e+57 2.169606976465001e+57 2.2251752689103155e+57 2.2304180473652202e+57 2.2356092745295015e+57 2.240747143652691e+57 2.245835471115262e+57 2.2508736256053518e+57 2.2558615631948804e+57 2.2608022871020227e+57 2.2656965772679435e+57 2.2753502808306167e+57 2.321086228248462e+57 2.4019599516528465e+57 2.47187948276341e+57 2.5334641926446673e+57 2.5884944867467787e+57 2.6614116268333888e+57 2.725307780166761e+57 2.7821710824830926e+57 2.7998308972281313e+57 2.833399928864354e+57 2.8800055544902258e+57 2.9227619379208397e+57 2.949418394615989e+57 2.9622495140181424e+57 3.0106205477465154e+57 3.0653229701008256e+57 3.159949678688737e+57 3.2399166883180564e+57 3.309155660551969e+57 3.3702284326939555e+57 3.4248263656856936e+57 3.474212197212267e+57 3.519295373291088e+57 3.5607620684980886e+57 3.599149197226429e+57 
# binding_energy_list
8.790225168308896e+54 8.790225168308896e+54 8.749837752274363e+54 8.68960429286302e+54 8.609937521846052e+54 8.550667128846876e+54 8.51138038202376e+54 8.491804750363178e+54 8.452788451602891e+54 8.413951416451895e+54 8.394599865193965e+54 8.375292821268861e+54 8.356030182312423e+54 8.336811846196331e+54 8.317637711026743e+54 8.298507675144166e+54 8.241381150129963e+54 8.147042840208421e+54 8.090958991783846e+54 8.035261221856194e+54 7.99834255007026e+54 7.96159350417325e+54 7.925013304804734e+54 7.90678627999831e+54 7.888601176185516e+54 7.888601176185516e+54 7.888601176185516e+54 7.888601176185516e+54 7.870457896951001e+54 7.870457896951001e+54 7.870457896951001e+54 7.870457896951001e+54 7.870457896951001e+54 7.870457896951001e+54 7.852356346100775e+54 7.816278045883308e+54 7.780365510398008e+54 7.762471166286928e+54 7.744617978025239e+54 7.709034690644309e+54 7.691304402866145e+54 7.673614893618154e+54 7.673614893618154e+54 7.655966069112569e+54 7.638357835776954e+54 7.620790100254084e+54 7.620790100254084e+54 7.620790100254084e+54 7.603262769401822e+54 7.585775750291883e+54 7.550922276654341e+54 7.533555637337217e+54 7.516228940182015e+54 7.498942093324558e+54 7.498942093324558e+54 7.481695005111584e+54 7.464487584100623e+54 7.447319739059888e+54 7.447319739059888e+54 
# total_gas_kinetic_energy_list
4.278785394632788e+59 4.258462258047855e+59 1.1924753624881992e+59 3.340724612358295e+58 9.368879270727032e+57 2.6341212713823647e+57 7.460895534363069e+56 2.1617893654640532e+56 6.692410238124636e+55 2.4417615687979608e+55 1.1875162293455166e+55 7.818203217020176e+54 6.240658303179363e+54 5.4387669653762445e+54 4.910022148346825e+54 4.500993445270765e+54 1.7286481558965885e+55 3.485488687997077e+55 4.696597119600708e+55 5.602449603099592e+55 6.321901869972069e+55 6.917355725304403e+55 7.431821041127304e+55 7.883146906033666e+55 8.288849857893071e+55 8.326080233597793e+55 8.362951240636839e+55 8.399793854696611e+55 8.436695741910717e+55 8.473673304555001e+55 8.510796672898077e+55 8.547722004437418e+55 8.583202460194637e+55 8.651419470920326e+55 8.982534333614144e+55 9.567067188599926e+55 1.0066285464215163e+56 1.0503858306803434e+56 1.0887441891146341e+56 1.13816376153851e+56 1.1805160163663883e+56 1.2173198998834753e+56 1.2291732936521234e+56 1.2497639629245861e+56 1.278534261128548e+56 1.3033577948086496e+56 1.318372152162095e+56 1.3251450545920927e+56 1.3515218889429386e+56 1.378559940755726e+56 1.422669968806657e+56 1.4569958402025722e+56 1.4874823300892886e+56 1.5159164097505745e+56 1.543260713935893e+56 1.566913252007726e+56 1.5905116928087579e+56 1.612567485039667e+56 1.6327003824705618e+56 
