# time_axis
5.999999999999999 7.0 7.30102999566398 7.477121254719661 7.602059991327962 7.698970004336018 7.778151250383643 7.845098040014256 7.903089986991943 7.954242509439324 8.0 8.041392685158224 8.079181246047623 8.113943352306837 8.146128035678238 8.176091259055681 8.301029995663981 8.47712125471966 8.60205999132796 8.698970004336019 8.778151250383644 8.845098040014257 8.903089986991942 8.954242509439323 8.999999999999998 9.004321373782641 9.008600171761916 9.012837224705171 9.017033339298779 9.021189299069936 9.02530586526477 9.02938377768521 9.033423755486949 9.041392685158224 9.079181246047623 9.146128035678236 9.204119982655923 9.255272505103305 9.301029995663981 9.361727836017593 9.414973347970816 9.462397997898954 9.477121254719663 9.505149978319904 9.544068044350274 9.57978359661681 9.60205999132796 9.612783856719734 9.653212513775342 9.698970004336017 9.778151250383642 9.845098040014257 9.903089986991944 9.954242509439325 10.0 10.041392685158225 10.079181246047623 10.113943352306835 10.146128035678236 
# total_gas_mass_list
10.87444351720968 10.872375817830852 10.319574781478053 9.766999024623967 9.214964093744726 8.664094062927614 8.116523307217271 7.579162250647318 7.071031309762581 6.634490186043411 6.32211743176067 6.140220942560836 6.040918154418998 5.979187372366887 5.932977942617092 5.893871952255455 6.4761138616726255 6.777223635616835 6.906544079256335 6.985178993190696 7.039884764349206 7.0808569752762756 7.113244242537823 7.139649070203341 7.16196754304947 7.163961125299555 7.165921177697701 7.167870160484704 7.169811272509693 7.171744695761595 7.17367515484104 7.17558603040711 7.1774167221239775 7.180916183483084 7.197456352058363 7.225075134776623 7.247182425127871 7.265534028636689 7.280944490455541 7.299974271523336 7.315627024561413 7.32880890928 7.332991513434541 7.34010697696056 7.349808413839309 7.358061207069404 7.362984825024958 7.365200698880589 7.373671120787658 7.3822420463964376 7.395879989023396 7.40625511345218 7.415238881480439 7.423405151041389 7.431059110963704 7.437597564813291 7.443966038029167 7.449842891275033 7.455136943534631 
# ejected_gas_mass_list
-10.0 -10.0 6.2938362055382635 6.744344369822557 6.934308430323431 7.028838746518049 7.088641057166645 7.133316716611625 7.168649617166751 7.197494428424269 7.2214254455049645 7.24163747075344 7.259014164107346 7.274187704372535 7.287608911797895 7.299608156999864 7.34526547730786 7.400341579860165 7.4348132969568965 7.459632511598436 7.478758397512981 7.494124273649451 7.506917757546421 7.517777954750918 7.527261964256567 7.528122772533542 7.528971292566148 7.529817174471563 7.530661776527135 7.531505153514886 7.53234935004523 7.533187062700761 7.533991565460391 7.53553470594767 7.5429225645450035 7.555606772500854 7.566074681623758 7.574977567903992 7.582603302446734 7.592208650088181 7.600265616003146 7.607159989132058 7.609368420877476 7.613148470342482 7.618349046186212 7.622815451651044 7.625498644882124 7.6267107308893864 7.631369867604642 7.636125861869774 7.643779526124401 7.649672598815596 7.6548244369062015 7.659546853984242 7.664006959365814 7.6678429816368245 7.671602195854916 7.675091226187595 7.678250657593203 
# stellar_mass_list
-10.0 8.555684754585268 8.690533546154791 8.524553270136465 8.410334365101033 8.341715030754784 8.29897662722582 8.26978245886322 8.247969058445998 8.230562935889433 8.216051850616536 8.203594459540637 8.192678550333929 8.182966879859334 8.174226274797249 8.166283393837329 8.134839895353661 8.094165621297638 8.067204024550247 8.047158336393792 8.03125748218651 8.018136795374177 8.006957332175267 7.997273179703086 7.988656953445996 7.987870340530213 7.98709485755622 7.986320137093857 7.985543366400749 7.984764603481259 7.983983043846535 7.9832062015722105 7.9824613535652436 7.98103169553182 7.974117116536546 7.961986656915138 7.951612242234551 7.942569570850352 7.934617676124468 7.924209780969315 7.915124208495511 7.9071357473661825 7.904558277658385 7.899995745418089 7.8934505079721475 7.887589954401469 7.883927891809245 7.882250363876729 7.875495358182732 7.868240314824323 7.855424730860927 7.844794756486208 7.835512537183232 7.826984938537993 7.818876197160091 7.8119674827493535 7.805030800272399 7.798801962957948 7.793084972541587 
# remnant_mass_list
-10.0 -10.0 7.605979536597083 7.943963830643314 8.040292544996193 8.079759874359379 8.099889925520175 8.112068326905325 8.120532268519508 8.126953953076004 8.13211621767999 8.13642016246488 8.140095273416224 8.143290328598237 8.146106821455467 8.148618635550692 8.15812547799122 8.169474430273437 8.176452041806305 8.181377198549386 8.18513244518502 8.188133535492733 8.190623806052482 8.1927316104474 8.19457124359671 8.194736974413939 8.194900020229124 8.195062782113048 8.19522596070801 8.195389519018798 8.195553656707219 8.195716597387568 8.195872020427913 8.19616876862014 8.197595065588342 8.200046382520256 8.202092297049479 8.20383819469926 8.205343938413778 8.207274950952934 8.208926409374593 8.21035094479165 8.21080784216828 8.211603212546878 8.212736346204139 8.213734678336566 8.214352676354027 8.214632101776202 8.215758692823446 8.216942324136363 8.218996974515962 8.220655903547566 8.222076594119864 8.223365708208886 8.224581148578698 8.22559094542956 8.226604121162456 8.227497856227703 8.228306362033166 
# BH_mass_list
-10.0 -10.0 7.462100299751174 7.762097676278067 7.818880561777061 7.833543050340352 7.8375514954474506 7.838635259922317 7.8389173176215525 7.838968925987306 7.83897593628258 7.838978501891159 7.83897975161984 7.838980573707657 7.838981227763284 7.838981795155394 7.838982305276538 7.838982305276538 7.838982305276538 7.838982305276538 7.838982305276538 7.838982305276538 7.838982305276538 7.838982305276538 7.838982305276538 7.838982305276538 7.838982305276538 7.838982305276538 7.838982305276538 7.838982305276538 7.838982305276538 7.838982305276538 7.838982305276538 7.838982305276538 7.838982305276538 7.838982305276538 7.838982305276538 7.838982305276538 7.838982305276538 7.838982305276538 7.838982305276538 7.838982305276538 7.838982305276538 7.838982305276538 7.838982305276538 7.838982305276538 7.838982305276538 7.838982305276538 7.838982305276538 7.838982305276538 7.838982305276538 7.838982305276538 7.838982305276538 7.838982305276538 7.838982305276538 7.838982305276538 7.838982305276538 7.838982305276538 7.838982305276538 
# NS_mass_list
-10.0 -10.0 7.056238017191673 7.478166980000369 7.6416965620240855 7.714946696963041 7.744050135012406 7.751850633123267 7.753998526717179 7.754585914512883 7.754743884109773 7.754785160673707 7.754797208398587 7.754801725843221 7.75480368264805 7.754805029106354 7.754807111896988 7.754807111896988 7.754807111896988 7.754807111896988 7.754807111896988 7.754807111896988 7.754807111896988 7.754807111896988 7.754807111896988 7.754807111896988 7.754807111896988 7.754807111896988 7.754807111896988 7.754807111896988 7.754807111896988 7.754807111896988 7.754807111896988 7.754807111896988 7.754807111896988 7.754807111896988 7.754807111896988 7.754807111896988 7.754807111896988 7.754807111896988 7.754807111896988 7.754807111896988 7.754807111896988 7.754807111896988 7.754807111896988 7.754807111896988 7.754807111896988 7.754807111896988 7.754807111896988 7.754807111896988 7.754807111896988 7.754807111896988 7.754807111896988 7.754807111896988 7.754807111896988 7.754807111896988 7.754807111896988 7.754807111896988 7.754807111896988 
# WD_mass_list
-10.0 -10.0 -10.0 -10.0 -10.0 5.094250308516416 6.203444916770619 6.602021002870059 6.793945987964931 6.908664210135088 6.986023344855175 7.04247885702044 7.085975654938222 7.120836797556923 7.149606416365675 7.173894934594603 7.256242127879383 7.339466312879828 7.384594601544183 7.414231957461722 7.435752730286337 7.452342445333302 7.465726088474564 7.476798302774629 7.486278901239549 7.487124872147145 7.487955846711826 7.488784101722174 7.489613205404124 7.490442964855237 7.491274386184119 7.4920984828465595 7.492883390774302 7.494378858846938 7.501509735033537 7.513551119618557 7.523401917300904 7.531670697573266 7.538703854718071 7.547594598324952 7.555087023067831 7.561470093779835 7.5635020372261454 7.567021787891891 7.571998454463426 7.57634692123168 7.579022055722434 7.580227461903497 7.5850615556018095 7.5900963956854275 7.59873187990374 7.605610145770594 7.611435733480258 7.616671214168091 7.621564348612041 7.625598361121944 7.629617867725775 7.633140598385762 7.636309140485609 
