# time_axis
5.999999999999999 7.0 7.30102999566398 7.477121254719661 7.602059991327962 7.698970004336018 7.778151250383643 7.845098040014256 7.903089986991943 7.954242509439324 8.0 8.301029995663981 8.47712125471966 8.60205999132796 8.698970004336019 8.778151250383644 8.845098040014257 8.903089986991942 8.954242509439323 8.999999999999998 9.004321373782641 9.008600171761916 9.012837224705171 9.017033339298779 9.021189299069936 9.02530586526477 9.02938377768521 9.033423755486949 9.041392685158224 9.079181246047623 9.146128035678236 9.204119982655923 9.255272505103305 9.301029995663981 9.361727836017593 9.414973347970816 9.462397997898954 9.477121254719663 9.505149978319904 9.544068044350274 9.57978359661681 9.60205999132796 9.612783856719734 9.653212513775342 9.698970004336017 9.778151250383642 9.845098040014257 9.903089986991944 9.954242509439325 10.0 10.041392685158225 10.079181246047623 10.113943352306835 10.146128035678236 
# total_gas_mass_list
8.486442163091027 10.150648064297487 10.43752712225188 10.51112946309647 10.528443032946418 10.522853444627046 10.508518942359274 10.485043995448649 10.475710456199216 10.365836151893793 10.56774686338321 10.63489717856451 10.646349070745796 10.65197374015038 10.655512447272534 10.658008382834732 10.659881836576863 10.661357023914908 10.662558285910073 10.663560295677394 10.663652309106807 10.663742218081007 10.663830686079542 10.663917795501892 10.664003574217272 10.664088049323533 10.664171270603642 10.664253760122328 10.664414688786335 10.665154199691823 10.666375976468258 10.66734197983898 10.668139684659812 10.668804205726746 10.669616893515403 10.670279867093237 10.670829625152466 10.67099515669004 10.671295655215037 10.671698652107246 10.672039436770305 10.67224758996948 10.672341285808171 10.672692599908828 10.673052347219365 10.673623022312483 10.674053263173187 10.674416526070495 10.674737235444633 10.675029277633342 10.67528217330226 10.675523954911522 10.675740252382779 10.675938952095112 
# ejected_gas_mass_list
-10.0 -10.0 -10.0 -10.0 -10.0 -10.0 -10.0 -10.0 -10.0 -10.0 8.713157436212922 9.824130770864691 9.893362575434525 9.924289974827225 9.942867048110468 9.955594690683027 9.964955319179523 9.972214321567765 9.978054923868251 9.982879530192942 9.983320447872353 9.983750939387093 9.984174202154307 9.98459064646603 9.985000420725223 9.98540366898211 9.985800642815809 9.986193843285276 9.986960128754847 9.99046776019933 9.9962143851756 10.000716023102466 10.00440597584522 10.00746122228445 10.011174991543436 10.014186354472693 10.016671186390573 10.01741720368272 10.018768947861984 10.020576645356654 10.022100733850333 10.023029617565644 10.023447232768033 10.025010321112667 10.026606425986905 10.029129083362466 10.031023489897706 10.032618028166636 10.034022032103747 10.035297498256218 10.036399667844911 10.037451389215995 10.038390598704947 10.039252019722912 
# stellar_mass_list
-10.0 8.32275229354435 9.988696649826759 10.315262091550855 10.432884016607963 10.488804649001702 10.518034557969102 10.535027000325204 10.542293556381685 10.554515248248677 10.223377258285032 9.96911111016987 9.89767236662912 9.855707744718964 9.826440150671372 9.804173036212516 9.786346970652803 9.7715415810367 9.758927780440573 9.747986892340112 9.74696099751365 9.74595559412068 9.744963145746965 9.743982889475745 9.743014649791057 9.742058335853994 9.741113146498913 9.740172520807842 9.73832868134682 9.729711999550569 9.714875186164454 9.702514942867465 9.69180223871033 9.682501475102889 9.67059583005689 9.66035912623541 9.651461313839729 9.648692773982754 9.643602199630998 9.636488944271953 9.630260444091848 9.626285595052789 9.624494949772496 9.61742765300839 9.609894263816043 9.596797490206548 9.586097359072781 9.576817191523919 9.568350859847708 9.560364047716847 9.553513804868613 9.546666804664437 9.54053131797776 9.534858542998983 
# remnant_mass_list
-10.0 -10.0 6.403259513305378 8.470270645641811 9.003344320671234 9.188052627579296 9.252661175976057 9.287943341919888 9.316380207136211 9.343697994921131 9.336033103234836 9.348824161203604 9.42030338134704 9.453529199962437 9.473727680105801 9.487683626745056 9.498058751812428 9.506177292871223 9.512757869739476 9.518224497459281 9.518727072540484 9.519216923076959 9.519698598357849 9.520172549113541 9.520638872531245 9.521097675464548 9.521549554920094 9.52199877568281 9.522874457479718 9.526887287118432 9.533505502878384 9.53873925970629 9.543101848785403 9.546742287296276 9.55120125888433 9.554885745542819 9.557970029190884 9.558914977410144 9.560605538064301 9.562934883037913 9.56488916423229 9.56613320296852 9.566669350118042 9.568813259040308 9.570976864652625 9.574639374871065 9.577469933359806 9.57985561367557 9.58202327302745 9.584087002148244 9.58575929422343 9.58749339608322 9.588992208220873 9.59035276150361 
# BH_mass_list
-10.0 -10.0 -10.0 -10.0 -10.0 -10.0 -10.0 -10.0 -10.0 -10.0 -10.0 -10.0 -10.0 -10.0 -10.0 -10.0 -10.0 -10.0 -10.0 -10.0 -10.0 -10.0 -10.0 -10.0 -10.0 -10.0 -10.0 -10.0 -10.0 -10.0 -10.0 -10.0 -10.0 -10.0 -10.0 -10.0 -10.0 -10.0 -10.0 -10.0 -10.0 -10.0 -10.0 -10.0 -10.0 -10.0 -10.0 -10.0 -10.0 -10.0 -10.0 -10.0 -10.0 -10.0 
# NS_mass_list
-10.0 -10.0 6.403259513305378 8.470270645641811 9.005296280613585 9.308432428703751 9.508404780963097 9.650253101792481 9.756223718966043 9.838487987472892 9.894632096455432 9.930040263562658 9.930040263562658 9.930040263562658 9.930040263562658 9.930040263562658 9.930040263562658 9.930040263562658 9.930040263562658 9.930040263562658 9.930040263562658 9.930040263562658 9.930040263562658 9.930040263562658 9.930040263562658 9.930040263562658 9.930040263562658 9.930040263562658 9.930040263562658 9.930040263562658 9.930040263562658 9.930040263562658 9.930040263562658 9.930040263562658 9.930040263562658 9.930040263562658 9.930040263562658 9.930040263562658 9.930040263562658 9.930040263562658 9.930040263562658 9.930040263562658 9.930040263562658 9.930040263562658 9.930040263562658 9.930040263562658 9.930040263562658 9.930040263562658 9.930040263562658 9.930040263562658 9.930040263562658 9.930040263562658 9.930040263562658 9.930040263562658 
# WD_mass_list
-10.0 -10.0 -10.0 -10.0 -10.0 -10.0 6.353115381351107 7.437597676731841 7.945299444374556 8.261733076820038 8.4843403763576 9.174157323404506 9.277098587696917 9.322642303302217 9.349727439333304 9.368198337720875 9.381808202685294 9.392388388668735 9.40092084551752 9.407980091259045 9.408627789593176 9.409258880954463 9.40987923989405 9.410489457074858 9.4110896672592 9.41168001730915 9.412261284149608 9.412838959520288 9.413964551875699 9.419114361076792 9.427578604841255 9.434247002340397 9.439788738828582 9.444401699783013 9.450037888727756 9.454683671956762 9.458564795190112 9.459752454396948 9.461875585616815 9.464797497953604 9.46724586871522 9.468802983315378 9.469473712053603 9.472153705176144 9.47485497873932 9.479420062304523 9.482941706551072 9.485905521675353 9.488595073618862 9.491152680161065 9.49322304685928 9.495367938238672 9.49722017216538 9.49890024356332 
