# time_axis
1000000 10000000 20000000 30000000 40000000 50000000 60000000 70000000 80000000 90000000 100000000 200000000 300000000 400000000 500000000 600000000 700000000 800000000 900000000 1000000000 1010000000 1020000000 1030000000 1040000000 1050000000 1060000000 1070000000 1080000000 1100000000 1200000000 1400000000 1600000000 1800000000 2000000000 2300000000 2600000000 2900000000 3000000000 3200000000 3500000000 3800000000 4000000000 4100000000 4500000000 5000000000 6000000000 7000000000 8000000000 9000000000 10000000000 11000000000 12000000000 13000000000 14000000000 
# SNIa_energy_release_list
0 0.0 0.0 0.0 0.0 0.0 8.762139222732155e+56 2.4332981913118277e+57 4.535302172536314e+57 7.083574061528816e+57 1.0003842240772785e+58 4.359552855340624e+58 6.161372809304388e+58 7.325035005936628e+58 8.188262217888031e+58 8.875235154146378e+58 9.446016293008384e+58 9.934322002328033e+58 1.0361059557320182e+59 1.0740037829664209e+59 1.077570952788779e+59 1.0811003794839749e+59 1.084593639271602e+59 1.0880514477585955e+59 1.0914742030802326e+59 1.094862429224914e+59 1.098217379818284e+59 1.1015393525415943e+59 1.1080881203726188e+59 1.1390562493230937e+59 1.193620126862063e+59 1.2406101460943672e+59 1.2818758917675205e+59 1.3186635544387276e+59 1.367300991169602e+59 1.4098346274175988e+59 1.4476242243220382e+59 1.4593435945601374e+59 1.4816248117071365e+59 1.512526754764938e+59 1.540847042704412e+59 1.558495540898874e+59 1.566987165864134e+59 1.5989767733918423e+59 1.635137228747945e+59 1.6976223122174221e+59 1.7503655442065928e+59 1.796009867492734e+59 1.836237590388005e+59 1.8721912374262714e+59 1.9047060649730097e+59 1.9343760701723053e+59 1.9616555374151814e+59 1.9869063246889602e+59 
# SNII_energy_release_list
0 0.0 2.1178480314736543e+57 5.198187814309726e+57 8.797431565694032e+57 1.2694897688223623e+58 1.6443927624438853e+58 2.0054517194505104e+58 2.356381570911016e+58 2.698315421759415e+58 3.033754078860351e+58 3.6643722531118373e+58 3.6643722531118373e+58 3.6643722531118373e+58 3.6643722531118373e+58 3.6643722531118373e+58 3.6643722531118373e+58 3.6643722531118373e+58 3.6643722531118373e+58 3.6643722531118373e+58 3.6643722531118373e+58 3.6643722531118373e+58 3.6643722531118373e+58 3.6643722531118373e+58 3.6643722531118373e+58 3.6643722531118373e+58 3.6643722531118373e+58 3.6643722531118373e+58 3.6643722531118373e+58 3.6643722531118373e+58 3.6643722531118373e+58 3.6643722531118373e+58 3.6643722531118373e+58 3.6643722531118373e+58 3.6643722531118373e+58 3.6643722531118373e+58 3.6643722531118373e+58 3.6643722531118373e+58 3.6643722531118373e+58 3.6643722531118373e+58 3.6643722531118373e+58 3.6643722531118373e+58 3.6643722531118373e+58 3.6643722531118373e+58 3.6643722531118373e+58 3.6643722531118373e+58 3.6643722531118373e+58 3.6643722531118373e+58 3.6643722531118373e+58 3.6643722531118373e+58 3.6643722531118373e+58 3.6643722531118373e+58 3.6643722531118373e+58 3.6643722531118373e+58 
# SN_energy_per_current_crossing_time_list
0.0 0.0 3.81419007156879e+57 5.47061627696261e+57 6.649917261544582e+57 7.765746022573724e+57 8.354178193590323e+57 9.198368871510464e+57 1.02509895156403e+58 1.1459812789988428e+58 1.294630642560146e+58 5.334012465065704e+57 5.254331521501368e+56 3.584876600864735e+56 2.7606653861699386e+56 2.2589930505304562e+56 1.9183308687664894e+56 1.6706707121013532e+56 1.481999614520696e+56 1.3330633045971542e+56 1.2562349856759878e+56 1.2443769355054669e+56 1.2330545214330986e+56 1.2219195420713955e+56 1.2108816190641709e+56 1.1998683144867591e+56 1.1894091118061416e+56 1.1790228991630735e+56 1.1645550527717115e+56 1.112248940212938e+56 9.963092394363865e+55 8.698708343302936e+55 7.727413427738364e+55 6.956690661180885e+55 6.207823127177714e+55 5.484904675186751e+55 4.915727196386212e+55 4.585600955832942e+55 4.3799307431904335e+55 4.0766636777107875e+55 3.7583980719729056e+55 3.525637571246938e+55 3.398339009980794e+55 3.220397047779447e+55 2.9315078620970694e+55 2.5602148659772383e+55 2.1794074820530127e+55 1.8993367332479204e+55 1.6842231607111772e+55 1.513716290809332e+55 1.3758547381367352e+55 1.2611554453902805e+55 1.1646291422800867e+55 1.082126903763163e+55 
# SN_energy_per_final_crossing_time_list
0.0 0.0 2.4202866052886594e+58 3.5202266665698027e+58 4.1132325413277455e+58 4.454042457598328e+58 4.3219591926093167e+58 4.1929277144284083e+58 4.100524453502e+58 4.016842628267167e+58 3.958557217331775e+58 8.646311489764976e+57 7.721730917856306e+56 4.986894690509372e+56 3.69937531050015e+56 2.9440345301799546e+56 2.446092550803571e+56 2.09264265540213e+56 1.8287912535014397e+56 1.624118012633291e+56 1.5287168646317956e+56 1.5125419814919954e+56 1.4970425900149462e+56 1.481849873141153e+56 1.466827777836684e+56 1.45203023867723e+56 1.4377699429797923e+56 1.4236372191035036e+56 1.4032429523116738e+56 1.3271445810054245e+56 1.1691722562621083e+56 1.006882745244716e+56 8.842253731062572e+55 7.882708580816434e+55 6.947886184815126e+55 6.075954728301255e+55 5.398265943061467e+55 5.022356607066423e+55 4.7743272837267476e+55 4.414360576673934e+55 4.045569638330695e+55 3.781647379975993e+55 3.639100726620415e+55 3.4273005601002665e+55 3.099325274012344e+55 2.677809177713176e+55 2.2603204291444875e+55 1.956095455419242e+55 1.7239660985662356e+55 1.5407998303844833e+55 1.393428619791323e+55 1.2715132606693457e+55 1.1690663385571566e+55 1.082126903763163e+55 
# total_energy_release_list
0 0 2.1178480314736543e+57 5.198187814309726e+57 8.797431565694032e+57 1.2694897688223623e+58 1.7320141546712067e+58 2.248781538581693e+58 2.8099117881646474e+58 3.4066728279122964e+58 4.03413830293763e+58 8.023925108452461e+58 9.825745062416226e+58 1.0989407259048466e+59 1.1852634470999868e+59 1.2539607407258215e+59 1.3110388546120221e+59 1.359869425543987e+59 1.402543181043202e+59 1.4404410082776046e+59 1.4440081780999627e+59 1.4475376047951586e+59 1.4510308645827858e+59 1.4544886730697792e+59 1.4579114283914163e+59 1.4612996545360977e+59 1.4646546051294677e+59 1.467976577852778e+59 1.4745253456838025e+59 1.5054934746342775e+59 1.5600573521732467e+59 1.607047371405551e+59 1.6483131170787042e+59 1.6851007797499113e+59 1.7337382164807857e+59 1.7762718527287826e+59 1.8140614496332219e+59 1.8257808198713212e+59 1.8480620370183202e+59 1.8789639800761218e+59 1.9072842680155958e+59 1.9249327662100577e+59 1.9334243911753178e+59 1.965413998703026e+59 2.0015744540591288e+59 2.064059537528606e+59 2.1168027695177766e+59 2.1624470928039177e+59 2.2026748156991886e+59 2.238628462737455e+59 2.2711432902841934e+59 2.300813295483489e+59 2.328092762726365e+59 2.353343550000144e+59 
# binding_energy_list
1.452111617587739e+60 1.452111617587739e+60 1.3995873225726207e+60 1.3061708881318405e+60 1.1994993031493806e+60 1.0914403364487482e+60 9.817479430199784e+59 8.729713683881166e+59 7.780365510398009e+59 6.966265141107744e+59 6.223002851691551e+59 4.487453899331332e+59 4.265795188015952e+59 4.149540426343649e+59 4.064433291652144e+59 4.0086671762730423e+59 3.962780342554385e+59 3.9264493539960095e+59 3.899419866765444e+59 3.8725764492161806e+59 3.8725764492161806e+59 3.8725764492161806e+59 3.8725764492161806e+59 3.863669770540721e+59 3.863669770540721e+59 3.863669770540721e+59 3.863669770540721e+59 3.854783576657705e+59 3.854783576657705e+59 3.8370724549228157e+59 3.801893963205597e+59 3.7757219092541443e+59 3.7583740428844664e+59 3.741105882720537e+59 3.715352290971728e+59 3.6982817978026436e+59 3.6812897364253354e+59 3.672823004980827e+59 3.6643757464783334e+59 3.655947916131269e+59 3.647539469256058e+59 3.639150361272071e+59 3.639150361272071e+59 3.6224299841669654e+59 3.6140986263961316e+59 3.5974933515574012e+59 3.5809643710263772e+59 3.5727283815192666e+59 3.564511334262439e+59 3.5563131856898693e+59 3.5481338923357314e+59 3.539973410834343e+59 3.5318316979195845e+59 3.5237087104248473e+59 
# total_gas_kinetic_energy_list
1.0304079988544502e+60 9.891916789002733e+59 9.513359655155412e+59 9.174443559321001e+59 8.870198132722674e+59 8.596994138925911e+59 8.35413639883906e+59 8.141522355468927e+59 7.943301266385936e+59 7.757836339072735e+59 7.586152712684444e+59 7.896174326482599e+59 7.950722526536591e+59 7.980323336732936e+59 7.999679951814133e+59 8.013723512970497e+59 8.024583396178884e+59 8.03339260498128e+59 8.040753581720542e+59 8.047006085933803e+59 8.047578982081243e+59 8.048144370212144e+59 8.048717541318552e+59 8.04926997251373e+59 8.049816453765843e+59 8.050330002906221e+59 8.050883528842227e+59 8.051432600367958e+59 8.052434904717099e+59 8.057172295188804e+59 8.065147244277162e+59 8.071653610777225e+59 8.077062139301494e+59 8.081648901157894e+59 8.087335395899696e+59 8.092013246977887e+59 8.095909309042983e+59 8.097090489877078e+59 8.099156002287376e+59 8.102062532259021e+59 8.104687962492251e+59 8.10620013267996e+59 8.106899543084415e+59 8.109503097519882e+59 8.11224383262729e+59 8.11658501797079e+59 8.119897706782831e+59 8.122593407286701e+59 8.124911764082974e+59 8.127053689036484e+59 8.12900901620348e+59 8.130679753750345e+59 8.13236539898874e+59 8.133806988958213e+59 
