# time_axis
1000000 10000000 20000000 30000000 40000000 50000000 60000000 70000000 80000000 90000000 100000000 110000000 120000000 130000000 140000000 150000000 200000000 300000000 400000000 500000000 600000000 700000000 800000000 900000000 1000000000 1010000000 1020000000 1030000000 1040000000 1050000000 1060000000 1070000000 1080000000 1100000000 1200000000 1400000000 1600000000 1800000000 2000000000 2300000000 2600000000 2900000000 3000000000 3200000000 3500000000 3800000000 4000000000 4100000000 4500000000 5000000000 6000000000 7000000000 8000000000 9000000000 10000000000 11000000000 12000000000 13000000000 14000000000 
# SNIa_energy_release_list
0 0.0 0.0 0.0 0.0 0.0 1.6261928312592558e+56 7.728315035279551e+57 2.335652495384971e+58 4.5397061755561213e+58 7.303237564677128e+58 1.0433176281706287e+59 1.370110126187025e+59 1.7432333062089532e+59 2.0676640872927763e+59 2.52978940396528e+59 6.163538779012002e+59 1.1676525979362295e+60 1.472694466632146e+60 1.686361704578805e+60 1.8512580561305966e+60 1.9856563059505027e+60 2.0991200609310095e+60 2.197325389063763e+60 2.2838958275001685e+60 2.292011837572707e+60 2.300044984449155e+60 2.3079857620918796e+60 2.3158454491264267e+60 2.323625523944172e+60 2.3313165278068075e+60 2.3389308335318156e+60 2.3464649242028186e+60 2.3613053260778763e+60 2.43130662704251e+60 2.55397697709828e+60 2.659025958083189e+60 2.7508924195225545e+60 2.832520706742529e+60 2.9401000125157047e+60 3.0339067157772688e+60 3.1170592002487437e+60 3.142810158443048e+60 3.1917393738167946e+60 3.259514321312565e+60 3.3215530289683325e+60 3.3601749942711675e+60 3.378750048116242e+60 3.448676734591357e+60 3.527644811809219e+60 3.66390674697903e+60 3.778767260425891e+60 3.878065830361266e+60 3.965510591803762e+60 4.043626182488704e+60 4.1142314189015206e+60 4.178631883878736e+60 4.2378278273842125e+60 4.2926054248312674e+60 
# SNII_energy_release_list
0 -7.878870857194782e+56 -3.6237087419502906e+58 -5.667678188434732e+58 -6.085385574193578e+58 -6.028818538925382e+58 -5.0169155464630017e+58 -3.4190107031213367e+58 -4.1603652204711913e+58 2.9229121304759413e+57 -6.657883615121774e+58 8.905204724560472e+56 -1.3143509732767783e+59 -1.2849114482494923e+58 -2.4828554123253507e+59 -3.670594845058157e+58 8.087680855189525e+58 8.087680855189525e+58 8.087680855189525e+58 8.087680855189525e+58 8.087680855189525e+58 8.087680855189525e+58 8.087680855189525e+58 8.087680855189525e+58 8.087680855189525e+58 8.087680855189525e+58 8.087680855189525e+58 8.087680855189525e+58 8.087680855189525e+58 8.087680855189525e+58 8.087680855189525e+58 8.087680855189525e+58 8.087680855189525e+58 8.087680855189525e+58 8.087680855189525e+58 8.087680855189525e+58 8.087680855189525e+58 8.087680855189525e+58 8.087680855189525e+58 8.087680855189525e+58 8.087680855189525e+58 8.087680855189525e+58 8.087680855189525e+58 8.087680855189525e+58 8.087680855189525e+58 8.087680855189525e+58 8.087680855189525e+58 8.087680855189525e+58 8.087680855189525e+58 8.087680855189525e+58 8.087680855189525e+58 8.087680855189525e+58 8.087680855189525e+58 8.087680855189525e+58 8.087680855189525e+58 8.087680855189525e+58 8.087680855189525e+58 8.087680855189525e+58 8.087680855189525e+58 
# SN_energy_per_current_crossing_time_list
0.0 -3.902018064831619e+55 -1.3279221179576463e+56 -5.29506347028408e+55 -1.0078238309178115e+55 1.309288279777918e+54 2.3495252729817603e+55 4.963538090138617e+55 -1.2588760328902906e+55 1.3704282959690384e+57 -5.045173759893327e+56 8.804675332859327e+57 -3.2345692826468136e+57 5.949382037947742e+58 -1.9806575360581782e+58 3.9558967643262143e+59 1.4877982155939909e+59 1.7076408452127236e+58 1.1062279142896157e+58 8.534828295630018e+57 7.048982777986504e+57 6.047589810764526e+57 5.317863735760065e+57 4.7593300989708554e+57 4.315400318839413e+57 4.056157822379219e+57 4.0250187649558916e+57 3.988541951141902e+57 3.957488810504641e+57 3.9269086848026595e+57 3.8913325849327566e+57 3.861671552356706e+57 3.830003518213641e+57 3.789195050333833e+57 3.65125653578022e+57 3.315363286727557e+57 2.922254853486665e+57 2.617783103105193e+57 2.374357854887098e+57 2.140847501405786e+57 1.907179446819577e+57 1.7216442248729646e+57 1.608522370018851e+57 1.5436617551112745e+57 1.445339160410456e+57 1.3394102975341427e+57 1.2598816059991531e+57 1.2161405533331122e+57 1.1594588744301342e+57 1.0623178886086813e+57 9.3782266026092e+56 8.05016106085508e+56 7.064883352184444e+56 6.302554971468686e+56 5.694542757716433e+56 5.197036422490701e+56 4.784586953475544e+56 4.433914634812448e+56 4.134875947902106e+56 
# SN_energy_per_final_crossing_time_list
0.0 -1.762177733767773e+58 -7.135668724144662e+59 -4.114363290301527e+59 -8.408148844934754e+58 1.1386536807042449e+58 2.0381153755656915e+59 3.2735768720047883e+59 -1.3743240226423744e+59 9.129249272621046e+59 -1.3781596769430887e+60 1.3817358373815324e+60 -2.6389515200723156e+60 2.4152155580972137e+60 -4.7146761181672456e+60 4.293828261095934e+60 5.282298116467716e+59 4.1614673220843216e+58 2.3026024228116013e+58 1.6128628567440522e+58 1.2447167997598604e+58 1.0145024910185277e+58 8.564788769369168e+57 7.413009481557636e+57 6.534752168274976e+57 6.126353912163924e+57 6.0638047949243626e+57 5.9940800642589855e+57 5.932868981447861e+57 5.872773859399167e+57 5.8055388277241723e+57 5.747643392490924e+57 5.687093219989732e+57 5.601123783284445e+57 5.284034152105518e+57 4.629873375302708e+57 3.964800621695434e+57 3.467260700797129e+57 3.080847437864979e+57 2.706867434042186e+57 2.3603267220274444e+57 2.0922495331035745e+57 1.9438059103628267e+57 1.846706000515768e+57 1.7053261024664982e+57 1.560993131499961e+57 1.4576856491903988e+57 1.4021342109650485e+57 1.3196004730853506e+57 1.1921778915397449e+57 1.0285704824729353e+57 8.670222801833503e+56 7.4955326195845646e+56 6.600750264888637e+56 5.896539682879032e+56 5.3296220981849605e+56 4.861256171838922e+56 4.468393913237098e+56 4.134875947902106e+56 
# total_energy_release_list
0 -7.878870857194782e+56 -3.6237087419502906e+58 -5.667678188434732e+58 -6.085385574193578e+58 -6.028818538925382e+58 -5.000653618150409e+58 -2.646179199593382e+58 -1.8247127250862203e+58 4.831997388603715e+58 6.453539495553543e+57 1.0522228328951892e+59 5.5759152910246625e+57 1.614742161384004e+59 -4.151913250325744e+58 2.162729919459464e+59 6.972306864530954e+59 1.2485294064881247e+60 1.5535712751840412e+60 1.7672385131307004e+60 1.9321348646824918e+60 2.066533114502398e+60 2.1799968694829047e+60 2.2782021976156584e+60 2.3647726360520638e+60 2.3728886461246023e+60 2.38092179300105e+60 2.388862570643775e+60 2.396722257678322e+60 2.404502332496067e+60 2.4121933363587027e+60 2.4198076420837108e+60 2.427341732754714e+60 2.4421821346297715e+60 2.5121834355944052e+60 2.6348537856501754e+60 2.739902766635084e+60 2.8317692280744497e+60 2.9133975152944243e+60 3.0209768210676e+60 3.114783524329164e+60 3.197936008800639e+60 3.223686966994943e+60 3.27261618236869e+60 3.3403911298644604e+60 3.402429837520228e+60 3.441051802823063e+60 3.4596268566681374e+60 3.529553543143252e+60 3.608521620361114e+60 3.744783555530925e+60 3.859644068977786e+60 3.9589426389131615e+60 4.046387400355657e+60 4.124502991040599e+60 4.195108227453416e+60 4.259508692430631e+60 4.318704635936108e+60 4.3734822333831626e+60 
# binding_energy_list
8.37529282126886e+56 1.9860949173573797e+57 2.8906798823654658e+57 3.235936569296268e+57 3.26587832172338e+57 3.258367010020074e+57 3.288516308759853e+57 2.8444611074479198e+57 3.664375746478333e+57 7.3620709749473154e+56 1.2589254117941713e+57 2.6061535499988763e+56 4.731512589614774e+56 9.289663867799438e+55 1.7378008287493834e+56 3.296097121774583e+55 1.8365383433483588e+55 1.5100801541641555e+55 1.393156802945298e+55 1.3243415351946643e+55 1.2793813041575226e+55 1.247383514242933e+55 1.221799660164881e+55 1.1994993031493806e+55 1.1830415557251658e+55 1.1830415557251658e+55 1.180320635651737e+55 1.1776059735208019e+55 1.1776059735208019e+55 1.1748975549395303e+55 1.1748975549395303e+55 1.1721953655481375e+55 1.1721953655481375e+55 1.1694993910198651e+55 1.1561122421921053e+55 1.1350108156723143e+55 1.1194378834671502e+55 1.1066237839776585e+55 1.0939563662720975e+55 1.0814339512979354e+55 1.0690548792226664e+55 1.0592537251772854e+55 1.0568175092136607e+55 1.0519618738232191e+55 1.044720219220796e+55 1.0375284158180083e+55 1.0327614057614043e+55 1.0327614057614043e+55 1.0256519262514142e+55 1.0185913880541232e+55 1.0069316688518044e+55 9.977000638225587e+54 9.908319448927726e+54 9.862794856312099e+54 9.794899854086981e+54 9.749896377173807e+54 9.705099672454938e+54 9.682778562612426e+54 9.638290236239744e+54 
# total_gas_kinetic_energy_list
3.0007655629431252e+57 1.3338118457478814e+59 1.6945008548204323e+59 1.8276340535387862e+59 1.8132442525393214e+59 1.5347096638684624e+59 1.438765039635029e+59 1.6770551241670254e+59 6.461082008417067e+58 1.0301582885655312e+59 3.7753944445622923e+56 4.181767710260158e+59 6.194475406686468e+55 7.606619821408333e+59 9.851745543407411e+54 1.3538228197180462e+60 1.6220072208249644e+60 1.725182987097215e+60 1.7658171939522828e+60 1.789269365907038e+60 1.8050595696661478e+60 1.8166391807246497e+60 1.8256336051010376e+60 1.8328843846722962e+60 1.838892429070952e+60 1.839439799125399e+60 1.8399815364909628e+60 1.8405017044425923e+60 1.8410185466822593e+60 1.841529718379618e+60 1.842038354981796e+60 1.842537056282981e+60 1.843032201109648e+60 1.843978037753878e+60 1.8483681117154293e+60 1.8555999403457096e+60 1.8613334887597287e+60 1.8660270305871634e+60 1.869972595787271e+60 1.8748359513537198e+60 1.878771826475632e+60 1.882057398447087e+60 1.883065149207366e+60 1.884846785673064e+60 1.887261541353855e+60 1.8893805676549103e+60 1.8906094264699656e+60 1.8912035010841347e+60 1.8933582454501427e+60 1.895652321848125e+60 1.8992864533538615e+60 1.9020650706639815e+60 1.9043100228215565e+60 1.906206563433187e+60 1.9078451053414812e+60 1.9092061910886083e+60 1.9105220069966318e+60 1.9116585499705994e+60 1.9127432175601427e+60 
