# time_axis
5.999999999999999 7.0 7.30102999566398 7.477121254719661 7.602059991327962 7.698970004336018 7.778151250383643 7.845098040014256 7.903089986991943 7.954242509439324 8.0 8.041392685158224 8.079181246047623 8.113943352306837 8.146128035678238 8.176091259055681 8.204119982655925 8.230448921378272 8.255272505103306 8.278753600952827 8.301029995663981 8.47712125471966 8.60205999132796 8.698970004336019 8.778151250383644 8.845098040014257 8.903089986991942 8.954242509439323 8.999999999999998 9.004321373782641 9.008600171761916 9.012837224705171 9.017033339298779 9.021189299069936 9.02530586526477 9.02938377768521 9.033423755486949 9.041392685158224 9.079181246047623 9.146128035678236 9.204119982655923 9.255272505103305 9.301029995663981 9.361727836017593 9.414973347970816 9.462397997898954 9.477121254719663 9.505149978319904 9.544068044350274 9.57978359661681 9.60205999132796 9.612783856719734 9.653212513775342 9.698970004336017 9.778151250383642 9.845098040014257 9.903089986991944 9.954242509439325 10.0 10.041392685158225 10.079181246047623 10.113943352306835 10.146128035678236 
# total_gas_mass_list
8.923908740944318 8.912577543621136 8.906409922473546 8.901347185432662 8.896703105886782 8.892260753669632 8.88776925133423 8.883226516131733 8.878638288438339 8.874001669483079 8.869314289091042 8.864571963554967 8.85977265846782 8.85493222531092 8.850049298316527 8.8451202775463 8.840143866981558 8.835111422763239 8.830021961474358 8.82487396126807 8.819683221908416 8.832432132357997 8.832566780621672 8.83265870887494 8.832728378112385 8.832785033580535 8.832832786055802 8.832873833654034 8.83291024894923 8.832913597326039 8.832917001160506 8.832920300586265 8.832923626376143 8.832926819362884 8.832930049810328 8.832933296808147 8.832936372520292 8.83294264996556 8.832971835760318 8.833023013573662 8.833066804208757 8.83310507810072 8.833138908241894 8.833183811833376 8.833222800624037 8.833257315218159 8.833268052712555 8.833288383135331 8.833316545337917 8.833342334700971 8.833358375161064 8.833366072116014 8.833395097791346 8.833427958723135 8.833484431699917 8.83353205875539 8.83357322550566 8.833609449617198 8.83364187688197 8.833671081414906 8.83369782236528 8.833722363506544 8.833745050881934 
# ejected_gas_mass_list
-10.0 -10.0 -10.0 -10.0 -10.0 6.597819062319692 6.9305451758070395 7.116456787889879 7.246332066003556 7.346197535214557 7.4273179041879125 7.495555598617024 7.5544198374354865 7.606471175438878 7.653136266070781 7.695403281807819 7.734036520188077 7.769531270774566 7.802364069671404 7.832906000223767 7.861613154948099 7.965583908091675 7.966573876257844 7.967248638003168 7.967759414082219 7.968174398333938 7.968523905138041 7.968824144084601 7.969090350564168 7.969114821110334 7.969139695731339 7.9691638061782415 7.969188108110926 7.969211438531321 7.969235041567638 7.969258764412418 7.969281234797871 7.969327093132811 7.969540247920654 7.969913800821376 7.970233213856651 7.970512221334278 7.970758706242685 7.9710856855219765 7.971369422219408 7.971620465082278 7.971698539028565 7.971846331458833 7.972050985544889 7.972238323337365 7.97235480849958 7.972410693906412 7.972621385338116 7.972859809793492 7.973269289431336 7.973614369707314 7.973912451746036 7.974174599142025 7.9744091538201385 7.9746203042699415 7.974813565327461 7.974990862835369 7.975154712355614 
# stellar_mass_list
-10.0 7.454821665207646 7.601375376964093 7.689704322176413 7.755464917355557 7.808655603340855 7.853624931041604 7.8927476327863 7.9274654192707725 7.9587372165207135 7.987227204450848 8.013423346788358 8.037687329026932 8.060218091482119 8.081262301801724 8.101023427036646 8.11965889243277 8.137296764277995 8.154047332986769 8.169999047670217 8.185149193418207 8.024647644691967 7.985417337834526 7.960074065911319 7.9412936119046496 7.926391848668289 7.914048929747922 7.903529957632069 7.8943654157114 7.8935128747612895 7.892672588793983 7.891838829875629 7.891014231824344 7.890199930379736 7.889395578188994 7.888594157783296 7.887808642820124 7.8862643395697365 7.879003170731849 7.866414349823477 7.855770159530945 7.84655868221872 7.83844957204354 7.827869916526815 7.818725153213189 7.810690778420258 7.8082021666725 7.803518874894858 7.797046473559023 7.791171449314018 7.787516408653431 7.785779903551629 7.779195187588638 7.771849979183943 7.759233826955061 7.7487054507464395 7.739591258437673 7.731430056186454 7.724014782430969 7.717215341388872 7.7108850749091875 7.7049446269162685 7.699447038134602 
# remnant_mass_list
-10.0 -10.0 5.414683961242206 6.0467241728188945 6.349251615246998 6.545883379524027 6.689526576495404 6.802022376770874 6.894078214855524 6.971725361223441 7.038691918064044 7.09743520694124 7.149668801906312 7.196678938967218 7.239182119645036 7.277771226703142 7.312988870220296 7.345270869960397 7.374970673972599 7.402386551091624 7.4278035300479734 7.532905854521336 7.565340044718781 7.58458811993621 7.598020941936698 7.608199588488369 7.616323283949114 7.623034368708168 7.628728456053133 7.629250920328987 7.629764489596153 7.630273138635384 7.630775207409793 7.6312699026246005 7.631757459613849 7.632242558181696 7.632716580489455 7.633645393996809 7.637962906341471 7.645253366545478 7.651230591654755 7.656269902984805 7.660606373537116 7.666127598010478 7.670780101426743 7.67477793459079 7.676000356057902 7.678278021797193 7.6813826394023605 7.68415566757755 7.68586042203691 7.686664632722369 7.689684372919995 7.692991650814607 7.698534547162633 7.703028294591749 7.70682867737351 7.710168904117838 7.7131543205213875 7.715850600783989 7.718326922843104 7.720622656375118 7.722717500125853 
# BH_mass_list
-10.0 -10.0 -10.0 -10.0 -10.0 -10.0 -10.0 -10.0 -10.0 -10.0 -10.0 -10.0 -10.0 -10.0 -10.0 -10.0 -10.0 -10.0 -10.0 -10.0 -10.0 -10.0 -10.0 -10.0 -10.0 -10.0 -10.0 -10.0 -10.0 -10.0 -10.0 -10.0 -10.0 -10.0 -10.0 -10.0 -10.0 -10.0 -10.0 -10.0 -10.0 -10.0 -10.0 -10.0 -10.0 -10.0 -10.0 -10.0 -10.0 -10.0 -10.0 -10.0 -10.0 -10.0 -10.0 -10.0 -10.0 -10.0 -10.0 -10.0 -10.0 -10.0 -10.0 
# NS_mass_list
-10.0 -10.0 5.949937624296689 6.3758792109221725 6.615819117469536 6.779416263085621 6.89656511138066 6.987443574932995 7.06160202339614 7.1240708354025415 7.177866647064612 7.22502726207773 7.266977427154081 7.304613448707471 7.338448426375208 7.368999765907941 7.396692607395639 7.421830685653943 7.444724847146709 7.46562233784595 7.4847131143833145 7.5179350230081505 7.5179350230081505 7.5179350230081505 7.5179350230081505 7.5179350230081505 7.5179350230081505 7.5179350230081505 7.5179350230081505 7.5179350230081505 7.5179350230081505 7.5179350230081505 7.5179350230081505 7.5179350230081505 7.5179350230081505 7.5179350230081505 7.5179350230081505 7.5179350230081505 7.5179350230081505 7.5179350230081505 7.5179350230081505 7.5179350230081505 7.5179350230081505 7.5179350230081505 7.5179350230081505 7.5179350230081505 7.5179350230081505 7.5179350230081505 7.5179350230081505 7.5179350230081505 7.5179350230081505 7.5179350230081505 7.5179350230081505 7.5179350230081505 7.5179350230081505 7.5179350230081505 7.5179350230081505 7.5179350230081505 7.5179350230081505 7.5179350230081505 7.5179350230081505 7.5179350230081505 7.5179350230081505 
# WD_mass_list
-10.0 -10.0 -10.0 -10.0 -10.0 4.015850655931237 5.126704266346766 5.5362335587370035 5.791187188790493 5.975533857325449 6.119768826561218 6.237422508018786 6.336098175501576 6.42076750862163 6.494752008020767 6.560315860781152 6.619076086922417 6.6725001456091135 6.721277221344621 6.766048296612957 6.807315074639331 7.066958414653677 7.155702820589855 7.203517104145645 7.235144422820974 7.2582678812428085 7.276245562363595 7.290797934939799 7.3029436669347305 7.304049144140075 7.305134356905355 7.306207767542489 7.30726592538508 7.30830721997316 7.3093322091394635 7.310350773399025 7.311344874265987 7.31328930349542 7.322268815414721 7.337217520442768 7.34928125215098 7.359323063116497 7.3678731635657595 7.378641212056366 7.387615633845489 7.395256865502359 7.397580624015701 7.401894724099321 7.407742857881341 7.412935428878148 7.4161133622987805 7.417608809650953 7.423202984781312 7.429292162066943 7.439411247793567 7.447537889501617 7.454358208713831 7.460313956860366 7.465606985247988 7.4703634120923885 7.474712086702648 7.478726995509335 7.48237679462588 
