# time_axis
5.999999999999999 7.0 7.30102999566398 7.477121254719661 7.602059991327962 7.698970004336018 7.778151250383643 7.845098040014256 7.903089986991943 7.954242509439324 8.0 8.041392685158224 8.079181246047623 8.113943352306837 8.146128035678238 8.176091259055681 8.204119982655925 8.230448921378272 8.255272505103306 8.278753600952827 8.301029995663981 8.47712125471966 8.60205999132796 8.698970004336019 8.778151250383644 8.845098040014257 8.903089986991942 8.954242509439323 8.999999999999998 9.004321373782641 9.008600171761916 9.012837224705171 9.017033339298779 9.021189299069936 9.02530586526477 9.02938377768521 9.033423755486949 9.041392685158224 9.079181246047623 9.146128035678236 9.204119982655923 9.255272505103305 9.301029995663981 9.361727836017593 9.414973347970816 9.462397997898954 9.477121254719663 9.505149978319904 9.544068044350274 9.57978359661681 9.60205999132796 9.612783856719734 9.653212513775342 9.698970004336017 9.778151250383642 9.845098040014257 9.903089986991944 9.954242509439325 10.0 10.041392685158225 10.079181246047623 10.113943352306835 10.146128035678236 
# total_gas_mass_list
9.453229649315682 11.122548978036122 11.472181918885584 11.600539636883815 11.654209380316734 11.676962174271665 11.61898944782414 11.55550112902793 11.486251101768985 11.41503544609801 11.342987157093367 11.34013051833644 11.337102849213212 11.334020465329749 11.330932410653197 11.330012363979055 11.329174234311248 11.328436756412524 11.325572765014867 11.322412341713454 11.319203742378788 11.331615954021702 11.343033788804968 11.346655263109012 11.34899794532201 11.350546888677437 11.35161070453232 11.352403528241682 11.353018661123675 11.353072707647229 11.353125552235007 11.353177247169363 11.353227804100776 11.353277263088616 11.353325683154425 11.353373149172244 11.353419604834603 11.353509779899957 11.353910743734366 11.354527911123611 11.354982923053448 11.355334172839019 11.355614185092362 11.355947017453483 11.356218101154798 11.356446077485161 11.35651457273101 11.356641928458101 11.35681282574913 11.356961919735673 11.35705081829839 11.357092261754575 11.357242742541642 11.35740108896908 11.35764943375515 11.35783663489739 11.3579849171704 11.358106383145046 11.358208418491252 11.358295190403368 11.358370936731333 11.358437528050082 11.358496538111352 
# ejected_gas_mass_list
-10.0 -10.0 -10.0 -10.0 -10.0 -10.0 -10.0 6.906483415900247 -10.0 -10.0 -10.0 -10.0 -10.0 -10.0 -10.0 -10.0 -10.0 -10.0 -10.0 -10.0 -10.0 -10.0 9.421822015319323 9.651870481905162 9.754937103461122 9.811959807965932 9.847294274935926 9.871927137642993 9.890149714469521 9.891716033913005 9.893242264917603 9.894730299051995 9.896180831555814 9.89759535279923 9.898975867563532 9.900325083815924 9.90164167665076 9.904186376190156 9.91533047968818 9.93196266149832 9.943843891429779 9.952806649016386 9.959826532510146 9.968031384304084 9.974605891247679 9.980062025383042 9.981688567092181 9.984697433204508 9.988703889018083 9.992170532168863 9.994225016955838 9.995179625018507 9.99862902132235 10.002230651417879 10.007822440322984 10.01199250117894 10.015268685967019 10.017934917173752 10.02016262789786 10.022048555600241 10.023688487706105 10.025125348623577 10.026394849033707 
# stellar_mass_list
-10.0 7.576045435458247 9.247137495238793 9.631070143537102 9.797071979490324 9.885314246212722 9.939118968760846 9.931443353195691 10.102355349804728 10.21569144745796 10.294505425805523 10.352126163912478 10.403188562442859 10.448868876861427 10.49010517943532 10.49670648941618 10.5009341150741 10.504326678598598 10.537165328769325 10.569398205888245 10.599741465418083 10.427267565300298 10.143090168900617 10.016047412624738 9.943603212035047 9.892693783638816 9.853705043206483 9.822300571486425 9.796138213415073 9.793749076198825 9.791397326410795 9.78908168208984 9.786801611647718 9.784556627061981 9.78234341599215 9.780161481488856 9.778010276048215 9.773796539860696 9.75436328624219 9.721893552467368 9.695529997345242 9.673424855937713 9.654485417230738 9.63045654662748 9.610292163500592 9.592986873765946 9.58772271868108 9.57786839737896 9.564475418640871 9.552521635545379 9.545167516758276 9.541695485643823 9.528707521645257 9.514462804464635 9.49061199692505 9.471278025344217 9.455013638719613 9.440938298359635 9.428520008168244 9.417576503328622 9.407608698810703 9.398585703725841 9.390383270645794 
# remnant_mass_list
-10.0 -10.0 5.474780802243653 7.170990123315786 7.8683716438140445 8.274868582503387 8.542446891594672 8.734224445305967 8.84993360651441 8.896421911550227 8.923973233820591 8.942905275683097 8.957008598439398 8.968071042294442 8.977064352432004 8.994660745963424 9.02921758531288 9.066917246863008 9.096690110937589 9.111583468159738 9.121634737370014 9.162978445416869 9.243990563670101 9.27325733034395 9.255075354795645 9.307074957031952 9.340830297200984 9.364960304479249 9.383289634797698 9.384891102472206 9.386455833912935 9.387985548068116 9.389481093505598 9.390943316028011 9.392375415997844 9.393778234478209 9.395152513079966 9.397819484493626 9.40969742934993 9.428121012983382 9.441901352791213 9.452728930517125 9.461517312054573 9.472068264187223 9.480444286921907 9.487308666131812 9.48934139875314 9.493075253699672 9.498014012936611 9.502287576033769 9.504861822291067 9.506058807712277 9.510462983696126 9.515137722613808 9.522644959524566 9.528444406504297 9.533142362379657 9.537086037625595 9.540476559775692 9.543386917489874 9.545989707017354 9.548298966655702 9.550359173056489 
# BH_mass_list
-10.0 -10.0 -10.0 -10.0 -10.0 -10.0 -10.0 -10.0 -10.0 -10.0 -10.0 -10.0 -10.0 -10.0 -10.0 -10.0 -10.0 -10.0 -10.0 -10.0 -10.0 -10.0 -10.0 -10.0 -10.0 -10.0 -10.0 -10.0 -10.0 -10.0 -10.0 -10.0 -10.0 -10.0 -10.0 -10.0 -10.0 -10.0 -10.0 -10.0 -10.0 -10.0 -10.0 -10.0 -10.0 -10.0 -10.0 -10.0 -10.0 -10.0 -10.0 -10.0 -10.0 -10.0 -10.0 -10.0 -10.0 -10.0 -10.0 -10.0 -10.0 -10.0 -10.0 
# NS_mass_list
-10.0 -10.0 6.053403900731326 7.736662428111157 8.302160520022914 8.635312528001945 8.859737314605002 9.022007025649476 9.080737626942968 9.100988606311523 9.107963597287892 9.107963597287892 9.107963597287892 9.107963597287892 9.107963597287892 9.136137833946997 9.17564484462073 9.216311968562504 9.234657728951252 9.241273145957432 9.24355695117181 9.24355695117181 9.299747681656614 9.391922256808051 9.446685961165327 9.478075845591308 9.499014790651579 9.514226575722093 9.525907795757284 9.52693208288349 9.527934247242356 9.528914879847834 9.529874644181119 9.53081423339861 9.531734572795443 9.53263615825849 9.533519613521124 9.535234643280445 9.542901182131489 9.554862373184642 9.563863937718523 9.570954395243968 9.576728055464308 9.579295603940718 9.579295603940718 9.579295603940718 9.579295603940718 9.579295603940718 9.579295603940718 9.579295603940718 9.579295603940718 9.579295603940718 9.579295603940718 9.579295603940718 9.579295603940718 9.579295603940718 9.579295603940718 9.579295603940718 9.579295603940718 9.579295603940718 9.579295603940718 9.579295603940718 9.579295603940718 
# WD_mass_list
-10.0 -10.0 -10.0 -10.0 -10.0 3.8949484053324697 5.664258997725182 6.733366625014172 7.270430543712914 7.61411927693178 7.859108741626699 8.04019232558478 8.141880286519006 8.209528925710602 8.258747006712294 8.296647062824723 8.326992106826038 8.351999655194433 8.374168054715451 8.404703393222272 8.43934425296282 8.609771502616246 8.666153066316692 8.697960293120959 8.71927142037325 8.73490714750712 8.747053495420017 8.75686654160284 8.765006295031444 8.765754242375909 8.766486109869955 8.767205026827435 8.767910120889306 8.768600365841248 8.769283305747768 8.769959139828737 8.770626934200092 8.771939199396748 8.777933768983768 8.787839809078758 8.795732776593058 8.802311853200592 8.807852588368153 8.839646273234395 8.874489355752337 8.901553274390281 8.909332866171631 8.923361044269313 8.941422052253614 8.956623939252308 8.965600407948857 8.969729766462258 8.984688567504035 9.000180382788956 9.024284362678685 9.042298437368597 9.05653058664539 9.06824221483696 9.078146997922437 9.086532564195004 9.093943697287182 9.100451225938562 9.106204422463147 
