# time_axis
1000000 10000000 20000000 30000000 40000000 50000000 60000000 70000000 80000000 90000000 100000000 110000000 120000000 130000000 140000000 150000000 200000000 300000000 400000000 500000000 600000000 700000000 800000000 900000000 1000000000 1010000000 1020000000 1030000000 1040000000 1050000000 1060000000 1070000000 1080000000 1100000000 1200000000 1400000000 1600000000 1800000000 2000000000 2300000000 2600000000 2900000000 3000000000 3200000000 3500000000 3800000000 4000000000 4100000000 4500000000 5000000000 6000000000 7000000000 8000000000 9000000000 10000000000 11000000000 12000000000 13000000000 14000000000 
# SNIa_energy_release_list
0 0.0 0.0 0.0 0.0 0.0 4.36190272049827e+53 1.9766722170216254e+55 7.343773407431429e+55 1.3769927349415687e+56 2.011300673867431e+56 2.5949941982911993e+56 3.1198030346738897e+56 3.5902476241018914e+56 4.014105828606258e+56 4.398905421529581e+56 5.919200619339175e+56 7.904408058316435e+56 9.243435153965799e+56 1.0255624007262524e+57 1.1069719030017219e+57 1.1750748335674736e+57 1.233617498992774e+57 1.2849561565258775e+57 1.3306739061492115e+57 1.3349803467500846e+57 1.3392437591265546e+57 1.3434660407845118e+57 1.3476453157671418e+57 1.3517833945326018e+57 1.3558810142311362e+57 1.3599378473895801e+57 1.3639554051094742e+57 1.3718772969297763e+57 1.4093830410886298e+57 1.4755919674917362e+57 1.5327317174472907e+57 1.5829886062171925e+57 1.6278495440555773e+57 1.687231996834519e+57 1.739216463268692e+57 1.7854435290230777e+57 1.7997871515776e+57 1.827062175018575e+57 1.8649079413087887e+57 1.8996147610176248e+57 1.921247411926332e+57 1.9316566484553285e+57 1.9708844957210947e+57 2.0152461632955872e+57 2.0919471236914806e+57 2.1567223226764e+57 2.2127930879151334e+57 2.2622316253887185e+57 2.3064112607068635e+57 2.34639676980995e+57 2.382876795156213e+57 2.4164261884661648e+57 2.4474818582262578e+57 
# SNII_energy_release_list
0 0.0 6.5244926748084065e+53 2.959777003689113e+55 1.1119315111101175e+56 2.0866297505718407e+56 2.991521359474077e+56 3.646547944183816e+56 3.961560233393066e+56 4.100462220399567e+56 4.157620484377418e+56 4.179934088134432e+56 4.188307120100897e+56 4.191423853597658e+56 4.192572611123408e+56 4.19302791839717e+56 4.193376755158719e+56 4.193376755158719e+56 4.193376755158719e+56 4.193376755158719e+56 4.193376755158719e+56 4.193376755158719e+56 4.193376755158719e+56 4.193376755158719e+56 4.193376755158719e+56 4.193376755158719e+56 4.193376755158719e+56 4.193376755158719e+56 4.193376755158719e+56 4.193376755158719e+56 4.193376755158719e+56 4.193376755158719e+56 4.193376755158719e+56 4.193376755158719e+56 4.193376755158719e+56 4.193376755158719e+56 4.193376755158719e+56 4.193376755158719e+56 4.193376755158719e+56 4.193376755158719e+56 4.193376755158719e+56 4.193376755158719e+56 4.193376755158719e+56 4.193376755158719e+56 4.193376755158719e+56 4.193376755158719e+56 4.193376755158719e+56 4.193376755158719e+56 4.193376755158719e+56 4.193376755158719e+56 4.193376755158719e+56 4.193376755158719e+56 4.193376755158719e+56 4.193376755158719e+56 4.193376755158719e+56 4.193376755158719e+56 4.193376755158719e+56 4.193376755158719e+56 4.193376755158719e+56 
# SN_energy_per_current_crossing_time_list
0.0 0.0 2.216646332996862e+54 5.907890863664126e+55 1.5104423613022719e+56 1.7686197845761848e+56 1.649305220893004e+56 1.2203273575845856e+56 6.249651693219059e+55 3.0733319071349206e+55 1.5412000785802551e+55 8.489045810760621e+54 5.4290899471809755e+54 4.0450344588446366e+54 3.341909456325844e+54 2.935462388037146e+54 2.3156669008019927e+54 1.551678082268382e+54 1.0707568230764296e+54 8.241019265588011e+53 6.72815574736363e+53 5.700971668203282e+53 4.956212659649341e+53 4.390249415673809e+53 3.945282983647228e+53 3.7195619051299296e+53 3.6855183735308237e+53 3.6529970453610297e+53 3.6187750971046317e+53 3.5860632878281235e+53 3.5539403289546566e+53 3.5214886232909502e+53 3.4902913543477534e+53 3.446613537507598e+53 3.2885394520067694e+53 2.94274995862046e+53 2.5701199697723617e+53 2.284792662581114e+53 2.0590736154097963e+53 1.8399444440883918e+53 1.628620423638233e+53 1.4626355400831306e+53 1.365854187436978e+53 1.3060277901428139e+53 1.217974417441408e+53 1.1249416196048859e+53 1.0564679546894822e+53 1.0187453305616054e+53 9.675623976987965e+52 8.828043732545277e+52 7.744096234540848e+52 6.617783329173616e+52 5.788623214625812e+52 5.153502593566744e+52 4.647776847828922e+52 4.2396849037572985e+52 3.898993155633601e+52 3.6119109984789203e+52 3.365977654275777e+52 
# SN_energy_per_final_crossing_time_list
0.0 0.0 1.885757348533044e+54 8.36599166664931e+55 2.3583303275207584e+56 2.81714526979853e+56 2.6158577257387726e+56 1.9141579545942609e+56 9.68643402892816e+55 4.7111489638273824e+55 2.339527087750816e+55 1.2775622511675267e+55 8.108191500683468e+54 5.99974861735357e+54 4.926021714372437e+54 4.302257690970905e+54 3.315717280195708e+54 2.1516727638849146e+54 1.4513083495682252e+54 1.0970637852679412e+54 8.823592201417348e+53 7.381355618663477e+53 6.345163545515383e+53 5.564355088519279e+53 4.955131376160613e+53 4.667547969174163e+53 4.620911705018693e+53 4.576332058053703e+53 4.529719149925347e+53 4.485068512053364e+53 4.441216836583322e+53 4.397010228384129e+53 4.354441431916264e+53 4.293082559918676e+53 4.065070813829633e+53 3.5880367177401174e+53 3.0965540754244836e+53 2.7235536357727643e+53 2.431132792825832e+53 2.1453947127217155e+53 1.8781170903584777e+53 1.6701112502592827e+53 1.554637635345062e+53 1.4781056105275e+53 1.3673080699475758e+53 1.2539028621116587e+53 1.1723305297222696e+53 1.1282080800491898e+53 1.062930362973423e+53 9.616304070442976e+52 8.313255542336627e+52 7.020678478964443e+52 6.077245936400601e+52 5.358410032103125e+52 4.7884224170244093e+52 4.333840846954773e+52 3.9538979867931057e+52 3.636260594866307e+52 3.365977654275777e+52 
# total_energy_release_list
0 0 6.5244926748084065e+53 2.959777003689113e+55 1.1119315111101175e+56 2.0866297505718407e+56 2.995883262194575e+56 3.844215165885979e+56 4.695937574136209e+56 5.477454955341136e+56 6.168921158244849e+56 6.774928286425631e+56 7.308110154774787e+56 7.781671477699549e+56 8.206678439729666e+56 8.59193333992675e+56 1.0112577374497894e+57 1.2097784813475154e+57 1.3436811909124518e+57 1.4449000762421243e+57 1.5263095785175937e+57 1.5944125090833455e+57 1.652955174508646e+57 1.7042938320417495e+57 1.7500115816650836e+57 1.7543180222659563e+57 1.7585814346424265e+57 1.7628037163003836e+57 1.766982991283014e+57 1.7711210700484737e+57 1.775218689747008e+57 1.7792755229054518e+57 1.783293080625346e+57 1.791214972445648e+57 1.8287207166045017e+57 1.894929643007608e+57 1.9520693929631627e+57 2.0023262817330644e+57 2.047187219571449e+57 2.106569672350391e+57 2.158554138784564e+57 2.2047812045389495e+57 2.2191248270934718e+57 2.246399850534447e+57 2.2842456168246605e+57 2.3189524365334966e+57 2.340585087442204e+57 2.3509943239712004e+57 2.3902221712369666e+57 2.434583838811459e+57 2.5112847992073524e+57 2.5760599981922717e+57 2.6321307634310053e+57 2.6815693009045904e+57 2.7257489362227354e+57 2.7657344453258217e+57 2.802214470672085e+57 2.8357638639820367e+57 2.8668195337421297e+57 
# binding_energy_list
8.933054837332963e+54 8.933054837332963e+54 8.933054837332963e+54 8.933054837332963e+54 8.912509381337514e+54 8.871560120379617e+54 8.85115609830841e+54 8.830799004185586e+54 8.790225168308896e+54 8.770008211436303e+54 8.749837752274363e+54 8.729713683881166e+54 8.729713683881166e+54 8.709635899560761e+54 8.68960429286302e+54 8.669618757582214e+54 8.609937521846052e+54 8.51138038202376e+54 8.452788451602891e+54 8.394599865193965e+54 8.336811846196331e+54 8.298507675144166e+54 8.260379495771817e+54 8.222426499470695e+54 8.20351544329821e+54 8.20351544329821e+54 8.20351544329821e+54 8.184647881347836e+54 8.184647881347836e+54 8.184647881347836e+54 8.184647881347836e+54 8.184647881347836e+54 8.184647881347836e+54 8.165823713585906e+54 8.147042840208421e+54 8.090958991783846e+54 8.053784411990643e+54 8.016780633876855e+54 7.979946872679785e+54 7.94328234724279e+54 7.90678627999831e+54 7.870457896951001e+54 7.852356346100775e+54 7.834296427662088e+54 7.816278045883308e+54 7.798301105232642e+54 7.780365510398008e+54 7.762471166286928e+54 7.744617978025239e+54 7.709034690644309e+54 7.673614893618154e+54 7.638357835776954e+54 7.603262769401822e+54 7.568328950209705e+54 7.533555637337217e+54 7.516228940182015e+54 7.481695005111584e+54 7.464487584100623e+54 7.447319739059888e+54 
# total_gas_kinetic_energy_list
3.555417159551863e+57 1.5234538434556997e+59 3.0398144380308977e+59 1.601670860773732e+59 7.532226535276644e+58 3.23991910390742e+58 1.3055965101204388e+58 5.0154718347054174e+57 1.86130856947307e+57 6.759553128032779e+56 2.447346403915368e+56 9.156605578109207e+55 3.796006318269721e+55 1.9218664557972632e+55 1.249651866315308e+55 9.889997099180674e+54 3.651923932427117e+55 7.579913191511434e+55 1.0510387147509884e+56 1.2826389515615506e+56 1.47457340085039e+56 1.63843591569708e+56 1.7849691514937083e+56 1.9172854824052049e+56 2.038113637354088e+56 2.049813693131508e+56 2.061161608705736e+56 2.072308575959552e+56 2.0833963877278794e+56 2.0945004840435956e+56 2.105621854946353e+56 2.116792792536406e+56 2.127967033781905e+56 2.149514061328416e+56 2.252539450085797e+56 2.439446155150781e+56 2.6030888784295044e+56 2.751102968065008e+56 2.8844606735110215e+56 3.057882812993403e+56 3.2111453453056384e+56 3.3476836668276807e+56 3.391697917110744e+56 3.470365711722718e+56 3.581616770729908e+56 3.6780719107055503e+56 3.7379490600459763e+56 3.7645595055888935e+56 3.8707664474288203e+56 3.9807164533645424e+56 4.164867477828877e+56 4.3107598221652856e+56 4.440916326887375e+56 4.563033801505051e+56 4.679518655246312e+56 4.7801417696094235e+56 4.882183297032146e+56 4.976281947291664e+56 5.064324046885695e+56 
