# time_axis
5.999999999999999 7.0 7.30102999566398 7.477121254719661 7.602059991327962 7.698970004336018 7.778151250383643 7.845098040014256 7.903089986991943 7.954242509439324 8.0 8.041392685158224 8.079181246047623 8.113943352306837 8.146128035678238 8.176091259055681 8.301029995663981 8.47712125471966 8.60205999132796 8.698970004336019 8.778151250383644 8.845098040014257 8.903089986991942 8.954242509439323 8.999999999999998 9.004321373782641 9.008600171761916 9.012837224705171 9.017033339298779 9.021189299069936 9.02530586526477 9.02938377768521 9.033423755486949 9.041392685158224 9.079181246047623 9.146128035678236 9.204119982655923 9.255272505103305 9.301029995663981 9.361727836017593 9.414973347970816 9.462397997898954 9.477121254719663 9.505149978319904 9.544068044350274 9.57978359661681 9.60205999132796 9.612783856719734 9.653212513775342 9.698970004336017 9.778151250383642 9.845098040014257 9.903089986991944 9.954242509439325 10.0 10.041392685158225 10.079181246047623 10.113943352306835 10.146128035678236 
# total_gas_mass_list
8.7873673767305 10.425853467292905 10.725948685105575 10.447711558162386 10.120085442681372 9.753730300719704 9.359049080027829 8.943603716987901 8.513180426139913 8.07334626783111 7.632076486167737 7.204611179872553 6.820541768733238 6.521616875868452 6.330570236388466 6.2254258701308185 6.788256661913103 7.1003184760067315 7.240699562337805 7.32865710531553 7.39139677456346 7.439142567700308 7.477592631289922 7.509406358910819 7.536408522872362 7.538928340757917 7.541356986790651 7.543729018360166 7.546074168254935 7.5484076456976394 7.5507327802049256 7.553054416743342 7.555361215951817 7.559770613975706 7.580239213449808 7.614845044672929 7.642800721803718 7.666352142688781 7.686451068434915 7.711182503599609 7.7317961331592535 7.749411784857302 7.754944198346156 7.764562953560778 7.777814716260183 7.78897029774712 7.795745059406551 7.798727973219733 7.810381417551191 7.822105152640327 7.840967598816336 7.855283337146009 7.867685895937811 7.878955851473551 7.8894456925176435 7.898230167309173 7.907097823131812 7.915065916769922 7.922361939630926 
# ejected_gas_mass_list
-10.0 -10.0 4.0635336301708085 5.7250640558139025 6.349598265956015 6.6644962599801865 6.838557760261654 6.950388167005266 7.0316756323611465 7.094781112577121 7.145874904407526 7.188155579796912 7.223768523037022 7.254277815884809 7.280819695913289 7.304221462247716 7.390894625307879 7.4921304304185545 7.5546400169898575 7.599556094739313 7.634301865349628 7.662232540148518 7.685643325293692 7.705620809484126 7.723000275954974 7.724641685505321 7.726226844924943 7.7277780218759595 7.729314499501906 7.730846166934185 7.732375168468437 7.733904663973853 7.735427145366627 7.738344976846778 7.752020146819427 7.775621242745441 7.795117973738194 7.811834412352088 7.826306220553968 7.844367830626979 7.85963162379948 7.872822950102625 7.876993426834412 7.8842752794503665 7.894371208968647 7.902926616940564 7.908147170964261 7.910451678544314 7.919489084948795 7.928635525935753 7.943464040389121 7.954809182012136 7.96470032610018 7.9737374150289115 7.98219038798436 7.989299434799032 7.996503438914178 8.003000045958373 8.008967895068178 
# stellar_mass_list
-10.0 6.644699873161771 8.290862374342337 8.728437831454825 8.804998916989884 8.816991069786022 8.809603302387334 8.797533582821764 8.78569710474906 8.775360478545114 8.76656421582344 8.759039460644464 8.752503019197128 8.746731534876316 8.741562584936103 8.736877864941667 8.718278232105273 8.69367931135368 8.67677688137513 8.663801685468346 8.653229776742887 8.6442792952523 8.636506013966203 8.629614345640626 8.623419093651753 8.622822415418467 8.622246098643604 8.621682029300153 8.621122138848229 8.620562416385763 8.620001195317549 8.619437692048502 8.61887407006416 8.617789934338589 8.61264815413095 8.60343683032491 8.595416251458033 8.588205835456648 8.581765864587483 8.573194028604515 8.56552834094113 8.558639019229636 8.556406634760473 8.552359881084511 8.54650172050716 8.541218809648408 8.537826868218957 8.536283919853135 8.52996212506655 8.523083800579345 8.510557348560022 8.49991026022467 8.490601043910988 8.482048374459524 8.473947776959847 8.467013137844527 8.460082294794653 8.453829383205843 8.448114365952133 
# remnant_mass_list
-10.0 -10.0 5.266082128858162 6.918185634032682 7.43834554694603 7.641547900376226 7.745831159546914 7.806648661686238 7.84561111689712 7.872848537860942 7.893311902893093 7.909571634269943 7.9230334333096755 7.934508893872093 7.9445095789506235 7.953363892014302 7.986636442877915 8.026619308257967 8.051752738394457 8.06989218028708 8.083987891506178 8.095471241259764 8.105125671683867 8.113448341012655 8.120747067976728 8.121441427401562 8.122110154841653 8.122763034421705 8.123409762178241 8.124055094901134 8.124700969958102 8.125348394835196 8.125994799265472 8.12723342010187 8.133040105020742 8.143172843403287 8.151722281937698 8.159202264447615 8.16572066398273 8.174168742894993 8.18151374463875 8.18795055055132 8.190005511670414 8.193686094606234 8.198929586014287 8.203566618607082 8.206502392864085 8.20782470625518 8.213182352658233 8.218878100897843 8.228933763813245 8.237160637503598 8.24412379724257 8.25034405036827 8.256086588547827 8.260878612789366 8.26557288158362 8.26971821946165 8.273434300712966 
# BH_mass_list
-10.0 -10.0 5.03216758697228 6.680524502716114 7.150471976620538 7.28028081073325 7.3300831833101245 7.349866648229469 7.357591652459258 7.360520535803725 7.3615717237124905 7.361927176247903 7.362033147551789 7.362049288954496 7.362054873500356 7.362057679313683 7.362059486528704 7.362059486528704 7.362059486528704 7.362059486528704 7.362059486528704 7.362059486528704 7.362059486528704 7.362059486528704 7.362059486528704 7.362059486528704 7.362059486528704 7.362059486528704 7.362059486528704 7.362059486528704 7.362059486528704 7.362059486528704 7.362059486528704 7.362059486528704 7.362059486528704 7.362059486528704 7.362059486528704 7.362059486528704 7.362059486528704 7.362059486528704 7.362059486528704 7.362059486528704 7.362059486528704 7.362059486528704 7.362059486528704 7.362059486528704 7.362059486528704 7.362059486528704 7.362059486528704 7.362059486528704 7.362059486528704 7.362059486528704 7.362059486528704 7.362059486528704 7.362059486528704 7.362059486528704 7.362059486528704 7.362059486528704 7.362059486528704 
# NS_mass_list
-10.0 -10.0 4.885634647240861 6.542934477848596 7.1237480835244105 7.393377033485167 7.534181992298782 7.607586056810802 7.638419086452465 7.651195862844979 7.656293895659291 7.658244586272493 7.658959858390189 7.659211135536198 7.65929465504203 7.659323230209591 7.659341232401446 7.659341232401446 7.659341232401446 7.659341232401446 7.659341232401446 7.659341232401446 7.659341232401446 7.659341232401446 7.659341232401446 7.659341232401446 7.659341232401446 7.659341232401446 7.659341232401446 7.659341232401446 7.659341232401446 7.659341232401446 7.659341232401446 7.659341232401446 7.659341232401446 7.659341232401446 7.659341232401446 7.659341232401446 7.659341232401446 7.659341232401446 7.659341232401446 7.659341232401446 7.659341232401446 7.659341232401446 7.659341232401446 7.659341232401446 7.659341232401446 7.659341232401446 7.659341232401446 7.659341232401446 7.659341232401446 7.659341232401446 7.659341232401446 7.659341232401446 7.659341232401446 7.659341232401446 7.659341232401446 7.659341232401446 7.659341232401446 
# WD_mass_list
-10.0 -10.0 -10.0 -10.0 -10.0 3.2557073376546053 5.003990818301538 6.0706088933288225 6.580672442244623 6.838292988289244 6.995932742187108 7.102705348687865 7.180232701141305 7.239528957760615 7.28675914032815 7.325576932558729 7.451980969358518 7.575925917314426 7.643437672626522 7.68845081453773 7.721632526782774 7.747640668204029 7.768860420615622 7.786714531715923 7.802058608901005 7.803503706802861 7.804893103901269 7.806247355370526 7.807586695069088 7.808921021616672 7.810254354918915 7.81158877438943 7.812918989600454 7.815462078159531 7.827283831555125 7.847532462803096 7.864261401434268 7.878645899809124 7.890998816679397 7.906767752002761 7.920266812937818 7.931942668582357 7.935640856461064 7.942229926956792 7.951541795969824 7.959704997599771 7.964839321959748 7.967143447930588 7.9764264218086085 7.986204633228074 8.003248645197207 8.016993785658913 8.028493757259508 8.038666906901193 8.047977807707264 8.055689759753973 8.06319471614981 8.069782123963904 8.075656210073983 
