# time_axis
1000000 10000000 20000000 30000000 40000000 50000000 60000000 70000000 80000000 90000000 100000000 110000000 120000000 130000000 140000000 150000000 200000000 300000000 400000000 500000000 600000000 700000000 800000000 900000000 1000000000 1010000000 1020000000 1030000000 1040000000 1050000000 1060000000 1070000000 1080000000 1100000000 1200000000 1400000000 1600000000 1800000000 2000000000 2300000000 2600000000 2900000000 3000000000 3200000000 3500000000 3800000000 4000000000 4100000000 4500000000 5000000000 6000000000 7000000000 8000000000 9000000000 10000000000 11000000000 12000000000 13000000000 14000000000 
# SNIa_energy_release_list
0 0.0 0.0 0.0 0.0 0.0 3.3135111371970488e+53 4.08966386389501e+54 8.429219955021384e+54 1.2472582818047145e+55 1.6066755924078286e+55 1.924652177207043e+55 2.208013640813732e+55 2.463017903310259e+55 2.694675399188507e+55 2.906874028709032e+55 3.762272733966971e+55 4.910464293611032e+55 5.698375022399227e+55 6.299009265065345e+55 6.784569177359422e+55 7.192077704708094e+55 7.543251434533136e+55 7.851764105641323e+55 8.126882067448027e+55 8.152811144557488e+55 8.178508241656809e+55 8.203935389189429e+55 8.229109382956694e+55 8.254043499276113e+55 8.27872584958396e+55 8.303166668377273e+55 8.327380230286248e+55 8.375131632110012e+55 8.60131275969032e+55 9.000996241219898e+55 9.346312742440072e+55 9.650312069768156e+55 9.921863892080412e+55 1.02815425564741e+56 1.0596601056999452e+56 1.087690345843766e+56 1.0963970379444998e+56 1.1129366299843705e+56 1.1359000988950698e+56 1.1569652582505098e+56 1.1700970310732006e+56 1.1764166145721172e+56 1.2002365654801265e+56 1.2271790449546746e+56 1.2737733468888863e+56 1.313140226576788e+56 1.347221358368586e+56 1.3772825491086074e+56 1.4041455321355612e+56 1.4284529106220354e+56 1.4506380419720717e+56 1.4710423984417185e+56 1.489930845960603e+56 
# SNII_energy_release_list
0 0.0 4.2742404332695155e+53 5.370307155115259e+54 1.2028661636509372e+55 1.828723559053011e+55 2.3357972044145724e+55 2.5107637202744873e+55 2.5669219469865976e+55 2.584886216622468e+55 2.590647897677773e+55 2.5925610975690727e+55 2.5932031305552005e+55 2.593489603197047e+55 2.5935974769649095e+55 2.593651675126326e+55 2.5937307943017336e+55 2.5937307943017336e+55 2.5937307943017336e+55 2.5937307943017336e+55 2.5937307943017336e+55 2.5937307943017336e+55 2.5937307943017336e+55 2.5937307943017336e+55 2.5937307943017336e+55 2.5937307943017336e+55 2.5937307943017336e+55 2.5937307943017336e+55 2.5937307943017336e+55 2.5937307943017336e+55 2.5937307943017336e+55 2.5937307943017336e+55 2.5937307943017336e+55 2.5937307943017336e+55 2.5937307943017336e+55 2.5937307943017336e+55 2.5937307943017336e+55 2.5937307943017336e+55 2.5937307943017336e+55 2.5937307943017336e+55 2.5937307943017336e+55 2.5937307943017336e+55 2.5937307943017336e+55 2.5937307943017336e+55 2.5937307943017336e+55 2.5937307943017336e+55 2.5937307943017336e+55 2.5937307943017336e+55 2.5937307943017336e+55 2.5937307943017336e+55 2.5937307943017336e+55 2.5937307943017336e+55 2.5937307943017336e+55 2.5937307943017336e+55 2.5937307943017336e+55 2.5937307943017336e+55 2.5937307943017336e+55 2.5937307943017336e+55 2.5937307943017336e+55 
# SN_energy_per_current_crossing_time_list
0.0 0.0 3.4746519385685143e+53 3.632435160756804e+54 4.8446928139326574e+54 4.588618845162655e+54 3.7654640399862566e+54 1.414083210191468e+54 5.46353026648097e+53 2.5175152651684835e+53 1.4719248911690718e+53 1.0649705808528667e+53 8.719661966196477e+52 7.65978355291643e+52 6.871682452740144e+52 6.286622162822393e+52 5.139197782728334e+52 3.532946138698586e+52 2.4725908831344256e+52 1.9152697909394902e+52 1.5694846617021265e+52 1.3328200520747646e+52 1.1606876306511273e+52 1.0293768208363478e+52 9.259612869969719e+51 8.734041280354577e+51 8.662793391222859e+51 8.578592794087804e+51 8.49994571111837e+51 8.425689290640673e+51 8.347321264346588e+51 8.272322511578952e+51 8.201948414508122e+51 8.099680981175397e+51 7.729799954696138e+51 6.921635979227032e+51 6.051099101879268e+51 5.3840181269373824e+51 4.855528693848917e+51 4.342542609704683e+51 3.8472770153793535e+51 3.457839903478041e+51 3.2328484448466753e+51 3.088875623432682e+51 2.8834359598139337e+51 2.6650767201048204e+51 2.5038147580948685e+51 2.4150409427864107e+51 2.2953197172237633e+51 2.0959581107376434e+51 1.8412891677441217e+51 1.5759244917803723e+51 1.3799787632043405e+51 1.2301469606739084e+51 1.1104577408763925e+51 1.0135993401546197e+51 9.331901680464673e+50 8.651960798334389e+50 8.068036302305059e+50 
# SN_energy_per_final_crossing_time_list
0.0 0.0 4.868545805884184e+53 5.630158906260879e+54 7.584155428449998e+54 7.128788015173955e+54 5.789942799936407e+54 2.1534778003114765e+54 8.250270034086233e+53 3.77329579409776e+53 2.191500363696507e+53 1.5761311552163186e+53 1.2834842307776085e+53 1.1218590391049681e+53 1.00179216452795e+53 9.125614218866762e+52 7.325546584492093e+52 4.904400520978103e+52 3.365492244126037e+52 2.5655569995325223e+52 2.0740269921156483e+52 1.7406372804651242e+52 1.5000080857950973e+52 1.3177850788072258e+52 1.1751424785194369e+52 1.1075380080614354e+52 1.0976291834142382e+52 1.086098522137181e+52 1.0752852789263845e+52 1.0650391220868802e+52 1.0542851555736636e+52 1.0439683467120735e+52 1.0342612662815467e+52 1.0198298272393465e+52 9.661130415243237e+51 8.536066384461495e+51 7.374947212691336e+51 6.492533614282305e+51 5.799550117027612e+51 5.121120583699909e+51 4.485816735418104e+51 3.99095787370504e+51 3.718987908957717e+51 3.532371542700171e+51 3.269548765422988e+51 2.999266619161714e+51 2.804561352677636e+51 2.699355202894818e+51 2.5436212856138747e+51 2.301649219793597e+51 1.9902351376942538e+51 1.6815220738121014e+51 1.4557459433601297e+51 1.2840376528485402e+51 1.1474289881843105e+51 1.0382685599050416e+51 9.4761861674736e+50 8.715543644213517e+50 8.068036302305059e+50 
# total_energy_release_list
0 0 4.2742404332695155e+53 5.370307155115259e+54 1.2028661636509372e+55 1.828723559053011e+55 2.3689323157865428e+55 2.919730106663988e+55 3.409843942488736e+55 3.832144498427183e+55 4.197323490085602e+55 4.517213274776116e+55 4.801216771368933e+55 5.056507506507306e+55 5.288272876153416e+55 5.500525703835359e+55 6.356003528268705e+55 7.504195087912767e+55 8.29210581670096e+55 8.892740059367078e+55 9.378299971661156e+55 9.785808499009828e+55 1.013698222883487e+56 1.0445494899943057e+56 1.0720612861749762e+56 1.074654193885922e+56 1.0772239035958542e+56 1.0797666183491162e+56 1.0822840177258427e+56 1.0847774293577847e+56 1.0872456643885693e+56 1.0896897462679006e+56 1.092111102458798e+56 1.0968862426411745e+56 1.1195043553992055e+56 1.1594727035521631e+56 1.1940043536741805e+56 1.224404286406989e+56 1.2515594686382146e+56 1.2875273350775835e+56 1.3190331851301186e+56 1.3470634252739394e+56 1.3557701173746733e+56 1.3723097094145439e+56 1.3952731783252432e+56 1.4163383376806832e+56 1.429470110503374e+56 1.4357896940022906e+56 1.4596096449102999e+56 1.486552124384848e+56 1.5331464263190597e+56 1.5725133060069614e+56 1.6065944377987594e+56 1.6366556285387808e+56 1.6635186115657347e+56 1.6878259900522089e+56 1.710011121402245e+56 1.730415477871892e+56 1.7493039253907765e+56 
# binding_energy_list
3.499451670283548e+53 3.499451670283548e+53 3.499451670283548e+53 3.4914031547858552e+53 3.4833731503601304e+53 3.4673685045253095e+53 3.4593937782612313e+53 3.4514373933585365e+53 3.4514373933585365e+53 3.443499307633377e+53 3.435579478998757e+53 3.4276778654644765e+53 3.4276778654644765e+53 3.41979442513708e+53 3.41979442513708e+53 3.411929116219295e+53 3.396252725904075e+53 3.365115693754915e+53 3.3419504002611496e+53 3.31894457552611e+53 3.3036954103681354e+53 3.2885163087598533e+53 3.2734069487883862e+53 3.2583670100200737e+53 3.250872973854347e+53 3.250872973854347e+53 3.243396173493513e+53 3.243396173493513e+53 3.243396173493513e+53 3.243396173493513e+53 3.243396173493513e+53 3.243396173493513e+53 3.243396173493513e+53 3.235936569296268e+53 3.228494121712638e+53 3.2062693245054672e+53 3.1915378551007453e+53 3.1768740706497884e+53 3.1622776601683794e+53 3.1477483141012982e+53 3.1332857243156016e+53 3.1188895840939355e+53 3.111716337106033e+53 3.1045595881283368e+53 3.097419299216578e+53 3.0831879502493343e+53 3.076096814740705e+53 3.076096814740705e+53 3.061963433690657e+53 3.0549211132155093e+53 3.0338911841942657e+53 3.0199517204019946e+53 3.0060763026282415e+53 2.992264636608183e+53 2.9785164294291667e+53 2.9648313895243513e+53 2.958012466551522e+53 2.9444216337987693e+53 2.9376496519615546e+53 
# total_gas_kinetic_energy_list
3.90366938458508e+57 4.103550668867882e+58 1.4838026025979994e+58 4.769969016509277e+57 1.5276038911936545e+57 4.897673592183132e+56 1.575242289123917e+56 5.112313235907563e+55 1.7032928492363786e+55 6.104396587505239e+54 2.5771455083564353e+54 1.4121640797865983e+54 1.0044677855165865e+54 8.428416064531698e+53 7.638046554817656e+53 7.1386239574318156e+53 2.76994491246542e+54 5.9753230734376264e+54 8.466523919254066e+54 1.0490564171028246e+55 1.2205519728135351e+55 1.3697295781850826e+55 1.5043594468194287e+55 1.6272838774061088e+55 1.7414273459663063e+55 1.7522249719404954e+55 1.7627660604390862e+55 1.773280912554686e+55 1.7838409553793928e+55 1.7944605715921442e+55 1.8051449070690541e+55 1.815898441739204e+55 1.8265238345041915e+55 1.8465654009605036e+55 1.9450132736582856e+55 2.1251035001584823e+55 2.2853693047280935e+55 2.4309165165753273e+55 2.5624611748659794e+55 2.73751865392809e+55 2.893114784573108e+55 3.0321019850417755e+55 3.0772330343282e+55 3.1581016532042413e+55 3.2730752406141246e+55 3.3737770572357743e+55 3.4360326855542375e+55 3.4641060703232994e+55 3.57579118803939e+55 3.6921677879485895e+55 3.8889135947467827e+55 4.046160982505385e+55 4.1862789407035306e+55 4.3173780479089323e+55 4.4439367304646387e+55 4.5533135977614055e+55 4.663038633002164e+55 4.765229868449233e+55 4.8586129972231004e+55 
