# time_axis
5.999999999999999 7.0 7.30102999566398 7.477121254719661 7.602059991327962 7.698970004336018 7.778151250383643 7.845098040014256 7.903089986991943 7.954242509439324 8.0 8.041392685158224 8.079181246047623 8.113943352306837 8.146128035678238 8.176091259055681 8.301029995663981 8.47712125471966 8.60205999132796 8.698970004336019 8.778151250383644 8.845098040014257 8.903089986991942 8.954242509439323 8.999999999999998 9.004321373782641 9.008600171761916 9.012837224705171 9.017033339298779 9.021189299069936 9.02530586526477 9.02938377768521 9.033423755486949 9.041392685158224 9.079181246047623 9.146128035678236 9.204119982655923 9.255272505103305 9.301029995663981 9.361727836017593 9.414973347970816 9.462397997898954 9.477121254719663 9.505149978319904 9.544068044350274 9.57978359661681 9.60205999132796 9.612783856719734 9.653212513775342 9.698970004336017 9.778151250383642 9.845098040014257 9.903089986991944 9.954242509439325 10.0 10.041392685158225 10.079181246047623 10.113943352306835 10.146128035678236 
# total_gas_mass_list
8.834045203312508 9.856280844646275 9.414504161469615 8.92165751864146 8.427182804947474 7.933245285198478 7.440889608032664 6.952751068789008 6.475993137816502 6.030198642576488 5.653555658442092 5.3877491031289315 5.234793609750953 5.154620110475759 5.108876398210039 5.077349484583011 5.663181970443123 5.992383430974521 6.142792542462988 6.237987001279222 6.306269582320901 6.358525821856808 6.400626831121855 6.435571012016205 6.465503979591027 6.468223407648205 6.470861720318195 6.4734760102084605 6.476084047676361 6.4786904658410585 6.481294777924553 6.48389874440755 6.486455558404844 6.491236681217344 6.513930147275405 6.552349861304837 6.583614859627956 6.609961042886692 6.632324950762692 6.660301916288719 6.683651802713115 6.7034314273654045 6.709646914948884 6.720559511254174 6.735582880220853 6.748303328468497 6.755971000242916 6.759384845558776 6.772669422607572 6.7860591554308884 6.807682178716719 6.824140916797269 6.83829124955256 6.851115755964713 6.8631366313532105 6.873269485801195 6.8831755641301005 6.892234991779993 6.900334234284766 
# ejected_gas_mass_list
-10.0 -10.0 4.0903651566005035 5.190330111835356 5.543689284807165 5.723750854163525 5.837218696429512 5.916430787241963 5.976371442550152 6.025939133356782 6.0677622804834295 6.103443665425211 6.134340377411865 6.161466723122989 6.1855809947316756 6.20723423580701 6.290584169168023 6.3935111037083 6.459589754621307 6.508096450284661 6.5460852989339235 6.576931256219022 6.602877234192719 6.625137783838752 6.6447176064881806 6.646519475119881 6.648271232060504 6.650010562417699 6.651749221069787 6.653490273957656 6.655233381489106 6.656979710075608 6.658697768353605 6.6619193464169 6.677367177007797 6.704099329376128 6.726375949528377 6.7455008318125 6.761981374687463 6.782908152085467 6.8006302289925085 6.815819955946796 6.820626056561527 6.829101686068681 6.840847212807334 6.850860976274418 6.856927065135829 6.859635018213537 6.87021430519135 6.880943410280129 6.898406761769215 6.911809961035087 6.9234078813324915 6.9339774329911394 6.943934029555601 6.952363285468607 6.960635612271247 6.968227968770279 6.975037203019935 
# stellar_mass_list
-10.0 6.666554116018743 7.7232203929227605 7.805348405918436 7.810962950955318 7.802766064429934 7.793042612720422 7.784342406704716 7.776936127729935 7.770613535862775 7.765132574383612 7.760298547560875 7.755971123754064 7.752049190832053 7.748458731379629 7.745145766569715 7.731493773605092 7.712433519310455 7.698783717598223 7.68804013799272 7.679115920365374 7.6714723214716365 7.664744591714963 7.658735424967282 7.653258438140544 7.652745225559652 7.652244911202341 7.65174658817714 7.651246978805638 7.6507448862337615 7.650240421041988 7.649733376067633 7.649233111696393 7.648291747702734 7.643701999035761 7.63541286573404 7.628099140614867 7.621503260135406 7.615563773597284 7.607569910065377 7.600364851816504 7.593847268351803 7.591714100090819 7.5878710445376685 7.582263795571071 7.577150781740383 7.573885443384753 7.572383381500434 7.566227855326393 7.559465802325523 7.547060437386959 7.536433474296098 7.5271419310209176 7.518605879380598 7.510501486337283 7.5035826148880425 7.496649737161129 7.490412467205649 7.48469624026442 
# remnant_mass_list
-10.0 -10.0 5.063054486845378 6.142532050995059 6.38911580165235 6.5026036622417855 6.5680444045550495 6.611094576426232 6.642446433999044 6.666914738124275 6.686909407650169 6.703797400804682 6.71839255825751 6.731224555424606 6.742659728177016 6.75295767574489 6.792944430491446 6.843158462812342 6.875685606052724 6.899535869404601 6.91828737983685 6.933641272338116 6.946650753994759 6.95789230464549 6.967843419069302 6.96876164303579 6.969654193034548 6.970541070181831 6.971428203084319 6.97231761242645 6.973209205367987 6.974103397730491 6.974983393215344 6.976631952046294 6.984563480577258 6.998445444361008 7.010243175428971 7.0205402963142385 7.029545233403979 7.04128452415939 7.0515108143990215 7.0604835506187795 7.063366746038792 7.0684894909445015 7.075816840738675 7.082345515615786 7.086441793347139 7.088306444241154 7.095832932021048 7.103877383124373 7.118077005516526 7.129688585904781 7.139447613269172 7.148110208096777 7.1560803862398945 7.162686925968017 7.169143418901411 7.17480907936327 7.1798866071765675 
# BH_mass_list
-10.0 -10.0 4.792744947272856 5.854398243615407 5.978322284997463 6.011667979470561 6.021828332543827 6.02502218844841 6.025974181453869 6.026224016163803 6.026263894866578 6.026274175687605 6.0262784946310255 6.026280836527157 6.026282483210685 6.026283852310571 6.0262850845358695 6.0262850845358695 6.0262850845358695 6.0262850845358695 6.0262850845358695 6.0262850845358695 6.0262850845358695 6.0262850845358695 6.0262850845358695 6.0262850845358695 6.0262850845358695 6.0262850845358695 6.0262850845358695 6.0262850845358695 6.0262850845358695 6.0262850845358695 6.0262850845358695 6.0262850845358695 6.0262850845358695 6.0262850845358695 6.0262850845358695 6.0262850845358695 6.0262850845358695 6.0262850845358695 6.0262850845358695 6.0262850845358695 6.0262850845358695 6.0262850845358695 6.0262850845358695 6.0262850845358695 6.0262850845358695 6.0262850845358695 6.0262850845358695 6.0262850845358695 6.0262850845358695 6.0262850845358695 6.0262850845358695 6.0262850845358695 6.0262850845358695 6.0262850845358695 6.0262850845358695 6.0262850845358695 6.0262850845358695 
# NS_mass_list
-10.0 -10.0 4.728964433978504 5.828211170021735 6.175629464672898 6.3329323557603185 6.416566462168054 6.441854009059913 6.449647024650313 6.452084937078133 6.452836797605993 6.453066081384008 6.453133035848748 6.4531584116933525 6.4531669834257555 6.453171311816751 6.453177679008615 6.453177679008615 6.453177679008615 6.453177679008615 6.453177679008615 6.453177679008615 6.453177679008615 6.453177679008615 6.453177679008615 6.453177679008615 6.453177679008615 6.453177679008615 6.453177679008615 6.453177679008615 6.453177679008615 6.453177679008615 6.453177679008615 6.453177679008615 6.453177679008615 6.453177679008615 6.453177679008615 6.453177679008615 6.453177679008615 6.453177679008615 6.453177679008615 6.453177679008615 6.453177679008615 6.453177679008615 6.453177679008615 6.453177679008615 6.453177679008615 6.453177679008615 6.453177679008615 6.453177679008615 6.453177679008615 6.453177679008615 6.453177679008615 6.453177679008615 6.453177679008615 6.453177679008615 6.453177679008615 6.453177679008615 6.453177679008615 
# WD_mass_list
-10.0 -10.0 -10.0 -10.0 -10.0 3.2083926994536736 4.574711316407257 5.412903247614806 5.7093475968766665 5.875091231783378 5.984015704372367 6.062646121395019 6.1230413575837055 6.171476339330601 6.211593176917024 6.245614490721609 6.3629389479519585 6.486761122406902 6.557424995169601 6.605663203187646 6.641813981045439 6.670391488983519 6.693952662082726 6.713866826291617 6.7311729756372 6.732755268516752 6.734291006706997 6.735814736912464 6.737336676697259 6.738860294232608 6.740385424795216 6.741912772834688 6.743413702908682 6.746219749655343 6.7596172847929195 6.782672954445714 6.801896607522977 6.818413804187945 6.83266890772212 6.851000616813189 6.866748688073664 6.880405050855006 6.884762321313343 6.892468028370954 6.903411471907442 6.9130865023757 6.919121500826719 6.92185979824642 6.932857382297842 6.944516291083078 6.964865279388427 6.98129688782833 6.994968915768605 7.007003579747323 7.017995118117449 7.027048941129503 7.035848475956231 7.043531535584798 7.050387030855092 
