# time_axis
1000000 10000000 20000000 30000000 40000000 50000000 60000000 70000000 80000000 90000000 100000000 110000000 120000000 130000000 140000000 150000000 200000000 300000000 400000000 500000000 600000000 700000000 800000000 900000000 1000000000 1010000000 1020000000 1030000000 1040000000 1050000000 1060000000 1070000000 1080000000 1100000000 1200000000 1400000000 1600000000 1800000000 2000000000 2300000000 2600000000 2900000000 3000000000 3200000000 3500000000 3800000000 4000000000 4100000000 4500000000 5000000000 6000000000 7000000000 8000000000 9000000000 10000000000 11000000000 12000000000 13000000000 14000000000 
# SNIa_energy_release_list
0 0.0 0.0 0.0 0.0 0.0 1.180460211131193e+55 5.453304032725202e+55 1.0229240621363718e+56 1.4726263846168352e+56 1.8769777977516128e+56 2.2373458797847483e+56 2.5597657074700993e+56 2.850496824141787e+56 3.1148658259992682e+56 3.3571482339212877e+56 4.334448343582643e+56 5.647681120145778e+56 6.549729627274318e+56 7.2377826904521705e+56 7.79423359204404e+56 8.261363385669e+56 8.663990192079067e+56 9.017765131681227e+56 9.333289408539012e+56 9.363036132568064e+56 9.392504548832236e+56 9.421667362579902e+56 9.450542893838548e+56 9.479138954809252e+56 9.50744819629673e+56 9.535483336409533e+56 9.563255766771385e+56 9.618027844092833e+56 9.877469037997102e+56 1.0335980505394946e+57 1.073216624530933e+57 1.108097456731762e+57 1.1392565013391099e+57 1.1805303050233365e+57 1.2166863136087653e+57 1.2488551455047465e+57 1.2588457566419241e+57 1.2778302821784831e+57 1.3041865037807583e+57 1.3283637153326809e+57 1.3434358252325995e+57 1.3506896863338849e+57 1.3780319799994392e+57 1.4089560062725396e+57 1.4624393600878903e+57 1.5076280748903449e+57 1.5467507882450822e+57 1.581257606225855e+57 1.6120979923401393e+57 1.6400008705474706e+57 1.6654686448403496e+57 1.6888924304785154e+57 1.710576105530073e+57 
# SNII_energy_release_list
0 0.0 1.522726363476461e+55 7.372446003250235e+55 1.4701251478599999e+56 2.1585410356546824e+56 2.6661838001476348e+56 2.8591304234016995e+56 2.9324794024755e+56 2.9603724136219866e+56 2.9709805297673447e+56 2.9750342957291038e+56 2.9766208473709484e+56 2.977246423693815e+56 2.9775251247288556e+56 2.977666982477674e+56 2.97780172007703e+56 2.97780172007703e+56 2.97780172007703e+56 2.97780172007703e+56 2.97780172007703e+56 2.97780172007703e+56 2.97780172007703e+56 2.97780172007703e+56 2.97780172007703e+56 2.97780172007703e+56 2.97780172007703e+56 2.97780172007703e+56 2.97780172007703e+56 2.97780172007703e+56 2.97780172007703e+56 2.97780172007703e+56 2.97780172007703e+56 2.97780172007703e+56 2.97780172007703e+56 2.97780172007703e+56 2.97780172007703e+56 2.97780172007703e+56 2.97780172007703e+56 2.97780172007703e+56 2.97780172007703e+56 2.97780172007703e+56 2.97780172007703e+56 2.97780172007703e+56 2.97780172007703e+56 2.97780172007703e+56 2.97780172007703e+56 2.97780172007703e+56 2.97780172007703e+56 2.97780172007703e+56 2.97780172007703e+56 2.97780172007703e+56 2.97780172007703e+56 2.97780172007703e+56 2.97780172007703e+56 2.97780172007703e+56 2.97780172007703e+56 2.97780172007703e+56 2.97780172007703e+56 
# SN_energy_per_current_crossing_time_list
0.0 0.0 3.2882400623824324e+55 1.157366689261838e+56 1.4285856959059851e+56 1.346319589289064e+56 1.0092822725742126e+56 4.153817853159741e+55 1.8285631832489236e+55 9.033478758167521e+54 5.235777283647818e+54 3.590323477849624e+54 2.8104152782669013e+54 2.380573623299276e+54 2.114501467927279e+54 1.922511496870242e+54 1.5607712595537492e+54 1.0727319628491093e+54 7.51474690976195e+53 5.824264697569803e+53 4.7745368784464196e+53 4.0556291152787955e+53 3.5324674124613876e+53 3.1333277267527315e+53 2.818899661985262e+53 2.659738077856933e+53 2.636958098079407e+53 2.611687198145566e+53 2.588021948565655e+53 2.56502721483183e+53 2.5413450148995937e+53 2.518770081596626e+53 2.49713864127646e+53 2.4661072328854752e+53 2.353537729894913e+53 2.107705971769303e+53 1.8428271304739274e+53 1.6397662056991371e+53 1.4788655012593313e+53 1.3226976867796976e+53 1.1719289849408134e+53 1.0533470704000152e+53 9.846742216506965e+52 9.410927219008127e+52 8.784396831051703e+52 8.119095865336314e+52 7.62795509457218e+52 7.358034659110682e+52 6.993464389161558e+52 6.385556482754464e+52 5.610075364137226e+52 4.801752065380789e+52 4.2048959950383574e+52 3.7482403301025655e+52 3.384106816862011e+52 3.088550678497114e+52 2.843714339863448e+52 2.636533564467378e+52 2.458627294133067e+52 
# SN_energy_per_final_crossing_time_list
0.0 0.0 4.60415999881629e+55 1.7687383508778913e+56 2.2159590730191483e+56 2.0815144264643707e+56 1.5483082977563997e+56 6.31847165740007e+55 2.759326010419459e+55 1.353281162525845e+55 7.792283921361125e+54 5.311781589999525e+54 4.1355070004959505e+54 3.485637762778082e+54 3.081845803404087e+54 2.7900381974778037e+54 2.224392841914866e+54 1.4890233967863928e+54 1.0227976000308562e+54 7.80156517250249e+53 6.309379619671295e+53 5.2966024337584574e+53 4.565228233847305e+53 4.011315980423168e+53 3.5776066427835814e+53 3.3728649518576583e+53 3.341308720486709e+53 3.306657643745772e+53 3.2740838034277845e+53 3.2423957581034473e+53 3.209874416206654e+53 3.178795131004544e+53 3.149007497561865e+53 3.1051960504547504e+53 2.941702451447176e+53 2.5994412979739893e+53 2.2460977472309066e+53 1.977500720867738e+53 1.76650123534366e+53 1.5599585099457937e+53 1.366529571881138e+53 1.2158327702258534e+53 1.1327964087512583e+53 1.0762906319931588e+53 9.961430376769168e+52 9.137865556499526e+52 8.544838615226216e+52 8.224870022754381e+52 7.750589940415172e+52 7.012709317839576e+52 6.064268771762038e+52 5.123772023697141e+52 4.435971791949093e+52 3.912593428903843e+52 3.4968710277152277e+52 3.1637984696919066e+52 2.8876915397601777e+52 2.6559316428135214e+52 2.458627294133067e+52 
# total_energy_release_list
0 0 1.522726363476461e+55 7.372446003250235e+55 1.4701251478599999e+56 2.1585410356546824e+56 2.784229821260754e+56 3.4044608266742196e+56 3.955403464611872e+56 4.432998798238822e+56 4.8479583275189575e+56 5.212380175513852e+56 5.536386554841047e+56 5.827743247835602e+56 6.092390950728124e+56 6.334815216398962e+56 7.312250063659674e+56 8.625482840222808e+56 9.527531347351349e+56 1.02155844105292e+57 1.077203531212107e+57 1.123916510574603e+57 1.1641791912156098e+57 1.1995566851758257e+57 1.2311091128616042e+57 1.2340837852645095e+57 1.2370306268909266e+57 1.2399469082656932e+57 1.2428344613915579e+57 1.2456940674886283e+57 1.248524991637376e+57 1.2513285056486563e+57 1.2541057486848415e+57 1.2595829564169863e+57 1.2855270758074132e+57 1.3313782225471976e+57 1.3709967965386361e+57 1.4058776287394651e+57 1.437036673346813e+57 1.4783104770310396e+57 1.5144664856164684e+57 1.5466353175124496e+57 1.5566259286496272e+57 1.575610454186186e+57 1.6019666757884612e+57 1.6261438873403837e+57 1.6412159972403026e+57 1.648469858341588e+57 1.675812152007142e+57 1.7067361782802424e+57 1.7602195320955934e+57 1.805408246898048e+57 1.8445309602527852e+57 1.879037778233558e+57 1.9098781643478422e+57 1.9377810425551735e+57 1.9632488168480524e+57 1.9866726024862183e+57 2.008356277537776e+57 
# binding_energy_list
8.85115609830841e+54 8.85115609830841e+54 8.85115609830841e+54 8.830799004185586e+54 8.810488730080146e+54 8.790225168308896e+54 8.770008211436303e+54 8.749837752274363e+54 8.749837752274363e+54 8.729713683881166e+54 8.709635899560761e+54 8.68960429286302e+54 8.68960429286302e+54 8.669618757582214e+54 8.669618757582214e+54 8.649679187756885e+54 8.609937521846052e+54 8.531001140175843e+54 8.472274141405911e+54 8.413951416451895e+54 8.375292821268861e+54 8.336811846196331e+54 8.298507675144166e+54 8.260379495771817e+54 8.241381150129963e+54 8.241381150129963e+54 8.222426499470695e+54 8.222426499470695e+54 8.222426499470695e+54 8.222426499470695e+54 8.222426499470695e+54 8.222426499470695e+54 8.222426499470695e+54 8.20351544329821e+54 8.184647881347836e+54 8.128305161640929e+54 8.090958991783846e+54 8.053784411990643e+54 8.016780633876855e+54 7.979946872679785e+54 7.94328234724279e+54 7.90678627999831e+54 7.888601176185516e+54 7.870457896951001e+54 7.852356346100775e+54 7.816278045883308e+54 7.798301105232642e+54 7.798301105232642e+54 7.762471166286928e+54 7.744617978025239e+54 7.691304402866145e+54 7.655966069112569e+54 7.620790100254084e+54 7.585775750291883e+54 7.550922276654341e+54 7.516228940182015e+54 7.498942093324558e+54 7.464487584100623e+54 7.447319739059888e+54 
# total_gas_kinetic_energy_list
1.5237098334911527e+59 4.269338393665116e+59 1.6225779806918592e+59 6.166401439104439e+58 2.3441210325080163e+58 8.916585065325201e+57 3.3967632880767076e+57 1.298916141941304e+57 5.014310953025982e+56 1.9807838374275794e+56 8.240589081887938e+55 3.8027355580855904e+55 2.076646492086553e+55 1.385203449757938e+55 1.0911203335049946e+55 9.512623433482691e+54 3.303749316014713e+55 6.974881428344827e+55 9.829044981672843e+55 1.2149545741554668e+56 1.411563235284606e+56 1.5827446217223192e+56 1.737238929963555e+56 1.878270979602036e+56 2.0091981905199225e+56 2.021532830035967e+56 2.0336871576151315e+56 2.0457951156377e+56 2.0579462556723934e+56 2.070158860516887e+56 2.0824474024785786e+56 2.094773494561102e+56 2.1068488790952413e+56 2.1298831744247015e+56 2.242918703538427e+56 2.4496082332856144e+56 2.6336907439625433e+56 2.8005742701144773e+56 2.9516045361741014e+56 3.1525339002622614e+56 3.331198155466434e+56 3.490758342899265e+56 3.542835729217655e+56 3.635380298494164e+56 3.767347271062386e+56 3.8829875988642658e+56 3.954412423042168e+56 3.986712149226852e+56 4.114878632399004e+56 4.248602646650411e+56 4.474628357775754e+56 4.655378557984845e+56 4.816377844156114e+56 4.967071398125373e+56 5.112574246153911e+56 5.238220662182318e+56 5.364644697295991e+56 5.481838649174661e+56 5.589181621600808e+56 
