# time_axis
1000000 10000000 20000000 30000000 40000000 50000000 60000000 70000000 80000000 90000000 100000000 110000000 120000000 130000000 140000000 150000000 200000000 300000000 400000000 500000000 600000000 700000000 800000000 900000000 1000000000 1010000000 1020000000 1030000000 1040000000 1050000000 1060000000 1070000000 1080000000 1100000000 1200000000 1400000000 1600000000 1800000000 2000000000 2300000000 2600000000 2900000000 3000000000 3200000000 3500000000 3800000000 4000000000 4100000000 4500000000 5000000000 6000000000 7000000000 8000000000 9000000000 10000000000 11000000000 12000000000 13000000000 14000000000 
# SNIa_energy_release_list
0 0.0 0.0 0.0 0.0 0.0 7.589760254742851e+53 3.4390676873859725e+55 1.2761376180252325e+56 2.2084621811144574e+56 3.063090304264113e+56 3.8251688455646795e+56 4.502926093133648e+56 5.109629700199122e+56 5.65759230359546e+56 6.156847817158256e+56 8.146984361910946e+56 1.07772787406435e+57 1.2564267776054433e+57 1.3919714113058137e+57 1.5012105912171158e+57 1.5927132501013385e+57 1.6714475207129022e+57 1.7405413072286006e+57 1.8021051067444872e+57 1.807905023780689e+57 1.813648069228564e+57 1.8193371500080697e+57 1.8249666120513278e+57 1.830541343308265e+57 1.8360619583638544e+57 1.8415270571864397e+57 1.846939803545249e+57 1.8576140832227628e+57 1.9081599777311372e+57 1.9974259167997312e+57 2.0744971888249e+57 2.1423076677142457e+57 2.2028554252222155e+57 2.283019795927289e+57 2.353214633604264e+57 2.4156464973930083e+57 2.435022042816738e+57 2.4718632919499073e+57 2.5229871134579318e+57 2.5698798142548877e+57 2.5991087303585475e+57 2.6131723507153928e+57 2.666180453605636e+57 2.7261297416052885e+57 2.8297918651544454e+57 2.9173547163379132e+57 2.9931477724633697e+57 3.059985717024943e+57 3.1197076469593874e+57 3.173773790085455e+57 3.223097648037456e+57 3.268459664782441e+57 3.310450868458751e+57 
# SNII_energy_release_list
0 -7.944323175042946e+52 -2.3998392908536598e+54 4.106729502834701e+55 1.8105752072869354e+56 3.2211997372452463e+56 4.407331312228515e+56 5.172428170271404e+56 5.401092362309852e+56 5.489194499158952e+56 5.520928302971065e+56 5.531963143185147e+56 5.53576846155142e+56 5.537084497240601e+56 5.537645564984633e+56 5.5379078767590565e+56 5.538165718949418e+56 5.538165718949418e+56 5.538165718949418e+56 5.538165718949418e+56 5.538165718949418e+56 5.538165718949418e+56 5.538165718949418e+56 5.538165718949418e+56 5.538165718949418e+56 5.538165718949418e+56 5.538165718949418e+56 5.538165718949418e+56 5.538165718949418e+56 5.538165718949418e+56 5.538165718949418e+56 5.538165718949418e+56 5.538165718949418e+56 5.538165718949418e+56 5.538165718949418e+56 5.538165718949418e+56 5.538165718949418e+56 5.538165718949418e+56 5.538165718949418e+56 5.538165718949418e+56 5.538165718949418e+56 5.538165718949418e+56 5.538165718949418e+56 5.538165718949418e+56 5.538165718949418e+56 5.538165718949418e+56 5.538165718949418e+56 5.538165718949418e+56 5.538165718949418e+56 5.538165718949418e+56 5.538165718949418e+56 5.538165718949418e+56 5.538165718949418e+56 5.538165718949418e+56 5.538165718949418e+56 5.538165718949418e+56 5.538165718949418e+56 5.538165718949418e+56 5.538165718949418e+56 
# SN_energy_per_current_crossing_time_list
0.0 -1.958207209406067e+54 -7.732928169201118e+54 8.718238055886771e+55 2.787921039876937e+56 2.833797960329765e+56 2.4180108730790984e+56 1.6075706083276291e+56 5.517741427656981e+55 2.60370571037207e+55 1.3621612811842198e+55 8.529783088144274e+54 6.338482446799767e+54 5.255200605511514e+54 4.637257801381332e+54 4.1936097673539136e+54 3.384984897621482e+54 2.3012549411415893e+54 1.5994655293627808e+54 1.2353020659718777e+54 1.0106309166818736e+54 8.575240147996842e+53 7.462680670985475e+53 6.61547188212776e+53 5.948807686216452e+53 5.609317174106283e+53 5.559011048314121e+53 5.511414581058845e+53 5.458301515754293e+53 5.409774374609572e+53 5.3617075952458775e+53 5.312207334552623e+53 5.265798941414341e+53 5.200480751042515e+53 4.96307567625529e+53 4.443524423375728e+53 3.882969955226155e+53 3.45341634103247e+53 3.1133171373008872e+53 2.7830663752819733e+53 2.464365704916201e+53 2.2137660736721064e+53 2.0677050803298935e+53 1.977177612875201e+53 1.8441833807544152e+53 1.703812104447085e+53 1.600213618564316e+53 1.5430283867735638e+53 1.4658837175486906e+53 1.337673442904824e+53 1.1738022558871808e+53 1.003203230439168e+53 8.777647484698312e+52 7.815363247027636e+52 7.049929972229282e+52 6.433569259624434e+52 5.916897967621281e+52 5.481857908950429e+52 5.108613960626281e+52 
# SN_energy_per_final_crossing_time_list
0.0 -2.863702428417036e+53 -7.527930718121357e+54 1.4101798457487399e+56 4.541624332415301e+56 4.576410000848154e+56 3.8490234689086176e+56 2.52307684058967e+56 8.552568146059507e+55 3.9925062818443164e+55 2.069255261046708e+55 1.285135370415198e+55 9.480074846978726e+54 7.808058318139784e+54 6.848490272820144e+54 6.159000256939739e+54 4.859096290930949e+54 3.199993667085719e+54 2.1740355918724575e+54 1.649024432229697e+54 1.3289945290543833e+54 1.1132135297042707e+54 9.578744089512288e+53 8.405891031548566e+53 7.489799247014388e+53 7.056129509889328e+53 6.986940021459381e+53 6.92128706701231e+53 6.8487554218949755e+53 6.7821704148947955e+53 6.716333106720752e+53 6.648792531997212e+53 6.585100971884209e+53 6.493118725594584e+53 6.149370337852283e+53 5.43000893769934e+53 4.688212551205504e+53 4.1248824611128175e+53 3.6830942222351057e+53 3.2509096149884367e+53 2.846614658352016e+53 2.53180240158274e+53 2.3572123011623576e+53 2.2410374455972633e+53 2.073226814276805e+53 1.901641970775786e+53 1.7779824795231972e+53 1.710968036204673e+53 1.6122301264501368e+53 1.458675831088004e+53 1.2611445378741373e+53 1.0652821658467155e+53 9.220918448200619e+52 8.131447226873621e+52 7.265718967488663e+52 6.577640776867611e+52 6.000698414551225e+52 5.518704198430275e+52 5.108613960626281e+52 
# total_energy_release_list
0 -7.944323175042946e+52 -2.3998392908536598e+54 4.106729502834701e+55 1.8105752072869354e+56 3.2211997372452463e+56 4.414921072483258e+56 5.5163349390100015e+56 6.677229980335085e+56 7.697656680273409e+56 8.584018607235177e+56 9.357131988749827e+56 1.0038694554685068e+57 1.0646714197439722e+57 1.1195237868580094e+57 1.1694755693917312e+57 1.3685150080860364e+57 1.631544445959292e+57 1.810243349500385e+57 1.9457879832007553e+57 2.0550271631120578e+57 2.1465298219962803e+57 2.225264092607844e+57 2.2943578791235424e+57 2.355921678639429e+57 2.361721595675631e+57 2.3674646411235058e+57 2.3731537219030115e+57 2.3787831839462696e+57 2.3843579152032068e+57 2.3898785302587962e+57 2.3953436290813815e+57 2.400756375440191e+57 2.4114306551177046e+57 2.461976549626079e+57 2.551242488694673e+57 2.6283137607198418e+57 2.6961242396091875e+57 2.7566719971171573e+57 2.836836367822231e+57 2.907031205499206e+57 2.96946306928795e+57 2.9888386147116797e+57 3.025679863844849e+57 3.0768036853528736e+57 3.1236963861498295e+57 3.152925302253489e+57 3.166988922610334e+57 3.219997025500578e+57 3.27994631350023e+57 3.383608437049387e+57 3.471171288232855e+57 3.5469643443583115e+57 3.613802288919885e+57 3.673524218854329e+57 3.727590361980397e+57 3.7769142199323975e+57 3.822276236677383e+57 3.864267440353693e+57 
# binding_energy_list
8.9536476554959e+54 8.9536476554959e+54 8.9536476554959e+54 8.9536476554959e+54 8.912509381337514e+54 8.892011178579445e+54 8.85115609830841e+54 8.830799004185586e+54 8.810488730080146e+54 8.790225168308896e+54 8.770008211436303e+54 8.749837752274363e+54 8.729713683881166e+54 8.709635899560761e+54 8.68960429286302e+54 8.68960429286302e+54 8.629785477669702e+54 8.531001140175843e+54 8.452788451602891e+54 8.394599865193965e+54 8.356030182312423e+54 8.317637711026743e+54 8.279421637123327e+54 8.241381150129963e+54 8.20351544329821e+54 8.20351544329821e+54 8.20351544329821e+54 8.20351544329821e+54 8.20351544329821e+54 8.20351544329821e+54 8.184647881347836e+54 8.184647881347836e+54 8.184647881347836e+54 8.184647881347836e+54 8.147042840208421e+54 8.109610578538388e+54 8.072350302488317e+54 8.035261221856194e+54 7.99834255007026e+54 7.94328234724279e+54 7.90678627999831e+54 7.870457896951001e+54 7.870457896951001e+54 7.852356346100775e+54 7.816278045883308e+54 7.798301105232642e+54 7.780365510398008e+54 7.780365510398008e+54 7.744617978025239e+54 7.709034690644309e+54 7.673614893618154e+54 7.638357835776954e+54 7.603262769401822e+54 7.568328950209705e+54 7.533555637337217e+54 7.516228940182015e+54 7.481695005111584e+54 7.464487584100623e+54 7.447319739059888e+54 
# total_gas_kinetic_energy_list
3.555417159551863e+57 1.5232831354574553e+59 3.0323315587276515e+59 7.50498913558182e+58 3.0470876316260954e+58 1.1302291186158513e+58 3.976278415725091e+57 1.3518949872753618e+57 4.494724650234622e+56 1.4760187593601344e+56 4.861085723927826e+55 2.17581069539652e+55 1.2972066832929358e+55 9.777113734726115e+54 8.429566698361852e+54 7.701981191096256e+54 4.2906726379607595e+55 9.525907954925501e+55 1.344637922610044e+56 1.6552210841376826e+56 1.9129901186004646e+56 2.1342159287211646e+56 2.331032717147334e+56 2.508975752469524e+56 2.67214746880111e+56 2.6879511723026745e+56 2.703109776191647e+56 2.7181790131473547e+56 2.7333833591040015e+56 2.7484478014460344e+56 2.7634058253965526e+56 2.7784079092694407e+56 2.7936719943295043e+56 2.822294248123785e+56 2.9609168777736983e+56 3.212879521990723e+56 3.4340729571934975e+56 3.6336690945252905e+56 3.8124901870538644e+56 4.047960872894951e+56 4.254975207523534e+56 4.439318401702084e+56 4.498484447271974e+56 4.604922348169999e+56 4.755059659805559e+56 4.88561817496986e+56 4.966469901650805e+56 5.002572846898833e+56 5.1461279187882704e+56 5.294388582303213e+56 5.5448420549726995e+56 5.735373026293009e+56 5.917172576311666e+56 6.077154950608978e+56 6.240144864643876e+56 6.376564142982588e+56 6.516214723424948e+56 6.643480244776387e+56 6.759282047946336e+56 
