# time_axis
5.999999999999999 7.0 7.30102999566398 7.477121254719661 7.602059991327962 7.698970004336018 7.778151250383643 7.845098040014256 7.903089986991943 7.954242509439324 8.0 8.041392685158224 8.079181246047623 8.113943352306837 8.146128035678238 8.176091259055681 8.301029995663981 8.47712125471966 8.60205999132796 8.698970004336019 8.778151250383644 8.845098040014257 8.903089986991942 8.954242509439323 8.999999999999998 9.004321373782641 9.008600171761916 9.012837224705171 9.017033339298779 9.021189299069936 9.02530586526477 9.02938377768521 9.033423755486949 9.041392685158224 9.079181246047623 9.146128035678236 9.204119982655923 9.255272505103305 9.301029995663981 9.361727836017593 9.414973347970816 9.462397997898954 9.477121254719663 9.505149978319904 9.544068044350274 9.57978359661681 9.60205999132796 9.612783856719734 9.653212513775342 9.698970004336017 9.778151250383642 9.845098040014257 9.903089986991944 9.954242509439325 10.0 10.041392685158225 10.079181246047623 10.113943352306835 10.146128035678236 
# total_gas_mass_list
8.7873673767305 10.425805528588835 10.724878858787593 10.118554081442484 9.72724865878279 9.296964627496415 8.844196304834925 8.378041856613871 7.906590210257204 7.441823271780612 7.008532506071135 6.6491456264537145 6.403828033000977 6.266286281832899 6.1934732132790735 6.149885441023368 6.86337507809027 7.201395225876563 7.348988968619502 7.440671645704589 7.505613996764773 7.555024694530295 7.5945453916618755 7.6271870570432485 7.654943466753277 7.657536274326142 7.660005240074614 7.662468418556537 7.6649616914363135 7.6673838242301455 7.66974292615418 7.672093029209912 7.6745175915574375 7.678940941774247 7.699831031875199 7.735190661278437 7.763785286291746 7.787839384363607 7.808211881382117 7.833553486117214 7.854600339732513 7.872445544350932 7.878001064100383 7.887843556400838 7.901307870737161 7.912678222005152 7.919546677295174 7.92258391364179 7.934438146757772 7.946309797840091 7.965554556844447 7.9796162710840015 7.992601282279105 8.0037218391959 8.014723907820208 8.023726645394511 8.032704584763305 8.040786241691194 8.047998069537835 
# ejected_gas_mass_list
-10.0 -10.0 -10.0 5.910870735282411 6.575332128135758 6.87105606854074 7.022732907499501 7.120107511270784 7.193098535858158 7.250740769242265 7.297841780594739 7.336976245982698 7.370102324479684 7.398650796446205 7.4236364189597035 7.445789084132752 7.528788042737712 7.627253315750737 7.688635478440566 7.732988483305905 7.767328747857787 7.7950684700318496 7.818245145334308 7.838040368409501 7.855330111645371 7.85696640921256 7.858527898536701 7.860088976603787 7.861672427215037 7.863213871716826 7.864718206017132 7.866219743657809 7.867771927520942 7.870611741296267 7.88416249440902 7.907615406699651 7.927045905325859 7.943705129755939 7.958034275916523 7.976133627955702 7.991392457133328 8.004487846672525 8.00859374835894 8.015901502691861 8.025966957385203 8.034527964133517 8.039726085724313 8.042031057901099 8.051064275668123 8.06016914990682 8.075050728431249 8.086017953888545 8.096214221363677 8.104998101458296 8.113734555267314 8.120917075836157 8.128109606333124 8.134609236049053 8.140429196463465 
# stellar_mass_list
-10.0 6.885140526992586 8.53125592941471 8.96809951815719 8.964927592896622 8.952867499600146 8.937549935962691 8.923554123970742 8.911849011358516 8.902160239764207 8.894015057793599 8.88702130708194 8.880894280557493 8.875439374548975 8.870518374015566 8.866032427277034 8.848027734021523 8.823915870558759 8.80722734835993 8.794372878395865 8.78388203374154 8.774988811440743 8.767255865867813 8.760397791672288 8.754218741502296 8.753623901433158 8.753056287524291 8.752497518030006 8.751939453214531 8.751379920990978 8.750817895484014 8.750253481848226 8.749689541188646 8.748617779814293 8.743495262353031 8.73431100516776 8.726302031560012 8.719108654318086 8.712688640115791 8.70412729409989 8.696471146772076 8.689591558515435 8.687357911779067 8.683322097067649 8.677473529489895 8.672188273652672 8.668806283329683 8.667262790192854 8.660946887134575 8.654069141395171 8.641548626446891 8.630908166697584 8.621605532891543 8.613059309530623 8.604957089972636 8.598028805054756 8.591096629029472 8.584849784884646 8.579134478597 
# remnant_mass_list
-10.0 -10.0 5.435021085413709 7.0877453228836895 7.615640401920769 7.784422885391974 7.869211237411117 7.920115720413661 7.954071399886912 7.978921943087094 7.998306680005319 8.014128779279071 8.02747335526791 8.038995264455833 8.049117389606897 8.058129329375708 8.092300466754445 8.133756272138589 8.159930947219555 8.178847603689531 8.193548767952317 8.205526007265066 8.215597774830101 8.224275387330422 8.23189722544481 8.232621678910576 8.233310719024727 8.233987387202781 8.234661918643186 8.23533697466099 8.236013752723517 8.23669227041519 8.23736895458531 8.238649490618476 8.244698653699842 8.25525524916038 8.264167981090193 8.27195253071604 8.278726926421138 8.287517758569306 8.295155025132638 8.301842725978362 8.303981262010518 8.307797809597256 8.313238937157076 8.318058904006218 8.321098965683257 8.322472640327055 8.328029466043551 8.333939242400167 8.344361693969086 8.352880924978287 8.360086537623115 8.366519744180694 8.372461900903748 8.37741277858312 8.382266437239341 8.386545968459373 8.390385255997819 
# BH_mass_list
-10.0 -10.0 5.141765178002115 6.790075232381928 7.259346678943665 7.32512535602476 7.34923521759591 7.357856930052958 7.360832422719125 7.361821110377796 7.362119554586574 7.362192125947187 7.362204077000694 7.362209301091575 7.362212270630574 7.362214434069881 7.36221626355824 7.36221626355824 7.36221626355824 7.36221626355824 7.36221626355824 7.36221626355824 7.36221626355824 7.36221626355824 7.36221626355824 7.36221626355824 7.36221626355824 7.36221626355824 7.36221626355824 7.36221626355824 7.36221626355824 7.36221626355824 7.36221626355824 7.36221626355824 7.36221626355824 7.36221626355824 7.36221626355824 7.36221626355824 7.36221626355824 7.36221626355824 7.36221626355824 7.36221626355824 7.36221626355824 7.36221626355824 7.36221626355824 7.36221626355824 7.36221626355824 7.36221626355824 7.36221626355824 7.36221626355824 7.36221626355824 7.36221626355824 7.36221626355824 7.36221626355824 7.36221626355824 7.36221626355824 7.36221626355824 7.36221626355824 7.36221626355824 
# NS_mass_list
-10.0 -10.0 5.126075301071677 6.783329225459452 7.363629067423041 7.599103466732311 7.711580664368489 7.766091646238722 7.781561247046355 7.787308207232417 7.789333159066275 7.790016642191384 7.79023741759249 7.790305475251193 7.7903302894734585 7.7903402866172895 7.790349732566185 7.790349732566185 7.790349732566185 7.790349732566185 7.790349732566185 7.790349732566185 7.790349732566185 7.790349732566185 7.790349732566185 7.790349732566185 7.790349732566185 7.790349732566185 7.790349732566185 7.790349732566185 7.790349732566185 7.790349732566185 7.790349732566185 7.790349732566185 7.790349732566185 7.790349732566185 7.790349732566185 7.790349732566185 7.790349732566185 7.790349732566185 7.790349732566185 7.790349732566185 7.790349732566185 7.790349732566185 7.790349732566185 7.790349732566185 7.790349732566185 7.790349732566185 7.790349732566185 7.790349732566185 7.790349732566185 7.790349732566185 7.790349732566185 7.790349732566185 7.790349732566185 7.790349732566185 7.790349732566185 7.790349732566185 7.790349732566185 
# WD_mass_list
-10.0 -10.0 -10.0 -10.0 -10.0 3.4961479914854214 5.244393640825813 6.310865155105101 6.815508443086619 7.0405644194349355 7.176820434083431 7.269986776024299 7.338693457786138 7.392099534345668 7.43523850719509 7.471119373342353 7.590454235963746 7.710396895873724 7.776599070032649 7.820989044356367 7.8538039272839395 7.8795762790909345 7.900639598542331 7.918373621871601 7.9336533530448055 7.9350918111455755 7.936457764232603 7.937797123953447 7.939130224937145 7.940462343404711 7.941795841554167 7.9431307478029805 7.944460042000484 7.946970110092854 7.958732840034745 7.978900514532869 7.995590571267438 8.00992960047914 8.02223561870333 8.037976530954339 8.051452133177637 8.063106472819543 8.066805365857386 8.073373890708545 8.082667430743568 8.090832108255011 8.095949737044668 8.098254187598863 8.107526376294038 8.117301797875378 8.134334547768328 8.148068920699897 8.159559260367924 8.169723694777622 8.179035850289477 8.186740062500402 8.194246132249207 8.20082670335957 8.206700927848594 
