# time_axis
5.999999999999999 7.0 7.30102999566398 7.477121254719661 7.602059991327962 7.698970004336018 7.778151250383643 7.845098040014256 7.903089986991943 7.954242509439324 8.0 8.041392685158224 8.079181246047623 8.113943352306837 8.146128035678238 8.176091259055681 8.301029995663981 8.47712125471966 8.60205999132796 8.698970004336019 8.778151250383644 8.845098040014257 8.903089986991942 8.954242509439323 8.999999999999998 9.004321373782641 9.008600171761916 9.012837224705171 9.017033339298779 9.021189299069936 9.02530586526477 9.02938377768521 9.033423755486949 9.041392685158224 9.079181246047623 9.146128035678236 9.204119982655923 9.255272505103305 9.301029995663981 9.361727836017593 9.414973347970816 9.462397997898954 9.477121254719663 9.505149978319904 9.544068044350274 9.57978359661681 9.60205999132796 9.612783856719734 9.653212513775342 9.698970004336017 9.778151250383642 9.845098040014257 9.903089986991944 9.954242509439325 10.0 10.041392685158225 10.079181246047623 10.113943352306835 10.146128035678236 
# total_gas_mass_list
10.456561334612493 10.47321271282556 10.4026391176568 10.332076406369062 10.261519965537046 10.19096911451514 10.120426562804516 10.04989332412459 9.979369354969782 9.908855085536459 9.838351180684574 9.767858422980765 9.697377814584861 9.626910687049811 9.556458499667839 9.486022764411333 9.486638214207364 9.487491157680711 9.488110153793865 9.488611793360763 9.489037143525792 9.489406285790778 9.48973369232152 9.490026614341467 9.490293087429768 9.490318465918584 9.490343608872573 9.490368419111508 9.490392910824582 9.490417667067224 9.490441712855604 9.490466291991694 9.490490319013047 9.490537240689466 9.490760904572015 9.491162484153564 9.491511343107092 9.491821096919798 9.492096736168211 9.492463393545988 9.492780364858593 9.49306279454534 9.493151215605952 9.49331564432558 9.493544349264877 9.493742010409433 9.49386788321263 9.493923147432714 9.494139970577406 9.494368594872931 9.494751978418757 9.495048814300308 9.49529590893462 9.495511718906874 9.495707243095634 9.495875213428338 9.496032845654254 9.496162555590653 9.49628358416624 
# ejected_gas_mass_list
-10.0 -10.0 5.598222826519781 6.11553580042821 6.369310593724174 6.53411849346183 6.6619203809804315 6.765416711647026 6.85005962817684 6.92050783070055 6.980090274762219 7.031139774946712 7.0753878690916245 7.114170065498626 7.148460634584327 7.178976415549053 7.288751475613422 7.406043484969617 7.474990525681886 7.52386646546457 7.561431743550606 7.59161759392907 7.616760059482819 7.638098334187347 7.656650966609156 7.658377825507062 7.660082012085552 7.66175721368379 7.663404687863485 7.665063722871029 7.66666919217316 7.668304251962285 7.669896744838253 7.672990193500403 7.687444836714322 7.7122658153524775 7.732750919288314 7.750176609656781 7.765126126990973 7.78426040650034 7.80016076821403 7.813863333099865 7.818067650913897 7.825781670510897 7.83629299905819 7.845181320456007 7.85075020372938 7.853173336591962 7.862554673944871 7.872236826558925 7.888014545003972 7.8998576948864665 7.909481727472845 7.917720597514636 7.925055875527178 7.931262577479851 7.937009821954866 7.941684178673282 7.946002014326872 
# stellar_mass_list
-10.0 8.002435215848426 8.182150538678435 8.235471305599674 8.290342917067147 8.331719740153712 8.363159428529304 8.387245860254813 8.406043106036865 8.420699449886598 8.43245572782537 8.441499343923486 8.44849315730417 8.45379636254549 8.457724038041016 8.46047297574416 8.41832955862306 8.373174260759571 8.342298958241015 8.318009793448335 8.2976935137112 8.280092569767614 8.264479722196533 8.250411668024139 8.237568768043172 8.23634138738096 8.235135194757385 8.233940869119904 8.232747912277345 8.231555360121005 8.23037256336061 8.22919880170376 8.228033956565149 8.22574939878897 8.214785205645354 8.194867829768361 8.177106601931014 8.16091432372249 8.14605960850793 8.12580925864963 8.107350218032556 8.090291674018262 8.084754221317322 8.074372402222943 8.05920785273541 8.045321301401126 8.036098927603936 8.031927140958897 8.014586469125593 7.995024955945859 7.9578954946671825 7.925253601901087 7.897611929063062 7.872951167423751 7.850333700474524 7.831240669668327 7.812674033565586 7.796062971613617 7.7812453991906 
# remnant_mass_list
-10.0 -10.0 6.86482559467964 7.230007045294903 7.399976051517395 7.510483226571184 7.589221414994536 7.648524425229269 7.694882030562156 7.732077678157868 7.762532262039845 7.787890381504153 7.809301422494994 7.827590586124508 7.843381690352386 7.857148472063537 7.898823862341555 7.939254807768725 7.963790741693459 7.981507996104271 7.995330366102189 8.00664070908507 8.016189421407905 8.024414337295479 8.031634259332538 8.032306214698751 8.032970454006945 8.03362545256531 8.034274758675869 8.034918439873595 8.035558706111942 8.036191026345035 8.036815900196496 8.038036058582106 8.043782272708366 8.053758901707948 8.062187085722051 8.069507342114061 8.07593351635821 8.084272956899058 8.09148050045164 8.09782112774386 8.099823626249728 8.10348547373571 8.108659608897923 8.113202824013563 8.116142637778033 8.11743841727916 8.122708563507851 8.128349148260993 8.138322951562445 8.146299179375859 8.152501970659568 8.157662797075947 8.162113459097323 8.165629835071153 8.168913996902903 8.171703687511288 8.174070198974576 
# BH_mass_list
-10.0 -10.0 6.657864917824682 6.970915709042991 7.093091324756511 7.167915452874787 7.218706102674219 7.255103299641821 7.281756537106175 7.3016426841367 7.316670994640504 7.328167471251099 7.337026068253855 7.3438757616043615 7.3492018578214635 7.353353332068839 7.3565902558534395 7.3565902558534395 7.3565902558534395 7.3565902558534395 7.3565902558534395 7.3565902558534395 7.3565902558534395 7.3565902558534395 7.3565902558534395 7.3565902558534395 7.3565902558534395 7.3565902558534395 7.3565902558534395 7.3565902558534395 7.3565902558534395 7.3565902558534395 7.3565902558534395 7.3565902558534395 7.3565902558534395 7.3565902558534395 7.3565902558534395 7.3565902558534395 7.3565902558534395 7.3565902558534395 7.3565902558534395 7.3565902558534395 7.3565902558534395 7.3565902558534395 7.3565902558534395 7.3565902558534395 7.3565902558534395 7.3565902558534395 7.3565902558534395 7.3565902558534395 7.3565902558534395 7.3565902558534395 7.3565902558534395 7.3565902558534395 7.3565902558534395 7.3565902558534395 7.3565902558534395 7.3565902558534395 7.3565902558534395 
# NS_mass_list
-10.0 -10.0 6.443550448136101 6.882551323745799 7.104722907947877 7.246380319802042 7.338653938456693 7.402841365743167 7.449555220294654 7.484649353234678 7.511585642058059 7.5325774573888875 7.549127262217464 7.5622816998254585 7.572807516507226 7.581272440855428 7.594750036241876 7.594750036241876 7.594750036241876 7.594750036241876 7.594750036241876 7.594750036241876 7.594750036241876 7.594750036241876 7.594750036241876 7.594750036241876 7.594750036241876 7.594750036241876 7.594750036241876 7.594750036241876 7.594750036241876 7.594750036241876 7.594750036241876 7.594750036241876 7.594750036241876 7.594750036241876 7.594750036241876 7.594750036241876 7.594750036241876 7.594750036241876 7.594750036241876 7.594750036241876 7.594750036241876 7.594750036241876 7.594750036241876 7.594750036241876 7.594750036241876 7.594750036241876 7.594750036241876 7.594750036241876 7.594750036241876 7.594750036241876 7.594750036241876 7.594750036241876 7.594750036241876 7.594750036241876 7.594750036241876 7.594750036241876 7.594750036241876 
# WD_mass_list
-10.0 -10.0 -10.0 -10.0 -10.0 4.6013516247778234 5.679808317844497 6.093463221895106 6.351168347218409 6.532489612597541 6.669256233704423 6.7770642258121585 6.8647024271700925 6.937591095429724 6.9992747885387985 7.052242234049252 7.234418963891933 7.395940418226336 7.4762334466969484 7.528525321019563 7.566657289566739 7.5963655679188555 7.6205131321553505 7.640687524326846 7.65795434072569 7.659541288558676 7.661106736758428 7.6626472347099615 7.664171252965981 7.665679047255375 7.667175874014451 7.668651234746067 7.6701064151046205 7.672939883752116 7.686144782539289 7.708550967614883 7.726997175621072 7.74268326980866 7.756210609400391 7.773444789626374 7.7880630127086965 7.800721426962218 7.804681398325395 7.811877079002637 7.821946198921923 7.830695399122183 7.836312168193964 7.838776939656896 7.848734061196486 7.859274078154006 7.877627758204819 7.892057289327914 7.9031333252881835 7.912255570858491 7.920056614596496 7.926177965169916 7.931862229989515 7.9366661880368286 7.940724069760448 
