# time_axis
5.999999999999999 7.0 7.30102999566398 7.477121254719661 7.602059991327962 7.698970004336018 7.778151250383643 7.845098040014256 7.903089986991943 7.954242509439324 8.0 8.041392685158224 8.079181246047623 8.113943352306837 8.146128035678238 8.176091259055681 8.204119982655925 8.230448921378272 8.255272505103306 8.278753600952827 8.301029995663981 8.47712125471966 8.60205999132796 8.698970004336019 8.778151250383644 8.845098040014257 8.903089986991942 8.954242509439323 8.999999999999998 9.004321373782641 9.008600171761916 9.012837224705171 9.017033339298779 9.021189299069936 9.02530586526477 9.02938377768521 9.033423755486949 9.041392685158224 9.079181246047623 9.146128035678236 9.204119982655923 9.255272505103305 9.301029995663981 9.361727836017593 9.414973347970816 9.462397997898954 9.477121254719663 9.505149978319904 9.544068044350274 9.57978359661681 9.60205999132796 9.612783856719734 9.653212513775342 9.698970004336017 9.778151250383642 9.845098040014257 9.903089986991944 9.954242509439325 10.0 10.041392685158225 10.079181246047623 10.113943352306835 10.146128035678236 
# total_gas_mass_list
9.145757490560674 9.138994310121285 9.1353430302564 9.132361678795904 9.129639332975751 9.127050023296654 9.124443671294275 9.121820789784959 9.119181418094193 9.116527226222932 9.113857171959102 9.111171103846912 9.108467645494008 9.105746358993562 9.103008074362817 9.10025269289136 9.097478895731351 9.09469248559041 9.09189258795379 9.089078414037916 9.08624925829771 9.093199720503996 9.09327359358338 9.093323852354779 9.093362269554154 9.093393363930696 9.093419510352826 9.093442096157197 9.093462037956115 9.093463937061578 9.093465767917715 9.093467568988986 9.093469399816975 9.093471151696418 9.093472905317046 9.093474698923355 9.093476411675669 9.093479815713106 9.09349586933802 9.093523970806901 9.093547994469164 9.093568971750068 9.09358766316643 9.093612184755413 9.09363364552478 9.093652620159599 9.093658495688084 9.093669649748776 9.093685114563417 9.093699258071988 9.093708077214881 9.093712284501803 9.093728227365276 9.093746227667667 9.093777286229265 9.093803459603414 9.093826067758917 9.09384595875976 9.09386376693972 9.093879834068469 9.093894488530387 9.093907982340802 9.093920452976143 
# ejected_gas_mass_list
-10.0 -10.0 -10.0 -10.0 -10.0 6.598928500813019 6.931651287906442 7.117732808036866 7.247540632444063 7.347423589064437 7.428597764519034 7.4969832000347125 7.556026973528303 7.6079677062373285 7.654359260424284 7.6962770850089335 7.734483805381827 7.769709692991062 7.802379269036498 7.8328325113104125 7.861346159726986 7.965415626415131 7.966406029395123 7.9670786469678685 7.96759213856904 7.968007341025144 7.968356189580419 7.968657323446791 7.968923044649223 7.968948342077739 7.968972729086654 7.968996718125275 7.969021102246958 7.969044433696663 7.969067787174373 7.969091671951629 7.969114478892822 7.969159803630591 7.969373498600054 7.969747332354655 7.970066683279928 7.970345360614199 7.970593531640793 7.970918912723886 7.971203494438152 7.9714549650991495 7.971532806135216 7.971680543517327 7.97188530071402 7.9720724854571765 7.972189166209279 7.972244820072689 7.9724556519824255 7.972693578258918 7.9731038242805505 7.973449265000704 7.973747447074484 7.974009635853451 7.974244246357331 7.9744558192565 7.974648707061608 7.974826247937889 7.9749902670805906 
# stellar_mass_list
-10.0 7.454821665207646 7.601375376964093 7.689704322176413 7.755464917355557 7.808575286058609 7.8534665949816285 7.892493463871402 7.927108108377761 7.95826718160489 7.986639499147787 8.012710521304593 8.036848712883279 8.059335088915464 8.080396415166197 8.100211135850758 8.118921880665695 8.136607160661248 8.153381687438245 8.169345907866335 8.18457849471743 8.02287087591719 7.983263947432047 7.957727943040738 7.9387973731465475 7.923775652968046 7.911336883997429 7.900735701802157 7.891499354044228 7.890640918163213 7.889790427835495 7.888953469723201 7.888123853639652 7.887302931664461 7.886491237544553 7.8856835590195775 7.88489116103009 7.883334509010994 7.876016834772239 7.86332887795652 7.852604035521739 7.843317972211122 7.835145807636258 7.824488438695307 7.815271973479284 7.807172646233425 7.804668041646734 7.7999478083187 7.793417154842972 7.7875046848084555 7.7838143507446516 7.78206884500401 7.775421881938943 7.768027911345414 7.755305425059504 7.744691715611508 7.735458647342526 7.727146073398062 7.719578817631396 7.712596842673724 7.706147239268415 7.700024228455493 7.694413116445756 
# remnant_mass_list
-10.0 -10.0 5.414683961242206 6.0467241728188945 6.349251615246998 6.5466118741860315 6.691210863087902 6.804604842922171 6.897546257877223 6.976060174083115 7.0438762565314255 7.103458142547651 7.156509412543753 7.204267029487158 7.247641521314826 7.287336484343371 7.323900537055406 7.357784616060426 7.3892555102961435 7.418555742852088 7.445917306043425 7.556711226513604 7.588829619478489 7.607697305816726 7.620795951379479 7.630692915990448 7.638572719524926 7.645072484712397 7.650580009361345 7.6510844975208325 7.651583282414259 7.652072778267522 7.6525569945683625 7.6530351187073204 7.653506803488445 7.65397539540941 7.654433720152794 7.6553310674753385 7.6594986404331165 7.666528705835319 7.672283207185381 7.677132357761185 7.681300041761763 7.686598831096754 7.69106203997399 7.694895049480914 7.696064320962785 7.6982457510874855 7.701221293726631 7.703869821313779 7.705503104672914 7.70626965892229 7.709160386707091 7.712314564988581 7.7176064675056715 7.721890539504442 7.725530458374811 7.728746630766918 7.731624383056542 7.7342395049071495 7.736618263381353 7.738850671805775 7.740864053746725 
# BH_mass_list
-10.0 -10.0 -10.0 -10.0 -10.0 -10.0 -10.0 -10.0 -10.0 -10.0 -10.0 -10.0 -10.0 -10.0 -10.0 -10.0 -10.0 -10.0 -10.0 -10.0 -10.0 -10.0 -10.0 -10.0 -10.0 -10.0 -10.0 -10.0 -10.0 -10.0 -10.0 -10.0 -10.0 -10.0 -10.0 -10.0 -10.0 -10.0 -10.0 -10.0 -10.0 -10.0 -10.0 -10.0 -10.0 -10.0 -10.0 -10.0 -10.0 -10.0 -10.0 -10.0 -10.0 -10.0 -10.0 -10.0 -10.0 -10.0 -10.0 -10.0 -10.0 -10.0 -10.0 
# NS_mass_list
-10.0 -10.0 5.949937624296689 6.3758792109221725 6.615819117469536 6.780502530686888 6.898682814166628 6.9906358576130145 7.065744019153684 7.129178686312345 7.183988165635533 7.232182254881703 7.2750706924091695 7.313722494320888 7.348867758510012 7.381063275746662 7.410736747713047 7.438184508327621 7.463599209603229 7.487186307322993 7.509127077669932 7.547774575291407 7.547774575291407 7.547774575291407 7.547774575291407 7.547774575291407 7.547774575291407 7.547774575291407 7.547774575291407 7.547774575291407 7.547774575291407 7.547774575291407 7.547774575291407 7.547774575291407 7.547774575291407 7.547774575291407 7.547774575291407 7.547774575291407 7.547774575291407 7.547774575291407 7.547774575291407 7.547774575291407 7.547774575291407 7.547774575291407 7.547774575291407 7.547774575291407 7.547774575291407 7.547774575291407 7.547774575291407 7.547774575291407 7.547774575291407 7.547774575291407 7.547774575291407 7.547774575291407 7.547774575291407 7.547774575291407 7.547774575291407 7.547774575291407 7.547774575291407 7.547774575291407 7.547774575291407 7.547774575291407 7.547774575291407 
# WD_mass_list
-10.0 -10.0 -10.0 -10.0 -10.0 4.015850655931237 5.126704266346766 5.5362335587370035 5.79363147538959 5.979279721241281 6.12387625660116 6.241736623058389 6.341422418159635 6.427078273290499 6.50197568282747 6.56841067838413 6.628014757066733 6.681978112366 6.731239087252757 6.776488774002737 6.818316557594202 7.085155998704749 7.1741221897240655 7.221542893891975 7.252749729886416 7.275504837211269 7.293156817859828 7.307426462147215 7.31932237060593 7.320403357129005 7.3214707150075204 7.322516839062033 7.323550363168799 7.324569603653892 7.32557387485859 7.3265703436754634 7.32754380951127 7.329446409918575 7.338225637621756 7.352828244087869 7.3645959403945636 7.374388010939296 7.382716262935783 7.393191512258697 7.401919552061432 7.4093477065524915 7.411601530908666 7.415791382671062 7.421475512676801 7.426505395295918 7.429593541638726 7.4310393564985615 7.4364714195506165 7.442362626977809 7.452164347913256 7.460025858304548 7.466655023124886 7.472474858049886 7.477652991185996 7.48233495929532 7.486574543832067 7.4905368805594295 7.494097009761473 
