# time_axis
1000000 10000000 20000000 30000000 40000000 50000000 60000000 70000000 80000000 90000000 100000000 110000000 120000000 130000000 140000000 150000000 200000000 300000000 400000000 500000000 600000000 700000000 800000000 900000000 1000000000 1010000000 1020000000 1030000000 1040000000 1050000000 1060000000 1070000000 1080000000 1100000000 1200000000 1400000000 1600000000 1800000000 2000000000 2300000000 2600000000 2900000000 3000000000 3200000000 3500000000 3800000000 4000000000 4100000000 4500000000 5000000000 6000000000 7000000000 8000000000 9000000000 10000000000 11000000000 12000000000 13000000000 14000000000 
# SNIa_energy_release_list
0 0.0 0.0 0.0 0.0 0.0 2.0679214254080512e+55 2.225321481534585e+56 5.604120791450905e+56 8.414858203979064e+56 1.0822338460840432e+57 1.2928390527889912e+57 1.4800435843582682e+57 1.648546422054842e+57 1.8017563115813892e+57 1.942225483611875e+57 2.50948861748189e+57 3.272500033411835e+57 3.79662733561816e+57 4.196336080556442e+57 4.5195286809556686e+57 4.790808391896875e+57 5.024604582998452e+57 5.2300100919440204e+57 5.4131952875533854e+57 5.430459263052534e+57 5.447563967886463e+57 5.464501775150772e+57 5.481261676320237e+57 5.497862701127065e+57 5.514300192187405e+57 5.53057322276157e+57 5.546694414248589e+57 5.578489971329786e+57 5.7290934827781015e+57 5.995243597767607e+57 6.225195913923368e+57 6.427635642638408e+57 6.608476482488021e+57 6.84800120338488e+57 7.057820004987735e+57 7.244492568034174e+57 7.302461489715356e+57 7.412627347631777e+57 7.565551928751467e+57 7.705849997745956e+57 7.793309078497145e+57 7.835391598686398e+57 7.994032828892628e+57 8.173465969305469e+57 8.483781831167666e+57 8.745986948120778e+57 8.972957595807617e+57 9.173159040168359e+57 9.352039998062232e+57 9.513972043566875e+57 9.661730070766132e+57 9.797624849703585e+57 9.923425018099649e+57 
# SNII_energy_release_list
0 -8.83148947762355e+53 -1.5130097973274528e+55 1.2090718657407897e+56 3.266183419444853e+56 4.31255129779356e+56 4.973047634754872e+56 5.257724070082963e+56 5.25779087296667e+56 5.257804818374108e+56 5.257808365399613e+56 5.257810250873376e+56 5.257811742259323e+56 5.257812916380307e+56 5.257814076712577e+56 5.257815313008358e+56 5.257825030063091e+56 5.257825030063091e+56 5.257825030063091e+56 5.257825030063091e+56 5.257825030063091e+56 5.257825030063091e+56 5.257825030063091e+56 5.257825030063091e+56 5.257825030063091e+56 5.257825030063091e+56 5.257825030063091e+56 5.257825030063091e+56 5.257825030063091e+56 5.257825030063091e+56 5.257825030063091e+56 5.257825030063091e+56 5.257825030063091e+56 5.257825030063091e+56 5.257825030063091e+56 5.257825030063091e+56 5.257825030063091e+56 5.257825030063091e+56 5.257825030063091e+56 5.257825030063091e+56 5.257825030063091e+56 5.257825030063091e+56 5.257825030063091e+56 5.257825030063091e+56 5.257825030063091e+56 5.257825030063091e+56 5.257825030063091e+56 5.257825030063091e+56 5.257825030063091e+56 5.257825030063091e+56 5.257825030063091e+56 5.257825030063091e+56 5.257825030063091e+56 5.257825030063091e+56 5.257825030063091e+56 5.257825030063091e+56 5.257825030063091e+56 5.257825030063091e+56 5.257825030063091e+56 
# SN_energy_per_current_crossing_time_list
0.0 -2.7116854084142687e+54 -1.1040187149500522e+55 9.003357372361093e+55 1.7845637342460313e+56 9.65295973449793e+55 6.370443376798197e+55 3.520315145106169e+55 1.2643489180598103e+55 1.0697715962241309e+55 9.300366964455509e+54 8.24350265824614e+54 7.413867295427394e+54 6.744384767483726e+54 6.191897153613962e+54 5.727780458645544e+54 4.799566000072872e+54 3.398089252285743e+54 2.4221001740710064e+54 1.9022818273085023e+54 1.5762235364508883e+54 1.3509904537512107e+54 1.1858093155413399e+54 1.0589504014354331e+54 9.584362985955744e+53 9.04529535855801e+53 8.974202990140246e+53 8.898636552328954e+53 8.816178448904906e+53 8.745086383034083e+53 8.670677803261064e+53 8.595308887430093e+53 8.526333782092556e+53 8.42976171248177e+53 8.08444165757576e+53 7.30416479182283e+53 6.4337450607704365e+53 5.76183841275879e+53 5.226032166083222e+53 4.7098147830659715e+53 4.200380342294304e+53 3.7972014635762504e+53 3.55568082420443e+53 3.4101278522305454e+53 3.197641792324539e+53 2.968108717447703e+53 2.7956570851279975e+53 2.699299576618585e+53 2.577632430362755e+53 2.365655891220428e+53 2.0960791646888254e+53 1.8055975722553549e+53 1.5873325288344483e+53 1.4184094867362332e+53 1.2818874862035785e+53 1.1711217100891146e+53 1.0780121798384106e+53 9.985452807779754e+52 9.304560372396504e+52 
# SN_energy_per_final_crossing_time_list
0.0 -1.9354181717202284e+54 -2.809993002298301e+55 2.683127573104964e+56 4.057338213609281e+56 2.06380075532269e+56 1.318023072376763e+56 7.107772960963765e+55 2.500379594513005e+55 2.0791813267226204e+55 1.7807150637883615e+55 1.557736899871287e+55 1.3846506667596382e+55 1.2463210333793287e+55 1.1332094982661698e+55 1.038976802219491e+55 8.391682212438042e+54 5.643462862463059e+54 3.876603814111122e+54 2.9563665900223424e+54 2.390430077055828e+54 2.0064666688774522e+54 1.7292272360813675e+54 1.5192411768398293e+54 1.3548930288474157e+54 1.276895765303616e+54 1.265115625904803e+54 1.2527713776230926e+54 1.2396129055704475e+54 1.227861929981452e+54 1.215766480217602e+54 1.2036024859875925e+54 1.192372008546881e+54 1.1758477123200192e+54 1.113909053089616e+54 9.842633140376663e+53 8.503983880639233e+53 7.486526852930651e+53 6.687767328251897e+53 5.905323908230946e+53 5.1729440738403555e+53 4.602288838668855e+53 4.287556514289551e+53 4.074099776770646e+53 3.770254617815139e+53 3.4589562948224863e+53 3.2343688698479264e+53 3.1125502828479808e+53 2.933396121056606e+53 2.6542833909787146e+53 2.295189830047495e+53 1.9393482312046023e+53 1.67874345566473e+53 1.4807503435374849e+53 1.323057586819372e+53 1.197698312199363e+53 1.0928629922443459e+53 1.0051188253866944e+53 9.304560372396504e+52 
# total_energy_release_list
0 -8.83148947762355e+53 -1.5130097973274528e+55 1.2090718657407897e+56 3.266183419444853e+56 4.31255129779356e+56 5.179839777295677e+56 7.483045551617548e+56 1.0861911664417575e+57 1.3672663022353172e+57 1.6080146826240043e+57 1.818620077876329e+57 2.0058247585842006e+57 2.174327713692873e+57 2.327537719252647e+57 2.468007014912711e+57 3.0352711204881994e+57 3.798282536418144e+57 4.322409838624469e+57 4.7221185835627515e+57 5.045311183961978e+57 5.316590894903184e+57 5.5503870860047614e+57 5.7557925949503296e+57 5.9389777905596946e+57 5.9562417660588435e+57 5.973346470892772e+57 5.990284278157081e+57 6.007044179326546e+57 6.023645204133374e+57 6.040082695193714e+57 6.056355725767879e+57 6.0724769172548985e+57 6.1042724743360954e+57 6.254875985784411e+57 6.521026100773917e+57 6.750978416929677e+57 6.953418145644717e+57 7.13425898549433e+57 7.37378370639119e+57 7.583602507994044e+57 7.770275071040483e+57 7.828243992721665e+57 7.938409850638086e+57 8.091334431757776e+57 8.231632500752265e+57 8.319091581503455e+57 8.361174101692707e+57 8.519815331898937e+57 8.699248472311778e+57 9.009564334173975e+57 9.271769451127087e+57 9.498740098813926e+57 9.698941543174668e+57 9.877822501068541e+57 1.0039754546573184e+58 1.0187512573772441e+58 1.0323407352709895e+58 1.0449207521105958e+58 
# binding_energy_list
7.345138681571143e+54 7.362070974947316e+54 7.362070974947316e+54 7.328245331389074e+54 7.244359600749891e+54 7.194489780036983e+54 7.161434102128968e+54 7.112135136533237e+54 7.079457843841403e+54 7.046930689671452e+54 7.014552984199657e+54 6.982324040771733e+54 6.966265141107743e+54 6.934258060165708e+54 6.91830970918942e+54 6.902398038402398e+54 6.807693586937389e+54 6.68343917568619e+54 6.591738952443253e+54 6.516283940608428e+54 6.45654229034659e+54 6.397348354826442e+54 6.353309318517396e+54 6.309573444801892e+54 6.266138646723311e+54 6.266138646723311e+54 6.266138646723311e+54 6.251726927756848e+54 6.251726927756848e+54 6.251726927756848e+54 6.251726927756848e+54 6.237348354824216e+54 6.237348354824216e+54 6.237348354824216e+54 6.194410750767837e+54 6.137620051647895e+54 6.081350012787164e+54 6.039486293763782e+54 5.997910762555076e+54 5.942921586155739e+54 5.902010801718454e+54 5.861381645140297e+54 5.8479008414448476e+54 5.8210321777087214e+54 5.780960474057187e+54 5.754399373371543e+54 5.74116462207328e+54 5.727960309858327e+54 5.701642722807478e+54 5.6623928903825345e+54 5.610479760324735e+54 5.559042572704003e+54 5.5207743928075396e+54 5.495408738576271e+54 5.47015962893971e+54 5.445026528424176e+54 5.4200089040162604e+54 5.407543229455771e+54 5.382697825162903e+54 
# total_gas_kinetic_energy_list
3.1007948112047294e+58 3.259813689077698e+59 3.3758092774040116e+59 1.6847776054549041e+56 6.348175396085448e+54 8.636926485323963e+54 2.6127922199004257e+54 6.441399349376539e+54 2.804096758832981e+54 5.043169718240397e+54 2.5207802434187757e+54 4.039163036419137e+54 2.0236729623711986e+54 3.761394386668697e+54 1.8581763741677094e+54 3.821637962863779e+54 1.9511110638156846e+55 4.796298472338735e+55 6.647851871269111e+55 8.186168867499633e+55 9.43383837467873e+55 1.0495669027690724e+56 1.1429173635742243e+56 1.2269572658918566e+56 1.3034056917643454e+56 1.3107921258781165e+56 1.3179101766031983e+56 1.3249334834945986e+56 1.3312764133357144e+56 1.3388889872469145e+56 1.345829673176856e+56 1.3526297545828178e+56 1.3593904872357988e+56 1.3728892880409618e+56 1.4370052778295708e+56 1.5537840892940741e+56 1.6547124338771912e+56 1.7442720359182034e+56 1.8234648243641326e+56 1.930267623372957e+56 2.022934516863046e+56 2.1050174997240337e+56 2.1313372737233616e+56 2.178483192995229e+56 2.244927146378329e+56 2.3027797380625674e+56 2.3383102946782073e+56 2.3543006284494295e+56 2.417260913221827e+56 2.483712889896615e+56 2.5935373114603745e+56 2.6774944853894333e+56 2.744606054211859e+56 2.800778102334736e+56 2.8504178737870967e+56 2.8892792940740315e+56 2.9280348299208205e+56 2.957254360665907e+56 2.985411842716629e+56 
