# time_axis
5.999999999999999 7.0 7.30102999566398 7.477121254719661 7.602059991327962 7.698970004336018 7.778151250383643 7.845098040014256 7.903089986991943 7.954242509439324 8.0 8.041392685158224 8.079181246047623 8.113943352306837 8.146128035678238 8.176091259055681 8.301029995663981 8.47712125471966 8.60205999132796 8.698970004336019 8.778151250383644 8.845098040014257 8.903089986991942 8.954242509439323 8.999999999999998 9.004321373782641 9.008600171761916 9.012837224705171 9.017033339298779 9.021189299069936 9.02530586526477 9.02938377768521 9.033423755486949 9.041392685158224 9.079181246047623 9.146128035678236 9.204119982655923 9.255272505103305 9.301029995663981 9.361727836017593 9.414973347970816 9.462397997898954 9.477121254719663 9.505149978319904 9.544068044350274 9.57978359661681 9.60205999132796 9.612783856719734 9.653212513775342 9.698970004336017 9.778151250383642 9.845098040014257 9.903089986991944 9.954242509439325 10.0 10.041392685158225 10.079181246047623 10.113943352306835 10.146128035678236 
# total_gas_mass_list
9.734045203312506 10.756313782431873 10.771501294951399 7.500494919659936 6.636244612849605 6.453733739854303 6.251412405618228 6.209668586241543 6.212109077266277 6.1587808713710634 6.110781321182435 6.062802858161856 6.018779756946451 5.9795468338444016 5.944755974377867 5.9118824627463535 6.624303679446227 6.955897006603381 7.099213973771464 7.1877873140286255 7.250087631759189 7.297091993490476 7.3344193999677785 7.365206823081377 7.3912812770887 7.393678238732793 7.396052486835582 7.398352251612425 7.400440389654045 7.40283843549925 7.405099818008013 7.407280115960856 7.40942526280238 7.413648266034704 7.433129022842237 7.4662269751631305 7.49282122663245 7.514956457938218 7.533584403895242 7.557281435106995 7.576835733275358 7.593399342138808 7.5985454198646725 7.607686858576598 7.620201827426108 7.630845187992822 7.637273058861073 7.640150122904278 7.651209697185872 7.66264969254117 7.680963934301137 7.694574301611314 7.705316565657271 7.714167991665882 7.721856795171534 7.727960599394017 7.733796467778798 7.738385505332382 7.7426739350263025 
# ejected_gas_mass_list
-10.0 -10.0 -10.0 6.335160838152633 6.792585940025883 6.956309669223012 7.034507785517849 7.095084368764505 7.148518419439916 7.190854140393178 7.225547729045937 7.254422726351811 7.278959375768407 7.300225833195451 7.318971796248532 7.335656779596451 7.398872989249016 7.475350173317867 7.523877056762764 7.559344087846088 7.586924009334745 7.6091996643162805 7.627794272943797 7.643734288094489 7.657659726845071 7.658959392588372 7.660249979206149 7.661503148025314 7.662643614277363 7.66395641034817 7.66519739552887 7.66639664383138 7.667579200878805 7.669914875423953 7.680820530674015 7.699840893638069 7.715568096872741 7.7289568532968795 7.740432088265002 7.755301464343963 7.767797522197856 7.778540354951731 7.781907225243087 7.787922017283236 7.796226418214079 7.803351979518979 7.807683205451069 7.80962859085532 7.8171454706116466 7.824985124776568 7.837669963620138 7.847202571965189 7.854789236858078 7.861081744464887 7.866577712535927 7.870960414723209 7.875166924692292 7.878485771555124 7.881595969146214 
# stellar_mass_list
-10.0 7.557094761177849 8.659193269849824 8.77467415530344 8.475208385319808 8.399615155948245 8.358197265327842 8.329117610357011 8.306556685677862 8.288067390286393 8.272333315139308 8.25859598812187 8.246394522373896 8.235352497672833 8.225313625593955 8.216075710625672 8.17814180064929 8.124896820060382 8.086048426784012 8.05473329606843 8.028303018102473 8.005334766478777 7.984898485543089 7.966388717484696 7.949366404689123 7.947727037234856 7.946160831173998 7.94460325500772 7.943093156698179 7.9414487390755335 7.9398581428724375 7.938268137930433 7.936676465330977 7.93369090154176 7.9190575031116275 7.892144290812965 7.867842752780671 7.845418907849118 7.824788256677439 7.796251757691036 7.769717765412392 7.744946232212668 7.736672782154681 7.72151688681562 7.698895143870626 7.677640087559418 7.66372207516663 7.65722782836864 7.629971694644831 7.5987114287701765 7.5371198193072315 7.481148644730124 7.433814770073565 7.391635564536112 7.352688166921875 7.32022398849155 7.288383579905656 7.260316751479315 7.235020533915346 
# remnant_mass_list
-10.0 -10.0 6.326788523954643 7.601384843240286 7.918679732336047 7.977273114780468 8.004598799009536 8.021102146099835 8.032166918556333 8.04075836010751 8.047741595971148 8.053605443243262 8.05864889393052 8.063062551236941 8.066981925522715 8.07050233881878 8.084114447192903 8.101206536262989 8.112379151759505 8.120671110246747 8.127207959048583 8.132557447260075 8.137078990436859 8.14098352937584 8.144439422471203 8.144762670361223 8.145067256149131 8.145371794335388 8.145678009958795 8.145987365704341 8.146297598605535 8.14660892078164 8.146916852096432 8.147485505497647 8.150231582180748 8.155045594183182 8.159138340998906 8.162717607831638 8.165838123035549 8.169915995090538 8.173476088949096 8.17660447385782 8.177616570719973 8.179400927622027 8.181971445625313 8.184251788813851 8.185694625389997 8.186341870475127 8.189001160681793 8.191821476172201 8.19685134222852 8.200792323670916 8.203651834009232 8.205901403193696 8.207762758017516 8.209118532835587 8.210353907964086 8.211327125627028 8.212113076600364 
# BH_mass_list
-10.0 -10.0 6.093953255688128 7.410578602201686 7.681363529888637 7.681364619269946 7.681364619269946 7.681364619269946 7.681364619269946 7.681364619269946 7.681364619269946 7.681364619269946 7.681364619269946 7.681364619269946 7.681364619269946 7.681364619269946 7.681364620806896 7.681364620806896 7.681364620806896 7.681364620806896 7.681364620806896 7.681364620806896 7.681364620806896 7.681364620806896 7.681364620806896 7.681364620806896 7.681364620806896 7.681364620806896 7.681364620806896 7.681364620806896 7.681364620806896 7.681364620806896 7.681364620806896 7.681364620806896 7.681364620806896 7.681364620806896 7.681364620806896 7.681364620806896 7.681364620806896 7.681364620806896 7.681364620806896 7.681364620806896 7.681364620806896 7.681364620806896 7.681364620806896 7.681364620806896 7.681364620806896 7.681364620806896 7.681364620806896 7.681364620806896 7.681364620806896 7.681364620806896 7.681364620806896 7.681364620806896 7.681364620806896 7.681364620806896 7.681364620806896 7.681364620806896 7.681364620806896 
# NS_mass_list
-10.0 -10.0 5.944824122995469 7.152277313575503 7.542954630005116 7.6709114476962545 7.722085264925885 7.740467455235294 7.740470487332599 7.740471079135051 7.740471222087866 7.740471298510488 7.74047136013127 7.74047140850405 7.740471456828016 7.740471519151062 7.74047222906943 7.74047222906943 7.74047222906943 7.74047222906943 7.74047222906943 7.74047222906943 7.74047222906943 7.74047222906943 7.74047222906943 7.74047222906943 7.74047222906943 7.74047222906943 7.74047222906943 7.74047222906943 7.74047222906943 7.74047222906943 7.74047222906943 7.74047222906943 7.74047222906943 7.74047222906943 7.74047222906943 7.74047222906943 7.74047222906943 7.74047222906943 7.74047222906943 7.74047222906943 7.74047222906943 7.74047222906943 7.74047222906943 7.74047222906943 7.74047222906943 7.74047222906943 7.74047222906943 7.74047222906943 7.74047222906943 7.74047222906943 7.74047222906943 7.74047222906943 7.74047222906943 7.74047222906943 7.74047222906943 7.74047222906943 7.74047222906943 
# WD_mass_list
-10.0 -10.0 -10.0 -10.0 -10.0 4.206543973385387 5.5018286222568 6.290484940517798 6.668442816060468 6.833280099110007 6.934119862065181 7.0047429765558 7.058096373722859 7.100386679424246 7.135090998815522 7.164302556807943 7.263478703797558 7.365773613020844 7.423329573201806 7.462428354980508 7.4914222215840836 7.514089151639378 7.532570942223576 7.548068375670107 7.561449627403824 7.562685770960269 7.563848176053305 7.56500810936037 7.566172133547945 7.5673457651683815 7.568520384484708 7.569696783384687 7.570858069399918 7.572996627549421 7.583216729504781 7.600721225321394 7.615212987523699 7.6276094372608165 7.638216167090751 7.651808136055476 7.663436626791606 7.6734803157170655 7.676695779773595 7.682325374896851 7.690348880613256 7.6973835126313315 7.701795145398755 7.703764422782537 7.711793264570346 7.72020151429979 7.734935022255822 7.74625435255534 7.754349159428659 7.760649633857017 7.765818851001758 7.769559422031712 7.772950044099862 7.775609361704612 7.777749470053232 
