# time_axis
1000000 10000000 20000000 30000000 40000000 50000000 60000000 70000000 80000000 90000000 100000000 110000000 120000000 130000000 140000000 150000000 200000000 300000000 400000000 500000000 600000000 700000000 800000000 900000000 1000000000 1010000000 1020000000 1030000000 1040000000 1050000000 1060000000 1070000000 1080000000 1100000000 1200000000 1400000000 1600000000 1800000000 2000000000 2300000000 2600000000 2900000000 3000000000 3200000000 3500000000 3800000000 4000000000 4100000000 4500000000 5000000000 6000000000 7000000000 8000000000 9000000000 10000000000 11000000000 12000000000 13000000000 14000000000 
# SNIa_energy_release_list
0 0.0 0.0 0.0 0.0 0.0 6.201031376932869e+53 3.024376746069711e+55 1.163104268728942e+56 2.2821686572550907e+56 3.4401280149106246e+56 4.531471711936846e+56 5.522413093861169e+56 6.412675178562966e+56 7.213749151073219e+56 7.939277330737732e+56 1.0789385672919336e+57 1.4485921270331913e+57 1.6969409213071342e+57 1.8843161685029025e+57 2.0348508149845314e+57 2.160689444688377e+57 2.2688043299773554e+57 2.3635782232772498e+57 2.44794918495967e+57 2.4558958676478363e+57 2.4637623867352107e+57 2.4715522990057e+57 2.479263494446431e+57 2.486898396221777e+57 2.494458456256427e+57 2.5019434757411306e+57 2.509355726752421e+57 2.523970373164601e+57 2.5931549607034946e+57 2.7152593792961587e+57 2.820612633093674e+57 2.9132579344667374e+57 2.9959428280010018e+57 3.105379357018464e+57 3.2011688677116196e+57 3.28634079015156e+57 3.31276551265105e+57 3.3630153650346954e+57 3.432735920387425e+57 3.4966674545567e+57 3.5365155836068496e+57 3.555689772726688e+57 3.627943911798196e+57 3.7096508041307545e+57 3.850912893334601e+57 3.9701993156612685e+57 4.0734567175784416e+57 4.1644933679620266e+57 4.245849574411023e+57 4.3194745847019726e+57 4.386645605189688e+57 4.448419693370963e+57 4.505601478716132e+57 
# SNII_energy_release_list
0 0.0 3.7080736472831136e+53 4.4321623146576674e+55 1.6332279731467425e+56 2.6901233371000785e+56 3.534246469221801e+56 4.120169531668582e+56 4.433113112638029e+56 4.582351983606878e+56 4.647570009533068e+56 4.674029334813973e+56 4.684122607521529e+56 4.687818621302055e+56 4.689043962750883e+56 4.689489665652289e+56 4.6896486264105105e+56 4.6896486264105105e+56 4.6896486264105105e+56 4.6896486264105105e+56 4.6896486264105105e+56 4.6896486264105105e+56 4.6896486264105105e+56 4.6896486264105105e+56 4.6896486264105105e+56 4.6896486264105105e+56 4.6896486264105105e+56 4.6896486264105105e+56 4.6896486264105105e+56 4.6896486264105105e+56 4.6896486264105105e+56 4.6896486264105105e+56 4.6896486264105105e+56 4.6896486264105105e+56 4.6896486264105105e+56 4.6896486264105105e+56 4.6896486264105105e+56 4.6896486264105105e+56 4.6896486264105105e+56 4.6896486264105105e+56 4.6896486264105105e+56 4.6896486264105105e+56 4.6896486264105105e+56 4.6896486264105105e+56 4.6896486264105105e+56 4.6896486264105105e+56 4.6896486264105105e+56 4.6896486264105105e+56 4.6896486264105105e+56 4.6896486264105105e+56 4.6896486264105105e+56 4.6896486264105105e+56 4.6896486264105105e+56 4.6896486264105105e+56 4.6896486264105105e+56 4.6896486264105105e+56 4.6896486264105105e+56 4.6896486264105105e+56 4.6896486264105105e+56 
# SN_energy_per_current_crossing_time_list
0.0 0.0 7.420074519897013e+53 5.445793554816604e+55 1.4584244186217682e+56 1.3068449917871388e+56 1.060135581475986e+56 7.618222639394557e+55 4.4730439411297024e+55 2.512353497910906e+55 1.4455710526574148e+55 9.067465318349401e+54 6.422774492858646e+54 5.085724086307354e+54 4.323268113938181e+54 3.852231787967144e+54 3.0727831563301693e+54 2.071937977113651e+54 1.432325079335846e+54 1.105263827987081e+54 9.047747801948191e+53 7.68675636278725e+53 6.698231304112544e+53 5.9470639632308e+53 5.355696685250414e+53 5.0499377163134985e+53 5.004397867628538e+53 4.960916182507454e+53 4.916029039659192e+53 4.872482127114297e+53 4.829765457965978e+53 4.786864074092816e+53 4.745252840344947e+53 4.687863120587481e+53 4.481282024761314e+53 4.023724212216253e+53 3.5243026390680176e+53 3.1411225020730693e+53 2.837299678938527e+53 2.5434455282813495e+53 2.2574873494045555e+53 2.0322801287602926e+53 1.8990322966611683e+53 1.8187679972278055e+53 1.6995634414210106e+53 1.5725698201025794e+53 1.4785406551344553e+53 1.426480569561231e+53 1.3576000001877563e+53 1.2414360815768348e+53 1.0933037521549074e+53 9.371118545737823e+52 8.215524426040935e+52 7.326389895294613e+52 6.61618047883535e+52 6.040354319554703e+52 5.55912036011068e+52 5.152284362484426e+52 4.802754649499388e+52 
# SN_energy_per_final_crossing_time_list
0.0 0.0 8.305193850418858e+53 9.843926514775334e+55 2.6653403192723804e+56 2.3671916235193543e+56 1.8911537881182209e+56 1.3372080599640973e+56 7.732066527925698e+55 4.2825052975831034e+55 2.4333085553157317e+55 1.5092556537154683e+55 1.0583665102824242e+55 8.305217476302774e+54 7.002746482370615e+54 6.193609605521322e+54 4.7947889920269736e+54 3.10475677181932e+54 2.085906061164134e+54 1.573783214774351e+54 1.2643553693474697e+54 1.0569310843454352e+54 9.08067603813635e+53 7.960152939430405e+53 7.0864004342810916e+53 6.674497306844033e+53 6.60716710648541e+53 6.542824284068733e+53 6.476709240996237e+53 6.412629437621001e+53 6.349769120136927e+53 6.286741820801266e+53 6.2256228609945595e+53 6.137492960667911e+53 5.810881865097157e+53 5.1278353813228375e+53 4.424361940271713e+53 3.890685200172282e+53 3.472392952300461e+53 3.0638940669131367e+53 2.6818185492564312e+53 2.384557973231025e+53 2.219438551631133e+53 2.110267375488596e+53 1.9519661104477343e+53 1.7898909074376687e+53 1.673441865396624e+53 1.6104590891978304e+53 1.5171741327965068e+53 1.3725285234715166e+53 1.1864742445980504e+53 1.0018984471948582e+53 8.672691210310899e+52 7.646258214313407e+52 6.83318816350264e+52 6.183837359393771e+52 5.64176037896745e+52 5.188466702120239e+52 4.802754649499388e+52 
# total_energy_release_list
0 0 3.7080736472831136e+53 4.4321623146576674e+55 1.6332279731467425e+56 2.6901233371000785e+56 3.540447500598734e+56 4.422607206275553e+56 5.596217381366971e+56 6.864520640861969e+56 8.087698024443693e+56 9.205501046750818e+56 1.0206535701382698e+57 1.1100493799865021e+57 1.1902793113824102e+57 1.262876699639002e+57 1.5479034299329847e+57 1.9175569896742424e+57 2.1659057839481853e+57 2.3532810311439536e+57 2.5038156776255824e+57 2.629654307329428e+57 2.7377691926184065e+57 2.832543085918301e+57 2.9169140476007212e+57 2.9248607302888873e+57 2.9327272493762618e+57 2.9405171616467512e+57 2.948228357087482e+57 2.9558632588628282e+57 2.963423318897478e+57 2.9709083383821816e+57 2.9783205893934722e+57 2.992935235805652e+57 3.0621198233445457e+57 3.18422424193721e+57 3.289577495734725e+57 3.3822227971077884e+57 3.464907690642053e+57 3.574344219659515e+57 3.670133730352671e+57 3.7553056527926105e+57 3.7817303752921015e+57 3.831980227675746e+57 3.9017007830284764e+57 3.965632317197751e+57 4.0054804462479e+57 4.02465463536774e+57 4.0969087744392475e+57 4.178615666771806e+57 4.3198777559756514e+57 4.43916417830232e+57 4.542421580219493e+57 4.633458230603078e+57 4.7148144370520744e+57 4.788439447343023e+57 4.855610467830739e+57 4.9173845560120136e+57 4.974566341357183e+57 
# binding_energy_list
6.886522963442777e+54 6.886522963442777e+54 6.886522963442777e+54 6.870684400142374e+54 6.807693586937389e+54 6.760829753919791e+54 6.714288529259496e+54 6.68343917568619e+54 6.65273156201742e+54 6.63743070401913e+54 6.606934480075964e+54 6.591738952443253e+54 6.576578373554172e+54 6.561452663029057e+54 6.546361740672787e+54 6.53130552647469e+54 6.471426157485831e+54 6.382634861905483e+54 6.309573444801892e+54 6.251726927756848e+54 6.208690342300624e+54 6.165950018614809e+54 6.137620051647895e+54 6.1094202490557394e+54 6.081350012787164e+54 6.0673632958850715e+54 6.0673632958850715e+54 6.0673632958850715e+54 6.0673632958850715e+54 6.0673632958850715e+54 6.053408747539087e+54 6.053408747539087e+54 6.053408747539087e+54 6.053408747539087e+54 6.025595860743593e+54 5.984115950603211e+54 5.942921586155739e+54 5.902010801718454e+54 5.874893525297745e+54 5.834451042737424e+54 5.7942869642687856e+54 5.7676646339225445e+54 5.754399373371543e+54 5.74116462207328e+54 5.7147863667186424e+54 5.688529308438448e+54 5.675446054085442e+54 5.675446054085442e+54 5.6493697481230574e+54 5.6234132519034906e+54 5.571857489319327e+54 5.546257129579105e+54 5.5207743928075396e+54 5.4827696492085025e+54 5.457578610912733e+54 5.445026528424176e+54 5.4200089040162604e+54 5.407543229455771e+54 5.382697825162903e+54 
# total_gas_kinetic_energy_list
2.3295382953416163e+57 1.0392733993267531e+59 2.204908749031379e+59 1.278113021355894e+59 6.657953047279662e+58 3.1760548029648735e+58 1.4197093080677012e+58 6.0491770716042794e+57 2.4875924758155827e+57 9.973304390383627e+56 3.940204307858835e+56 1.5582296232933718e+56 6.348292496219307e+55 2.80643066225667e+55 1.4483960611158607e+55 9.168507279041465e+54 2.824871805751547e+55 5.530317606452025e+55 7.524405792328373e+55 9.095085154621319e+55 1.0396702179168018e+56 1.1512041235635936e+56 1.2504730771786949e+56 1.3405893275029652e+56 1.4226818427106193e+56 1.4305073795479794e+56 1.4382432931168427e+56 1.445822427799405e+56 1.453680949093548e+56 1.4612010213343461e+56 1.4687315426896206e+56 1.4764070835128238e+56 1.4838211653630816e+56 1.4991484286009994e+56 1.5683048742751501e+56 1.694218689777315e+56 1.803961420906119e+56 1.902727945691717e+56 1.991297583763789e+56 2.1074407835020925e+56 2.2093513715949412e+56 2.2993183651168353e+56 2.3278632178206957e+56 2.3807925576135186e+56 2.453858499506488e+56 2.51801237298865e+56 2.5572414115143235e+56 2.5747801556631397e+56 2.6448887937160287e+56 2.717377267488988e+56 2.839464403922162e+56 2.9349275242195868e+56 3.016091551719804e+56 3.0904771388473717e+56 3.1587833327954916e+56 3.2167962647874706e+56 3.273848225372463e+56 3.325422694416479e+56 3.371801279208076e+56 
