# time_axis
5.999999999999999 7.0 7.30102999566398 7.477121254719661 7.602059991327962 7.698970004336018 7.778151250383643 7.845098040014256 7.903089986991943 7.954242509439324 8.0 8.041392685158224 8.079181246047623 8.113943352306837 8.146128035678238 8.176091259055681 8.301029995663981 8.47712125471966 8.60205999132796 8.698970004336019 8.778151250383644 8.845098040014257 8.903089986991942 8.954242509439323 8.999999999999998 9.004321373782641 9.008600171761916 9.012837224705171 9.017033339298779 9.021189299069936 9.02530586526477 9.02938377768521 9.033423755486949 9.041392685158224 9.079181246047623 9.146128035678236 9.204119982655923 9.255272505103305 9.301029995663981 9.361727836017593 9.414973347970816 9.462397997898954 9.477121254719663 9.505149978319904 9.544068044350274 9.57978359661681 9.60205999132796 9.612783856719734 9.653212513775342 9.698970004336017 9.778151250383642 9.845098040014257 9.903089986991944 9.954242509439325 10.0 10.041392685158225 10.079181246047623 10.113943352306835 10.146128035678236 
# total_gas_mass_list
8.602310340709769 10.259728783226302 10.586485090392888 10.349711794248233 10.066521623752207 9.745098086417931 9.395445812973524 9.025011892645447 8.639232394571795 8.242527382933162 7.839589815781388 7.437306063471162 7.048263637120938 6.695025800749441 6.409128622415716 6.2115463970864875 6.696873382084654 6.983261716565166 7.114581969865558 7.197616964953364 7.257201857271393 7.302978616002578 7.339760562465565 7.370479064088553 7.396523719297685 7.398921872497391 7.401271120654783 7.403567745859791 7.405898542573279 7.408148853089989 7.410389969295534 7.41263815350227 7.414828178348004 7.419286210048357 7.438865213234077 7.47212667010294 7.498947047245868 7.521517517875373 7.540723674381889 7.564588234978639 7.584391717444509 7.601175481224668 7.606360192879892 7.615747141407043 7.628412771637505 7.639217907006898 7.645689205993684 7.64855421655544 7.659801121394748 7.6711496735305715 7.689533968171705 7.703370831984846 7.714852346213585 7.725040341913173 7.73417632123643 7.741721193654946 7.7491932270771775 7.755759396357788 7.761593719593953 
# ejected_gas_mass_list
-10.0 -10.0 4.026534194479517 6.094136009946722 6.662700493533196 6.882783816529189 7.003483135139508 7.08088838053171 7.136376426737923 7.178984917286573 7.2135800004826685 7.242538040327504 7.267278756187588 7.288694794497602 7.3075203126839465 7.324250164393573 7.387147663631312 7.462878295522673 7.510937578870824 7.546201693751743 7.573919066177058 7.596598294644771 7.615694742181676 7.632237876812767 7.6466857277554885 7.648035434801312 7.64936077584359 7.650659448785388 7.65198049473332 7.6532588360075415 7.654534796702634 7.655817629538976 7.657070016952379 7.659627735479977 7.670993019564238 7.690790680979742 7.707198480511299 7.721309189437844 7.733531734716105 7.748990681424564 7.7620444306544325 7.773265466634049 7.776760736804395 7.783123424292098 7.791778364476773 7.799224824091632 7.803712057570056 7.805705206326585 7.813568061203869 7.821563755275202 7.834646523814387 7.844597754529492 7.852922227840387 7.860359248885335 7.867068181256421 7.87263684037054 7.878176609976304 7.8830650400300835 7.887424410336914 
# stellar_mass_list
-10.0 6.505400327701712 8.170659968617736 8.574940836974063 8.555095391640698 8.529547609996177 8.505142716654273 8.484083725852427 8.466227233309787 8.450894761484435 8.437637763583478 8.426071936671114 8.41590411615482 8.406882140095547 8.398794724841958 8.391485572602425 8.362551543293169 8.324235468468842 8.297570552772816 8.276789682498977 8.259551333595143 8.244685813009296 8.231693736387811 8.219951217792593 8.209277177995208 8.208248475826672 8.20724045385253 8.206254098452382 8.205281253220118 8.204313032484594 8.203344625999973 8.202370787898706 8.20139804498728 8.19950359942261 8.1905193019726 8.174302889060352 8.160042375753482 8.147083752822079 8.135379089935297 8.11962511349462 8.105367700953186 8.092390736704832 8.088161251818413 8.080403613475468 8.069107258299978 8.058825856855337 8.052128694110884 8.049096734705282 8.036511871065002 8.022616386185748 7.996749981124561 7.974398995188375 7.955097492988656 7.937623007954384 7.921303296080001 7.907419953605845 7.893727969505168 7.8814604900764955 7.870302750426733 
# remnant_mass_list
-10.0 -10.0 5.018114876387679 7.162020459891379 7.698183887570129 7.858663453998168 7.932543533008977 7.971803557179725 7.995032568173072 8.010393827816367 8.021584530364956 8.030346249018713 8.037550890793534 8.043674779651218 8.049002074650897 8.053716178832294 8.071467565759407 8.09307206266482 8.106921232651617 8.117095437933031 8.125135995310535 8.131775581302604 8.137435804169252 8.14236947909038 8.146727836475929 8.14714144079368 8.147545335260059 8.147939914898066 8.148328638443363 8.148713598345065 8.149099107791203 8.149485331011709 8.149870012031533 8.150618784008989 8.154110476474871 8.160219990678135 8.165387464202029 8.169932716528798 8.173910998985251 8.179077911632906 8.183589906521453 8.187560614090645 8.188829108337407 8.191113584734332 8.194374170416541 8.197257063394641 8.199098568420624 8.199922473710615 8.203280673087113 8.206859879462304 8.213222995737128 8.218400221164302 8.222625378945747 8.226293649722809 8.229579525203473 8.232247770512235 8.234823218645126 8.237051415702469 8.238997288879268 
# BH_mass_list
-10.0 -10.0 4.782692185454052 7.021075406054128 7.539029565392144 7.656981326635139 7.697584325415604 7.7115836931407955 7.716033389090384 7.7173047486676145 7.717626644730985 7.71769806244034 7.717710055990847 7.7177109167668645 7.717710967251276 7.717710967251276 7.717710967251276 7.717710967251276 7.717710967251276 7.717710967251276 7.717710967251276 7.717710967251276 7.717710967251276 7.717710967251276 7.717710967251276 7.717710967251276 7.717710967251276 7.717710967251276 7.717710967251276 7.717710967251276 7.717710967251276 7.717710967251276 7.717710967251276 7.717710967251276 7.717710967251276 7.717710967251276 7.717710967251276 7.717710967251276 7.717710967251276 7.717710967251276 7.717710967251276 7.717710967251276 7.717710967251276 7.717710967251276 7.717710967251276 7.717710967251276 7.717710967251276 7.717710967251276 7.717710967251276 7.717710967251276 7.717710967251276 7.717710967251276 7.717710967251276 7.717710967251276 7.717710967251276 7.717710967251276 7.717710967251276 7.717710967251276 7.717710967251276 
# NS_mass_list
-10.0 -10.0 4.63977199987845 6.604717709098877 7.18506833464742 7.428581098899359 7.552766457625115 7.618296694805057 7.648849991519464 7.6623994585784745 7.668066187010648 7.670292900645604 7.671114614910839 7.6714001069384485 7.671487196648049 7.67151484336386 7.671522861864892 7.671522861864892 7.671522861864892 7.671522861864892 7.671522861864892 7.671522861864892 7.671522861864892 7.671522861864892 7.671522861864892 7.671522861864892 7.671522861864892 7.671522861864892 7.671522861864892 7.671522861864892 7.671522861864892 7.671522861864892 7.671522861864892 7.671522861864892 7.671522861864892 7.671522861864892 7.671522861864892 7.671522861864892 7.671522861864892 7.671522861864892 7.671522861864892 7.671522861864892 7.671522861864892 7.671522861864892 7.671522861864892 7.671522861864892 7.671522861864892 7.671522861864892 7.671522861864892 7.671522861864892 7.671522861864892 7.671522861864892 7.671522861864892 7.671522861864892 7.671522861864892 7.671522861864892 7.671522861864892 7.671522861864892 7.671522861864892 
# WD_mass_list
-10.0 -10.0 -10.0 -10.0 -10.0 3.0890414656101104 4.81260515483362 5.855240739065533 6.3634034675938835 6.633874475281321 6.801757925465409 6.915347621609837 6.997069863106453 7.05881054819236 7.107396524377121 7.146879464030723 7.272880111128712 7.393707449034084 7.458973832853268 7.502485666441086 7.534676168120878 7.559981427051598 7.58073266168156 7.598253424599602 7.613321714487532 7.614732601935319 7.616107248971422 7.617447233846623 7.618764486589219 7.620066217185963 7.621367059306732 7.62266756763843 7.623960168425756 7.626468466319827 7.63803326530503 7.657768275606572 7.673993048698683 7.6879322781006225 7.699891240771755 7.715104011037749 7.728108166364825 7.739346584434221 7.742897662209434 7.749246330831995 7.758206299629631 7.766031940954143 7.770984622620884 7.773189074194375 7.782102724860746 7.791479610989641 7.807848729919824 7.82089608600725 7.831372499271584 7.840347908492314 7.848295961036071 7.854688069711411 7.860806472669736 7.866060054223825 7.870618303532403 
