# time_axis
1000000 10000000 20000000 30000000 40000000 50000000 60000000 70000000 80000000 90000000 100000000 110000000 120000000 130000000 140000000 150000000 200000000 300000000 400000000 500000000 600000000 700000000 800000000 900000000 1000000000 1010000000 1020000000 1030000000 1040000000 1050000000 1060000000 1070000000 1080000000 1100000000 1200000000 1400000000 1600000000 1800000000 2000000000 2300000000 2600000000 2900000000 3000000000 3200000000 3500000000 3800000000 4000000000 4100000000 4500000000 5000000000 6000000000 7000000000 8000000000 9000000000 10000000000 11000000000 12000000000 13000000000 14000000000 
# SNIa_energy_release_list
0 0.0 0.0 0.0 0.0 0.0 9.630544953963347e+54 1.0026851690254138e+56 2.3308642050078442e+56 3.790431944542336e+56 5.248314423209951e+56 6.645572950796428e+56 7.957355909960914e+56 9.173667825468756e+56 1.0295317248819263e+57 1.1328503642594381e+57 1.545752173633664e+57 2.07925860864479e+57 2.4361091160661702e+57 2.7050707229905607e+57 2.9210812964586338e+57 3.1016188952731496e+57 3.256724084067821e+57 3.3926872804713814e+57 3.5137248620794154e+57 3.52512524880477e+57 3.536414963286799e+57 3.547589327217938e+57 3.5586512917045596e+57 3.569604947697897e+57 3.580449262931965e+57 3.59118661200685e+57 3.6018211347045585e+57 3.6227889499899594e+57 3.72204433429391e+57 3.897221833250228e+57 4.0483687330991146e+57 4.18129025207905e+57 4.299924823102651e+57 4.456943531994124e+57 4.594384846787231e+57 4.7165947533485145e+57 4.754523803806655e+57 4.8266175834237875e+57 4.926657798144717e+57 5.0183929528737206e+57 5.0755725236157566e+57 5.103086379225568e+57 5.2067672266997445e+57 5.32401510322132e+57 5.526715837212102e+57 5.697898708453063e+57 5.8460764481133836e+57 5.976727637316332e+57 6.0934847244334664e+57 6.199123869737715e+57 6.295520781061118e+57 6.384170559625131e+57 6.466230704137535e+57 
# SNII_energy_release_list
0 0.0 3.382718280950896e+54 6.085689721640001e+55 1.2432203670664085e+56 1.8373993856253421e+56 2.3585372293753174e+56 2.729384860600582e+56 2.9841759472035365e+56 3.156730403429872e+56 3.272564364350261e+56 3.349819615925128e+56 3.400973184254793e+56 3.4346887308973947e+56 3.4568212366791257e+56 3.471278700539153e+56 3.4899882962881864e+56 3.4899882962881864e+56 3.4899882962881864e+56 3.4899882962881864e+56 3.4899882962881864e+56 3.4899882962881864e+56 3.4899882962881864e+56 3.4899882962881864e+56 3.4899882962881864e+56 3.4899882962881864e+56 3.4899882962881864e+56 3.4899882962881864e+56 3.4899882962881864e+56 3.4899882962881864e+56 3.4899882962881864e+56 3.4899882962881864e+56 3.4899882962881864e+56 3.4899882962881864e+56 3.4899882962881864e+56 3.4899882962881864e+56 3.4899882962881864e+56 3.4899882962881864e+56 3.4899882962881864e+56 3.4899882962881864e+56 3.4899882962881864e+56 3.4899882962881864e+56 3.4899882962881864e+56 3.4899882962881864e+56 3.4899882962881864e+56 3.4899882962881864e+56 3.4899882962881864e+56 3.4899882962881864e+56 3.4899882962881864e+56 3.4899882962881864e+56 3.4899882962881864e+56 3.4899882962881864e+56 3.4899882962881864e+56 3.4899882962881864e+56 3.4899882962881864e+56 3.4899882962881864e+56 3.4899882962881864e+56 3.4899882962881864e+56 3.4899882962881864e+56 
# SN_energy_per_current_crossing_time_list
0.0 0.0 4.148780541574001e+54 6.407885217540199e+55 6.760287206822013e+55 6.152115320561839e+55 5.343423479353151e+55 4.0890491260274875e+55 3.068829847808838e+55 2.2923280653137283e+55 1.725603461075336e+55 1.3187130219084583e+55 1.0266828737835831e+55 8.168867493609693e+54 6.65512282030594e+54 5.553117648273197e+54 3.763787083454314e+54 2.283202239104166e+54 1.584063883156748e+54 1.2293924588458523e+54 1.0120069647611343e+54 8.640686236048173e+53 7.564638159507575e+53 6.744221450230582e+53 6.096577775182908e+53 5.750682437747756e+53 5.702967575938928e+53 5.652660245947701e+53 5.603765327222853e+53 5.556622953940207e+53 5.508930004308204e+53 5.462185883118934e+53 5.4175750952532555e+53 5.355149849841385e+53 5.136045339942198e+53 4.639585245880472e+53 4.085714852802548e+53 3.65954376878284e+53 3.3205663964530997e+53 2.994478782629677e+53 2.67225614310706e+53 2.4175355637263124e+53 2.2633718003270264e+53 2.1729938529327553e+53 2.0394925406992805e+53 1.8940920393958427e+53 1.785190459967404e+53 1.72424105108011e+53 1.648038296909857e+53 1.5142943541521273e+53 1.3447799569256847e+53 1.1604465355801906e+53 1.0225056579777875e+53 9.155090409211119e+52 8.293635053120159e+52 7.588984476569675e+52 6.999807122480505e+52 6.499095397606085e+52 6.067075487350057e+52 
# SN_energy_per_final_crossing_time_list
0.0 0.0 6.669321966196105e+54 1.1331531987804946e+56 1.2512701730839388e+56 1.1714753790297863e+56 1.0345886739441882e+56 7.981709413195711e+55 6.005409356289805e+55 4.481184564800009e+55 3.361644902172669e+55 2.556210232891363e+55 1.978397017556625e+55 1.5640052865152785e+55 1.2656473701789027e+55 1.048922577929398e+55 6.843289254110959e+54 3.944452978278841e+54 2.6383562679412217e+54 1.9885541051692282e+54 1.5970633040969638e+54 1.3347956511909295e+54 1.1467624076078511e+54 1.0052370501944544e+54 8.948852683426736e+53 8.428818552377957e+53 8.34699358624107e+53 8.261709736946286e+53 8.17860777329916e+53 8.098530433855742e+53 8.017689893754545e+53 7.938605002276904e+53 7.86258083778645e+53 7.7512243548455e+53 7.338396887748092e+53 6.475830113195202e+53 5.587484987450227e+53 4.913742806184008e+53 4.385593652596825e+53 3.869699740482334e+53 3.387218147068417e+53 3.0118426462889357e+53 2.804265257639889e+53 2.665108657220303e+53 2.4654743098859304e+53 2.260797499572403e+53 2.113771393454932e+53 2.0342230680274314e+53 1.916397820025573e+53 1.733732549009506e+53 1.4986576757458664e+53 1.2656319436571717e+53 1.0955446610603352e+53 9.659629922861226e+52 8.632376477422188e+52 7.81037704464585e+52 7.127057126472221e+52 6.554276764689371e+52 6.067075487350057e+52 
# total_energy_release_list
0 0 3.382718280950896e+54 6.085689721640001e+55 1.2432203670664085e+56 1.8373993856253421e+56 2.454842678914951e+56 3.7320700296259958e+56 5.315040152211381e+56 6.947162347972208e+56 8.520878787560213e+56 9.995392566721556e+56 1.1358329094215707e+57 1.260835655636615e+57 1.375213848549839e+57 1.4799782343133535e+57 1.8947510032624827e+57 2.4282574382736086e+57 2.785107945694989e+57 3.0540695526193793e+57 3.2700801260874524e+57 3.450617724901968e+57 3.60572291369664e+57 3.7416861101002004e+57 3.862723691708234e+57 3.874124078433589e+57 3.885413792915618e+57 3.896588156846757e+57 3.9076501213333785e+57 3.918603777326716e+57 3.929448092560784e+57 3.940185441635669e+57 3.9508199643333775e+57 3.9717877796187784e+57 4.071043163922729e+57 4.2462206628790466e+57 4.3973675627279336e+57 4.530289081707869e+57 4.64892365273147e+57 4.805942361622943e+57 4.94338367641605e+57 5.0655935829773334e+57 5.103522633435474e+57 5.1756164130526065e+57 5.275656627773536e+57 5.3673917825025395e+57 5.4245713532445756e+57 5.452085208854387e+57 5.5557660563285635e+57 5.673013932850139e+57 5.875714666840921e+57 6.046897538081882e+57 6.1950752777422026e+57 6.32572646694515e+57 6.442483554062285e+57 6.548122699366533e+57 6.644519610689937e+57 6.73316938925395e+57 6.815229533766353e+57 
# binding_energy_list
7.362070974947316e+54 7.362070974947316e+54 7.345138681571143e+54 7.328245331389074e+54 7.277798045368272e+54 7.244359600749891e+54 7.211074791828947e+54 7.177942912713644e+54 7.144963260755121e+54 7.112135136533237e+54 7.095777679633873e+54 7.063175542629565e+54 7.046930689671452e+54 7.030723198838356e+54 6.998419960022717e+54 6.982324040771733e+54 6.902398038402398e+54 6.776415076106799e+54 6.68343917568619e+54 6.622165037017589e+54 6.546361740672787e+54 6.501296903430943e+54 6.441692655151735e+54 6.397348354826442e+54 6.353309318517396e+54 6.353309318517396e+54 6.353309318517396e+54 6.353309318517396e+54 6.338697112569264e+54 6.338697112569264e+54 6.338697112569264e+54 6.338697112569264e+54 6.324118513762223e+54 6.324118513762223e+54 6.280583588133205e+54 6.22300285169155e+54 6.165950018614809e+54 6.1235039172477214e+54 6.081350012787164e+54 6.011737374832828e+54 5.970352865838415e+54 5.915616341754719e+54 5.902010801718454e+54 5.874893525297745e+54 5.8479008414448476e+54 5.807644175213159e+54 5.7942869642687856e+54 5.780960474057187e+54 5.74116462207328e+54 5.701642722807478e+54 5.6493697481230574e+54 5.59757601495107e+54 5.546257129579105e+54 5.5207743928075396e+54 5.4827696492085025e+54 5.457578610912733e+54 5.432503314924325e+54 5.407543229455771e+54 5.382697825162903e+54 
# total_gas_kinetic_energy_list
3.1007948112047294e+58 3.2607444609316918e+59 2.4180847954307874e+59 1.694388216236304e+59 1.1861544987593739e+59 8.303762238850584e+58 5.813292666996178e+58 4.0699607085969325e+58 2.849612525322623e+58 1.9953444562707726e+58 1.3973265148186105e+58 9.786818455896065e+57 6.855983621268646e+57 4.804085415865068e+57 3.367476793784507e+57 2.3615742092977978e+57 2.380026214221438e+57 2.406987638496056e+57 2.4271097036746542e+57 2.4431870768795417e+57 2.4565846902567158e+57 2.468097880798302e+57 2.478318546427764e+57 2.4875945545870363e+57 2.496011538935833e+57 2.4968186461274415e+57 2.497598341968867e+57 2.498370663832935e+57 2.4991644807768844e+57 2.4999337336496557e+57 2.500724268054069e+57 2.501497024100312e+57 2.502302901385305e+57 2.5037746101845216e+57 2.5109681549900736e+57 2.5239461492536737e+57 2.535309003815001e+57 2.5455498578777212e+57 2.5547836642158013e+57 2.5668132428909103e+57 2.5774530802036237e+57 2.586823934318354e+57 2.5898167370446506e+57 2.595308141921076e+57 2.603072024565458e+57 2.609770046597012e+57 2.613940835808977e+57 2.615807079054262e+57 2.6231678196820005e+57 2.63089844411317e+57 2.6438699636833382e+57 2.6538860719707206e+57 2.6621644222222234e+57 2.6693249343488153e+57 2.6756811052435667e+57 2.6809695025576026e+57 2.685943606859854e+57 2.69045275472537e+57 2.6944335915247255e+57 
