# time_axis
5.999999999999999 7.0 7.30102999566398 7.477121254719661 7.602059991327962 7.698970004336018 7.778151250383643 7.845098040014256 7.903089986991943 7.954242509439324 8.0 8.041392685158224 8.079181246047623 8.113943352306837 8.146128035678238 8.176091259055681 8.301029995663981 8.47712125471966 8.60205999132796 8.698970004336019 8.778151250383644 8.845098040014257 8.903089986991942 8.954242509439323 8.999999999999998 9.004321373782641 9.008600171761916 9.012837224705171 9.017033339298779 9.021189299069936 9.02530586526477 9.02938377768521 9.033423755486949 9.041392685158224 9.079181246047623 9.146128035678236 9.204119982655923 9.255272505103305 9.301029995663981 9.361727836017593 9.414973347970816 9.462397997898954 9.477121254719663 9.505149978319904 9.544068044350274 9.57978359661681 9.60205999132796 9.612783856719734 9.653212513775342 9.698970004336017 9.778151250383642 9.845098040014257 9.903089986991944 9.954242509439325 10.0 10.041392685158225 10.079181246047623 10.113943352306835 10.146128035678236 
# total_gas_mass_list
9.734045203312506 10.756437611369554 10.626595636648043 10.472137979201467 10.31727021731257 10.162409161653013 10.007562228853951 9.852739384222573 9.697947634475625 9.543195641314934 9.388494832057583 9.233861130234791 9.079315927917298 8.924887833515921 8.770617639376873 8.616556598527492 8.620058210279936 8.624983977031999 8.62858088454991 8.631490212729664 8.633944476873646 8.636064051643505 8.63792878877861 8.639598419558205 8.641101911384245 8.641245056973416 8.64138398549867 8.641521730763365 8.641661605116036 8.641797997394203 8.641937306947463 8.642073780046937 8.64221460948651 8.642474670484718 8.643735757719833 8.645989661798511 8.647935801979791 8.64966344626571 8.651206227591796 8.65320413515929 8.654951082777183 8.656491155634042 8.656980078586862 8.657872939556734 8.659126520382609 8.660207282706127 8.660878504879754 8.661179176814317 8.662358838816237 8.663598770193076 8.665663767710155 8.667255083247335 8.668571503356024 8.669708214946441 8.670714730819324 8.671548867069466 8.672346726642141 8.673062078890197 8.673695801542227 
# ejected_gas_mass_list
-10.0 -10.0 4.758447538826859 5.996886114897514 6.369096634494657 6.568871743788834 6.6985279639859145 6.798831449915538 6.878425124486773 6.942715927427468 6.995504318952949 7.039614021665649 7.0770297900754295 7.109174165024604 7.137202308736334 7.161824068685079 7.251961386045597 7.354472844197449 7.417071483250474 7.462155301899259 7.497062379097597 7.525247649675246 7.548721110815523 7.568793016071483 7.586168689100196 7.587790393380494 7.589359061193025 7.590909287608584 7.592478333740588 7.59400336418771 7.595555996577736 7.597072133118583 7.598631633663937 7.601498148489345 7.615159812786538 7.638647594174036 7.658045487817171 7.674637023022999 7.68898883540623 7.706968081824713 7.722165466351408 7.735184282032567 7.739246461541536 7.746579639335834 7.756695545941782 7.765254391957667 7.770496802135282 7.772827355980106 7.7818674199446765 7.7911964462828465 7.80635828221543 7.817738618507006 7.8269632467020855 7.834795826870819 7.841632011686355 7.847228756067398 7.852525324480439 7.857228006465455 7.86135832368528 
# stellar_mass_list
-10.0 7.21116645803217 8.259883503721534 8.310798545278537 8.332336085020314 8.347292235466194 8.356217231566005 8.360491759734318 8.36143771184174 8.360132350171577 8.357121605625712 8.352969493935756 8.348061956334352 8.342678645443549 8.337027146323878 8.331264083775341 8.296702556915415 8.252107104793298 8.220502725219214 8.195367761296048 8.174200012292015 8.155791251950756 8.139457698370878 8.12471309503486 8.111236964782458 8.109944389782596 8.108671932754564 8.107415553985135 8.106164832974754 8.104927877469699 8.10368965760187 8.10245317561231 8.10121638211142 8.098812579837512 8.087276149432467 8.066247171329511 8.047486046672734 8.030264141210539 8.01448417019636 7.992956120274219 7.973218170520215 7.9549540531723295 7.948981669537053 7.937875062823993 7.921541331276131 7.906536210424407 7.8966259516920685 7.892090236896149 7.873245067513498 7.851979261120415 7.811365382115355 7.775498018409875 7.74518466127161 7.718167837984918 7.693425712598022 7.672574899889557 7.6523340132361 7.634257031739079 7.618141029306767 
# remnant_mass_list
-10.0 -10.0 6.007141397886268 7.292581912653078 7.539531210298913 7.660353718011431 7.73288323699679 7.780200114187632 7.8130619649697195 7.836909669415144 7.854896088022419 7.868953026540502 7.880280354691169 7.889652897529335 7.897589730578998 7.90444477091045 7.9287839441019985 7.957166240792618 7.975288094259626 7.988656151163752 7.999221966839453 8.007924063934437 8.015303754712273 8.021693925754132 8.027317281550527 8.027844307085545 8.028363042580876 8.028872708256031 8.029376125954366 8.02987780083159 8.030375302811494 8.03087377825252 8.031366813678801 8.032323429973044 8.036826969504746 8.044690761101151 8.051351355304588 8.057180239046792 8.062300214602146 8.06894653752389 8.074732258544481 8.079831297983082 8.081453076093055 8.084392453169595 8.088574908399433 8.09226151976324 8.094627237407593 8.095680769532862 8.099975817782074 8.10456188234719 8.112703262881652 8.119212939856139 8.124231252359737 8.128380646680794 8.131939076963322 8.134731343489785 8.137321957134068 8.139509487536381 8.14135384195349 
# BH_mass_list
-10.0 -10.0 5.817056927816142 7.147726108176078 7.3465925629582385 7.430505979962646 7.474028717207766 7.498464691205863 7.512681573759853 7.5209421698230985 7.525741679687724 7.528540474011333 7.530172716842177 7.531112833277461 7.531649669079515 7.531952020065723 7.532120710106074 7.532120710106074 7.532120710106074 7.532120710106074 7.532120710106074 7.532120710106074 7.532120710106074 7.532120710106074 7.532120710106074 7.532120710106074 7.532120710106074 7.532120710106074 7.532120710106074 7.532120710106074 7.532120710106074 7.532120710106074 7.532120710106074 7.532120710106074 7.532120710106074 7.532120710106074 7.532120710106074 7.532120710106074 7.532120710106074 7.532120710106074 7.532120710106074 7.532120710106074 7.532120710106074 7.532120710106074 7.532120710106074 7.532120710106074 7.532120710106074 7.532120710106074 7.532120710106074 7.532120710106074 7.532120710106074 7.532120710106074 7.532120710106074 7.532120710106074 7.532120710106074 7.532120710106074 7.532120710106074 7.532120710106074 7.532120710106074 
# NS_mass_list
-10.0 -10.0 5.556722522687618 6.745316888953235 7.094262385409434 7.273969334997547 7.382516526282537 7.445659798608657 7.4842517610485695 7.508566538092934 7.524143457409579 7.534213312888098 7.5407449976143015 7.544984059055207 7.547732248155374 7.549507575281124 7.551669725972108 7.551669725972108 7.551669725972108 7.551669725972108 7.551669725972108 7.551669725972108 7.551669725972108 7.551669725972108 7.551669725972108 7.551669725972108 7.551669725972108 7.551669725972108 7.551669725972108 7.551669725972108 7.551669725972108 7.551669725972108 7.551669725972108 7.551669725972108 7.551669725972108 7.551669725972108 7.551669725972108 7.551669725972108 7.551669725972108 7.551669725972108 7.551669725972108 7.551669725972108 7.551669725972108 7.551669725972108 7.551669725972108 7.551669725972108 7.551669725972108 7.551669725972108 7.551669725972108 7.551669725972108 7.551669725972108 7.551669725972108 7.551669725972108 7.551669725972108 7.551669725972108 7.551669725972108 7.551669725972108 7.551669725972108 7.551669725972108 
# WD_mass_list
-10.0 -10.0 -10.0 -10.0 -10.0 3.8748750104522105 5.16443729833718 5.939007861905975 6.2935467588454586 6.512523515111052 6.66397080036365 6.775759745731916 6.861870758289522 6.930309291942671 6.986022695610613 7.0322866864966915 7.182058239232336 7.320969186103579 7.39445931410816 7.443317798972512 7.479326404710097 7.507491997544943 7.530434642271674 7.549662512981025 7.566128310739996 7.567650689640626 7.5691457242468845 7.570611354903245 7.572055860116004 7.573492259079445 7.574913665369441 7.576334828362607 7.577737519595216 7.580450759138905 7.593079231818112 7.6145833258331255 7.632287385442095 7.647422219766622 7.66045555141639 7.677030031158329 7.69115823060678 7.703389858074898 7.7072385949944255 7.714164440138363 7.723911409932754 7.732400942614281 7.737799834608716 7.7401920781327185 7.749869470529552 7.760072521330372 7.7778690707308 7.79182174704038 7.8024179819578 7.811078361829152 7.8184346349961045 7.824162478241172 7.82944236788224 7.833875487661599 7.837595458799948 
