# time_axis
1000000 10000000 20000000 30000000 40000000 50000000 60000000 70000000 80000000 90000000 100000000 110000000 120000000 130000000 140000000 150000000 200000000 300000000 400000000 500000000 600000000 700000000 800000000 900000000 1000000000 1010000000 1020000000 1030000000 1040000000 1050000000 1060000000 1070000000 1080000000 1100000000 1200000000 1400000000 1600000000 1800000000 2000000000 2300000000 2600000000 2900000000 3000000000 3200000000 3500000000 3800000000 4000000000 4100000000 4500000000 5000000000 6000000000 7000000000 8000000000 9000000000 10000000000 11000000000 12000000000 13000000000 14000000000 
# SNIa_energy_release_list
0 0.0 0.0 0.0 0.0 0.0 9.240377119126224e+53 4.481765564715979e+55 1.343589399927085e+56 2.4221456591698647e+56 3.5059676405306955e+56 4.518036533602984e+56 5.436988470632596e+56 6.265398359173616e+56 7.0137837193151935e+56 7.693838291974958e+56 1.0378569258634037e+57 1.387568029876083e+57 1.623148762349843e+57 1.8011423888610684e+57 1.9442666613006503e+57 2.06397790871665e+57 2.1668741883596346e+57 2.257102197441923e+57 2.3374462939726305e+57 2.3450142637204633e+57 2.352507731569476e+57 2.359926880085687e+57 2.367271264054299e+57 2.3745435180314786e+57 2.3817439825021207e+57 2.388873139639117e+57 2.395933580208761e+57 2.4098549509271923e+57 2.4757630818344895e+57 2.592105811668691e+57 2.692507873646435e+57 2.7808141010795126e+57 2.8596369271883818e+57 2.963973488066858e+57 3.0553091305716485e+57 3.1365281963721853e+57 3.1617323119149446e+57 3.209649917056878e+57 3.2761425803472194e+57 3.3371180553829635e+57 3.375124561026277e+57 3.393412926970447e+57 3.4623313513525006e+57 3.540269635628688e+57 3.675021259434294e+57 3.788819958778714e+57 3.887328605243861e+57 3.974185541401468e+57 4.0518048495829035e+57 4.122045797849108e+57 4.1861343048629516e+57 4.2450741232986044e+57 4.299632788383835e+57 
# SNII_energy_release_list
0 0.0 1.3821668361122762e+54 6.71032719733398e+55 2.0403203300129074e+56 3.6613933747924317e+56 5.1966520792924035e+56 6.270420101835784e+56 6.852986204336971e+56 7.136450919509372e+56 7.266287060351629e+56 7.323531388314439e+56 7.348135665557397e+56 7.358615505738269e+56 7.36313157740639e+56 7.365100445969355e+56 7.3667727854852115e+56 7.3667727854852115e+56 7.3667727854852115e+56 7.3667727854852115e+56 7.3667727854852115e+56 7.3667727854852115e+56 7.3667727854852115e+56 7.3667727854852115e+56 7.3667727854852115e+56 7.3667727854852115e+56 7.3667727854852115e+56 7.3667727854852115e+56 7.3667727854852115e+56 7.3667727854852115e+56 7.3667727854852115e+56 7.3667727854852115e+56 7.3667727854852115e+56 7.3667727854852115e+56 7.3667727854852115e+56 7.3667727854852115e+56 7.3667727854852115e+56 7.3667727854852115e+56 7.3667727854852115e+56 7.3667727854852115e+56 7.3667727854852115e+56 7.3667727854852115e+56 7.3667727854852115e+56 7.3667727854852115e+56 7.3667727854852115e+56 7.3667727854852115e+56 7.3667727854852115e+56 7.3667727854852115e+56 7.3667727854852115e+56 7.3667727854852115e+56 7.3667727854852115e+56 7.3667727854852115e+56 7.3667727854852115e+56 7.3667727854852115e+56 7.3667727854852115e+56 7.3667727854852115e+56 7.3667727854852115e+56 7.3667727854852115e+56 7.3667727854852115e+56 
# SN_energy_per_current_crossing_time_list
0.0 0.0 5.1693141016342886e+54 1.7234258767106483e+56 3.2347497223619966e+56 3.723245695420809e+56 3.523056278381215e+56 2.5215288766166206e+56 1.4400389169738488e+56 7.649473043123581e+55 4.064687584846821e+55 2.2892939001222897e+55 1.431337045579325e+55 1.013756961003289e+55 8.000119222520349e+54 6.784332990579442e+54 5.1751584188147347e+54 3.4238000923569376e+54 2.3596926628963797e+54 1.8152896004699997e+54 1.4817057042892108e+54 1.2553062700884139e+54 1.091214313202594e+54 9.66540019848026e+53 8.685275991251961e+53 8.18817658494671e+53 8.11444503156856e+53 8.040664555381063e+53 7.966224759499884e+53 7.894507828022956e+53 7.823046994523547e+53 7.752008506946476e+53 7.683675245922405e+53 7.58721480464148e+53 7.2390592650402395e+53 6.477611198450423e+53 5.657148500763705e+53 5.029035572009016e+53 4.532203904516103e+53 4.0497729194321745e+53 3.5846106941697133e+53 3.219166367921847e+53 3.006512003646911e+53 2.874258251494518e+53 2.680644391084354e+53 2.475811880691198e+53 2.3251577442612704e+53 2.242179736550715e+53 2.1294524172360453e+53 1.942929178867837e+53 1.7043329932378586e+53 1.4564525385753118e+53 1.273986690900045e+53 1.1342273078875095e+53 1.0228201607131544e+53 9.330086070526676e+52 8.58108887481224e+52 7.949309163599112e+52 7.408311991047365e+52 
# SN_energy_per_final_crossing_time_list
0.0 0.0 5.004776970308139e+54 2.379737849731459e+56 4.958141751491477e+56 5.869847857527971e+56 5.560371897911657e+56 3.947677292775737e+56 2.2310358214952622e+56 1.1728686749774475e+56 6.173000818479201e+55 3.4470463162367765e+55 2.138721739776213e+55 1.504337318858318e+55 1.1797291419263751e+55 9.947120661693282e+54 7.412096169072115e+54 4.748593025896973e+54 3.198860460604764e+54 2.416907223725636e+54 1.9434296313294628e+54 1.6255131394982232e+54 1.397189137825336e+54 1.2251715480363722e+54 1.0909616883194125e+54 1.0276256016009024e+54 1.017509274349934e+54 1.007417737038568e+54 9.972657457167457e+53 9.874714906774144e+53 9.777234687770144e+53 9.680409192850756e+53 9.587101600170014e+53 9.451647823866563e+53 8.949412448880813e+53 7.898866652579564e+53 6.816605561313677e+53 5.995382058511635e+53 5.35152470206513e+53 4.722487215386823e+53 4.134038925630334e+53 3.676141868768592e+53 3.422370234086351e+53 3.2532739593311073e+53 3.009594620158057e+53 2.7598753388453415e+53 2.5803788550850816e+53 2.483307106381805e+53 2.33954216509918e+53 2.1165881718807457e+53 1.8297406450336353e+53 1.545228915703725e+53 1.3376111488241037e+53 1.1793970410325856e+53 1.0539628318234429e+53 9.537749108967456e+52 8.702332695591251e+52 8.003212010135195e+52 7.408311991047365e+52 
# total_energy_release_list
0 0 1.3821668361122762e+54 6.71032719733398e+55 2.0403203300129074e+56 3.6613933747924317e+56 5.20589245641153e+56 6.718596658307382e+56 8.196575604264055e+56 9.558596578679236e+56 1.0772254700882324e+57 1.1841567921917423e+57 1.2785124136189993e+57 1.3624013864911885e+57 1.4376915296721583e+57 1.5058938737944314e+57 1.774534204411925e+57 2.124245308424604e+57 2.3598260408983643e+57 2.5378196674095896e+57 2.6809439398491716e+57 2.8006551872651713e+57 2.903551466908156e+57 2.993779475990444e+57 3.0741235725211517e+57 3.0816915422689846e+57 3.0891850101179974e+57 3.096604158634208e+57 3.10394854260282e+57 3.1112207965799998e+57 3.118421261050642e+57 3.1255504181876384e+57 3.1326108587572823e+57 3.1465322294757136e+57 3.2124403603830104e+57 3.328783090217212e+57 3.429185152194956e+57 3.517491379628034e+57 3.596314205736903e+57 3.700650766615379e+57 3.7919864091201694e+57 3.873205474920706e+57 3.898409590463466e+57 3.9463271956053996e+57 4.0128198588957406e+57 4.073795333931485e+57 4.1118018395747985e+57 4.130090205518968e+57 4.199008629901022e+57 4.276946914177209e+57 4.411698537982815e+57 4.5254972373272356e+57 4.624005883792382e+57 4.710862819949989e+57 4.788482128131425e+57 4.858723076397629e+57 4.922811583411473e+57 4.9817514018471257e+57 5.0363100669323564e+57 
# binding_energy_list
8.9536476554959e+54 8.9536476554959e+54 8.9536476554959e+54 8.933054837332963e+54 8.912509381337514e+54 8.871560120379617e+54 8.85115609830841e+54 8.830799004185586e+54 8.810488730080146e+54 8.770008211436303e+54 8.749837752274363e+54 8.729713683881166e+54 8.729713683881166e+54 8.709635899560761e+54 8.68960429286302e+54 8.669618757582214e+54 8.609937521846052e+54 8.51138038202376e+54 8.452788451602891e+54 8.394599865193965e+54 8.336811846196331e+54 8.298507675144166e+54 8.260379495771817e+54 8.241381150129963e+54 8.20351544329821e+54 8.20351544329821e+54 8.20351544329821e+54 8.184647881347836e+54 8.184647881347836e+54 8.184647881347836e+54 8.184647881347836e+54 8.184647881347836e+54 8.184647881347836e+54 8.165823713585906e+54 8.147042840208421e+54 8.090958991783846e+54 8.053784411990643e+54 8.016780633876855e+54 7.979946872679785e+54 7.94328234724279e+54 7.90678627999831e+54 7.870457896951001e+54 7.852356346100775e+54 7.834296427662088e+54 7.816278045883308e+54 7.798301105232642e+54 7.780365510398008e+54 7.762471166286928e+54 7.744617978025239e+54 7.709034690644309e+54 7.673614893618154e+54 7.638357835776954e+54 7.603262769401822e+54 7.568328950209705e+54 7.533555637337217e+54 7.516228940182015e+54 7.481695005111584e+54 7.464487584100623e+54 7.447319739059888e+54 
# total_gas_kinetic_energy_list
2.4816809505278643e+57 1.133687210456809e+59 1.409424500975118e+59 8.84160896385827e+58 4.5980377829316266e+58 2.1865775727918847e+58 9.866022469690636e+57 4.300582404898756e+57 1.829672571921119e+57 7.648053696209276e+56 3.1565123289397415e+56 1.2924265056305345e+56 5.283078403644884e+55 2.1800747097112875e+55 9.277692139481554e+54 7.226688832702634e+54 5.612798980772082e+55 1.2524794439907057e+56 1.7676748636255681e+56 2.174859976638352e+56 2.5124015821394297e+56 2.8005968940991294e+56 3.0579742536393307e+56 3.290512967719768e+56 3.502947509433903e+56 3.5234079332845935e+56 3.5433548437741467e+56 3.5629949981074397e+56 3.582521206895286e+56 3.6020325117570975e+56 3.621582294975134e+56 3.641209113222231e+56 3.6609409900389124e+56 3.698722686088098e+56 3.8797700587723517e+56 4.208181052029395e+56 4.49570472807227e+56 4.755609038302966e+56 4.991506527730244e+56 5.295076794103007e+56 5.564761498008038e+56 5.804252431924621e+56 5.881542104324176e+56 6.019696486179715e+56 6.215115449620382e+56 6.384815882335256e+56 6.490035167157148e+56 6.536880835892585e+56 6.723389550442489e+56 6.916627653254564e+56 7.2402530213962685e+56 7.496866715871427e+56 7.725443843858195e+56 7.94025254897754e+56 8.143079234512509e+56 8.322105599347055e+56 8.501396102077632e+56 8.666834231791647e+56 8.82219750237503e+56 
