# time_axis
1000000 10000000 20000000 30000000 40000000 50000000 60000000 70000000 80000000 90000000 100000000 110000000 120000000 130000000 140000000 150000000 200000000 300000000 400000000 500000000 600000000 700000000 800000000 900000000 1000000000 1010000000 1020000000 1030000000 1040000000 1050000000 1060000000 1070000000 1080000000 1100000000 1200000000 1400000000 1600000000 1800000000 2000000000 2300000000 2600000000 2900000000 3000000000 3200000000 3500000000 3800000000 4000000000 4100000000 4500000000 5000000000 6000000000 7000000000 8000000000 9000000000 10000000000 11000000000 12000000000 13000000000 14000000000 
# SNIa_energy_release_list
0 0.0 0.0 0.0 0.0 0.0 1.0443729418665042e+55 1.206829188127016e+56 3.054630028094733e+56 4.896346092558313e+56 6.555099236084111e+56 8.0222598524415e+56 9.325283419301687e+56 1.0493056966380898e+57 1.1549986446414684e+57 1.2515164652902273e+57 1.638253645486095e+57 2.1531766695981998e+57 2.5046834643192778e+57 2.771937592359568e+57 2.987638990049248e+57 3.1684836000067935e+57 3.32420350958527e+57 3.460927522160637e+57 3.582798939611414e+57 3.59428298718649e+57 3.605658168820842e+57 3.616920827500691e+57 3.62806881958895e+57 3.639108826661921e+57 3.650039827459908e+57 3.660862541053528e+57 3.671582680600309e+57 3.692723763894003e+57 3.792847110134995e+57 3.9697178831253115e+57 4.122475980849116e+57 4.2569152297472234e+57 4.376978450846506e+57 4.5359715186496196e+57 4.6752149701421225e+57 4.799077386782201e+57 4.837531914004125e+57 4.9106224846520965e+57 5.0120721754227285e+57 5.105129608792522e+57 5.163136386429266e+57 5.1910497215413605e+57 5.296259615214692e+57 5.4152522833944156e+57 5.621025307301779e+57 5.794856629509232e+57 5.9453359775741296e+57 6.0780485896298295e+57 6.1966393873649974e+57 6.303973422807042e+57 6.401913366941226e+57 6.491989214704899e+57 6.575372267309786e+57 
# SNII_energy_release_list
0 -3.334045988817891e+53 -5.9508938436835695e+54 5.566633551455668e+55 1.4990022641810168e+56 2.214453432386679e+56 2.735300137040318e+56 3.026406463126341e+56 3.138494664818102e+56 3.1795307708642597e+56 3.194074824486203e+56 3.1990791864292513e+56 3.2007436185314624e+56 3.20128854625359e+56 3.2014756478200593e+56 3.2015505145949984e+56 3.201579743585582e+56 3.201579743585582e+56 3.201579743585582e+56 3.201579743585582e+56 3.201579743585582e+56 3.201579743585582e+56 3.201579743585582e+56 3.201579743585582e+56 3.201579743585582e+56 3.201579743585582e+56 3.201579743585582e+56 3.201579743585582e+56 3.201579743585582e+56 3.201579743585582e+56 3.201579743585582e+56 3.201579743585582e+56 3.201579743585582e+56 3.201579743585582e+56 3.201579743585582e+56 3.201579743585582e+56 3.201579743585582e+56 3.201579743585582e+56 3.201579743585582e+56 3.201579743585582e+56 3.201579743585582e+56 3.201579743585582e+56 3.201579743585582e+56 3.201579743585582e+56 3.201579743585582e+56 3.201579743585582e+56 3.201579743585582e+56 3.201579743585582e+56 3.201579743585582e+56 3.201579743585582e+56 3.201579743585582e+56 3.201579743585582e+56 3.201579743585582e+56 3.201579743585582e+56 3.201579743585582e+56 3.201579743585582e+56 3.201579743585582e+56 3.201579743585582e+56 3.201579743585582e+56 
# SN_energy_per_current_crossing_time_list
0.0 -1.1192378695028961e+54 -4.7869241167010166e+54 4.377943752606602e+55 7.146792577630281e+55 5.627578892747419e+55 4.2299848466427537e+55 2.7355750755031446e+55 1.5204346758805153e+55 9.382157175758788e+54 6.636169644877603e+54 5.258118665538685e+54 4.478443006113317e+54 3.97168126459156e+54 3.602105893559797e+54 3.310245598472376e+54 2.7480492138333717e+54 1.92790879154644e+54 1.36765409122238e+54 1.0725724986084274e+54 8.885946263423006e+53 7.619900834172187e+53 6.6931179778526045e+53 5.9823177570578445e+53 5.419535586447655e+53 5.114748377049477e+53 5.074060175598911e+53 5.031249200540257e+53 4.987477915439183e+53 4.946413442942469e+53 4.9049402202705636e+53 4.863533162271996e+53 4.824391157987466e+53 4.77085493170479e+53 4.580617031619127e+53 4.147063915140504e+53 3.6596435767042805e+53 3.2837470725168567e+53 2.983432547406992e+53 2.695888851773845e+53 2.4095215001942856e+53 2.182954657823272e+53 2.0450599710456964e+53 1.9643791237250533e+53 1.845556438814539e+53 1.715786199289086e+53 1.617951597288671e+53 1.5631154377806397e+53 1.4957866989239417e+53 1.3753634085124632e+53 1.2238541710804863e+53 1.0575462270536034e+53 9.325460202757198e+52 8.354255859851355e+52 7.569600961020352e+52 6.932236958195608e+52 6.39381020183771e+52 5.932425944294242e+52 5.536782397081323e+52 
# SN_energy_per_final_crossing_time_list
0.0 -6.559601764790637e+53 -9.946966310222724e+54 1.0910648473832715e+56 1.6686126083216746e+56 1.2668593310323866e+56 9.292053230125351e+55 5.88666793611338e+55 3.2117338614211707e+55 1.9495641261624928e+55 1.3589750499905182e+55 1.0628335711570134e+55 8.947030607105294e+54 7.85071432055421e+54 7.051329305640297e+54 6.422211025956412e+54 5.137041889272309e+54 3.4191800931844606e+54 2.3340673825991966e+54 1.774614751384256e+54 1.4322954898440462e+54 1.2008402447973107e+54 1.0340077837096047e+54 9.078716626899708e+53 8.092478000850676e+53 7.6256110174113804e+53 7.55332210432927e+53 7.478604869314775e+53 7.402464221303144e+53 7.330760258314406e+53 7.258378160794506e+53 7.186473538904405e+53 7.11836255481527e+53 7.019026899291889e+53 6.648367548149986e+53 5.87226631706204e+53 5.0717041417072435e+53 4.4635021357581506e+53 3.986205280042858e+53 3.5191404470867957e+53 3.082003944637514e+53 2.7415612912871835e+53 2.5534487255980677e+53 2.426671681558286e+53 2.245479724798276e+53 2.0597261389990674e+53 1.9258763939263714e+53 1.8534948969164954e+53 1.7465308269823405e+53 1.5802647899715762e+53 1.3663693292247339e+53 1.1542707718081446e+53 9.992095269502865e+52 8.812352526628893e+52 7.874639040469038e+52 7.127170084060798e+52 6.503385780595736e+52 5.981195851192116e+52 5.536782397081323e+52 
# total_energy_release_list
0 -3.334045988817891e+53 -5.9508938436835695e+54 5.566633551455668e+55 1.4990022641810168e+56 2.214453432386679e+56 2.8397374312269683e+56 4.233235651253357e+56 6.1931246929128346e+56 8.075876863422572e+56 9.749174060570314e+56 1.1221339038870751e+57 1.2526027037833149e+57 1.3694345512634487e+57 1.4751462094234742e+57 1.5716715167497272e+57 1.9584116198446532e+57 2.473334643956758e+57 2.824841438677836e+57 3.092095566718126e+57 3.307796964407806e+57 3.488641574365352e+57 3.644361483943828e+57 3.781085496519196e+57 3.9029569139699726e+57 3.914440961545048e+57 3.9258161431794005e+57 3.9370788018592496e+57 3.948226793947508e+57 3.959266801020479e+57 3.9701978018184664e+57 3.981020515412087e+57 3.991740654958868e+57 4.0128817382525615e+57 4.113005084493554e+57 4.28987585748387e+57 4.442633955207675e+57 4.577073204105782e+57 4.697136425205064e+57 4.856129493008178e+57 4.995372944500681e+57 5.1192353611407595e+57 5.1576898883626835e+57 5.230780459010655e+57 5.332230149781287e+57 5.4252875831510805e+57 5.483294360787825e+57 5.511207695899919e+57 5.6164175895732505e+57 5.735410257752974e+57 5.9411832816603376e+57 6.115014603867791e+57 6.265493951932688e+57 6.398206563988388e+57 6.516797361723556e+57 6.6241313971656e+57 6.722071341299785e+57 6.812147189063457e+57 6.895530241668344e+57 
# binding_energy_list
7.481695005111584e+54 7.481695005111584e+54 7.481695005111584e+54 7.464487584100623e+54 7.413102413009132e+54 7.362070974947316e+54 7.328245331389074e+54 7.29457510254568e+54 7.261059574351499e+54 7.227698036021732e+54 7.194489780036983e+54 7.177942912713644e+54 7.144963260755121e+54 7.128530301265221e+54 7.095777679633873e+54 7.079457843841403e+54 6.998419960022717e+54 6.870684400142374e+54 6.760829753919791e+54 6.68343917568619e+54 6.622165037017589e+54 6.561452663029057e+54 6.501296903430943e+54 6.45654229034659e+54 6.412095765851648e+54 6.412095765851648e+54 6.397348354826442e+54 6.397348354826442e+54 6.397348354826442e+54 6.397348354826442e+54 6.382634861905483e+54 6.382634861905483e+54 6.382634861905483e+54 6.367955209079188e+54 6.338697112569264e+54 6.266138646723311e+54 6.208690342300624e+54 6.151768727098702e+54 6.1094202490557394e+54 6.053408747539087e+54 5.997910762555076e+54 5.942921586155739e+54 5.929253245800042e+54 5.902010801718454e+54 5.861381645140297e+54 5.8210321777087214e+54 5.807644175213159e+54 5.7942869642687856e+54 5.754399373371543e+54 5.7147863667186424e+54 5.6493697481230574e+54 5.59757601495107e+54 5.559042572704003e+54 5.5207743928075396e+54 5.4827696492085025e+54 5.457578610912733e+54 5.432503314924325e+54 5.407543229455771e+54 5.382697825162903e+54 
# total_gas_kinetic_energy_list
3.1007948112047294e+58 3.2607442594989726e+59 3.386520349398558e+59 1.3563426048476004e+59 5.426489820855216e+58 2.1714515218033506e+58 8.692833383002684e+57 3.483454019584572e+57 1.3993151504532638e+57 5.652297030562956e+56 2.3117764231335444e+56 9.714932878750981e+55 4.315914572426381e+55 2.1226886454142383e+55 1.2153104286576419e+55 8.276203143858615e+54 2.2906674237782225e+55 4.4540661082613786e+55 6.086256894991661e+55 7.389886504557396e+55 8.475900371766581e+55 9.406477575434518e+55 1.023244227856125e+56 1.0976456845628656e+56 1.1657381939320719e+56 1.1722445288141939e+56 1.1787309201578454e+56 1.1849083826715608e+56 1.19131494592712e+56 1.1973388417957689e+56 1.2036951710755787e+56 1.2099084530037394e+56 1.2158929575115853e+56 1.2283452351668476e+56 1.2855637467083617e+56 1.3903206707595598e+56 1.4811478574898714e+56 1.5632663162433983e+56 1.635459418997541e+56 1.7339665442225455e+56 1.8182233962478343e+56 1.8938688907654239e+56 1.9179178887859865e+56 1.9615445271493668e+56 2.0231170425847963e+56 2.07640232743626e+56 2.1097794620587254e+56 2.12456272721417e+56 2.1840572029181923e+56 2.2432149101653016e+56 2.347586106066206e+56 2.4261374903134566e+56 2.4903062144871245e+56 2.544783057756826e+56 2.592974021835087e+56 2.6346304367746657e+56 2.6727392827190484e+56 2.7015458345544048e+56 2.7298409488054014e+56 
