# time_axis
1000000 10000000 20000000 30000000 40000000 50000000 60000000 70000000 80000000 90000000 100000000 110000000 120000000 130000000 140000000 150000000 200000000 300000000 400000000 500000000 600000000 700000000 800000000 900000000 1000000000 1010000000 1020000000 1030000000 1040000000 1050000000 1060000000 1070000000 1080000000 1100000000 1200000000 1400000000 1600000000 1800000000 2000000000 2300000000 2600000000 2900000000 3000000000 3200000000 3500000000 3800000000 4000000000 4100000000 4500000000 5000000000 6000000000 7000000000 8000000000 9000000000 10000000000 11000000000 12000000000 13000000000 14000000000 
# SNIa_energy_release_list
0 0.0 0.0 0.0 0.0 0.0 4.846558578331413e+52 2.1966126431063762e+54 8.174113684182142e+54 1.7794791310527022e+55 3.029758296606799e+55 4.486834676087272e+55 6.081642759729605e+55 7.760265082796335e+55 9.482038580442062e+55 1.121680384013958e+56 1.9496803217838186e+56 3.0015053170621924e+56 3.6412193694226466e+56 4.105509475027165e+56 4.470696710165106e+56 4.771910183805974e+56 5.0282950544437655e+56 5.25152167103205e+56 5.449202895018439e+56 5.46778156206539e+56 5.48616349844118e+56 5.504353364281518e+56 5.522353863704275e+56 5.540170443182019e+56 5.557805107652283e+56 5.57526057360779e+56 5.592541687832194e+56 5.626594356643588e+56 5.787478806880947e+56 6.07034920036449e+56 6.3134346689574185e+56 6.526547091623496e+56 6.716292554612354e+56 6.966866046243346e+56 7.185733311654323e+56 7.380024979367859e+56 7.4402376214954715e+56 7.554747353822539e+56 7.713378766352906e+56 7.858727692310789e+56 7.949274936387808e+56 7.992831299067833e+56 8.156842863850415e+56 8.34223756333546e+56 8.662386038136481e+56 8.932444883679134e+56 9.166080135880426e+56 9.371919459260639e+56 9.55584856563991e+56 9.722166207197882e+56 9.873897946853324e+56 1.001339122300497e+57 1.0142495038276966e+57 
# SNII_energy_release_list
0 0.0 7.249436305342675e+52 3.289105079133668e+54 1.2376304246703186e+55 2.691755973254118e+55 4.5305244288521985e+55 6.475279568197953e+55 8.301718634784054e+55 9.936033886380617e+55 1.136833809436634e+56 1.261284723413786e+56 1.3690461558508246e+56 1.4622308545330903e+56 1.5427693730929988e+56 1.612364745378397e+56 1.738532371524911e+56 1.738532371524911e+56 1.738532371524911e+56 1.738532371524911e+56 1.738532371524911e+56 1.738532371524911e+56 1.738532371524911e+56 1.738532371524911e+56 1.738532371524911e+56 1.738532371524911e+56 1.738532371524911e+56 1.738532371524911e+56 1.738532371524911e+56 1.738532371524911e+56 1.738532371524911e+56 1.738532371524911e+56 1.738532371524911e+56 1.738532371524911e+56 1.738532371524911e+56 1.738532371524911e+56 1.738532371524911e+56 1.738532371524911e+56 1.738532371524911e+56 1.738532371524911e+56 1.738532371524911e+56 1.738532371524911e+56 1.738532371524911e+56 1.738532371524911e+56 1.738532371524911e+56 1.738532371524911e+56 1.738532371524911e+56 1.738532371524911e+56 1.738532371524911e+56 1.738532371524911e+56 1.738532371524911e+56 1.738532371524911e+56 1.738532371524911e+56 1.738532371524911e+56 1.738532371524911e+56 1.738532371524911e+56 1.738532371524911e+56 1.738532371524911e+56 1.738532371524911e+56 
# SN_energy_per_current_crossing_time_list
0.0 0.0 3.3055120523027692e+53 8.801499304862196e+54 1.9490874358164725e+55 2.70204764100766e+55 3.112270577407965e+55 3.0976574296974756e+55 2.798728211223038e+55 2.442361244175544e+55 2.106931501955922e+55 1.8139669556281453e+55 1.564126399783108e+55 1.352168214670695e+55 1.1720869224582948e+55 1.0185605190747293e+55 4.382452874983377e+54 5.7208427644273675e+53 3.5701903375376837e+53 2.6424447883699685e+53 2.1119589436417428e+53 1.7657665097104718e+53 1.5208189909133579e+53 1.3380754022671411e+53 1.1961596155569384e+53 1.1251914287011632e+53 1.114261374492793e+53 1.103582543862902e+53 1.0930380612920849e+53 1.0827967380572644e+53 1.0726518204770472e+53 1.062648745558428e+53 1.052920064689429e+53 1.0391186287606482e+53 9.896394142385494e+52 8.823437967105357e+52 7.675619450003712e+52 6.802640876032059e+52 6.116376587007764e+52 5.453994755724176e+52 4.81754656273581e+52 4.3195603162030794e+52 4.028740828936482e+52 3.8533122732705543e+52 3.5880813089499037e+52 3.311230616086379e+52 3.108428221277375e+52 2.9965425329877605e+52 2.8437407390000136e+52 2.5936906919993054e+52 2.2725815018107692e+52 1.9399308087148043e+52 1.6959528035761817e+52 1.5087575746137843e+52 1.360373991399733e+52 1.240037950773303e+52 1.1403100360251865e+52 1.0560413855277769e+52 9.839896291622802e+51 
# SN_energy_per_final_crossing_time_list
0.0 0.0 1.4734127212173484e+53 6.537605061491252e+54 1.8469290976272297e+55 2.955439555971449e+55 3.7375769735977964e+55 3.9689928882460057e+55 3.7577073765169424e+55 3.3949922263242376e+55 3.006381179082995e+55 2.640458271975022e+55 2.311750152623568e+55 2.0218731823563438e+55 1.7681345631525198e+55 1.5467106220092334e+55 6.390743698368634e+54 8.01668707363177e+53 4.875704035747305e+53 3.5386765904244333e+53 2.7833449485680295e+53 2.2957565862954046e+53 1.9540867421322007e+53 1.7013647134523992e+53 1.5066655766361435e+53 1.4160089428296597e+53 1.4010147352804302e+53 1.3863757089623266e+53 1.3719427822033558e+53 1.3579249688562857e+53 1.3440599656902932e+53 1.330402005256494e+53 1.317113451787381e+53 1.2976949164947891e+53 1.2262118682821794e+53 1.077975631465417e+53 9.263613921538913e+52 8.121387168429717e+52 7.230908217866014e+52 6.36598065384856e+52 5.560463592130062e+52 4.936104732458284e+52 4.5892226556746584e+52 4.363790055723524e+52 4.030133022802546e+52 3.6926829118388227e+52 3.4506164257539e+52 3.319732191560388e+52 3.125114437337291e+52 2.8260429207394113e+52 2.4400733497505826e+52 2.058305579255329e+52 1.7806961373561176e+52 1.5688441046702123e+52 1.4018511598358788e+52 1.2676219838660717e+52 1.156452719241114e+52 1.06317490913732e+52 9.839896291622802e+51 
# total_energy_release_list
0 0 7.249436305342675e+52 3.289105079133668e+54 1.2376304246703186e+55 2.691755973254118e+55 4.53537098743053e+55 6.694940832508591e+55 9.119130003202267e+55 1.171551301743332e+56 1.4398096390973139e+56 1.7099681910225133e+56 1.977210431823785e+56 2.238257362812724e+56 2.490973231137205e+56 2.734045129392355e+56 3.6882126933087294e+56 4.740037688587103e+56 5.379751740947558e+56 5.844041846552077e+56 6.209229081690017e+56 6.510442555330885e+56 6.766827425968677e+56 6.990054042556961e+56 7.187735266543351e+56 7.2063139335903e+56 7.224695869966091e+56 7.242885735806429e+56 7.260886235229185e+56 7.27870281470693e+56 7.296337479177194e+56 7.3137929451327015e+56 7.3310740593571044e+56 7.3651267281685e+56 7.526011178405858e+56 7.808881571889401e+56 8.05196704048233e+56 8.265079463148407e+56 8.454824926137266e+56 8.705398417768257e+56 8.924265683179234e+56 9.11855735089277e+56 9.178769993020382e+56 9.29327972534745e+56 9.451911137877817e+56 9.5972600638357e+56 9.68780730791272e+56 9.731363670592744e+56 9.895375235375326e+56 1.0080769934860372e+57 1.0400918409661393e+57 1.0670977255204045e+57 1.0904612507405337e+57 1.111045183078555e+57 1.1294380937164821e+57 1.1460698578722794e+57 1.1612430318378236e+57 1.1751923594529881e+57 1.1881027409801878e+57 
# binding_energy_list
9.015711376059534e+54 9.015711376059534e+54 9.015711376059534e+54 8.994975815300365e+54 8.994975815300365e+54 8.9536476554959e+54 8.933054837332963e+54 8.912509381337514e+54 8.892011178579445e+54 8.871560120379617e+54 8.85115609830841e+54 8.830799004185586e+54 8.790225168308896e+54 8.770008211436303e+54 8.749837752274363e+54 8.749837752274363e+54 8.649679187756885e+54 8.550667128846876e+54 8.472274141405911e+54 8.413951416451895e+54 8.356030182312423e+54 8.317637711026743e+54 8.279421637123327e+54 8.241381150129963e+54 8.20351544329821e+54 8.20351544329821e+54 8.20351544329821e+54 8.20351544329821e+54 8.20351544329821e+54 8.20351544329821e+54 8.184647881347836e+54 8.184647881347836e+54 8.184647881347836e+54 8.184647881347836e+54 8.147042840208421e+54 8.109610578538388e+54 8.072350302488317e+54 8.016780633876855e+54 7.99834255007026e+54 7.94328234724279e+54 7.90678627999831e+54 7.870457896951001e+54 7.870457896951001e+54 7.834296427662088e+54 7.816278045883308e+54 7.798301105232642e+54 7.780365510398008e+54 7.762471166286928e+54 7.744617978025239e+54 7.709034690644309e+54 7.673614893618154e+54 7.638357835776954e+54 7.603262769401822e+54 7.568328950209705e+54 7.533555637337217e+54 7.516228940182015e+54 7.481695005111584e+54 7.464487584100623e+54 7.447319739059888e+54 
# total_gas_kinetic_energy_list
3.555417159551863e+57 1.523681390153896e+59 3.0497913720868703e+59 3.3855186408627524e+59 3.229768056186887e+59 2.903510564571973e+59 2.548381649709631e+59 2.2153179882586197e+59 1.9185329086618483e+59 1.6590972492163358e+59 1.4339589048405697e+59 1.2391219893993155e+59 1.0706819586641743e+59 9.251178294359056e+58 7.993401348059009e+58 6.906645795541183e+58 6.908079251193345e+58 6.909999835241993e+58 6.911351176040998e+58 6.912396740737983e+58 6.913248949590234e+58 6.913968906295357e+58 6.914600647858133e+58 6.915169410914951e+58 6.91568605995442e+58 6.915735482435375e+58 6.915784413112302e+58 6.915832825038753e+58 6.915880762240106e+58 6.915928295496588e+58 6.915975497289533e+58 6.916022463275614e+58 6.916069332282144e+58 6.916161760620711e+58 6.916601518276711e+58 6.917394739371301e+58 6.91808861036569e+58 6.918710875654093e+58 6.919278687427328e+58 6.920011619886344e+58 6.920655876908256e+58 6.921228414990239e+58 6.921409964915904e+58 6.921745102008599e+58 6.922213213626891e+58 6.922614839053378e+58 6.922870938235772e+58 6.922981833487116e+58 6.923423890385965e+58 6.923884069772855e+58 6.924652182297174e+58 6.925259824995383e+58 6.925800530366259e+58 6.926307720188937e+58 6.926784262908942e+58 6.927209111555292e+58 6.927629645941289e+58 6.928022741388135e+58 6.928387597368209e+58 
