# time_axis
5.999999999999999 7.0 7.30102999566398 7.477121254719661 7.602059991327962 7.698970004336018 7.778151250383643 7.845098040014256 7.903089986991943 7.954242509439324 8.0 8.041392685158224 8.079181246047623 8.113943352306837 8.146128035678238 8.176091259055681 8.301029995663981 8.47712125471966 8.60205999132796 8.698970004336019 8.778151250383644 8.845098040014257 8.903089986991942 8.954242509439323 8.999999999999998 9.004321373782641 9.008600171761916 9.012837224705171 9.017033339298779 9.021189299069936 9.02530586526477 9.02938377768521 9.033423755486949 9.041392685158224 9.079181246047623 9.146128035678236 9.204119982655923 9.255272505103305 9.301029995663981 9.361727836017593 9.414973347970816 9.462397997898954 9.477121254719663 9.505149978319904 9.544068044350274 9.57978359661681 9.60205999132796 9.612783856719734 9.653212513775342 9.698970004336017 9.778151250383642 9.845098040014257 9.903089986991944 9.954242509439325 10.0 10.041392685158225 10.079181246047623 10.113943352306835 10.146128035678236 
# total_gas_mass_list
8.7873673767305 10.425917359258387 10.727370997949972 10.772743275949338 10.752295279141507 10.706049878913026 10.64939230287687 10.588564857700309 10.52609884164038 10.463002179462224 10.399667752206089 10.336245781108277 10.272792820127085 10.209329938959922 10.145864978125683 10.08240091522418 10.082489924573762 10.08260449039279 10.082683904234809 10.082746514388829 10.082798872710407 10.082843803996731 10.082883294972657 10.082918588418334 10.082950462433045 10.082953501085298 10.082956508141782 10.08295948189725 10.082962424924226 10.082965341452223 10.082968236119315 10.082971114418914 10.082973983931506 10.082979639479605 10.08300649124496 10.08305461440201 10.083096328634635 10.083133369062503 10.083166874968846 10.08321008837557 10.083247807892354 10.083281315340292 10.083291941762642 10.083311418785797 10.083338604726531 10.083361902113138 10.083376716595827 10.083383149851334 10.08340867306444 10.083435204182056 10.083479239725929 10.083513919933768 10.083544773834548 10.083573643495539 10.083600394738358 10.083624689682647 10.083648766325181 10.083671147531248 10.083691914369837 
# ejected_gas_mass_list
-10.0 -10.0 3.1092911207314837 4.770895953527866 5.3962453172420535 5.764659170840097 6.0089418522464255 6.185566318341856 6.321297549717114 6.429950551547957 6.51939992587247 6.594515473198744 6.658560685492136 6.713847491418674 6.7620766788134254 6.804525304568465 6.9466012057467035 7.080381335110716 7.153664212619897 7.203826053669287 7.241743217715046 7.2718380994836025 7.296672125712572 7.317727012115041 7.335904089019271 7.33759796527806 7.33926776144503 7.340912787248373 7.342534713837918 7.344136093774299 7.345719663874679 7.3472885857253605 7.348847106532999 7.3519025607646595 7.366123667364443 7.390502590368321 7.410583256751325 7.427669109271461 7.442567248179628 7.4610582914013515 7.476580466359212 7.489919938338424 7.49406641167496 7.501565404833723 7.51182112171768 7.520421725478714 7.525803683632512 7.5281202686472115 7.537191525544357 7.546424913522583 7.56133092160296 7.5727213404189815 7.58261060666057 7.591664914724938 7.5998901242985655 7.607227897313864 7.61437983757191 7.620924498713448 7.626910420268251 
# stellar_mass_list
-10.0 5.690457363722445 7.33668263754351 7.775231746054911 7.982298156534653 8.104001253758588 8.18333167894464 8.238506882889848 8.278574527241263 8.30852164334883 8.33132915866469 8.348900164195246 8.362516484170495 8.373079801190467 8.381246682299903 8.387508754838652 8.351007190194629 8.31962774306416 8.300253784143933 8.28596988871946 8.27457671484244 8.265065056610728 8.256879568422793 8.249678569829475 8.243246240391882 8.242636493040344 8.24203373820974 8.241438463189475 8.24085009366012 8.24026760664533 8.23968998366846 8.239116251496345 8.23854512693029 8.237419238463096 8.232098140275985 8.222638363884425 8.214422002046295 8.207098824000894 8.200516084907388 8.191767890189567 8.184017157748965 8.177039447555666 8.174821963928343 8.170671286192809 8.164752969448228 8.15946948895823 8.155988207074195 8.154445103696174 8.14812329181999 8.14119305479209 8.128610395098518 8.11790478617827 8.108537240198828 8.099926462261832 8.091842132357206 8.084850574139292 8.077930356909256 8.071622577910663 8.065916398433567 
# remnant_mass_list
-10.0 -10.0 4.311839619418838 5.964005044432553 6.484959903534347 6.7723470644870805 6.958831901697307 7.090636906069231 7.18909372807357 7.2656073686348925 7.3268418331430505 7.376962307504491 7.4187159596978605 7.453995720525245 7.4841544650944645 7.510188552744275 7.577943762751125 7.631357427405308 7.66098989861394 7.6813694714333085 7.696804181054644 7.709167967449803 7.719447607165026 7.72822765960581 7.735869925642951 7.7365849041125445 7.737290028913017 7.737984773832122 7.738669897852409 7.73934667120362 7.7400163580511405 7.740680173859359 7.741339653755437 7.742635567394064 7.748686630896025 7.759155365532118 7.767958780460139 7.775589528430705 7.78228020914836 7.79093294860566 7.798381071824229 7.804917718334903 7.806963247679577 7.810748543569357 7.816056824211014 7.820702345042626 7.823722008544833 7.82504629952717 7.8304116922637395 7.836159146740147 7.846272909960437 7.854554355290191 7.861567930896526 7.8678354390257015 7.873569434748764 7.878404252164089 7.883093244152062 7.8872773704440124 7.890988666544312 
# BH_mass_list
-10.0 -10.0 4.077925077532956 5.726344449560768 6.197191421664945 6.436415594842082 6.5837988230889595 6.683723589063805 6.755751243487378 6.80992479661633 6.851933788710469 6.885249276555131 6.91211858988038 6.934069253034997 6.952181730834109 6.967245599313297 6.9798534831404 6.9798534831404 6.9798534831404 6.9798534831404 6.9798534831404 6.9798534831404 6.9798534831404 6.9798534831404 6.9798534831404 6.9798534831404 6.9798534831404 6.9798534831404 6.9798534831404 6.9798534831404 6.9798534831404 6.9798534831404 6.9798534831404 6.9798534831404 6.9798534831404 6.9798534831404 6.9798534831404 6.9798534831404 6.9798534831404 6.9798534831404 6.9798534831404 6.9798534831404 6.9798534831404 6.9798534831404 6.9798534831404 6.9798534831404 6.9798534831404 6.9798534831404 6.9798534831404 6.9798534831404 6.9798534831404 6.9798534831404 6.9798534831404 6.9798534831404 6.9798534831404 6.9798534831404 6.9798534831404 6.9798534831404 6.9798534831404 
# NS_mass_list
-10.0 -10.0 3.931392137801536 5.588753151845232 6.17025065413188 6.503593907389261 6.72008493716612 6.867021079199293 6.969577774875141 7.044120588563944 7.100237432041963 7.143691026246759 7.178085717205051 7.205775263780043 7.2283613657207075 7.246974802954922 7.277064904310697 7.277064904310697 7.277064904310697 7.277064904310697 7.277064904310697 7.277064904310697 7.277064904310697 7.277064904310697 7.277064904310697 7.277064904310697 7.277064904310697 7.277064904310697 7.277064904310697 7.277064904310697 7.277064904310697 7.277064904310697 7.277064904310697 7.277064904310697 7.277064904310697 7.277064904310697 7.277064904310697 7.277064904310697 7.277064904310697 7.277064904310697 7.277064904310697 7.277064904310697 7.277064904310697 7.277064904310697 7.277064904310697 7.277064904310697 7.277064904310697 7.277064904310697 7.277064904310697 7.277064904310697 7.277064904310697 7.277064904310697 7.277064904310697 7.277064904310697 7.277064904310697 7.277064904310697 7.277064904310697 7.277064904310697 7.277064904310697 
# WD_mass_list
-10.0 -10.0 -10.0 -10.0 -10.0 2.3014648282152805 4.049797928774752 5.116608980083678 5.63751733647517 5.958442615178818 6.181135501061871 6.346635838569283 6.475370357796546 6.578837003490789 6.664069705343631 6.735640664334785 6.97157220303559 7.155898215227187 7.239052951366606 7.290951363327231 7.327936969898989 7.356312896480369 7.3791435113646395 7.3981396760214215 7.414321257337622 7.415819044354712 7.417293551893526 7.418743805474604 7.420171511265292 7.4215794245921725 7.422970268188401 7.4243466447252615 7.425711800200015 7.428387967509303 7.440773111685039 7.461786851844572 7.479075296755895 7.493794728752126 7.506507575498017 7.522693653870901 7.536406918512454 7.548282375123817 7.551968921033124 7.5587545630434105 7.568192502434295 7.576379480838331 7.581665714099562 7.583975366860048 7.593279958254943 7.6031549629880795 7.62030946739216 7.63415393506779 7.6457428840443304 7.655997515831788 7.665298028422457 7.673081504325396 7.6805803433256745 7.687231263330452 7.693099280417177 
