# time_axis
1000000 10000000 20000000 30000000 40000000 50000000 60000000 70000000 80000000 90000000 100000000 200000000 300000000 400000000 500000000 600000000 700000000 800000000 900000000 1000000000 1010000000 1020000000 1030000000 1040000000 1050000000 1060000000 1070000000 1080000000 1100000000 1200000000 1400000000 1600000000 1800000000 2000000000 2300000000 2600000000 2900000000 3000000000 3200000000 3500000000 3800000000 4000000000 4100000000 4500000000 5000000000 6000000000 7000000000 8000000000 9000000000 10000000000 11000000000 12000000000 13000000000 14000000000 
# SNIa_energy_release_list
0 0.0 0.0 0.0 0.0 0.0 1.011853317227981e+56 4.808729355285074e+57 1.453294886017321e+58 2.6945950490198395e+58 4.345113001400615e+58 2.1468919440259443e+59 2.9886447479783746e+59 3.5400821856922277e+59 3.9512498048786627e+59 4.279303058822326e+59 4.552306942054292e+59 4.786102648249759e+59 4.99056327444743e+59 5.172239315057508e+59 5.189338123380111e+59 5.206267014545194e+59 5.2230141896298775e+59 5.239596344844287e+59 5.256011185588353e+59 5.272257642196638e+59 5.2883570114396835e+59 5.304289507773e+59 5.335699419249644e+59 5.4842682064286135e+59 5.746130329331488e+59 5.971731513075406e+59 6.169904846643663e+59 6.346607355076915e+59 6.5802954202774215e+59 6.7846780205926125e+59 6.966296050160495e+59 7.022627017627187e+59 7.129717180791399e+59 7.278259944229553e+59 7.414417583413475e+59 7.499264248805798e+59 7.540086452605445e+59 7.693881209678063e+59 7.867758824188194e+59 8.168227522113194e+59 8.421879893054427e+59 8.64139230731427e+59 8.834869950500892e+59 9.00776714604283e+59 9.164185318790754e+59 9.306890772912364e+59 9.438115332796883e+59 9.559575987435819e+59 
# SNII_energy_release_list
0 -4.902408533365641e+56 -2.2547521061024126e+58 -3.526555317248291e+58 -3.1560769367857965e+58 -3.7418181460085034e+58 -1.1633756133687466e+58 -6.827963687088343e+58 -1.2452648704037827e+58 4.537019412383561e+57 1.2586761954604983e+58 1.8000159319340132e+58 1.8000159319340132e+58 1.8000159319340132e+58 1.8000159319340132e+58 1.8000159319340132e+58 1.8000159319340132e+58 1.8000159319340132e+58 1.8000159319340132e+58 1.8000159319340132e+58 1.8000159319340132e+58 1.8000159319340132e+58 1.8000159319340132e+58 1.8000159319340132e+58 1.8000159319340132e+58 1.8000159319340132e+58 1.8000159319340132e+58 1.8000159319340132e+58 1.8000159319340132e+58 1.8000159319340132e+58 1.8000159319340132e+58 1.8000159319340132e+58 1.8000159319340132e+58 1.8000159319340132e+58 1.8000159319340132e+58 1.8000159319340132e+58 1.8000159319340132e+58 1.8000159319340132e+58 1.8000159319340132e+58 1.8000159319340132e+58 1.8000159319340132e+58 1.8000159319340132e+58 1.8000159319340132e+58 1.8000159319340132e+58 1.8000159319340132e+58 1.8000159319340132e+58 1.8000159319340132e+58 1.8000159319340132e+58 1.8000159319340132e+58 1.8000159319340132e+58 1.8000159319340132e+58 1.8000159319340132e+58 1.8000159319340132e+58 1.8000159319340132e+58 
# SN_energy_per_current_crossing_time_list
0.0 -1.8121528283186137e+56 -6.167059664670308e+56 -2.459102978093448e+56 8.166794915432772e+55 -7.397454070971735e+55 5.928802083871867e+57 -2.4854552569515457e+57 5.673324860282886e+58 2.706614854470864e+58 1.7311602203682196e+58 4.96216031548116e+57 1.6272683898813774e+57 1.1957129914178983e+57 9.628894073821652e+56 8.12964946882892e+56 7.069994626077804e+56 6.274581861277882e+56 5.6525971827215494e+56 5.151308953519268e+56 4.859791276557011e+56 4.8223843464096825e+56 4.781233909268601e+56 4.744500952913764e+56 4.7068997235006875e+56 4.668797489760396e+56 4.636630397247712e+56 4.598500683164703e+56 4.5514784778075005e+56 4.389272727777457e+56 3.996507852507104e+56 3.535976468612746e+56 3.176293929573654e+56 2.8867562208456726e+56 2.606874515254688e+56 2.326050194025336e+56 2.1023800459379274e+56 1.966445844258857e+56 1.8869732975226068e+56 1.7676427507893362e+56 1.6387927161338506e+56 1.5424483712241255e+56 1.4890492663670037e+56 1.4195801228172912e+56 1.3007140743373772e+56 1.1481091652787741e+56 9.85660615918654e+55 8.650769211256247e+55 7.717617936552957e+55 6.971674010203745e+55 6.36613106833271e+55 5.859814624238508e+55 5.431072262719665e+55 5.064607546015891e+55 
# SN_energy_per_final_crossing_time_list
0.0 -6.0568372289212614e+57 -2.4526234302847177e+59 -1.4141609142185072e+59 4.1194741499433004e+58 -6.513054194787887e+58 2.8674791929574505e+59 -6.279017371686971e+59 6.248138811541225e+59 1.9408976714680862e+59 9.639005395232219e+58 1.3159541101049505e+58 3.509900070479996e+57 2.299357118157625e+57 1.7144668230212586e+57 1.367900568589169e+57 1.1383583689866049e+57 9.748700114811429e+56 8.525500157907895e+56 7.57543954410015e+56 7.129778273957565e+56 7.058927040631593e+56 6.983155949593133e+56 6.914346763382219e+56 6.844580785949118e+56 6.774368784602479e+56 6.7130370074827e+56 6.643455149855514e+56 6.548576374678281e+56 6.194949326477816e+56 5.459499982163311e+56 4.703504443377527e+56 4.131667837591133e+56 3.6840278041943645e+56 3.2480705842469774e+56 2.840748890817732e+56 2.524340209253669e+56 2.348861396756594e+56 2.2326968765227963e+56 2.0646214003794193e+56 1.8924784296295263e+56 1.7689475784468854e+56 1.702184481248545e+56 1.603214821958417e+56 1.4500529099716417e+56 1.2528798229979874e+56 1.0576673703535061e+56 9.153122325986348e+55 8.067537052070302e+55 7.209383514601664e+55 6.52224920397548e+55 5.950462904637108e+55 5.471738137665935e+55 5.064607546015891e+55 
# total_energy_release_list
0 -4.902408533365641e+56 -2.2547521061024126e+58 -3.526555317248291e+58 -3.1560769367857965e+58 -3.7418181460085034e+58 -1.1532570801964669e+58 -6.347090751559836e+58 2.080300156135383e+57 3.1482969902581956e+58 5.603789196861113e+58 2.3268935372193456e+59 3.168646341171776e+59 3.720083778885629e+59 4.131251398072064e+59 4.459304652015727e+59 4.732308535247694e+59 4.96610424144316e+59 5.170564867640831e+59 5.35224090825091e+59 5.369339716573512e+59 5.386268607738595e+59 5.403015782823279e+59 5.419597938037688e+59 5.436012778781754e+59 5.45225923539004e+59 5.468358604633085e+59 5.4842911009664015e+59 5.515701012443046e+59 5.664269799622015e+59 5.92613192252489e+59 6.151733106268807e+59 6.349906439837065e+59 6.526608948270316e+59 6.760297013470823e+59 6.964679613786014e+59 7.146297643353896e+59 7.202628610820589e+59 7.3097187739848e+59 7.458261537422954e+59 7.594419176606876e+59 7.679265841999199e+59 7.720088045798846e+59 7.873882802871464e+59 8.047760417381595e+59 8.348229115306595e+59 8.601881486247827e+59 8.821393900507671e+59 9.014871543694292e+59 9.18776873923623e+59 9.344186911984154e+59 9.486892366105764e+59 9.618116925990284e+59 9.73957758062922e+59 
# binding_energy_list
3.622429984166965e+55 8.570378452303692e+55 1.2473835142429331e+56 1.3963683610559476e+56 1.309181922999399e+56 1.7298163592150998e+56 3.2284941217126377e+55 5.970352865838415e+55 1.1117317272815897e+55 8.9536476554959e+54 8.035261221856194e+54 5.407543229455771e+54 4.8640720569145894e+54 4.581418867145349e+54 4.405548635065516e+54 4.2756288615158644e+54 4.178303666466239e+54 4.102041029866064e+54 4.04575891697442e+54 3.990249023621412e+54 3.990249023621412e+54 3.9810717055349856e+54 3.9810717055349856e+54 3.9719154946943725e+54 3.9719154946943725e+54 3.962780342554385e+54 3.962780342554385e+54 3.953666200681291e+54 3.953666200681291e+54 3.908408957924009e+54 3.845917820453543e+54 3.793149849736825e+54 3.7583740428844664e+54 3.7153522909717276e+54 3.672823004980827e+54 3.6391503612720705e+54 3.6057864302164424e+54 3.597493351557402e+54 3.580964371026377e+54 3.556313185689869e+54 3.5399734108343426e+54 3.5237087104248475e+54 3.5237087104248475e+54 3.499451670283548e+54 3.4833731503601304e+54 3.4434993076333775e+54 3.41979442513708e+54 3.396252725904075e+54 3.372873086588679e+54 3.357376142429573e+54 3.3419504002611496e+54 3.3265955329400337e+54 3.3189445755261096e+54 3.303695410368136e+54 
# total_gas_kinetic_energy_list
1.4003572627068147e+57 6.224455280156882e+58 7.907670655828813e+58 7.082533100977786e+58 8.927587644376351e+58 4.0264230464114176e+58 1.6649652946506556e+59 2.411537878326216e+57 3.546866305284383e+59 3.8877819558818686e+59 4.041737532547092e+59 4.490767545982781e+59 4.616106996372031e+59 4.681299598261526e+59 4.722665067136252e+59 4.751878893844914e+59 4.77395008971344e+59 4.79148003204884e+59 4.8058195105766385e+59 4.817857671285271e+59 4.818985637620857e+59 4.820055066027853e+59 4.821105185951752e+59 4.822138375523761e+59 4.823168275930133e+59 4.824197276428359e+59 4.825224781713929e+59 4.826242014622234e+59 4.828165917653017e+59 4.837086005061552e+59 4.851943957673494e+59 4.863830299535146e+59 4.873644015780291e+59 4.881895012641584e+59 4.8920286053969785e+59 4.90031095554577e+59 4.9072098150559635e+59 4.909305615512369e+59 4.913071597792531e+59 4.918148982493682e+59 4.922533651850601e+59 4.925166529170729e+59 4.9263897036573035e+59 4.930912331788502e+59 4.935633903848755e+59 4.943156217033788e+59 4.948858970136693e+59 4.953522956467891e+59 4.957459502107781e+59 4.960929825579311e+59 4.963860323828089e+59 4.966665647453599e+59 4.969129138699894e+59 4.971465956222346e+59 
