# time_axis
5.999999999999999 7.0 7.30102999566398 7.477121254719661 7.602059991327962 7.698970004336018 7.778151250383643 7.845098040014256 7.903089986991943 7.954242509439324 8.0 8.301029995663981 8.47712125471966 8.60205999132796 8.698970004336019 8.778151250383644 8.845098040014257 8.903089986991942 8.954242509439323 8.999999999999998 9.004321373782641 9.008600171761916 9.012837224705171 9.017033339298779 9.021189299069936 9.02530586526477 9.02938377768521 9.033423755486949 9.041392685158224 9.079181246047623 9.146128035678236 9.204119982655923 9.255272505103305 9.301029995663981 9.361727836017593 9.414973347970816 9.462397997898954 9.477121254719663 9.505149978319904 9.544068044350274 9.57978359661681 9.60205999132796 9.612783856719734 9.653212513775342 9.698970004336017 9.778151250383642 9.845098040014257 9.903089986991944 9.954242509439325 10.0 10.041392685158225 10.079181246047623 10.113943352306835 10.146128035678236 
# total_gas_mass_list
8.377297693665959 10.03727962485223 10.141226846990344 10.011354168018677 10.155045747836226 9.331888037716444 10.53359960627547 8.625472361599858 10.91397662247459 10.952417863565485 10.967712017906761 11.004682321015832 11.013700899890654 11.018371380932495 11.021361509021888 11.023484789390809 11.025092540282728 11.02636646363534 11.027406025926165 11.028277466114588 11.0283589937344 11.028436440419524 11.028512492194745 11.028587335170434 11.028661882971312 11.028736285716274 11.028810519118402 11.028883988482972 11.029023237316835 11.029668648189539 11.030743428912665 11.031603847058456 11.032314904655935 11.032913761964569 11.033652676804632 11.034259815467147 11.034767585008575 11.034922160548685 11.0352014092553 11.035578790293538 11.03590700576845 11.036104863678316 11.03619728907549 11.036539237031171 11.036900330885036 11.037481793487222 11.037930025175323 11.038299815480464 11.03861410136071 11.03889150655079 11.039128787004078 11.039353591812564 11.039552795418938 11.039740690716007 
# ejected_gas_mass_list
-10.0 -10.0 -10.0 -10.0 -10.0 -10.0 -10.0 -10.0 -10.0 9.326717790988786 9.724555603393998 10.131341778503044 10.194581762357794 10.224489156618535 10.242765846655448 10.255365254820498 10.264707748153873 10.271994213136693 10.277866445447225 10.28273919739762 10.283192780623253 10.283623299792408 10.284045724481905 10.284461106343715 10.284874526468109 10.2852868207896 10.285697857311925 10.286104349701105 10.286873933618185 10.290426407378417 10.296290009734584 10.300938021104498 10.304748849362689 10.30793740221938 10.311845673105642 10.315035759745715 10.317689248135071 10.318494429558669 10.319945981413428 10.321901428715323 10.323596362711411 10.324615548361455 10.325090981135162 10.326846313429732 10.328693749989075 10.331655425354107 10.333927468333899 10.335794746471812 10.33737670782926 10.338769204774742 10.339957457035212 10.341080839191902 10.3420743502484 10.343009800071915 
# stellar_mass_list
-10.0 8.940606552055543 10.602343894819908 10.766186617910517 10.719058040007562 10.845656601746319 10.497340819622474 11.161632365385218 10.607176078455396 10.498539412255623 10.443468072820002 10.26104793578013 10.19541112578299 10.1558805705557 10.127989307489687 10.10664772172185 10.089467358970031 10.075138774073164 10.062922727883189 10.052293809002958 10.051277829983539 10.050313925156427 10.04936536212082 10.04842886366287 10.047491823492097 10.0465523149191 10.04561057837479 10.04467489760543 10.042901615695898 10.034543061844124 10.020073683888512 10.00793630593066 9.997486615078074 9.988362875822405 9.976649273014717 9.966589657586809 9.95782995018153 9.955088169429153 9.950096690491565 9.943133967364714 9.936906674982977 9.933051557590787 9.931240280770728 9.924310207645066 9.916783584433412 9.903874666356515 9.89330904746586 9.884263089457498 9.87627862245369 9.868917737495249 9.862610392006586 9.856388805377863 9.850885648233637 9.84561712647384 
# remnant_mass_list
-10.0 -10.0 7.021113771816572 9.083958724507022 9.524197612076962 9.54458240292172 9.444119218105055 9.315847869975274 9.44626596253136 9.563577230436355 9.209963215940093 9.558513348596266 9.627609790989382 9.661871331981 9.683364109156098 9.698494114164298 9.709918620454022 9.718968106519352 9.726354508012871 9.732547063919148 9.733132073025983 9.733679099989475 9.734214839871562 9.734742105927333 9.735269957779662 9.735800036441013 9.736332027524508 9.736859839058171 9.737844993539358 9.742420924572247 9.750063533039121 9.756202187480245 9.761302580650097 9.765613545917132 9.770946566845938 9.775372893688282 9.779108783563494 9.780267202746225 9.782315352755568 9.78514015983435 9.787599567362824 9.789099088885857 9.78979121345177 9.792430736652257 9.795193210398448 9.79980178565799 9.803410474637817 9.806410818409041 9.809005482661442 9.811397708394807 9.813345557669006 9.815334163424223 9.817023639809047 9.818660185478846 
# BH_mass_list
-10.0 -10.0 -10.0 -10.0 -10.0 -10.0 -10.0 -10.0 -10.0 -10.0 -10.0 -10.0 -10.0 -10.0 -10.0 -10.0 -10.0 -10.0 -10.0 -10.0 -10.0 -10.0 -10.0 -10.0 -10.0 -10.0 -10.0 -10.0 -10.0 -10.0 -10.0 -10.0 -10.0 -10.0 -10.0 -10.0 -10.0 -10.0 -10.0 -10.0 -10.0 -10.0 -10.0 -10.0 -10.0 -10.0 -10.0 -10.0 -10.0 -10.0 -10.0 -10.0 -10.0 -10.0 
# NS_mass_list
-10.0 -10.0 7.021113771816572 9.083958724507022 9.526636703601122 9.742528444365728 9.865763014436538 9.925347896601528 10.015590090072804 10.057553481215427 10.073850249814468 10.083403456883723 10.083403456883723 10.083403456883723 10.083403456883723 10.083403456883723 10.083403456883723 10.083403456883723 10.083403456883723 10.083403456883723 10.083403456883723 10.083403456883723 10.083403456883723 10.083403456883723 10.083403456883723 10.083403456883723 10.083403456883723 10.083403456883723 10.083403456883723 10.083403456883723 10.083403456883723 10.083403456883723 10.083403456883723 10.083403456883723 10.083403456883723 10.083403456883723 10.083403456883723 10.083403456883723 10.083403456883723 10.083403456883723 10.083403456883723 10.083403456883723 10.083403456883723 10.083403456883723 10.083403456883723 10.083403456883723 10.083403456883723 10.083403456883723 10.083403456883723 10.083403456883723 10.083403456883723 10.083403456883723 10.083403456883723 10.083403456883723 
# WD_mass_list
-10.0 -10.0 -10.0 -10.0 -10.0 -10.0 6.967183050099719 8.029417187593866 8.459367555966777 8.697243084321773 8.857978840630581 9.389899209072532 9.488289548559486 9.534836292088883 9.563396408298244 9.58323168900202 9.598069996408267 9.609742282544742 9.61921796965093 9.627127409175023 9.62787300242735 9.628569938320577 9.62925226103777 9.629923566770202 9.630595395518817 9.631269834536514 9.631946481614076 9.632617590141278 9.633869615408251 9.639675104916366 9.64933506663396 9.657061968851353 9.663460691366204 9.66885423400564 9.675508048430931 9.681015370437564 9.685653041839519 9.68708913487569 9.689625987647332 9.69312014995499 9.69615796270345 9.698008163467755 9.69886164570466 9.70211363026152 9.705512205110725 9.711170968832539 9.715592505390282 9.719262401604091 9.722431546000506 9.725349731175259 9.727723237100768 9.730144013876533 9.732198766321874 9.734187500721752 
