# time_axis
1000000 10000000 20000000 30000000 40000000 50000000 60000000 70000000 80000000 90000000 100000000 110000000 120000000 130000000 140000000 150000000 200000000 300000000 400000000 500000000 600000000 700000000 800000000 900000000 1000000000 1010000000 1020000000 1030000000 1040000000 1050000000 1060000000 1070000000 1080000000 1100000000 1200000000 1400000000 1600000000 1800000000 2000000000 2300000000 2600000000 2900000000 3000000000 3200000000 3500000000 3800000000 4000000000 4100000000 4500000000 5000000000 6000000000 7000000000 8000000000 9000000000 10000000000 11000000000 12000000000 13000000000 14000000000 
# SNIa_energy_release_list
0 0.0 0.0 0.0 0.0 0.0 3.5885214601466926e+52 1.6261651387384393e+54 4.4918742099545145e+54 7.640106274477722e+54 1.0615548513063676e+55 1.3295784235344196e+55 1.5686095686361687e+55 1.782626090373692e+55 1.9758111268104378e+55 2.151699216335248e+55 2.851762735116728e+55 3.7754453914075524e+55 4.402470376152684e+55 4.877915962978334e+55 5.261026206257536e+55 5.581894584354188e+55 5.857969012066303e+55 6.100228140742546e+55 6.316072174776822e+55 6.33640724759969e+55 6.356547128223184e+55 6.376487015735603e+55 6.396225381394786e+55 6.415771436943805e+55 6.435124269762215e+55 6.454285402313889e+55 6.473263545948579e+55 6.510686968996296e+55 6.687897492712825e+55 7.000840753876278e+55 7.271026096738334e+55 7.508744206799976e+55 7.720994018807876e+55 8.002012597075655e+55 8.248074690422134e+55 8.466923551486076e+55 8.534855302246305e+55 8.663983795984854e+55 8.843196641327382e+55 9.007564515246342e+55 9.110018719538044e+55 9.159320168881405e+55 9.345126934757584e+55 9.555267633931806e+55 9.91863033447591e+55 1.0225542039889868e+56 1.0491223097711152e+56 1.072551118791459e+56 1.093487240312925e+56 1.1124349373719185e+56 1.1297236700877067e+56 1.1456239465200106e+56 1.1603425599774254e+56 
# SNII_energy_release_list
0 0.0 4.628988069009232e+52 2.1079351244389764e+54 6.258191517557325e+54 1.1062700192229437e+55 1.552746318742422e+55 1.827178011640028e+55 1.9478288032913378e+55 1.9944472141685312e+55 2.011257629240042e+55 2.0170603286349398e+55 2.019039270637208e+55 2.0197127780537866e+55 2.019948546094286e+55 2.0200513301945505e+55 2.0201341584514898e+55 2.0201341584514898e+55 2.0201341584514898e+55 2.0201341584514898e+55 2.0201341584514898e+55 2.0201341584514898e+55 2.0201341584514898e+55 2.0201341584514898e+55 2.0201341584514898e+55 2.0201341584514898e+55 2.0201341584514898e+55 2.0201341584514898e+55 2.0201341584514898e+55 2.0201341584514898e+55 2.0201341584514898e+55 2.0201341584514898e+55 2.0201341584514898e+55 2.0201341584514898e+55 2.0201341584514898e+55 2.0201341584514898e+55 2.0201341584514898e+55 2.0201341584514898e+55 2.0201341584514898e+55 2.0201341584514898e+55 2.0201341584514898e+55 2.0201341584514898e+55 2.0201341584514898e+55 2.0201341584514898e+55 2.0201341584514898e+55 2.0201341584514898e+55 2.0201341584514898e+55 2.0201341584514898e+55 2.0201341584514898e+55 2.0201341584514898e+55 2.0201341584514898e+55 2.0201341584514898e+55 2.0201341584514898e+55 2.0201341584514898e+55 2.0201341584514898e+55 2.0201341584514898e+55 2.0201341584514898e+55 2.0201341584514898e+55 2.0201341584514898e+55 
# SN_energy_per_current_crossing_time_list
0.0 0.0 4.6275574397651346e+52 1.5073971739190087e+54 2.801585653181513e+54 3.193435035488728e+54 2.9794118444543636e+54 1.886395406366092e+54 8.917824378562902e+53 3.997265668527096e+53 1.9273833005538983e+53 1.0995989475840769e+53 7.63413408589978e+52 6.101293160461227e+52 5.272076340781147e+52 4.7426144013501484e+52 3.8003275258871566e+52 2.5680591949802136e+52 1.7785415373905112e+52 1.3706030324620312e+52 1.1196600280568061e+52 9.489831872324353e+51 8.251771130724178e+51 7.310393649485858e+51 6.570298167013193e+51 6.195179608145781e+51 6.140685858429223e+51 6.08455983694692e+51 6.027860367520228e+51 5.9738955101419675e+51 5.91958220469007e+51 5.865671640585317e+51 5.814327676165748e+51 5.7415129598592623e+51 5.4779387114742925e+51 4.902308866065236e+51 4.282835856449858e+51 3.808660922703588e+51 3.4333973385929916e+51 3.0695028182316253e+51 2.71844668988313e+51 2.442569187971939e+51 2.282065671693737e+51 2.1818927088544208e+51 2.0360538600790025e+51 1.8815162594863964e+51 1.76752732507675e+51 1.7047211059404266e+51 1.6200548599154504e+51 1.4791771215262556e+51 1.29927805468794e+51 1.111718279576552e+51 9.734202412201496e+50 8.675340276179594e+50 7.831172221392286e+50 7.1494410164403555e+50 6.580573688510156e+50 6.100797389002554e+50 5.688891599911537e+50 
# SN_energy_per_final_crossing_time_list
0.0 0.0 4.7710674048784e+52 2.124924125150789e+54 4.2776418309786875e+54 4.9519753329348924e+54 4.6031887063397845e+54 2.890015231343553e+54 1.3543022618662929e+54 6.021752036200708e+53 2.8826766124563436e+53 1.6340183569398506e+53 1.1278475737637112e+53 8.966132678397134e+52 7.709799814366668e+52 6.904189814379619e+52 5.428705417527029e+52 3.5701260309339247e+52 2.4235144016601866e+52 1.8376448385802257e+52 1.4807594826354227e+52 1.2401884363039591e+52 1.067055329162611e+52 9.363558096798661e+51 8.342588217710622e+51 7.859709428492993e+51 7.784265687371189e+51 7.706966345763816e+51 7.629076129989135e+51 7.554746345227627e+51 7.480063823518093e+51 7.405969749351183e+51 7.335242699165123e+51 7.232264018348449e+51 6.849364328397899e+51 6.047785325814496e+51 5.221467130291873e+51 4.5940215883422676e+51 4.1018339672691575e+51 3.620549888416702e+51 3.170182164113874e+51 2.8195759312046193e+51 2.6256302428575254e+51 2.4954728428187508e+51 2.3089186886051244e+51 2.117661014602028e+51 1.9799788337980257e+51 1.9055504232406474e+51 1.7954044255902202e+51 1.6244297219852347e+51 1.4044332510174417e+51 1.1862444977549769e+51 1.0268839129909981e+51 9.055469471862984e+50 8.092020773750429e+50 7.323474792544344e+50 6.6822684490310855e+50 6.145616181423744e+50 5.688891599911537e+50 
# total_energy_release_list
0 0 4.628988069009232e+52 2.1079351244389764e+54 6.258191517557325e+54 1.1062700192229437e+55 1.5563348402025688e+55 1.989794525513872e+55 2.3970162242867894e+55 2.7584578416163033e+55 3.0728124805464097e+55 3.3466387521693593e+55 3.5876488392733765e+55 3.8023388684274785e+55 3.995759672904724e+55 4.1717505465297985e+55 4.871896893568218e+55 5.795579549859042e+55 6.422604534604174e+55 6.898050121429824e+55 7.281160364709025e+55 7.602028742805678e+55 7.878103170517792e+55 8.120362299194036e+55 8.336206333228311e+55 8.35654140605118e+55 8.376681286674674e+55 8.396621174187093e+55 8.416359539846275e+55 8.435905595395295e+55 8.455258428213705e+55 8.474419560765379e+55 8.493397704400069e+55 8.530821127447786e+55 8.708031651164315e+55 9.020974912327768e+55 9.291160255189824e+55 9.528878365251466e+55 9.741128177259366e+55 1.0022146755527145e+56 1.0268208848873623e+56 1.0487057709937565e+56 1.0554989460697794e+56 1.0684117954436344e+56 1.0863330799778872e+56 1.1027698673697832e+56 1.1130152877989535e+56 1.1179454327332896e+56 1.1365261093209073e+56 1.1575401792383296e+56 1.19387644929274e+56 1.2245676198341358e+56 1.2511357256162642e+56 1.2745645346366079e+56 1.295500656158074e+56 1.3144483532170675e+56 1.3317370859328557e+56 1.3476373623651595e+56 1.3623559758225744e+56 
# binding_energy_list
3.499451670283548e+53 3.499451670283548e+53 3.499451670283548e+53 3.4914031547858552e+53 3.4833731503601304e+53 3.475361614432033e+53 3.4673685045253095e+53 3.4593937782612313e+53 3.4514373933585365e+53 3.443499307633377e+53 3.443499307633377e+53 3.435579478998757e+53 3.4276778654644765e+53 3.4276778654644765e+53 3.41979442513708e+53 3.411929116219295e+53 3.396252725904075e+53 3.365115693754915e+53 3.3419504002611496e+53 3.31894457552611e+53 3.3036954103681354e+53 3.2885163087598533e+53 3.2734069487883862e+53 3.2583670100200737e+53 3.250872973854347e+53 3.250872973854347e+53 3.243396173493513e+53 3.243396173493513e+53 3.243396173493513e+53 3.243396173493513e+53 3.243396173493513e+53 3.243396173493513e+53 3.243396173493513e+53 3.235936569296268e+53 3.228494121712638e+53 3.2062693245054672e+53 3.1915378551007453e+53 3.1768740706497884e+53 3.1622776601683794e+53 3.1477483141012982e+53 3.1332857243156016e+53 3.1188895840939355e+53 3.111716337106033e+53 3.1045595881283368e+53 3.097419299216578e+53 3.0831879502493343e+53 3.076096814740705e+53 3.076096814740705e+53 3.061963433690657e+53 3.0549211132155093e+53 3.0338911841942657e+53 3.0199517204019946e+53 3.0060763026282415e+53 2.992264636608183e+53 2.9785164294291667e+53 2.9648313895243513e+53 2.958012466551522e+53 2.9444216337987693e+53 2.9376496519615546e+53 
# total_gas_kinetic_energy_list
3.555417159551863e+56 1.5234182892840883e+58 1.5273289264633346e+58 7.505042873450165e+57 3.046845269920472e+57 1.1298877591708228e+57 3.973947524800291e+56 1.3501403382860868e+56 4.4784904317507206e+55 1.4617092004741393e+55 4.7341492799348504e+54 1.5442252387055683e+54 5.572923585712497e+53 4.390639204205377e+53 3.4321824300096596e+53 3.135967544182606e+53 1.969366146153547e+54 4.5166792947892044e+54 6.487467281817307e+54 8.083911903630212e+54 9.432696186386316e+54 1.060503388788911e+55 1.1659508188077186e+55 1.2623610347640612e+55 1.3514770704319085e+55 1.3600921018691267e+55 1.3684432361461947e+55 1.3766740273950486e+55 1.3848908626322205e+55 1.393136516044307e+55 1.401425371135409e+55 1.4097709618182478e+55 1.418103144758219e+55 1.4340307071282862e+55 1.511022675685562e+55 1.6518883213361333e+55 1.776915414375248e+55 1.890822224631037e+55 1.9936830309498555e+55 2.1302958036039328e+55 2.2517390722885418e+55 2.3602594536950211e+55 2.3953736956994985e+55 2.458668704403634e+55 2.5485220028506725e+55 2.626948080339274e+55 2.675719343755279e+55 2.697594018991405e+55 2.7847911234842356e+55 2.875416634651898e+55 3.0288406274091387e+55 3.151392614922595e+55 3.260598814856627e+55 3.3627790092462355e+55 3.461266733927371e+55 3.5465572598304067e+55 3.6322465526950507e+55 3.7116545495075717e+55 3.7843529060304874e+55 
