# time_axis
5.999999999999999 7.0 7.30102999566398 7.477121254719661 7.602059991327962 7.698970004336018 7.778151250383643 7.845098040014256 7.903089986991943 7.954242509439324 8.0 8.041392685158224 8.079181246047623 8.113943352306837 8.146128035678238 8.176091259055681 8.301029995663981 8.47712125471966 8.60205999132796 8.698970004336019 8.778151250383644 8.845098040014257 8.903089986991942 8.954242509439323 8.999999999999998 9.004321373782641 9.008600171761916 9.012837224705171 9.017033339298779 9.021189299069936 9.02530586526477 9.02938377768521 9.033423755486949 9.041392685158224 9.079181246047623 9.146128035678236 9.204119982655923 9.255272505103305 9.301029995663981 9.361727836017593 9.414973347970816 9.462397997898954 9.477121254719663 9.505149978319904 9.544068044350274 9.57978359661681 9.60205999132796 9.612783856719734 9.653212513775342 9.698970004336017 9.778151250383642 9.845098040014257 9.903089986991944 9.954242509439325 10.0 10.041392685158225 10.079181246047623 10.113943352306835 10.146128035678236 
# total_gas_mass_list
7.787367376730502 9.425843483324163 9.427111048563246 9.118546243061106 8.727107226059415 8.296464288491118 7.843080165341735 7.375345928909208 6.89909525426131 6.421360786348853 5.955870883778063 5.531891127998945 5.197327661421168 4.985683477778801 4.875127952963169 4.8184021949189555 5.53266328288626 5.878798313845269 6.0325195723333325 6.1289761126558435 6.197883968354997 6.2505560190350735 6.292852842007641 6.327985922671394 6.357938050092631 6.360718201654085 6.363395886990528 6.366017864383108 6.368618114101077 6.371210836289932 6.373800002192469 6.37638965830084 6.378958536267314 6.3838260612960935 6.406559043285735 6.445045634796651 6.476287895177966 6.502692463830455 6.525082415096664 6.553034494151128 6.576367727294152 6.596139566752215 6.602332770177659 6.613268292364405 6.628299807230316 6.640983233574275 6.648674099916598 6.6520794675955495 6.66535853958437 6.678709923921946 6.700301568374359 6.716726543273064 6.730850484550831 6.743651271631779 6.755632731208401 6.765752912669805 6.775656488391869 6.784678796500979 6.792756125748883 
# ejected_gas_mass_list
-10.0 -10.0 3.124992269695978 4.783591170547316 5.259301246691766 5.505870448710928 5.65500205803205 5.755052412885766 5.8275369675527315 5.884441223196806 5.931443065114676 5.971136118283843 6.005181518147136 6.034808933578775 6.0609340090752095 6.0842328542641 6.172626560633183 6.27958283331089 6.347311199490137 6.396711148435891 6.435261245013492 6.466527662400106 6.492738729237322 6.51524045680902 6.534935216196171 6.536786768643544 6.538573818514857 6.540327237300462 6.542069585669359 6.543810313465734 6.545552058033221 6.54729752841647 6.549032342662692 6.552328601073289 6.5678800553971275 6.594786190188378 6.6171470382254105 6.636396943761014 6.652965367402734 6.673956898680228 6.69173366100775 6.7069728788471785 6.711778805468811 6.720302034151836 6.732094292178459 6.742112282995194 6.748216662948309 6.750926664488836 6.761535356429771 6.772266979602743 6.789757179171365 6.803171328471163 6.814779800592413 6.82535828604855 6.835308277801267 6.843748535494731 6.852039508856896 6.859619316448091 6.866426448544767 
# stellar_mass_list
-10.0 5.701181229114218 7.34824221338829 7.616158260598227 7.68234518523478 7.6937254061815095 7.689326797440286 7.6813679176929455 7.6734733047019885 7.6664788816636635 7.660409047996581 7.655106375412792 7.650410400464589 7.646195039402071 7.642366563460268 7.63885618249698 7.624576435106411 7.604953534317666 7.591039559427782 7.580139238077145 7.571118651829012 7.563395206201046 7.556616129210694 7.550557920037274 7.5450608814799365 7.544534497392956 7.544025001009258 7.543523614244191 7.543023916309034 7.542523027035369 7.542020093442039 7.54151438706582 7.541010179206557 7.540048576663675 7.53543583355171 7.527106848328387 7.519779474886463 7.513149746359919 7.507186690511711 7.499179222398381 7.491960418569606 7.485427665023932 7.483297213644597 7.479435931109267 7.473813589929732 7.468705408378179 7.4654230410354785 7.463921632633943 7.4577545390686035 7.450995608484015 7.438579501459875 7.427941409778535 7.418638283569319 7.410091177020926 7.401988540496579 7.395059527381668 7.388127283917998 7.381879766465654 7.376164182425169 
# remnant_mass_list
-10.0 -10.0 4.097681599940854 5.7507159696103125 6.138685061923223 6.315795843301964 6.4122008013072636 6.471401505425077 6.511612550509741 6.541294403219093 6.564613233302529 6.583766322940324 6.59999810056089 6.6140687743459505 6.626476165056533 6.637559257366359 6.679923811824878 6.732053739447262 6.765389480122074 6.789683736661169 6.808696987630459 6.824251544913466 6.837388709785819 6.848743455998016 6.858747149223539 6.8596907210956735 6.860601241382968 6.861494880760956 6.8623833817035225 6.863271889015233 6.864161950707033 6.86505493107227 6.865943167119402 6.8676299913796255 6.875611409729435 6.889575687755258 6.901406339476989 6.911765118198206 6.920812042239669 6.932577947422143 6.9428288549184884 6.951826398483852 6.954706963637407 6.959856101971733 6.967205492645761 6.973729302918328 6.977848308529048 6.979712233326932 6.9872541584179295 6.995295927089938 7.009509570383562 7.021134222952472 7.030905738497378 7.039579465105277 7.047547628201252 7.054163421715499 7.060618795418605 7.066293325001586 7.071369650520412 
# BH_mass_list
-10.0 -10.0 3.827372060368331 5.47571921650639 5.772468774321285 5.867032975790433 5.900234404821198 5.911933604335663 5.915978539072269 5.917314400435567 5.917736489088534 5.917864055439346 5.917895697308394 5.917900748525511 5.91790308644136 5.917904522535151 5.917905635870516 5.917905635870516 5.917905635870516 5.917905635870516 5.917905635870516 5.917905635870516 5.917905635870516 5.917905635870516 5.917905635870516 5.917905635870516 5.917905635870516 5.917905635870516 5.917905635870516 5.917905635870516 5.917905635870516 5.917905635870516 5.917905635870516 5.917905635870516 5.917905635870516 5.917905635870516 5.917905635870516 5.917905635870516 5.917905635870516 5.917905635870516 5.917905635870516 5.917905635870516 5.917905635870516 5.917905635870516 5.917905635870516 5.917905635870516 5.917905635870516 5.917905635870516 5.917905635870516 5.917905635870516 5.917905635870516 5.917905635870516 5.917905635870516 5.917905635870516 5.917905635870516 5.917905635870516 5.917905635870516 5.917905635870516 5.917905635870516 
# NS_mass_list
-10.0 -10.0 3.7635915470739794 5.421992129458848 5.894321940747029 6.124742316081426 6.250141679341506 6.308758219468311 6.331755775984806 6.340232856928507 6.343221504565295 6.344236367555809 6.344573401259681 6.344681654884908 6.3447157816053394 6.344728584369247 6.344737246640469 6.344737246640469 6.344737246640469 6.344737246640469 6.344737246640469 6.344737246640469 6.344737246640469 6.344737246640469 6.344737246640469 6.344737246640469 6.344737246640469 6.344737246640469 6.344737246640469 6.344737246640469 6.344737246640469 6.344737246640469 6.344737246640469 6.344737246640469 6.344737246640469 6.344737246640469 6.344737246640469 6.344737246640469 6.344737246640469 6.344737246640469 6.344737246640469 6.344737246640469 6.344737246640469 6.344737246640469 6.344737246640469 6.344737246640469 6.344737246640469 6.344737246640469 6.344737246640469 6.344737246640469 6.344737246640469 6.344737246640469 6.344737246640469 6.344737246640469 6.344737246640469 6.344737246640469 6.344737246640469 6.344737246640469 6.344737246640469 
# WD_mass_list
-10.0 -10.0 -10.0 -10.0 -10.0 2.243019812549149 3.992893423722681 5.0349593391177265 5.442877301953362 5.664780326963055 5.80486377102239 5.902067437849051 5.974230231789308 6.030568277621809 6.076246592481537 6.114351613160756 6.242030032459367 6.372222363305694 6.44509589549165 6.494424971238631 6.531182643185463 6.560195164731011 6.584027815695942 6.604170520628643 6.621588849098165 6.623216611534676 6.62478493153173 6.626321871155684 6.627847721991402 6.629371350037866 6.630895415073749 6.632422247491129 6.6339387627802004 6.636812719061657 6.650306382324062 6.673515994043151 6.69280530720065 6.709430254681551 6.723758185017669 6.742138496551064 6.757929790920023 6.771627958497783 6.775982457073606 6.783729870178022 6.794708710253861 6.804378570376741 6.8104482514435105 6.813185984836918 6.824208030464861 6.835864936697707 6.856237079796329 6.872689343531244 6.8863804388421705 6.898431783414536 6.90942157825034 6.918488889925043 6.927287636408536 6.934983331425041 6.941837714821301 
