# time_axis
5.999999999999999 7.0 7.30102999566398 7.477121254719661 7.602059991327962 7.698970004336018 7.778151250383643 7.845098040014256 7.903089986991943 7.954242509439324 8.0 8.041392685158224 8.079181246047623 8.113943352306837 8.146128035678238 8.176091259055681 8.204119982655925 8.230448921378272 8.255272505103306 8.301029995663981 8.47712125471966 8.60205999132796 8.698970004336019 8.778151250383644 8.845098040014257 8.903089986991942 8.954242509439323 8.999999999999998 9.004321373782641 9.008600171761916 9.012837224705171 9.017033339298779 9.021189299069936 9.02530586526477 9.02938377768521 9.033423755486949 9.041392685158224 9.079181246047623 9.146128035678236 9.204119982655923 9.255272505103305 9.301029995663981 9.361727836017593 9.414973347970816 9.462397997898954 9.477121254719663 9.505149978319904 9.544068044350274 9.57978359661681 9.60205999132796 9.612783856719734 9.653212513775342 9.698970004336017 9.778151250383642 9.845098040014257 9.903089986991944 9.954242509439325 10.0 10.041392685158225 10.079181246047623 10.113943352306835 10.146128035678236 
# total_gas_mass_list
9.407472158755008 11.076657815265952 11.423603396305484 11.549344369586542 11.600915360553055 11.622079211045277 11.62921482628157 11.599103656313362 11.592014469779178 11.582998717991552 11.574605941995463 11.571680535835926 11.569557271295812 11.566496340106518 11.557531475803994 11.54790964680718 11.539213029298523 11.536206605056213 11.53408675710889 11.54302732930522 11.56238461599542 11.582603821399891 11.58748077668394 11.591023564535666 11.59326926629021 11.594854057957768 11.596049534966758 11.596983578569501 11.597066111151697 11.597146831930461 11.597225730148564 11.597302823825107 11.597378300026815 11.597452364819333 11.597525032854533 11.597596285936573 11.597734280177555 11.59834970874936 11.599303465040954 11.60001090186428 11.600559458401127 11.600998165729417 11.601522024436075 11.601948656508677 11.602306862312469 11.60241420710521 11.602613929929868 11.602881372916608 11.603113443998195 11.603252102571071 11.603316468372174 11.603550218869032 11.603795404571262 11.604178899180905 11.604466717679339 11.604695443074958 11.604883833448925 11.605042666760015 11.605177875268751 11.60529673998508 11.605401417227537 11.605494039105382 
# ejected_gas_mass_list
-10.0 -10.0 -10.0 -10.0 -10.0 -10.0 -10.0 -10.0 -10.0 -10.0 -10.0 -10.0 -10.0 -10.0 -10.0 -10.0 -10.0 -10.0 -10.0 -10.0 -10.0 10.044093118178552 10.187178446823939 10.268486227608877 10.313398311157556 10.342635471041495 10.363522295851716 10.379207681390865 10.380568380404814 10.38189534636707 10.383188682174808 10.384448953528333 10.385679466634073 10.386883796268249 10.388062375809364 10.389215100110608 10.391439426472362 10.40123150796632 10.416009741068569 10.426675490180985 10.43478084688348 10.441163155640982 10.448671626299241 10.45469861329076 10.459699636447706 10.461187960521672 10.463944567042335 10.46761063054764 10.470768744494157 10.472645561845969 10.473514241182237 10.476655473720418 10.47992794033149 10.48500111056081 10.488772949368753 10.491748954469385 10.49418609322644 10.496231105135955 10.497964972883466 10.499484000114458 10.500817676139949 10.501994618057404 
# stellar_mass_list
-10.0 8.034522406103985 9.705481338278213 10.086941036248534 10.25061879192861 10.337019528300157 10.389434310794744 10.424695736817103 10.618966129110794 10.758356283545192 10.863538338558921 10.877736133540532 10.886925006991898 10.894357628004268 10.965029625449386 11.028253692274516 11.083273333304257 11.090942585505148 11.095913732881318 11.040254287252829 10.882684623903033 10.56747400817155 10.467538331863192 10.405135263058142 10.360173705097395 10.3253315570532 10.2970750790473 10.273436908886586 10.271269233458284 10.269136059690018 10.267038707190425 10.264977326197902 10.262946569986983 10.260940292823067 10.258958451311717 10.257002346901743 10.253180295808145 10.235536237016332 10.205974171922815 10.181927470183755 10.161739732582655 10.14443200548239 10.122448211940185 10.10400102952351 10.088165551894049 10.083351097920303 10.074319027595388 10.062053500386032 10.05113460867626 10.044376915653888 10.041207968884214 10.029321667292654 10.016307096878359 9.994471282832302 9.97677751759278 9.961841046380021 9.948825078914457 9.937273884270168 9.92710399143869 9.917747457265184 9.90925861133339 9.901564101924084 
# remnant_mass_list
-10.0 -10.0 6.511880871377064 8.185750689142475 8.619522014019726 8.864124355464696 9.042113774214954 9.183362376873507 9.16162481265751 9.224490421606165 9.260720402357041 9.382984579371982 9.436865260337413 9.49652832505823 9.492755540835509 9.52434625528421 9.544552040016725 9.609955126355711 9.642298835540517 9.678670714796358 9.762046327424867 9.83050697880669 9.921993227880892 9.915295550663286 9.84126441467632 9.868528561402547 9.88853512158564 9.904005889862761 9.90537311192815 9.906709676190383 9.908014721325523 9.90928855739177 9.910536096426242 9.911762440851124 9.912967991001087 9.914151717434656 9.916443601084639 9.92670671072138 9.942824026934002 9.955021891057067 9.964690915602787 9.97259182809247 9.982146997311391 9.989776619859896 9.996061590607688 9.99792618276831 10.001368646231594 10.005928429202362 10.009874817250308 10.01227477404821 10.01338282876255 10.017481075367789 10.021836935652983 10.028879226132222 10.034343438875231 10.038804775261129 10.042591028489552 10.045875153236114 10.048696845750001 10.051252151237843 10.053528426223677 10.055554188504535 
# BH_mass_list
-10.0 -10.0 -10.0 -10.0 -10.0 -10.0 -10.0 -10.0 -10.0 -10.0 -10.0 -10.0 -10.0 -10.0 -10.0 -10.0 -10.0 -10.0 -10.0 -10.0 -10.0 -10.0 -10.0 -10.0 -10.0 -10.0 -10.0 -10.0 -10.0 -10.0 -10.0 -10.0 -10.0 -10.0 -10.0 -10.0 -10.0 -10.0 -10.0 -10.0 -10.0 -10.0 -10.0 -10.0 -10.0 -10.0 -10.0 -10.0 -10.0 -10.0 -10.0 -10.0 -10.0 -10.0 -10.0 -10.0 -10.0 -10.0 -10.0 -10.0 -10.0 -10.0 
# NS_mass_list
-10.0 -10.0 6.511880871377064 8.195009949424005 8.75892398892894 9.090591318329759 9.313723473944549 9.474882619890467 9.533268798763102 9.55339970584282 9.560326119139233 9.614936398415459 9.685979083510956 9.753953883853857 9.783309283699955 9.793699313625476 9.797259695010643 9.827302132689429 9.868885013426 9.930322186017078 9.93953727289143 9.971113275075062 10.031338467794802 10.061954791335776 10.080832581343984 10.093924165307133 10.103672497693005 10.111288081904025 10.111961046304792 10.112620271495555 10.113266234819214 10.113899173183619 10.114519421048895 10.115127789497665 10.115724240901999 10.116309320375727 10.11744683601124 10.122559981039714 10.130625497069673 10.13676372789103 10.141638940404924 10.145633868894778 10.147103435827027 10.147103435827027 10.147103435827027 10.147103435827027 10.147103435827027 10.147103435827027 10.147103435827027 10.147103435827027 10.147103435827027 10.147103435827027 10.147103435827027 10.147103435827027 10.147103435827027 10.147103435827027 10.147103435827027 10.147103435827027 10.147103435827027 10.147103435827027 10.147103435827027 10.147103435827027 
# WD_mass_list
-10.0 -10.0 -10.0 -10.0 -10.0 4.353425375978207 6.1226297899855835 7.191307666716514 7.727034825879697 8.06944194804916 8.313309202415127 8.49349283881903 8.594841763504588 8.662317545072549 8.714276703433766 8.782169580220621 8.853499357059551 8.921206582607136 8.968751020807854 9.03442648428178 9.280973374701084 9.350393377101883 9.386704443864087 9.410200914666527 9.427093925655626 9.44004146306152 9.450401159747841 9.458931864122894 9.45972232574962 9.46049468074453 9.46124399168926 9.461969679915754 9.462683649693473 9.463396278791208 9.464108608731529 9.464815054178992 9.466174229059288 9.47237577875543 9.482616689588344 9.49074800392462 9.497473565728384 9.503129150488274 9.524603026339834 9.5461336995402 9.563370067982 9.568401479869664 9.577595622353074 9.589590282552395 9.599808926842629 9.605952126422425 9.608770690770513 9.619100347631857 9.629920001347399 9.647081211607608 9.660128510269058 9.670615681033462 9.679403716995076 9.686945494369104 9.693366990874246 9.699136818700742 9.70424097675908 9.708755687124663 
