# time_axis
1000000 10000000 20000000 30000000 40000000 50000000 60000000 70000000 80000000 90000000 100000000 110000000 120000000 130000000 140000000 150000000 160000000 170000000 180000000 190000000 200000000 210000000 220000000 230000000 240000000 250000000 300000000 400000000 500000000 600000000 700000000 800000000 900000000 1000000000 1010000000 1020000000 1030000000 1040000000 1050000000 1060000000 1070000000 1080000000 1100000000 1200000000 1400000000 1600000000 1800000000 2000000000 2300000000 2600000000 2900000000 3000000000 3200000000 3500000000 3800000000 4000000000 4100000000 4500000000 5000000000 6000000000 7000000000 8000000000 9000000000 10000000000 11000000000 12000000000 13000000000 14000000000 
# SNIa_energy_release_list
0 0 0 0 0 0 0 0 0 0 0 0 0 0 0 0 0 0 0 0 0 0 0 0 0 0 0 0 0 0 0 0 0 0 0 0 0 0 0 0 0 0 0 0 0 0 0 0 0 0 0 0 0 0 0 0 0 0 0 0 0 0 0 0 0 0 0 1e-10 
# SNII_energy_release_list
0 0.0 4.5977076530442825e+53 2.2076142150228122e+55 7.694909678765562e+55 1.4449770264228303e+56 2.1142317660942627e+56 2.694011911446764e+56 2.9122764152576124e+56 3.0073681058781854e+56 3.0403722501604197e+56 3.0403722501604197e+56 3.0403722501604197e+56 3.0403722501604197e+56 3.0403722501604197e+56 3.0403722501604197e+56 3.0403722501604197e+56 3.0403722501604197e+56 3.0403722501604197e+56 3.0403722501604197e+56 3.0403722501604197e+56 3.0403722501604197e+56 3.0403722501604197e+56 3.0403722501604197e+56 3.0403722501604197e+56 3.098833302260325e+56 3.353371024782192e+56 3.5910008828922893e+56 3.7144021024342373e+56 3.7992174406549306e+56 3.863994387586898e+56 3.9163248145187044e+56 3.960160965960224e+56 3.997829057409124e+56 4.001318518699388e+56 4.004763380436959e+56 4.008164875170516e+56 4.011522231452425e+56 4.0148370540842315e+56 4.018113134872005e+56 4.021346661751104e+56 4.024542532175163e+56 4.030819993361925e+56 4.060144301720274e+56 4.110467859472384e+56 4.152598207805501e+56 4.188789685029485e+56 4.220473084198234e+56 4.230159856559154e+56 4.230159856559154e+56 4.230159856559154e+56 4.230159856559154e+56 4.230159856559154e+56 4.230159856559154e+56 4.230159856559154e+56 4.230159856559154e+56 4.230159856559154e+56 4.230159856559154e+56 4.230159856559154e+56 4.230159856559154e+56 4.230159856559154e+56 4.230159856559154e+56 4.230159856559154e+56 4.230159856559154e+56 4.230159856559154e+56 4.230159856559154e+56 4.230159856559154e+56 4.230159856559154e+56 
# SN_energy_per_current_crossing_time_list
0.0 0.0 1.144797329352116e+53 4.0254749978821834e+54 1.267261216547596e+55 2.137042650143458e+55 2.9655085061961414e+55 3.4809518096114264e+55 1.277118161577846e+55 5.4043459918731405e+54 1.8402336448602514e+54 0.0 0.0 0.0 0.0 0.0 0.0 0.0 0.0 0.0 0.0 0.0 0.0 0.0 0.0 3.540837466922802e+54 4.417510404633416e+54 2.6161009026373332e+54 1.5003183844489049e+54 1.1030941742932005e+54 8.811884962583993e+53 7.357134497799971e+53 6.322100987424401e+53 5.544207361984137e+53 5.145317418498443e+53 5.088586333581739e+53 5.033285927250507e+53 4.976438933090686e+53 4.921596865860087e+53 4.8720499958485085e+53 4.816513699805164e+53 4.767975172558061e+53 4.697214925607971e+53 4.450016942860781e+53 3.903495570033136e+53 3.323190595271984e+53 2.8928948151453495e+53 2.5601004509986023e+53 5.286273526983552e+52 0.0 0.0 0.0 0.0 0.0 0.0 0.0 0.0 0.0 0.0 0.0 0.0 0.0 0.0 0.0 0.0 0.0 0.0 0.0 
# SN_energy_per_final_crossing_time_list
0.0 0.0 8.33729313540857e+53 3.919823493793392e+55 9.9504349241364e+55 1.2248985155141618e+56 1.2135988992705402e+56 1.051349365959141e+56 3.9579183511605925e+55 1.7243534371315375e+55 5.9848351902521154e+54 0.0 0.0 0.0 0.0 0.0 0.0 0.0 0.0 0.0 0.0 0.0 0.0 0.0 0.0 1.060108569622897e+55 9.231363830968892e+54 4.30908168656096e+54 2.237706740459878e+54 1.538006307679282e+54 1.1746383975306115e+54 9.489383452701128e+53 7.949066623540452e+53 6.8305761035699785e+53 6.32764496071213e+53 6.246769974174129e+53 6.168130040515689e+53 6.088091195561582e+53 6.010962431449869e+53 5.940709571838792e+53 5.863544071668193e+53 5.795259411616767e+53 5.691644403002188e+53 5.317548944521829e+53 4.562733042826351e+53 3.8198716671064954e+53 3.2814064898191713e+53 2.8726683635608578e+53 5.855197619004965e+52 0.0 0.0 0.0 0.0 0.0 0.0 0.0 0.0 0.0 0.0 0.0 0.0 0.0 0.0 0.0 0.0 0.0 0.0 0.0 
# total_energy_release_list
0 0 4.5977076530442825e+53 2.2076142150228122e+55 7.694909678765562e+55 1.4449770264228303e+56 2.1142317660942627e+56 2.694011911446764e+56 2.9122764152576124e+56 3.0073681058781854e+56 3.0403722501604197e+56 3.0403722501604197e+56 3.0403722501604197e+56 3.0403722501604197e+56 3.0403722501604197e+56 3.0403722501604197e+56 3.0403722501604197e+56 3.0403722501604197e+56 3.0403722501604197e+56 3.0403722501604197e+56 3.0403722501604197e+56 3.0403722501604197e+56 3.0403722501604197e+56 3.0403722501604197e+56 3.0403722501604197e+56 3.098833302260325e+56 3.353371024782192e+56 3.5910008828922893e+56 3.7144021024342373e+56 3.7992174406549306e+56 3.863994387586898e+56 3.9163248145187044e+56 3.960160965960224e+56 3.997829057409124e+56 4.001318518699388e+56 4.004763380436959e+56 4.008164875170516e+56 4.011522231452425e+56 4.0148370540842315e+56 4.018113134872005e+56 4.021346661751104e+56 4.024542532175163e+56 4.030819993361925e+56 4.060144301720274e+56 4.110467859472384e+56 4.152598207805501e+56 4.188789685029485e+56 4.220473084198234e+56 4.230159856559154e+56 4.230159856559154e+56 4.230159856559154e+56 4.230159856559154e+56 4.230159856559154e+56 4.230159856559154e+56 4.230159856559154e+56 4.230159856559154e+56 4.230159856559154e+56 4.230159856559154e+56 4.230159856559154e+56 4.230159856559154e+56 4.230159856559154e+56 4.230159856559154e+56 4.230159856559154e+56 4.230159856559154e+56 4.230159856559154e+56 4.230159856559154e+56 4.230159856559154e+56 4.230159856559154e+56 
# binding_energy_list
3.026913428101317e+55 3.026913428101317e+55 3.0060763026282415e+55 2.6668586645214914e+55 2.1232444620002105e+55 1.6749428760264244e+55 1.333521432163324e+55 1.0964781961431828e+55 1.0568175092136607e+55 1.0399201658290664e+55 1.0303861204416117e+55 1.0232929922807495e+55 1.0185913880541232e+55 1.0139113857366799e+55 1.0115794542599044e+55 1.0069316688518044e+55 1.0046157902784007e+55 1.0023052380778943e+55 1.0023052380778943e+55 1e+55 9.977000638225587e+54 9.977000638225587e+54 9.954054173515213e+54 9.954054173515213e+54 9.931160484209335e+54 9.594006315159316e+54 8.222426499470695e+54 7.413102413009132e+54 7.079457843841403e+54 6.839116472814306e+54 6.68343917568619e+54 6.576578373554172e+54 6.486344335482348e+54 6.426877173170194e+54 6.412095765851648e+54 6.412095765851648e+54 6.397348354826442e+54 6.397348354826442e+54 6.397348354826442e+54 6.382634861905483e+54 6.382634861905483e+54 6.382634861905483e+54 6.367955209079188e+54 6.324118513762223e+54 6.251726927756848e+54 6.194410750767837e+54 6.151768727098702e+54 6.1235039172477214e+54 6.081350012787164e+54 6.053408747539087e+54 6.025595860743593e+54 6.011737374832828e+54 5.997910762555076e+54 5.984115950603211e+54 5.956621435290085e+54 5.956621435290085e+54 5.942921586155739e+54 5.929253245800042e+54 5.915616341754719e+54 5.888436553555932e+54 5.861381645140297e+54 5.8479008414448476e+54 5.834451042737424e+54 5.8210321777087214e+54 5.807644175213159e+54 5.7942869642687856e+54 5.7942869642687856e+54 5.780960474057187e+54 
# total_gas_kinetic_energy_list
2.072978017234279e+57 9.473702415683489e+58 2.1215736390119688e+59 2.1609536009092607e+59 1.8341756082930502e+59 1.4140579033247756e+59 1.032158844788644e+59 7.293988855436043e+58 5.043787301820382e+58 3.4452376359736117e+58 2.336029182574144e+58 1.57694869889484e+58 1.0617656385880437e+58 7.138452853597966e+57 4.7957525253474096e+57 3.221056171299208e+57 2.1636279835123737e+57 1.453928446989828e+57 9.777139303946897e+56 6.581745574349993e+56 4.437433391789938e+56 2.9978612279861446e+56 2.031068510095203e+56 1.3813669624337698e+56 9.444107260268351e+55 1.1050063310939235e+56 2.832794003850269e+56 3.907485348897663e+56 4.337631735409001e+56 4.604838230496967e+56 4.782374280891891e+56 4.912577222837975e+56 5.0134306700966626e+56 5.093902212836141e+56 5.101126092063649e+56 5.108212568986793e+56 5.115166270013667e+56 5.121958200702225e+56 5.128616590441076e+56 5.135153458052302e+56 5.141586028618858e+56 5.147943339086531e+56 5.160382366609279e+56 5.216650688379899e+56 5.307378301846241e+56 5.377960350010409e+56 5.435264143166774e+56 5.483023321966631e+56 5.541173622925232e+56 5.589396798084155e+56 5.630320966332146e+56 5.64273329213051e+56 5.665576550439037e+56 5.696404056542359e+56 5.723193835469344e+56 5.739235430279028e+56 5.746652553910863e+56 5.7739291947680955e+56 5.802336135372929e+56 5.847074104284182e+56 5.880857365224186e+56 5.907973119657735e+56 5.93063289136461e+56 5.949948449624696e+56 5.966328532457005e+56 5.981140689470141e+56 5.994213972197993e+56 6.005498663004653e+56 
