# time_axis
1000000 10000000 20000000 30000000 40000000 50000000 60000000 70000000 80000000 90000000 100000000 110000000 120000000 130000000 140000000 150000000 200000000 300000000 400000000 500000000 600000000 700000000 800000000 900000000 1000000000 1010000000 1020000000 1030000000 1040000000 1050000000 1060000000 1070000000 1080000000 1100000000 1200000000 1400000000 1600000000 1800000000 2000000000 2300000000 2600000000 2900000000 3000000000 3200000000 3500000000 3800000000 4000000000 4100000000 4500000000 5000000000 6000000000 7000000000 8000000000 9000000000 10000000000 11000000000 12000000000 13000000000 14000000000 
# SNIa_energy_release_list
0 0.0 0.0 0.0 0.0 0.0 1.1580287656879283e+54 3.929493048068511e+55 9.274275784344641e+55 1.4351615666849298e+56 1.881584338879065e+56 2.2728031895293644e+56 2.619662352012161e+56 2.9310217210708714e+56 3.2134845009928215e+56 3.47198679733917e+56 4.5122820060423005e+56 5.9051383084812335e+56 6.8591991108809485e+56 7.5857762164064564e+56 8.172780740858272e+56 8.66523146156637e+56 9.089472721110568e+56 9.4620886077102e+56 9.794312892033858e+56 9.825619427119185e+56 9.856641370924236e+56 9.887347188042208e+56 9.917742074696948e+56 9.94784621861696e+56 9.97764968905646e+56 1.0007158561141191e+57 1.0036391155693587e+57 1.0094041082705951e+57 1.0367094450738904e+57 1.0849539342095512e+57 1.1266299392892845e+57 1.1633147219948944e+57 1.196081302998301e+57 1.239477442946816e+57 1.277487193025514e+57 1.3113015328472262e+57 1.3218028837246484e+57 1.3417556008738513e+57 1.3694546843496172e+57 1.3948639509398056e+57 1.4107031209974305e+57 1.4183251827346073e+57 1.4470545567625627e+57 1.4795498000794285e+57 1.5357452349170757e+57 1.583221569303154e+57 1.6243210855706933e+57 1.660571542881932e+57 1.6929631989120443e+57 1.7222788382593248e+57 1.749031306886172e+57 1.7736359925633748e+57 1.7964126535036615e+57 
# SNII_energy_release_list
0 0.0 2.949166498344822e+54 9.904352974078057e+55 2.0088842129761153e+56 2.702540533453486e+56 3.148488082208042e+56 3.3224204224238873e+56 3.3659657365817844e+56 3.374920819781612e+56 3.376639769674003e+56 3.3769622731730228e+56 3.377055156207723e+56 3.3770908277750735e+56 3.3771151479250285e+56 3.377135688272243e+56 3.3771685232010417e+56 3.3771685232010417e+56 3.3771685232010417e+56 3.3771685232010417e+56 3.3771685232010417e+56 3.3771685232010417e+56 3.3771685232010417e+56 3.3771685232010417e+56 3.3771685232010417e+56 3.3771685232010417e+56 3.3771685232010417e+56 3.3771685232010417e+56 3.3771685232010417e+56 3.3771685232010417e+56 3.3771685232010417e+56 3.3771685232010417e+56 3.3771685232010417e+56 3.3771685232010417e+56 3.3771685232010417e+56 3.3771685232010417e+56 3.3771685232010417e+56 3.3771685232010417e+56 3.3771685232010417e+56 3.3771685232010417e+56 3.3771685232010417e+56 3.3771685232010417e+56 3.3771685232010417e+56 3.3771685232010417e+56 3.3771685232010417e+56 3.3771685232010417e+56 3.3771685232010417e+56 3.3771685232010417e+56 3.3771685232010417e+56 3.3771685232010417e+56 3.3771685232010417e+56 3.3771685232010417e+56 3.3771685232010417e+56 3.3771685232010417e+56 3.3771685232010417e+56 3.3771685232010417e+56 3.3771685232010417e+56 3.3771685232010417e+56 3.3771685232010417e+56 
# SN_energy_per_current_crossing_time_list
0.0 0.0 2.8440558439434316e+54 9.000384818543034e+55 1.0743634052030823e+56 7.933955394260447e+55 5.333314470407808e+55 2.3094506078463743e+55 7.951152631415172e+54 3.5534083031056324e+54 2.3723701511037824e+54 1.9473452632590317e+54 1.7171737237705906e+54 1.547680923026257e+54 1.4132011329812236e+54 1.3016038310558983e+54 1.0736287173122684e+54 7.421870473903571e+53 5.195025051034151e+53 4.020655995982463e+53 3.2901530401056464e+53 2.789439162665359e+53 2.424716586441629e+53 2.146278764026844e+53 1.9268515656254864e+53 1.8168972577149733e+53 1.801499266080375e+53 1.7842384082750322e+53 1.767257015701581e+53 1.7514296714220885e+53 1.7350056384226751e+53 1.7189172304962866e+53 1.7038649822415004e+53 1.6820401228049726e+53 1.6021593489615162e+53 1.4291489469848338e+53 1.2446875360797987e+53 1.1034189492433002e+53 9.916686916452852e+52 8.825657186489586e+52 7.783121982829742e+52 6.965302036811933e+52 6.501720009069266e+52 6.197400715182318e+52 5.762471472654495e+52 5.307676023766943e+52 4.975335116376638e+52 4.793849509255926e+52 4.5374003340704114e+52 4.124777965481852e+52 3.594312392270356e+52 3.055373127269943e+52 2.6592759924030685e+52 2.3571546776525483e+52 2.1161178818005614e+52 1.9229071675131198e+52 1.761770537007292e+52 1.6262842473381305e+52 1.510491923892758e+52 
# SN_energy_per_final_crossing_time_list
0.0 0.0 5.2155051051523575e+54 1.699397583515781e+56 1.801093807848602e+56 1.2267086591080385e+56 7.89411722877784e+55 3.328851426305696e+55 1.1245375249524772e+55 4.950843823820893e+54 3.264556316915583e+54 2.6515005314008094e+54 2.316710397875894e+54 2.071166869800748e+54 1.877524363189197e+54 1.71795590550727e+54 1.3809575505329642e+54 9.237079137687246e+53 6.3270957086529435e+53 4.818479990806594e+53 3.892869089975336e+53 3.2658116064282563e+53 2.8134632991357766e+53 2.471096570732702e+53 2.2032294360772282e+53 2.0761721191448322e+53 2.0572987280199615e+53 2.0363339865667542e+53 2.0157138458525953e+53 1.9964325054533027e+53 1.976492582510532e+53 1.9569555469092313e+53 1.938633503023046e+53 1.9116004183726894e+53 1.8108225270014686e+53 1.5997277081744558e+53 1.3819248848214519e+53 1.2164221119121222e+53 1.0864993799788554e+53 9.593082891912365e+52 8.402375963355932e+52 7.474945127143385e+52 6.964236650796017e+52 6.616074716262962e+52 6.12311611420445e+52 5.616932771245636e+52 5.252073277099334e+52 5.054763175163667e+52 4.7631529004062505e+52 4.310008628897348e+52 3.7267425064822844e+52 3.1485132897313904e+52 2.725618454819534e+52 2.4040408359063134e+52 2.1481346613212657e+52 1.9441408288031513e+52 1.774157674427481e+52 1.6317220115260702e+52 1.510491923892758e+52 
# total_energy_release_list
0 0 2.949166498344822e+54 9.904352974078057e+55 2.0088842129761153e+56 2.702540533453486e+56 3.160068369864921e+56 3.7153697272307383e+56 4.2933933150162485e+56 4.810082386466542e+56 5.2582241085530684e+56 5.649765462702387e+56 5.996717508219884e+56 6.308112548845945e+56 6.59059964891785e+56 6.849122485611412e+56 7.889450529243342e+56 9.282306831682275e+56 1.023636763408199e+57 1.0962944739607499e+57 1.1549949264059313e+57 1.204239998476741e+57 1.246664124431161e+57 1.2839257130911242e+57 1.31714814152349e+57 1.3202787950320226e+57 1.3233809894125277e+57 1.3264515711243249e+57 1.329491059789799e+57 1.3325014741818002e+57 1.3354818212257501e+57 1.3384327084342232e+57 1.3413559678894628e+57 1.3471209605906993e+57 1.3744262973939945e+57 1.4226707865296553e+57 1.4643467916093886e+57 1.5010315743149985e+57 1.5337981553184052e+57 1.5771942952669203e+57 1.615204045345618e+57 1.6490183851673303e+57 1.6595197360447527e+57 1.6794724531939554e+57 1.7071715366697215e+57 1.7325808032599097e+57 1.748419973317535e+57 1.7560420350547114e+57 1.7847714090826668e+57 1.817266652399533e+57 1.87346208723718e+57 1.920938421623258e+57 1.9620379378907974e+57 1.998288395202036e+57 2.0306800512321484e+57 2.059995690579429e+57 2.086748159206276e+57 2.111352844883479e+57 2.1341295058237656e+57 
# binding_energy_list
8.790225168308896e+54 8.790225168308896e+54 8.790225168308896e+54 8.749837752274363e+54 8.669618757582214e+54 8.590135215053907e+54 8.550667128846876e+54 8.51138038202376e+54 8.472274141405911e+54 8.452788451602891e+54 8.413951416451895e+54 8.394599865193965e+54 8.375292821268861e+54 8.356030182312423e+54 8.336811846196331e+54 8.317637711026743e+54 8.241381150129963e+54 8.147042840208421e+54 8.090958991783846e+54 8.035261221856194e+54 7.99834255007026e+54 7.96159350417325e+54 7.94328234724279e+54 7.90678627999831e+54 7.888601176185516e+54 7.888601176185516e+54 7.888601176185516e+54 7.888601176185516e+54 7.870457896951001e+54 7.870457896951001e+54 7.870457896951001e+54 7.870457896951001e+54 7.870457896951001e+54 7.870457896951001e+54 7.852356346100775e+54 7.816278045883308e+54 7.780365510398008e+54 7.762471166286928e+54 7.744617978025239e+54 7.709034690644309e+54 7.691304402866145e+54 7.673614893618154e+54 7.673614893618154e+54 7.655966069112569e+54 7.638357835776954e+54 7.620790100254084e+54 7.620790100254084e+54 7.620790100254084e+54 7.603262769401822e+54 7.585775750291883e+54 7.550922276654341e+54 7.533555637337217e+54 7.516228940182015e+54 7.498942093324558e+54 7.498942093324558e+54 7.481695005111584e+54 7.464487584100623e+54 7.447319739059888e+54 7.447319739059888e+54 
# total_gas_kinetic_energy_list
7.971549577055461e+57 2.5431633653343306e+59 1.5219449392515204e+59 4.2387862328046256e+58 9.103602550575383e+57 1.7225648161865305e+57 3.059183615872353e+56 5.504456669955479e+55 1.2508941870927475e+55 5.235978967227699e+54 3.726576080463335e+54 3.1765478030896176e+54 2.8226022317269995e+54 2.546803486115646e+54 2.3213469853068556e+54 2.1312848641139686e+54 1.0094978207181238e+55 2.0867881081134687e+55 2.823101912845889e+55 3.370791377028479e+55 3.8043980279692026e+55 4.1618624294246667e+55 4.4698827448923705e+55 4.740467780575094e+55 4.982979596834352e+55 5.005623162657725e+55 5.027642182773846e+55 5.049475339126637e+55 5.071315649333253e+55 5.093198824273097e+55 5.115145929496414e+55 5.13717864810578e+55 5.158993660257974e+55 5.200028142286141e+55 5.397223023321272e+55 5.746487629674957e+55 6.044075848580129e+55 6.305059402638587e+55 6.533544622550245e+55 6.827531073245969e+55 7.079514100594374e+55 7.298557700401855e+55 7.368470118675761e+55 7.491681729426345e+55 7.663056829183201e+55 7.810374757179452e+55 7.900023739045189e+55 7.940246431786057e+55 8.097256045087437e+55 8.257693460052792e+55 8.519808304268346e+55 8.723710648090063e+55 8.904766711227801e+55 9.073579336938315e+55 9.235736488098274e+55 9.376274397957803e+55 9.516151898653386e+55 9.647215783677763e+55 9.766578520363324e+55 
