# time_axis
5.999999999999999 7.0 7.30102999566398 7.477121254719661 7.602059991327962 7.698970004336018 7.778151250383643 7.845098040014256 7.903089986991943 7.954242509439324 8.0 8.041392685158224 8.079181246047623 8.113943352306837 8.146128035678238 8.176091259055681 8.301029995663981 8.47712125471966 8.60205999132796 8.698970004336019 8.778151250383644 8.845098040014257 8.903089986991942 8.954242509439323 8.999999999999998 9.004321373782641 9.008600171761916 9.012837224705171 9.017033339298779 9.021189299069936 9.02530586526477 9.02938377768521 9.033423755486949 9.041392685158224 9.079181246047623 9.146128035678236 9.204119982655923 9.255272505103305 9.301029995663981 9.361727836017593 9.414973347970816 9.462397997898954 9.477121254719663 9.505149978319904 9.544068044350274 9.57978359661681 9.60205999132796 9.612783856719734 9.653212513775342 9.698970004336017 9.778151250383642 9.845098040014257 9.903089986991944 9.954242509439325 10.0 10.041392685158225 10.079181246047623 10.113943352306835 10.146128035678236 
# total_gas_mass_list
9.141744852470868 10.648460129959794 10.425566451274555 9.870422613957608 9.202476490318602 8.479718930141862 7.729660062915063 6.9861591811301915 6.346499974108737 5.97130926094936 5.822579474949764 5.74998889036798 5.696204396127843 5.649466859486622 5.607464097447732 5.569033535904806 6.242805795662869 6.554709226345709 6.685466825413434 6.764382579922531 6.819130585829486 6.860021275902802 6.892283542656236 6.918622757951806 6.940824620191297 6.942841751967144 6.944790554637857 6.946713557555518 6.9486268448082615 6.950532968395425 6.9524337682960295 6.9543317832428615 6.956202459786567 6.959707084000883 6.976088620901195 7.003589158217895 7.02553901425595 7.0437827352890885 7.05908202243747 7.07795667459095 7.093486587052653 7.106572236680938 7.110671518679371 7.1177895369673685 7.127431956952415 7.135607779225176 7.140512452419342 7.142709245757379 7.15112405057023 7.159617099336887 7.1731491832427325 7.183442387948938 7.192355492613705 7.200455557853182 7.208042794799113 7.21453452639656 7.220843644605533 7.22668086487606 7.231927857305592 
# ejected_gas_mass_list
-10.0 -10.0 4.672287992922117 6.20302511455568 6.576209623046417 6.736955596568801 6.819701523853862 6.874440060308971 6.916026133097261 6.949439061304664 6.976886068038704 6.999771553296008 7.019190882234057 7.035953475234224 7.050645070179893 7.0636793077494575 7.112523727239999 7.170124584501752 7.205622248896341 7.230992037678176 7.25047445127727 7.266072277272243 7.279025627056831 7.290030445568642 7.299609695594653 7.3004938253599105 7.3013501970505255 7.302197343538855 7.3030422932144505 7.303886146649229 7.304729699163872 7.305574065283709 7.3064082743804235 7.3079764864469885 7.315399579814321 7.3282061846030135 7.338739342093882 7.347704881134592 7.3553711207909105 7.365014533082835 7.3731026774718496 7.380025329888735 7.382214155103964 7.386037708450404 7.391263504835888 7.395736063236326 7.398437439299965 7.399651822477849 7.404328904927161 7.409090246762216 7.416760931912806 7.422664850026868 7.427825304327326 7.432553644541219 7.437015871728209 7.440859260138075 7.444616960132064 7.44811323313143 7.45127204559814 
# stellar_mass_list
-10.0 6.934136541969123 8.445811410975578 8.430431065771835 8.273573321164076 8.16193158281528 8.099380808322012 8.061860746722463 8.035862762634848 8.015859192071884 7.999529273582367 7.985710145485694 7.973735029470294 7.963177974977223 7.953745631438662 7.945230291726379 7.911945912819148 7.869680621678564 7.842006626608776 7.821563641259669 7.805409202346288 7.7921151518567555 7.780817087979507 7.7710175602684775 7.7623285091903185 7.7615179329597135 7.760736132143303 7.759962100654807 7.759187598109188 7.75841044985424 7.757631118461711 7.756849034117613 7.756075345767567 7.754624930148366 7.747667570617074 7.735453026913499 7.725046695243503 7.715929512725491 7.707944326796445 7.6975102033851375 7.688398262901663 7.680383777386257 7.677808692387487 7.673218418848158 7.666650827762034 7.660793338119453 7.657108712277211 7.65543138676498 7.64865731525378 7.641405582411119 7.628574722841272 7.617931542160397 7.608636764463256 7.600097757987836 7.591992846679762 7.585071901994027 7.57813791136034 7.571897507618114 7.566181695651913 
# remnant_mass_list
-10.0 -10.0 5.984431323980936 7.506848486396067 7.751280897702634 7.829251842509999 7.860963262717637 7.877394812297476 7.887872883904392 7.895490258694575 7.901465880453181 7.906354499458132 7.9104686715816594 7.914003930483211 7.917091648659075 7.919822995155125 7.930001506228583 7.94188110166447 7.949076604028956 7.954116485915911 7.957941849018916 7.960989233393262 7.9635104139889386 7.965647185331132 7.967504900904782 7.96767631602536 7.967840896099491 7.968003580649373 7.968166261496854 7.968329516713902 7.968493175932487 7.96865742122447 7.9688195950568455 7.969121238756904 7.970557827004073 7.973028607226177 7.975081954755149 7.976844244556835 7.978357166979815 7.980293766886584 7.981950714605436 7.983380566818972 7.9838370380550945 7.984637907701938 7.985775440820336 7.9867731484196325 7.987395487060531 7.987674837244943 7.988805075303349 7.989988021125652 7.992045448131729 7.993706706425214 7.99512960349285 7.996420667390878 7.997635497644114 7.998647304906249 7.999660021865392 8.00055565904612 8.001363959542278 
# BH_mass_list
-10.0 -10.0 5.840552087135028 7.360583975670376 7.5593738797065795 7.6016718621475 7.610244271845989 7.6117837505484305 7.612030722862864 7.612043281718352 7.61204616099329 7.612047374634677 7.612048236341543 7.612048965409772 7.6120496095538135 7.612050187975869 7.61205071307528 7.61205071307528 7.61205071307528 7.61205071307528 7.61205071307528 7.61205071307528 7.61205071307528 7.61205071307528 7.61205071307528 7.61205071307528 7.61205071307528 7.61205071307528 7.61205071307528 7.61205071307528 7.61205071307528 7.61205071307528 7.61205071307528 7.61205071307528 7.61205071307528 7.61205071307528 7.61205071307528 7.61205071307528 7.61205071307528 7.61205071307528 7.61205071307528 7.61205071307528 7.61205071307528 7.61205071307528 7.61205071307528 7.61205071307528 7.61205071307528 7.61205071307528 7.61205071307528 7.61205071307528 7.61205071307528 7.61205071307528 7.61205071307528 7.61205071307528 7.61205071307528 7.61205071307528 7.61205071307528 7.61205071307528 7.61205071307528 
# NS_mass_list
-10.0 -10.0 5.434689804575526 6.963121442153142 7.304161548843318 7.43972246256711 7.5012360288939774 7.521793718503014 7.5266802578874215 7.527651650993022 7.527827126482723 7.527856149868934 7.527862528927941 7.5278646979660575 7.527866157477276 7.527867384857263 7.5278694775934065 7.5278694775934065 7.5278694775934065 7.5278694775934065 7.5278694775934065 7.5278694775934065 7.5278694775934065 7.5278694775934065 7.5278694775934065 7.5278694775934065 7.5278694775934065 7.5278694775934065 7.5278694775934065 7.5278694775934065 7.5278694775934065 7.5278694775934065 7.5278694775934065 7.5278694775934065 7.5278694775934065 7.5278694775934065 7.5278694775934065 7.5278694775934065 7.5278694775934065 7.5278694775934065 7.5278694775934065 7.5278694775934065 7.5278694775934065 7.5278694775934065 7.5278694775934065 7.5278694775934065 7.5278694775934065 7.5278694775934065 7.5278694775934065 7.5278694775934065 7.5278694775934065 7.5278694775934065 7.5278694775934065 7.5278694775934065 7.5278694775934065 7.5278694775934065 7.5278694775934065 7.5278694775934065 7.5278694775934065 
# WD_mass_list
-10.0 -10.0 -10.0 -10.0 -10.0 3.472702095900269 5.115946662183594 6.096292257537317 6.429767387989482 6.599929244200833 6.703778150205426 6.7749196692239835 6.827508080160632 6.868467619738853 6.90157543582132 6.92907416695524 7.0197250472485315 7.1080568737275565 7.154921489905075 7.1853848049662785 7.2073773631152305 7.224264093972746 7.237840487411473 7.249083000908917 7.258669729089112 7.259545785171097 7.260385574042075 7.261214409826375 7.262041957649027 7.262871155824103 7.2637011319729075 7.264532802281877 7.265352731681632 7.266874508075424 7.2740639938704375 7.2862111935036875 7.296104712716011 7.3044560048432325 7.311526043124674 7.320446189543574 7.327966221370169 7.334375104987737 7.336405737903572 7.3399507678639875 7.344947880379725 7.349294530188592 7.351988971166633 7.353194263447952 7.358044782622277 7.363077447273611 7.371725787840632 7.378614512101578 7.3844497215606815 7.389693553408276 7.3945846072916686 7.398626939023619 7.402644887676275 7.406175326810878 7.409343234179091 
