# time_axis
1000000 10000000 20000000 30000000 40000000 50000000 60000000 70000000 80000000 90000000 100000000 110000000 120000000 130000000 140000000 150000000 200000000 300000000 400000000 500000000 600000000 700000000 800000000 900000000 1000000000 1010000000 1020000000 1030000000 1040000000 1050000000 1060000000 1070000000 1080000000 1100000000 1200000000 1400000000 1600000000 1800000000 2000000000 2300000000 2600000000 2900000000 3000000000 3200000000 3500000000 3800000000 4000000000 4100000000 4500000000 5000000000 6000000000 7000000000 8000000000 9000000000 10000000000 11000000000 12000000000 13000000000 14000000000 
# SNIa_energy_release_list
0 0.0 0.0 0.0 0.0 0.0 6.955446618469571e+54 8.349654995949103e+55 2.121398004191945e+56 3.4026541088610987e+56 4.5565346685105756e+56 5.57721026890335e+56 6.483742437596607e+56 7.296206421339762e+56 8.031544047812973e+56 8.70303564931772e+56 1.1393511137201151e+57 1.497552455688283e+57 1.7420644858881985e+57 1.9279653817434236e+57 2.078004374303572e+57 2.2037963521723962e+57 2.3121113881398354e+57 2.4072128464418656e+57 2.4919829124169137e+57 2.499970823904954e+57 2.5078830422311015e+57 2.5157170043776743e+57 2.523471175242499e+57 2.531150253185817e+57 2.538753511176029e+57 2.546281428611535e+57 2.5537380042099246e+57 2.5684430364649977e+57 2.638085409998709e+57 2.7611103021366787e+57 2.8673629415772644e+57 2.9608734669190593e+57 3.0443844811214403e+57 3.154973267129087e+57 3.251824891486127e+57 3.337978024107805e+57 3.364725271315608e+57 3.4155636922576026e+57 3.48612736944035e+57 3.550853784387864e+57 3.591200582415079e+57 3.61061575272299e+57 3.683794675760886e+57 3.766560292203943e+57 3.9096859913345733e+57 4.0305945297960004e+57 4.135260449423612e+57 4.2275687216306606e+57 4.310054348642433e+57 4.384710605537571e+57 4.452832672153935e+57 4.515484845103837e+57 4.573481845617306e+57 
# SNII_energy_release_list
0 -1.8694567793491292e+53 -3.398067078018524e+54 3.508682003329632e+55 9.519571600118475e+55 1.4196328743937495e+56 1.766135525771019e+56 1.960077843824726e+56 2.0339035036035766e+56 2.060741242966295e+56 2.0702241440514938e+56 2.073494653989391e+56 2.0745758719054907e+56 2.0749329924876553e+56 2.0750430551768975e+56 2.0750900466741266e+56 2.0751094963672297e+56 2.0751094963672297e+56 2.0751094963672297e+56 2.0751094963672297e+56 2.0751094963672297e+56 2.0751094963672297e+56 2.0751094963672297e+56 2.0751094963672297e+56 2.0751094963672297e+56 2.0751094963672297e+56 2.0751094963672297e+56 2.0751094963672297e+56 2.0751094963672297e+56 2.0751094963672297e+56 2.0751094963672297e+56 2.0751094963672297e+56 2.0751094963672297e+56 2.0751094963672297e+56 2.0751094963672297e+56 2.0751094963672297e+56 2.0751094963672297e+56 2.0751094963672297e+56 2.0751094963672297e+56 2.0751094963672297e+56 2.0751094963672297e+56 2.0751094963672297e+56 2.0751094963672297e+56 2.0751094963672297e+56 2.0751094963672297e+56 2.0751094963672297e+56 2.0751094963672297e+56 2.0751094963672297e+56 2.0751094963672297e+56 2.0751094963672297e+56 2.0751094963672297e+56 2.0751094963672297e+56 2.0751094963672297e+56 2.0751094963672297e+56 2.0751094963672297e+56 2.0751094963672297e+56 2.0751094963672297e+56 2.0751094963672297e+56 2.0751094963672297e+56 
# SN_energy_per_current_crossing_time_list
0.0 -5.387399115437643e+53 -2.3577647400289333e+54 2.3242238587902308e+55 3.822705762389705e+55 3.0659820723312425e+55 2.3397190917833671e+55 1.5216006234833555e+55 8.493262638094435e+54 5.294984264916384e+54 3.7841826736113196e+54 3.018951014449031e+54 2.5786641747645452e+54 2.290235342170984e+54 2.077063729876919e+54 1.909808744417957e+54 1.5860931906021484e+54 1.1137972442631383e+54 7.909730896038552e+53 6.210181257262548e+53 5.150453533614536e+53 4.4211582983718525e+53 3.8870160721962485e+53 3.4772191346088164e+53 3.1526161640088496e+53 2.975620079179946e+53 2.9521452263888566e+53 2.9275453959279906e+53 2.9021997242612484e+53 2.8785884664224023e+53 2.854657242955412e+53 2.8308213919476414e+53 2.808235921700047e+53 2.7774798306183777e+53 2.668661985606222e+53 2.419354175951251e+53 2.137705363484133e+53 1.9203595382744735e+53 1.7467535285039712e+53 1.5805347646403592e+53 1.4145518152985648e+53 1.2831378686331925e+53 1.2025764153025137e+53 1.1559727310568103e+53 1.0872025570803938e+53 1.0117151310862084e+53 9.546128804176464e+52 9.225023687923023e+52 8.837810491368614e+52 8.13763027171629e+52 7.255579573992223e+52 6.280095369730656e+52 5.545806973998547e+52 4.97356885543365e+52 4.510822608309077e+52 4.1341922072592106e+52 3.8157179974696696e+52 3.542190228877301e+52 3.30760128592158e+52 
# SN_energy_per_final_crossing_time_list
0.0 -3.158997415629216e+53 -4.883521183571174e+54 5.85283886964092e+55 9.14145029747601e+55 7.112481820731949e+55 5.309331156737076e+55 3.3860217988652935e+55 1.8564112460350902e+55 1.1388598341841343e+55 8.022818887758128e+54 6.318353890644891e+54 5.334436746784241e+54 4.687838842074271e+54 4.2104099931996744e+54 3.8367005912375615e+54 3.069377940281934e+54 2.0428422311901926e+54 1.3944657453874832e+54 1.0602031773038177e+54 8.556807426878428e+53 7.17398665575674e+53 6.1772669117144805e+53 5.423689207854148e+53 4.834484141323905e+53 4.555550472568975e+53 4.512382240177087e+53 4.467752304510069e+53 4.422246891508068e+53 4.379420979557465e+53 4.33618043743088e+53 4.293213298885967e+53 4.252526651283836e+53 4.193180954685877e+53 3.9717434042341054e+53 3.5080891066203565e+53 3.029823643764318e+53 2.6664787069107945e+53 2.3813398582592528e+53 2.1023133815483383e+53 1.8411673846968555e+53 1.6377870678527835e+53 1.5254104259900444e+53 1.4496717502046554e+53 1.3414286217256089e+53 1.2304611814293377e+53 1.1505001970458757e+53 1.1072579910736382e+53 1.0433586987239047e+53 9.440338533147961e+52 8.162538446845177e+52 6.895481382714704e+52 5.969155771634275e+52 5.264392247014993e+52 4.7042013131492106e+52 4.2576879687271095e+52 3.8850394528175885e+52 3.573088366298434e+52 3.30760128592158e+52 
# total_energy_release_list
0 -1.8694567793491292e+53 -3.398067078018524e+54 3.508682003329632e+55 9.519571600118475e+55 1.4196328743937495e+56 1.8356899919557148e+56 2.7950433434196363e+56 4.155301507795522e+56 5.463395351827394e+56 6.626758812562069e+56 7.650704922892741e+56 8.558318309502098e+56 9.371139413827418e+56 1.010658710298987e+57 1.0778125695991847e+57 1.3468620633568381e+57 1.705063405325006e+57 1.9495754355249216e+57 2.1354763313801466e+57 2.285515323940295e+57 2.4113073018091192e+57 2.5196223377765584e+57 2.6147237960785886e+57 2.6994938620536368e+57 2.707481773541677e+57 2.7153939918678245e+57 2.7232279540143974e+57 2.730982124879222e+57 2.73866120282254e+57 2.746264460812752e+57 2.753792378248258e+57 2.7612489538466476e+57 2.7759539861017207e+57 2.845596359635432e+57 2.9686212517734017e+57 3.0748738912139875e+57 3.168384416555782e+57 3.251895430758163e+57 3.36248421676581e+57 3.45933584112285e+57 3.545488973744528e+57 3.572236220952331e+57 3.6230746418943257e+57 3.693638319077073e+57 3.758364734024587e+57 3.798711532051802e+57 3.818126702359713e+57 3.891305625397609e+57 3.974071241840666e+57 4.1171969409712964e+57 4.2381054794327234e+57 4.342771399060335e+57 4.4350796712673836e+57 4.517565298279156e+57 4.592221555174294e+57 4.660343621790658e+57 4.72299579474056e+57 4.780992795254029e+57 
# binding_energy_list
7.585775750291883e+54 7.585775750291883e+54 7.585775750291883e+54 7.568328950209705e+54 7.516228940182015e+54 7.464487584100623e+54 7.430191378967052e+54 7.396052750582375e+54 7.362070974947316e+54 7.328245331389074e+54 7.29457510254568e+54 7.277798045368272e+54 7.244359600749891e+54 7.227698036021732e+54 7.211074791828947e+54 7.177942912713644e+54 7.095777679633873e+54 6.966265141107743e+54 6.854882264526593e+54 6.776415076106799e+54 6.698846094165272e+54 6.63743070401913e+54 6.576578373554172e+54 6.53130552647469e+54 6.486344335482348e+54 6.486344335482348e+54 6.471426157485831e+54 6.471426157485831e+54 6.471426157485831e+54 6.45654229034659e+54 6.45654229034659e+54 6.45654229034659e+54 6.45654229034659e+54 6.441692655151735e+54 6.397348354826442e+54 6.324118513762223e+54 6.266138646723311e+54 6.208690342300624e+54 6.165950018614809e+54 6.095368972401644e+54 6.039486293763782e+54 5.984115950603211e+54 5.970352865838415e+54 5.942921586155739e+54 5.902010801718454e+54 5.861381645140297e+54 5.834451042737424e+54 5.8210321777087214e+54 5.780960474057187e+54 5.74116462207328e+54 5.6623928903825345e+54 5.610479760324735e+54 5.559042572704003e+54 5.5207743928075396e+54 5.4827696492085025e+54 5.457578610912733e+54 5.432503314924325e+54 5.407543229455771e+54 5.382697825162903e+54 
# total_gas_kinetic_energy_list
3.1007948112047294e+58 3.2610544274394513e+59 3.3900916830210036e+59 1.357750511089556e+59 5.431781237467278e+58 2.1732759950861059e+58 8.697799904452456e+57 3.48340599880061e+57 1.397428433473569e+57 5.62769085119323e+56 2.286354418206963e+56 9.471116114623855e+55 4.089147490713734e+55 1.9137955894217266e+55 1.0234655964417904e+55 6.503762166496279e+54 1.686327790909107e+55 3.2347959947252e+55 4.4138290141735033e+55 5.362309178625898e+55 6.155092933268757e+55 6.837141398395509e+55 7.441714446524984e+55 7.987746192648275e+55 8.486115234237014e+55 8.535671204338815e+55 8.582544199566449e+55 8.628961958541996e+55 8.675012864713033e+55 8.720282228026704e+55 8.766876448007892e+55 8.813144145585943e+55 8.856845041558019e+55 8.947958931653617e+55 9.369358587395408e+55 1.0141064403675206e+56 1.0810723624472632e+56 1.1417381984164036e+56 1.1956136170692358e+56 1.2678988134056443e+56 1.3303636199872535e+56 1.3865364931491692e+56 1.4043698734842822e+56 1.436769746465351e+56 1.4824138540440555e+56 1.521946244218004e+56 1.5467612139004775e+56 1.5576941576087354e+56 1.6020196165648298e+56 1.6469837441606784e+56 1.7234955338922899e+56 1.7815460727041814e+56 1.8294441113343854e+56 1.869416539635948e+56 1.904991069951535e+56 1.9354811296070264e+56 1.9633446204111004e+56 1.9842736018049697e+56 2.0049200128563228e+56 
