# time_axis
1000000 10000000 20000000 30000000 40000000 50000000 60000000 70000000 80000000 90000000 100000000 110000000 120000000 130000000 140000000 150000000 200000000 300000000 400000000 500000000 600000000 700000000 800000000 900000000 1000000000 1010000000 1020000000 1030000000 1040000000 1050000000 1060000000 1070000000 1080000000 1100000000 1200000000 1400000000 1600000000 1800000000 2000000000 2300000000 2600000000 2900000000 3000000000 3200000000 3500000000 3800000000 4000000000 4100000000 4500000000 5000000000 6000000000 7000000000 8000000000 9000000000 10000000000 11000000000 12000000000 13000000000 14000000000 
# SNIa_energy_release_list
0 0.0 0.0 0.0 0.0 0.0 2.3668760236513195e+53 1.1650530710711238e+55 4.7235300996175396e+55 9.427321505311577e+55 1.4454691636586284e+56 1.9347252040432453e+56 2.390126097834883e+56 2.8059202240433153e+56 3.1833836527027157e+56 3.5264894673628412e+56 4.87074256746576e+56 6.594682078222442e+56 7.745077015229449e+56 8.61047024860187e+56 9.304545036315202e+56 9.884128798754257e+56 1.0381696172721645e+57 1.0817621138961251e+57 1.1205525627179538e+57 1.1242055412584578e+57 1.1278213756287908e+57 1.1314018069231299e+57 1.1349459258486707e+57 1.1384549076130338e+57 1.1419294441851103e+57 1.1453694521401763e+57 1.1487759323189147e+57 1.1554920423963426e+57 1.1872800384611234e+57 1.2433654483917187e+57 1.2917400417917819e+57 1.3342685368939407e+57 1.372216833182928e+57 1.4224332839407712e+57 1.466379675431191e+57 1.505449386862651e+57 1.517569386289352e+57 1.5406174805526725e+57 1.572593000299648e+57 1.601910551344523e+57 1.620183784167431e+57 1.628976111307209e+57 1.662106398853616e+57 1.699569107385685e+57 1.7643316069814355e+57 1.819014438657522e+57 1.866347267560083e+57 1.908074961325404e+57 1.9453656852646063e+57 1.979110242561273e+57 2.009896581397982e+57 2.0382083262143672e+57 2.0644151494583723e+57 
# SNII_energy_release_list
0 0.0 6.027753093457413e+53 2.946016332125499e+55 1.0986267398688112e+56 1.9432153457031997e+56 2.6713384093477747e+56 3.2086903203600835e+56 3.526106827047008e+56 3.701691355398631e+56 3.793634084404069e+56 3.839784035778347e+56 3.862207052850777e+56 3.872829873098758e+56 3.877762887311845e+56 3.8800348997322067e+56 3.881671192809802e+56 3.881671192809802e+56 3.881671192809802e+56 3.881671192809802e+56 3.881671192809802e+56 3.881671192809802e+56 3.881671192809802e+56 3.881671192809802e+56 3.881671192809802e+56 3.881671192809802e+56 3.881671192809802e+56 3.881671192809802e+56 3.881671192809802e+56 3.881671192809802e+56 3.881671192809802e+56 3.881671192809802e+56 3.881671192809802e+56 3.881671192809802e+56 3.881671192809802e+56 3.881671192809802e+56 3.881671192809802e+56 3.881671192809802e+56 3.881671192809802e+56 3.881671192809802e+56 3.881671192809802e+56 3.881671192809802e+56 3.881671192809802e+56 3.881671192809802e+56 3.881671192809802e+56 3.881671192809802e+56 3.881671192809802e+56 3.881671192809802e+56 3.881671192809802e+56 3.881671192809802e+56 3.881671192809802e+56 3.881671192809802e+56 3.881671192809802e+56 3.881671192809802e+56 3.881671192809802e+56 3.881671192809802e+56 3.881671192809802e+56 3.881671192809802e+56 3.881671192809802e+56 
# SN_energy_per_current_crossing_time_list
0.0 0.0 1.1973641303213971e+54 3.4350201736635914e+55 9.177925935028639e+55 9.782668141556438e+55 8.70478078129058e+55 6.690752878249069e+55 4.2049045234400056e+55 2.5146643490009814e+55 1.469285103329725e+55 8.68406399684422e+54 5.3854611532415585e+54 3.612040898470108e+54 2.6540165245460817e+54 2.1217189693973496e+54 1.5030225179706197e+54 9.675537061445429e+53 6.605635659567877e+53 5.053118822261992e+53 4.106614968854924e+53 3.4665560950401597e+53 3.0034020633086714e+53 2.652279622494551e+53 2.3766393103299818e+53 2.23961476543115e+53 2.2182707881708033e+53 2.197937993512394e+53 2.1770029364298337e+53 2.1567548909112923e+53 2.1369021816063433e+53 2.116972627051761e+53 2.097631126904346e+53 2.070284011264539e+53 1.9707511559061287e+53 1.7556760133075793e+53 1.5268120860285792e+53 1.3519526931018602e+53 1.213906827053055e+53 1.0795014943054785e+53 9.512190160377449e+52 8.507368542548334e+52 7.932237952430184e+52 7.567866425785159e+52 7.032503277612109e+52 6.474220941785962e+52 6.068281357293118e+52 5.84623570533878e+52 5.531912367536813e+52 5.027507065897952e+52 4.379468991403833e+52 3.720718006494494e+52 3.2380414589275723e+52 2.868772354101154e+52 2.575746712017818e+52 2.3402413337511124e+52 2.143590761371041e+52 1.978552759554691e+52 1.8375751551095842e+52 
# SN_energy_per_final_crossing_time_list
0.0 0.0 1.12708045255159e+54 5.395807929694738e+55 1.5033810559635885e+56 1.5792274390219508e+56 1.3616239693284329e+56 1.0127537498206145e+56 6.184626698340701e+55 3.6129334404950475e+55 2.0716723203534914e+55 1.2059778566070143e+55 7.385886207400313e+54 4.901748013221177e+54 3.5690895940806805e+54 2.8306211542941214e+54 1.9463234557954203e+54 1.208795276093954e+54 8.066361707123371e+53 6.067981190390501e+53 4.866727164200371e+53 4.063936755121857e+53 3.488852639187203e+53 3.0566271997012284e+53 2.719916273211328e+53 2.561402633840193e+53 2.535357811991236e+53 2.5105338139596285e+53 2.4850722362227034e+53 2.4604346928623964e+53 2.436282345601622e+53 2.412071502430132e+53 2.3885624306851177e+53 2.3546075963414206e+53 2.228916921959426e+53 1.966303868519696e+53 1.6959695981240304e+53 1.4910106665027189e+53 1.3304330286451494e+53 1.1736956368351551e+53 1.0271472230422196e+53 9.131658878211687e+52 8.498324890080684e+52 8.08045389488233e+52 7.473552480548313e+52 6.85231258377764e+52 6.406430555559498e+52 6.165021131032527e+52 5.807589946144923e+52 5.253635040056948e+52 4.541029606370526e+52 3.8342614808149713e+52 3.3188925495689185e+52 2.925870588329222e+52 2.6147582707264246e+52 2.3661074648836557e+52 2.1586825246384254e+52 1.985168457389901e+52 1.8375751551095842e+52 
# total_energy_release_list
0 0 6.027753093457413e+53 2.946016332125499e+55 1.0986267398688112e+56 1.9432153457031997e+56 2.673705285371426e+56 3.325195627467196e+56 3.998459837008762e+56 4.644423505929789e+56 5.239103248062697e+56 5.774509239821592e+56 6.25233315068566e+56 6.6787500971420735e+56 7.061146540014561e+56 7.406524367095048e+56 8.752413760275563e+56 1.0476353271032244e+57 1.1626748208039251e+57 1.2492141441411673e+57 1.3186216229125005e+57 1.376579999156406e+57 1.4263367365531448e+57 1.4699292331771053e+57 1.508719681998934e+57 1.512372660539438e+57 1.515988494909771e+57 1.5195689262041101e+57 1.523113045129651e+57 1.526622026894014e+57 1.5300965634660905e+57 1.5335365714211566e+57 1.536943051599895e+57 1.5436591616773228e+57 1.5754471577421037e+57 1.631532567672699e+57 1.679907161072762e+57 1.7224356561749208e+57 1.760383952463908e+57 1.8106004032217513e+57 1.854546794712171e+57 1.893616506143631e+57 1.9057365055703322e+57 1.9287845998336527e+57 1.9607601195806284e+57 1.9900776706255033e+57 2.0083509034484113e+57 2.0171432305881894e+57 2.0502735181345962e+57 2.0877362266666652e+57 2.1524987262624157e+57 2.207181557938502e+57 2.254514386841063e+57 2.2962420806063842e+57 2.3335328045455866e+57 2.367277361842253e+57 2.3980637006789622e+57 2.4263754454953474e+57 2.4525822687393525e+57 
# binding_energy_list
8.810488730080146e+54 8.810488730080146e+54 8.810488730080146e+54 8.790225168308896e+54 8.749837752274363e+54 8.68960429286302e+54 8.629785477669702e+54 8.570378452303692e+54 8.531001140175843e+54 8.491804750363178e+54 8.452788451602891e+54 8.433347577642791e+54 8.413951416451895e+54 8.375292821268861e+54 8.356030182312423e+54 8.336811846196331e+54 8.260379495771817e+54 8.165823713585906e+54 8.090958991783846e+54 8.053784411990643e+54 7.99834255007026e+54 7.96159350417325e+54 7.94328234724279e+54 7.90678627999831e+54 7.888601176185516e+54 7.888601176185516e+54 7.888601176185516e+54 7.888601176185516e+54 7.888601176185516e+54 7.888601176185516e+54 7.870457896951001e+54 7.870457896951001e+54 7.870457896951001e+54 7.870457896951001e+54 7.852356346100775e+54 7.816278045883308e+54 7.798301105232642e+54 7.762471166286928e+54 7.744617978025239e+54 7.709034690644309e+54 7.691304402866145e+54 7.673614893618154e+54 7.673614893618154e+54 7.655966069112569e+54 7.638357835776954e+54 7.620790100254084e+54 7.620790100254084e+54 7.620790100254084e+54 7.603262769401822e+54 7.585775750291883e+54 7.568328950209705e+54 7.533555637337217e+54 7.516228940182015e+54 7.498942093324558e+54 7.498942093324558e+54 7.481695005111584e+54 7.464487584100623e+54 7.447319739059888e+54 7.447319739059888e+54 
# total_gas_kinetic_energy_list
2.1445709002276886e+57 9.913923663276184e+58 2.3189191385486515e+59 1.5626937012259426e+59 9.573487116801507e+58 5.386681579917851e+58 2.8452987766814475e+58 1.4349738714016708e+58 6.992607356397121e+57 3.320307956048323e+57 1.5459655767542867e+57 7.095139413664671e+56 3.2261557079159526e+56 1.4627470067737868e+56 6.679800210943293e+55 3.125622511787738e+55 4.8908687124730053e+55 6.23261491000171e+55 7.121805525394087e+55 7.77616483449157e+55 8.29015124017302e+55 8.711941376196369e+55 9.073037911808238e+55 9.389917222790959e+55 9.67181731292156e+55 9.698571382608874e+55 9.724797832073329e+55 9.75051219812985e+55 9.775927551367171e+55 9.801207911146959e+55 9.826433648963266e+55 9.851692615774416e+55 9.87692336782241e+55 9.925903398592929e+55 1.0155865581048087e+56 1.0562319130102326e+56 1.0906918952131538e+56 1.1209953000397793e+56 1.1475554140863362e+56 1.1815866790387271e+56 1.210723545186075e+56 1.2360741897065449e+56 1.244054802465287e+56 1.258421014072382e+56 1.2783018366477202e+56 1.2952388840149802e+56 1.305677106293897e+56 1.3103028050874032e+56 1.328450194759566e+56 1.3469394677291084e+56 1.3771903510372101e+56 1.4006877821407459e+56 1.4215510788496435e+56 1.4409913329772524e+56 1.4596204563779595e+56 1.47580431310205e+56 1.4918815494734599e+56 1.5069888398334947e+56 1.5207078496970388e+56 
