# time_axis
1000000 10000000 20000000 30000000 40000000 50000000 60000000 70000000 80000000 90000000 100000000 200000000 300000000 400000000 500000000 600000000 700000000 800000000 900000000 1000000000 1010000000 1020000000 1030000000 1040000000 1050000000 1060000000 1070000000 1080000000 1100000000 1200000000 1400000000 1600000000 1800000000 2000000000 2300000000 2600000000 2900000000 3000000000 3200000000 3500000000 3800000000 4000000000 4100000000 4500000000 5000000000 6000000000 7000000000 8000000000 9000000000 10000000000 11000000000 12000000000 13000000000 14000000000 
# SNIa_energy_release_list
0 0.0 0.0 0.0 0.0 0.0 7.096079919808598e+55 1.9990079305752947e+56 3.778616332038689e+56 5.982860086007894e+56 8.5616600315388e+56 2.295104069257868e+57 3.0340411452026343e+57 3.536042506781855e+57 3.916865197156155e+57 4.2238195273905405e+57 4.480971699236644e+57 4.702246152520288e+57 4.896448401987249e+57 5.0694928327693546e+57 5.0858024289065114e+57 5.1019478258619156e+57 5.117930207229249e+57 5.133756992161866e+57 5.149429520309244e+57 5.1649434732487435e+57 5.1803084911705546e+57 5.195526041290293e+57 5.2255309428898006e+57 5.3676141666031486e+57 5.6185678703484306e+57 5.835249285680705e+57 6.025904104882027e+57 6.19612851841172e+57 6.421534455502984e+57 6.618907666291582e+57 6.794458730472633e+57 6.848937862984734e+57 6.952539234676815e+57 7.096312425070577e+57 7.22816922512313e+57 7.310354518951722e+57 7.349911405494917e+57 7.49898672520535e+57 7.667568082403289e+57 7.959084019197505e+57 8.205305763168388e+57 8.418481853508673e+57 8.606445302628692e+57 8.77446569893586e+57 8.926465719690925e+57 9.065177528609623e+57 9.192756517235927e+57 9.310852870943219e+57 
# SNII_energy_release_list
0 -4.954818527482586e+55 1.7742621402675995e+56 4.906546358378707e+56 8.48972173745139e+56 1.23575159341061e+57 1.671662745936813e+57 1.831291373696788e+57 1.9047486954655154e+57 1.9338970983273553e+57 1.9338970983273553e+57 1.9338970983273553e+57 1.9338970983273553e+57 1.9338970983273553e+57 1.9338970983273553e+57 1.9338970983273553e+57 1.9338970983273553e+57 1.9338970983273553e+57 1.9338970983273553e+57 1.9338970983273553e+57 1.9338970983273553e+57 1.9338970983273553e+57 1.9338970983273553e+57 1.9338970983273553e+57 1.9338970983273553e+57 1.9338970983273553e+57 1.9338970983273553e+57 1.9338970983273553e+57 1.9338970983273553e+57 1.9338970983273553e+57 1.9338970983273553e+57 1.9338970983273553e+57 1.9338970983273553e+57 1.9338970983273553e+57 1.9338970983273553e+57 1.9338970983273553e+57 1.9338970983273553e+57 1.9338970983273553e+57 1.9338970983273553e+57 1.9338970983273553e+57 1.9338970983273553e+57 1.9338970983273553e+57 1.9338970983273553e+57 1.9338970983273553e+57 1.9338970983273553e+57 1.9338970983273553e+57 1.9338970983273553e+57 1.9338970983273553e+57 1.9338970983273553e+57 1.9338970983273553e+57 1.9338970983273553e+57 1.9338970983273553e+57 1.9338970983273553e+57 1.9338970983273553e+57 
# SN_energy_per_current_crossing_time_list
0.0 -4.4296681726436296e+55 1.701777995692819e+56 2.3340247364533775e+56 2.7701653024813763e+56 3.091472804090679e+56 6.193705912576568e+56 2.771378769072661e+56 1.4704941870739395e+56 7.259339144249167e+55 1.9542642826370235e+55 1.294254781913908e+55 7.053539855613715e+54 4.9544191259052274e+54 3.843368458452473e+54 3.148971772166482e+54 2.6714212759785774e+54 2.322130686969035e+54 2.0551695449747216e+54 1.8443154496375113e+54 1.739412885953002e+54 1.7230087070194716e+54 1.7066701433105543e+54 1.691087883928134e+54 1.6756504430035983e+54 1.65971027938669e+54 1.6447673069762283e+54 1.629945649571265e+54 1.6087565567583752e+54 1.531763082129525e+54 1.3648628520799437e+54 1.1869774411190117e+54 1.0506799086612878e+54 9.42833124270875e+53 8.375143387608888e+53 7.371514083110971e+53 6.584941856170567e+53 6.138610724111076e+53 5.850624578397933e+53 5.430355722038072e+53 4.993968914490577e+53 4.676961175887939e+53 4.505662730058974e+53 4.257352437115434e+53 3.863115257549949e+53 3.356408035004898e+53 2.8456185159670286e+53 2.4716539813049227e+53 2.185582753758509e+53 1.9589819905333285e+53 1.7761079970234258e+53 1.624428185615688e+53 1.496719003369474e+53 1.3880125167298949e+53 
# SN_energy_per_final_crossing_time_list
0.0 -1.7254837335350596e+56 7.1138139283273465e+56 9.817180777586943e+56 1.1230360339193006e+57 1.2122410418413092e+57 1.37456951533657e+57 5.154614028179315e+56 2.511454956439603e+56 1.1726366047452702e+56 3.030920507004848e+55 1.6912156758893515e+55 8.684890585438972e+54 5.900132827254175e+54 4.475893152505071e+54 3.607702008190477e+54 3.02236624605144e+54 2.600687499222093e+54 2.2825019111542738e+54 2.0338293972333933e+54 1.9169028399719273e+54 1.8976041476452012e+54 1.8784445656969993e+54 1.8601569732214653e+54 1.8420268327064316e+54 1.8233891384451775e+54 1.805884477018833e+54 1.7885522606832363e+54 1.763271162740113e+54 1.669935495385969e+54 1.4747571410270877e+54 1.2733522550975083e+54 1.1204040900458927e+54 1.0003425559515458e+54 8.830819135007995e+53 7.732569732021792e+53 6.87763470983179e+53 6.403052715311301e+53 6.0882489655613436e+53 5.632660156224327e+53 5.165806934861521e+53 4.829709510250806e+53 4.649208203405276e+53 4.380287858134256e+53 3.9627478162114645e+53 3.4262511618225728e+53 2.8938985141718983e+53 2.505505651709111e+53 2.209175913364377e+53 1.9747808109156836e+53 1.7864898003045253e+53 1.6303105130121519e+53 1.499464018372299e+53 1.3880125167298949e+53 
# total_energy_release_list
0 -4.954818527482586e+55 1.7742621402675995e+56 4.906546358378707e+56 8.48972173745139e+56 1.23575159341061e+57 1.7426235451348988e+57 2.0311921667543175e+57 2.2826103286693842e+57 2.5321831069281448e+57 2.7900631014812353e+57 4.229001167585223e+57 4.9679382435299896e+57 5.469939605109211e+57 5.8507622954835106e+57 6.157716625717896e+57 6.414868797563999e+57 6.636143250847643e+57 6.830345500314604e+57 7.00338993109671e+57 7.019699527233866e+57 7.035844924189271e+57 7.051827305556604e+57 7.067654090489222e+57 7.0833266186366e+57 7.098840571576098e+57 7.11420558949791e+57 7.129423139617649e+57 7.159428041217155e+57 7.301511264930505e+57 7.552464968675785e+57 7.76914638400806e+57 7.959801203209382e+57 8.130025616739076e+57 8.355431553830339e+57 8.552804764618938e+57 8.728355828799987e+57 8.78283496131209e+57 8.886436333004171e+57 9.030209523397931e+57 9.162066323450486e+57 9.244251617279078e+57 9.283808503822273e+57 9.432883823532706e+57 9.601465180730645e+57 9.892981117524861e+57 1.0139202861495744e+58 1.0352378951836029e+58 1.0540342400956048e+58 1.0708362797263215e+58 1.086036281801828e+58 1.0999074626936978e+58 1.1126653615563282e+58 1.1244749969270575e+58 
# binding_energy_list
9.954054173515213e+58 9.954054173515213e+58 9.594006315159316e+58 9.099132726322582e+58 8.491804750363178e+58 7.979946872679785e+58 6.501296903430943e+58 5.929253245800042e+58 5.662392890382534e+58 5.49540873857627e+58 5.382697825162904e+58 4.9203953568145114e+58 4.7752927365769313e+58 4.6881338214526454e+58 4.6344691973628464e+58 4.6025657358135254e+58 4.5708818961487145e+58 4.549880601500499e+58 4.528975799036195e+58 4.508167045414637e+58 4.508167045414637e+58 4.508167045414637e+58 4.508167045414637e+58 4.508167045414637e+58 4.508167045414637e+58 4.508167045414637e+58 4.497798548932866e+58 4.497798548932866e+58 4.497798548932866e+58 4.487453899331332e+58 4.4668359215096165e+58 4.44631267469112e+58 4.4360864393143093e+58 4.4258837236262734e+58 4.415704473533157e+58 4.4055486350655166e+58 4.395416154378252e+58 4.3853069777498873e+58 4.3853069777498873e+58 4.375221051582503e+58 4.375221051582503e+58 4.3651583224016654e+58 4.3651583224016654e+58 4.3651583224016654e+58 4.3551187368557146e+58 4.3451022417156966e+58 4.335108783875293e+58 4.335108783875293e+58 4.325138310350115e+58 4.325138310350115e+58 4.3151907682776327e+58 4.3151907682776327e+58 4.3151907682776327e+58 4.30526610491711e+58 
# total_gas_kinetic_energy_list
2.305479171666384e+59 2.273166668696973e+59 2.242550993185909e+59 2.213241239316452e+59 2.1850776337287634e+59 2.15707245671891e+59 2.166074722107378e+59 2.1697274764432294e+59 2.1714282580954676e+59 2.1725241420071267e+59 2.173344510874062e+59 2.1768118491392593e+59 2.1779980376823137e+59 2.1786434156262552e+59 2.179056921004188e+59 2.1793499112448913e+59 2.1795689737627257e+59 2.1797449959431883e+59 2.1798898814346544e+59 2.180012115805799e+59 2.1800232379097514e+59 2.180034242611669e+59 2.180044885537706e+59 2.1800551843214535e+59 2.1800660932757304e+59 2.1800765441812773e+59 2.1800868718950123e+59 2.1800970219574104e+59 2.1801166227415772e+59 2.1802076757616713e+59 2.1803587039041307e+59 2.180479251814633e+59 2.180579160283796e+59 2.1806625973337798e+59 2.180763932934105e+59 2.180846504227927e+59 2.180914759075565e+59 2.1809352672714595e+59 2.180971828099819e+59 2.181021529519641e+59 2.1810624383347246e+59 2.1810873396773634e+59 2.181098864495484e+59 2.181140413379187e+59 2.1811825194660304e+59 2.1812478414289047e+59 2.1812962999047197e+59 2.181337324838813e+59 2.1813738046440503e+59 2.1814088722247263e+59 2.181436602325252e+59 2.1814650931764226e+59 2.1814875022569714e+59 2.1815121487357886e+59 
