# time_axis
5.999999999999999 7.0 7.30102999566398 7.477121254719661 7.602059991327962 7.698970004336018 7.778151250383643 7.845098040014256 7.903089986991943 7.954242509439324 8.0 8.301029995663981 8.47712125471966 8.60205999132796 8.698970004336019 8.778151250383644 8.845098040014257 8.903089986991942 8.954242509439323 8.999999999999998 9.004321373782641 9.008600171761916 9.012837224705171 9.017033339298779 9.021189299069936 9.02530586526477 9.02938377768521 9.033423755486949 9.041392685158224 9.079181246047623 9.146128035678236 9.204119982655923 9.255272505103305 9.301029995663981 9.361727836017593 9.414973347970816 9.462397997898954 9.477121254719663 9.505149978319904 9.544068044350274 9.57978359661681 9.60205999132796 9.612783856719734 9.653212513775342 9.698970004336017 9.778151250383642 9.845098040014257 9.903089986991944 9.954242509439325 10.0 10.041392685158225 10.079181246047623 10.113943352306835 10.146128035678236 
# total_gas_mass_list
10.55387196432176 10.54774207325754 10.54195220108726 10.536372226770409 10.531095450177979 10.52572389436076 10.527887420709813 10.528794917354796 10.529216642137495 10.529485357188422 10.529677781257073 10.53043015863162 10.530681287874073 10.530819288498355 10.530910508159142 10.530976665401552 10.53102690654834 10.531067164325362 10.531100188893568 10.531128005850514 10.531130542501446 10.531133063007012 10.531135480862075 10.53113785345898 10.531140294366182 10.531142682623212 10.531145028113515 10.531147333208757 10.531151816485725 10.531172554113796 10.531206880426247 10.531234311155519 10.531256955526112 10.53127587460393 10.531298958884857 10.531317920345714 10.531333666226955 10.531338388355545 10.531346883563232 10.53135841997439 10.531368080586123 10.531373996649336 10.531376723318047 10.531386668137856 10.531396859431954 10.531412959100233 10.53142517065241 10.531435576080144 10.531444783891565 10.531453602193418 10.531460574620215 10.531467742935137 10.531473142921696 10.531479130865298 
# ejected_gas_mass_list
-10.0 -10.0 7.520931719196179 7.95292214355236 8.244656202381393 8.413754805484093 8.630261829680968 8.696680752250408 8.72443956184087 8.741257294155877 8.752918408887828 8.795770228905894 8.809196406995275 8.816404590880673 8.821105654290445 8.82448416249718 8.827032765807107 8.829064410889618 8.830724098323516 8.832117264263237 8.83224409055763 8.832370073683565 8.832490892353745 8.83260941749197 8.832731322057674 8.83285056470483 8.832967640844215 8.833082670520602 8.833306311120536 8.834339306443923 8.836043916234498 8.837401401467988 8.838518896544672 8.839450393951301 8.84058432405548 8.841513571131166 8.842283754338467 8.842514468748048 8.84292922674903 8.84349184369908 8.843962431559056 8.844250368533135 8.844383013581291 8.844866466127641 8.845361354402693 8.846142029070107 8.846733253348074 8.847236412589236 8.847681184936928 8.84810672473345 8.84844290036419 8.848788255283138 8.8490482382339 8.849336350359046 
# stellar_mass_list
-10.0 8.847842856620996 8.92375961717257 8.967633554285694 9.00059045657036 9.027677933067135 8.623678742687359 8.532135942168964 8.481304566545967 8.44537193913885 8.417501856493132 8.28238213423524 8.222826041266368 8.185363398775692 8.158407250819218 8.137563102304165 8.120666295813926 8.10652012128127 8.09441358530592 8.083820818234784 8.082836018071882 8.081869292461056 8.080920987423244 8.07997312319197 8.07902677978369 8.078094438078292 8.077164302071022 8.076251465199292 8.074478165319851 8.066124679846483 8.051659710504179 8.039517576457774 8.029024361516338 8.019909876737696 8.008158651143287 7.998058271940031 7.989272101839367 7.986492632450439 7.981494250831866 7.974452580369011 7.968248567918098 7.96432755761306 7.962567213984483 7.955534228167225 7.9480393725588305 7.9350201701294685 7.92437213491907 7.915068167513651 7.906505857250874 7.898464613699206 7.891499486216062 7.884620248438473 7.878318796295198 7.87264890910392 
# remnant_mass_list
-10.0 -10.0 7.833026163353074 8.167982397144037 8.362907228327817 8.500311090863976 8.604614080238408 8.625971017800802 8.636301133106103 8.642902795733077 8.647601628956753 8.666712111857057 8.673458662502457 8.677250792221903 8.679779292033075 8.681624754856228 8.683053126452476 8.684203722062898 8.685155986097232 8.685965867890184 8.68603998887591 8.686112444447867 8.686183192712106 8.686253946669671 8.686324586808894 8.686393981271516 8.686463191066197 8.686530809914215 8.68666132364873 8.687268877004824 8.688289577851013 8.689115493592382 8.689808333826422 8.690392296217231 8.69112171943262 8.691729740846215 8.692243492740976 8.692405067371594 8.692687018003575 8.69308124759307 8.693417727800421 8.69362925062848 8.693720656724409 8.694092062085097 8.69447074644151 8.695114494010816 8.69561824150916 8.696050124482248 8.696447964981425 8.696823304834103 8.69713548304361 8.697450843259652 8.697734500703904 8.697982271303053 
# BH_mass_list
-10.0 -10.0 7.6715092877994095 7.972539283463392 8.148630542519072 8.273569279127372 8.368516096547863 8.368516096547863 8.368516096547863 8.368516096547863 8.368516096547863 8.368516096547863 8.368516096547863 8.368516096547863 8.368516096547863 8.368516096547863 8.368516096547863 8.368516096547863 8.368516096547863 8.368516096547863 8.368516096547863 8.368516096547863 8.368516096547863 8.368516096547863 8.368516096547863 8.368516096547863 8.368516096547863 8.368516096547863 8.368516096547863 8.368516096547863 8.368516096547863 8.368516096547863 8.368516096547863 8.368516096547863 8.368516096547863 8.368516096547863 8.368516096547863 8.368516096547863 8.368516096547863 8.368516096547863 8.368516096547863 8.368516096547863 8.368516096547863 8.368516096547863 8.368516096547863 8.368516096547863 8.368516096547863 8.368516096547863 8.368516096547863 8.368516096547863 8.368516096547863 8.368516096547863 8.368516096547863 8.368516096547863 
# NS_mass_list
-10.0 -10.0 7.325201321894077 7.727155493880479 7.95335567779216 8.109113193606895 8.222464046902756 8.265707524202229 8.280760095986917 8.286012357742973 8.286012357742973 8.286012357742973 8.286012357742973 8.286012357742973 8.286012357742973 8.286012357742973 8.286012357742973 8.286012357742973 8.286012357742973 8.286012357742973 8.286012357742973 8.286012357742973 8.286012357742973 8.286012357742973 8.286012357742973 8.286012357742973 8.286012357742973 8.286012357742973 8.286012357742973 8.286012357742973 8.286012357742973 8.286012357742973 8.286012357742973 8.286012357742973 8.286012357742973 8.286012357742973 8.286012357742973 8.286012357742973 8.286012357742973 8.286012357742973 8.286012357742973 8.286012357742973 8.286012357742973 8.286012357742973 8.286012357742973 8.286012357742973 8.286012357742973 8.286012357742973 8.286012357742973 8.286012357742973 8.286012357742973 8.286012357742973 8.286012357742973 8.286012357742973 
# WD_mass_list
-10.0 -10.0 -10.0 -10.0 -10.0 5.16674582649522 6.263186530698598 6.666500078865516 6.919638109911273 7.100978463114568 7.240499414402902 7.572660883434036 7.649815574684374 7.6882791795366945 7.712323999213544 7.729152378525522 7.741790817027803 7.751739749531593 7.7598241736852565 7.7665969643988815 7.767212197223093 7.767812866528441 7.768398677907186 7.7689838424649675 7.769567375130317 7.770139947529089 7.77071033630953 7.771266978450106 7.772339605840002 7.777302399222728 7.785529660287557 7.792088471817647 7.797524550239516 7.802060733687425 7.807669514881557 7.812297151538098 7.816174215386286 7.817387371021505 7.819497341307914 7.8224327427064635 7.8249246376886905 7.826484821526711 7.827157533091475 7.829881703119415 7.832644157534399 7.8373057171219385 7.840923673642151 7.84400498117017 7.84682687946262 7.849474823506782 7.851666673252657 7.853871277478183 7.855846098779193 7.85756480807574 
