# time_axis
1000000 10000000 20000000 30000000 40000000 50000000 60000000 70000000 80000000 90000000 100000000 110000000 120000000 130000000 140000000 150000000 200000000 300000000 400000000 500000000 600000000 700000000 800000000 900000000 1000000000 1010000000 1020000000 1030000000 1040000000 1050000000 1060000000 1070000000 1080000000 1100000000 1200000000 1400000000 1600000000 1800000000 2000000000 2300000000 2600000000 2900000000 3000000000 3200000000 3500000000 3800000000 4000000000 4100000000 4500000000 5000000000 6000000000 7000000000 8000000000 9000000000 10000000000 11000000000 12000000000 13000000000 14000000000 
# SNIa_energy_release_list
0 0.0 0.0 0.0 0.0 0.0 1.0156625494525355e+53 4.2532150317771215e+54 1.9618102421473786e+55 4.391110863686678e+55 7.468146725928258e+55 1.0940091872190468e+56 1.4590058229089295e+56 1.825577430577637e+56 2.1828453919712096e+56 2.5242925029555322e+56 3.9382985155038135e+56 5.675980993256651e+56 6.782028302666133e+56 7.598160596904936e+56 8.245743435555758e+56 8.782823097050252e+56 9.24168713281673e+56 9.642299850175488e+56 9.997810082530495e+56 1.0031253561291813e+57 1.0064346309227377e+57 1.0097100990708824e+57 1.012951942229377e+57 1.0161610280431748e+57 1.019337994445717e+57 1.0224831614454518e+57 1.0255972243280545e+57 1.031734802175567e+57 1.0607542164439811e+57 1.1118543461986016e+57 1.1558366184905528e+57 1.1944419523111412e+57 1.22884617011085e+57 1.2743193756959064e+57 1.3140711631386147e+57 1.349381346496299e+57 1.3603285195392792e+57 1.3811463236040403e+57 1.4100075045966776e+57 1.4364564381472429e+57 1.4529381014655965e+57 1.4608669689411646e+57 1.4907317969956958e+57 1.5244945591362206e+57 1.5828241561823297e+57 1.6320485193763473e+57 1.674644379889692e+57 1.7121810097652418e+57 1.7457256047629243e+57 1.7760659899026905e+57 1.803746689391244e+57 1.829197251773742e+57 1.8527541180607517e+57 
# SNII_energy_release_list
0 0.0 2.586600655545471e+53 1.0741434711096226e+55 4.614841017246808e+55 9.300881227361436e+55 1.4411677811645129e+56 1.9295915896963375e+56 2.339357194685451e+56 2.6654408111503227e+56 2.913973886888019e+56 3.0973486471060847e+56 3.2293888635437746e+56 3.3227090352244476e+56 3.387708896643382e+56 3.4324585363780384e+56 3.484461527355084e+56 3.484461527355084e+56 3.484461527355084e+56 3.484461527355084e+56 3.484461527355084e+56 3.484461527355084e+56 3.484461527355084e+56 3.484461527355084e+56 3.484461527355084e+56 3.484461527355084e+56 3.484461527355084e+56 3.484461527355084e+56 3.484461527355084e+56 3.484461527355084e+56 3.484461527355084e+56 3.484461527355084e+56 3.484461527355084e+56 3.484461527355084e+56 3.484461527355084e+56 3.484461527355084e+56 3.484461527355084e+56 3.484461527355084e+56 3.484461527355084e+56 3.484461527355084e+56 3.484461527355084e+56 3.484461527355084e+56 3.484461527355084e+56 3.484461527355084e+56 3.484461527355084e+56 3.484461527355084e+56 3.484461527355084e+56 3.484461527355084e+56 3.484461527355084e+56 3.484461527355084e+56 3.484461527355084e+56 3.484461527355084e+56 3.484461527355084e+56 3.484461527355084e+56 3.484461527355084e+56 3.484461527355084e+56 3.484461527355084e+56 3.484461527355084e+56 3.484461527355084e+56 
# SN_energy_per_current_crossing_time_list
0.0 0.0 7.6533444896317744e+53 1.6879973559999336e+55 4.9032132201364155e+55 6.004018363056556e+55 6.309293838241975e+55 5.964626825438282e+55 5.055005675600947e+55 4.1047532218017374e+55 3.217679290722858e+55 2.4586151580328565e+55 1.8464112158104376e+55 1.3724117573419487e+55 1.0158913771270737e+55 7.532709592795215e+54 2.8742453375972663e+54 9.290427908160073e+53 6.060993202683863e+53 4.552064316996224e+53 3.662034979146672e+53 3.0714036382887894e+53 2.6489997061128594e+53 2.3316185577650205e+53 2.083928593417815e+53 1.9617056694666154e+53 1.9424157746659474e+53 1.9238229388790724e+53 1.9052944687349145e+53 1.8872378904641984e+53 1.8695226207225523e+53 1.8519655348897365e+53 1.8347900071047129e+53 1.8103223296993857e+53 1.72169233309184e+53 1.5310208678134713e+53 1.3288080226385135e+53 1.1748374066159432e+53 1.0536363472660443e+53 9.359680419637821e+52 8.238812350831202e+52 7.362528173099988e+52 6.860651134648059e+52 6.545817600858054e+52 6.078781495350731e+52 5.593452268523835e+52 5.241783940383652e+52 5.049070490762319e+52 4.775766837761602e+52 4.3394481563948673e+52 3.777822435043487e+52 3.207871368048607e+52 2.790959227014184e+52 2.471709099722937e+52 2.219177562175981e+52 2.0153589994024675e+52 1.845993366859807e+52 1.7035422829311659e+52 1.582051896023266e+52 
# SN_energy_per_final_crossing_time_list
0.0 0.0 4.6323495624057e+53 1.877362724623299e+55 6.341044062327693e+55 8.392241094581443e+55 9.15362045121941e+55 8.77507615643223e+55 7.44169124193752e+55 6.002988636752057e+55 4.657635219187539e+55 3.517234972948472e+55 2.609839047239357e+55 1.9174585333623603e+55 1.4040211696196737e+55 1.0307343444736692e+55 3.7619058934222244e+54 1.1670074555421985e+54 7.428085814230367e+53 5.481050101380573e+53 4.349091450608417e+53 3.6069648926580594e+53 3.081677796004284e+53 2.690468678416328e+53 2.3875656052903075e+53 2.246025355805991e+53 2.2224706791727256e+53 2.199766527092638e+53 2.1771843729205436e+53 2.1551849190649495e+53 2.1336138939312196e+53 2.1122577827696963e+53 2.0913686174265152e+53 2.060963150264578e+53 1.948910300948774e+53 1.7159128081884871e+53 1.4768992705379238e+53 1.2963447859180724e+53 1.155273739258739e+53 1.017975965585888e+53 8.898946904032314e+52 7.904636925435095e+52 7.351994810230783e+52 6.990498224684552e+52 6.460945123821239e+52 5.920932629104484e+52 5.534447236047684e+52 5.324935698241184e+52 5.014218282731697e+52 4.5349361165964206e+52 3.917348278703384e+52 3.3058513035145844e+52 2.860688729427262e+52 2.520916650856927e+52 2.252816205297978e+52 2.0376251769493464e+52 1.8590037645738488e+52 1.7092303357126812e+52 1.582051896023266e+52 
# total_energy_release_list
0 0 2.586600655545471e+53 1.0741434711096226e+55 4.614841017246808e+55 9.300881227361436e+55 1.4421834437139654e+56 1.972123740014109e+56 2.5355382189001887e+56 3.1045518975189907e+56 3.660788559480845e+56 4.191357834325132e+56 4.6883946864527046e+56 5.148286465802085e+56 5.570554288614592e+56 5.956751039333571e+56 7.4227600428588975e+56 9.160442520611734e+56 1.0266489830021217e+57 1.108262212426002e+57 1.1730204962910841e+57 1.2267284624405337e+57 1.2726148660171814e+57 1.312676137753057e+57 1.3482271609885578e+57 1.3515715088646897e+57 1.354880783658246e+57 1.3581562518063907e+57 1.3613980949648854e+57 1.364607180778683e+57 1.3677841471812255e+57 1.3709293141809603e+57 1.374043377063563e+57 1.3801809549110754e+57 1.4092003691794896e+57 1.4603004989341099e+57 1.5042827712260613e+57 1.5428881050466495e+57 1.5772923228463585e+57 1.622765528431415e+57 1.6625173158741232e+57 1.6978274992318073e+57 1.7087746722747875e+57 1.7295924763395488e+57 1.758453657332186e+57 1.7849025908827514e+57 1.8013842542011048e+57 1.809313121676673e+57 1.839177949731204e+57 1.872940711871729e+57 1.931270308917838e+57 1.980494672111856e+57 2.0230905326252004e+57 2.0606271625007503e+57 2.0941717574984327e+57 2.124512142638199e+57 2.1521928421267524e+57 2.1776434045092503e+57 2.2012002707962602e+57 
# binding_energy_list
8.871560120379617e+54 8.871560120379617e+54 8.871560120379617e+54 8.871560120379617e+54 8.830799004185586e+54 8.770008211436303e+54 8.729713683881166e+54 8.669618757582214e+54 8.629785477669702e+54 8.590135215053907e+54 8.531001140175843e+54 8.51138038202376e+54 8.472274141405911e+54 8.433347577642791e+54 8.413951416451895e+54 8.394599865193965e+54 8.298507675144166e+54 8.184647881347836e+54 8.109610578538388e+54 8.053784411990643e+54 8.016780633876855e+54 7.979946872679785e+54 7.94328234724279e+54 7.925013304804734e+54 7.888601176185516e+54 7.888601176185516e+54 7.888601176185516e+54 7.888601176185516e+54 7.888601176185516e+54 7.888601176185516e+54 7.888601176185516e+54 7.870457896951001e+54 7.870457896951001e+54 7.870457896951001e+54 7.852356346100775e+54 7.816278045883308e+54 7.798301105232642e+54 7.762471166286928e+54 7.744617978025239e+54 7.72680585095699e+54 7.691304402866145e+54 7.673614893618154e+54 7.673614893618154e+54 7.655966069112569e+54 7.638357835776954e+54 7.620790100254084e+54 7.620790100254084e+54 7.620790100254084e+54 7.603262769401822e+54 7.585775750291883e+54 7.568328950209705e+54 7.533555637337217e+54 7.516228940182015e+54 7.498942093324558e+54 7.498942093324558e+54 7.481695005111584e+54 7.464487584100623e+54 7.447319739059888e+54 7.447319739059888e+54 
# total_gas_kinetic_energy_list
9.513478050579906e+56 3.5983534515051316e+58 1.0576140983967936e+59 1.0281395614594417e+59 9.273820609597134e+58 7.717019566551358e+58 6.054470331161332e+58 4.5568964867682937e+58 3.328715167055417e+58 2.3781665141226226e+58 1.6704374212994744e+58 1.1577639068145171e+58 7.93867933544142e+57 5.395822788615165e+57 3.6407523826568265e+57 2.441481887555856e+57 4.8752088839276425e+57 5.2132805256089995e+57 5.2258971415748274e+57 5.232154292767197e+57 5.236980634759765e+57 5.240908234649845e+57 5.2442458583677525e+57 5.247162963539045e+57 5.249749448883884e+57 5.249994713736781e+57 5.250236223976427e+57 5.2504741070801636e+57 5.250708856895073e+57 5.250941135488319e+57 5.25117160609818e+57 5.2514008927151735e+57 5.251629340347895e+57 5.252078467238831e+57 5.254186175964369e+57 5.257894279707944e+57 5.261036498415734e+57 5.263788695238999e+57 5.266209988886659e+57 5.269308575636711e+57 5.2719501766890846e+57 5.2742502200499826e+57 5.274967706247317e+57 5.276278517991926e+57 5.278084394968247e+57 5.279611783487053e+57 5.280566902145634e+57 5.280983781479114e+57 5.282621722922248e+57 5.284296032115505e+57 5.2870301400218776e+57 5.289152986996893e+57 5.291037088236729e+57 5.292791736642357e+57 5.294466469467714e+57 5.2959298768173494e+57 5.2973731328720825e+57 5.298738266570623e+57 5.299971470770672e+57 
