# time_axis
5.999999999999999 7.0 7.30102999566398 7.477121254719661 7.602059991327962 7.698970004336018 7.778151250383643 7.845098040014256 7.903089986991943 7.954242509439324 8.0 8.041392685158224 8.079181246047623 8.113943352306837 8.146128035678238 8.176091259055681 8.301029995663981 8.47712125471966 8.60205999132796 8.698970004336019 8.778151250383644 8.845098040014257 8.903089986991942 8.954242509439323 8.999999999999998 9.004321373782641 9.008600171761916 9.012837224705171 9.017033339298779 9.021189299069936 9.02530586526477 9.02938377768521 9.033423755486949 9.041392685158224 9.079181246047623 9.146128035678236 9.204119982655923 9.255272505103305 9.301029995663981 9.361727836017593 9.414973347970816 9.462397997898954 9.477121254719663 9.505149978319904 9.544068044350274 9.57978359661681 9.60205999132796 9.612783856719734 9.653212513775342 9.698970004336017 9.778151250383642 9.845098040014257 9.903089986991944 9.954242509439325 10.0 10.041392685158225 10.079181246047623 10.113943352306835 10.146128035678236 
# total_gas_mass_list
8.195925396095436 9.79862768771496 10.267284039291733 10.255166813045227 10.21041873893799 10.130625475372744 10.025258710227881 9.90185532598767 9.765465567646203 9.6194335849298 9.46602377188207 9.306815687695265 9.142945913414005 8.97525709963922 8.804391833606095 8.63085474668151 8.931186617252354 8.960280800769967 8.961310346724181 8.961827629799947 8.962236157398012 8.962573206533818 8.962859576606725 8.96310826888386 8.963327481352385 8.963348204797043 8.96336860313843 8.963388687608143 8.96340850201793 8.963428099743222 8.963447531008716 8.963466846812677 8.963486077043996 8.963523862649332 8.963700681418807 8.964010334747073 8.964270503432274 8.964496474031785 8.964694132449845 8.964946262191104 8.965160688628542 8.965347694430776 8.965405756856578 8.965512345811325 8.965658184079661 8.965781802033865 8.965859067308818 8.96589306667575 8.966025859256607 8.966162378773348 8.966385317894469 8.966558981177606 8.966712553678738 8.966854737916169 8.966989562519878 8.967107673841394 8.96722315237152 8.967332439959243 8.967431233344563 
# ejected_gas_mass_list
-10.0 -10.0 3.615318084424017 5.237383179753381 5.901542662033313 6.2421986205314015 6.452187799885085 6.5963684755690055 6.702007685905204 6.782164700399529 6.8446903694238745 6.894456877003683 6.934742659183783 6.967856451682988 6.995446373509087 7.018744466037238 7.094141212643957 7.167801326363011 7.208863632670446 7.236990687557773 7.258154573955759 7.274886653312011 7.288622995352531 7.300216469552084 7.310190486686747 7.3111219022942615 7.312036802714562 7.312935788121575 7.31382090640732 7.3146946140469655 7.315559207452257 7.316416999082028 7.317269348613507 7.31893938801718 7.326672052768955 7.339898080241655 7.350714362258324 7.35990022689582 7.367782712591478 7.377639241135595 7.385853698246403 7.3928962419055075 7.395060420622118 7.399006233039643 7.404349124459516 7.408828431610749 7.41160550324393 7.412822061676044 7.417542138191168 7.422343273499776 7.430074449177522 7.436005570052704 7.441185822875411 7.445929067216747 7.45038085488328 7.454244755174775 7.45799058158326 7.461506984793007 7.464662165045071 
# stellar_mass_list
-10.0 5.877166633471022 7.4838495313970865 8.00075389424827 8.1069933914094 8.154887896168415 8.169204000494423 8.164121827225642 8.14848762010302 8.127771587150889 8.105313053869335 8.083082954394158 8.062160938397472 8.043054704096447 8.025916535257355 8.010692269931836 7.948540390420886 7.895485555513619 7.863859753863775 7.841359729507978 7.823954496625531 7.80979978029495 7.797896907421452 7.787634297471416 7.778638728148438 7.777789862018171 7.77695493654061 7.77613401558567 7.775324999236159 7.774525323078214 7.773732406369883 7.772943991530577 7.772158883219995 7.770617148733356 7.763409677246351 7.750846187599691 7.740217584106235 7.730913355716457 7.722731525804147 7.7121165838615795 7.702892888666271 7.6947689614725485 7.6922034620034605 7.687499266268406 7.680843174851506 7.67499179250702 7.671209839692459 7.669535053059879 7.6627295174116545 7.655441649527155 7.642544186408692 7.631846407490386 7.622499732963418 7.613909324086856 7.605818327997452 7.598847830105947 7.59192296788054 7.585634933444427 7.579925408053739 
# remnant_mass_list
-10.0 -10.0 4.927461415482836 6.542796737634863 7.148839267599032 7.413001967804045 7.572570428695374 7.677980004565109 7.750409160598385 7.8013719988746715 7.837835552078703 7.864287694165833 7.88372914822286 7.898212537357264 7.9091628720976495 7.91757863200971 7.936815215103161 7.952277453905215 7.960680625714981 7.966313515902711 7.970484013474184 7.973760239738037 7.976437670113248 7.978690953591971 7.980624617513842 7.980805309656477 7.9809826077350525 7.981156508151005 7.981327514433044 7.9814962355706776 7.981663291409567 7.981829208926406 7.981994273569696 7.982317500922801 7.983813154928687 7.98636478817119 7.988468336459629 7.990271905014198 7.9918270787599734 7.993801590032593 7.995481405127095 7.996933206709302 7.997387781751449 7.998211078454794 7.999365697877844 8.000361932597997 8.00100281475144 8.001281556351833 8.002417391221316 8.003606666378396 8.005675682085316 8.007346207598072 8.00877777286165 8.010077375086052 8.011289383914434 8.012309239484077 8.013320129194392 8.014223342054041 8.015030335098166 
# BH_mass_list
-10.0 -10.0 4.783582178636927 6.396992681084129 6.984752773769697 7.220590439873313 7.359837814573306 7.449130842200711 7.508243111994341 7.54796597136716 7.574846097838047 7.59308000461065 7.605444824171976 7.613812815922953 7.619458909685194 7.623255028890483 7.625797791968683 7.625797791968683 7.625797791968683 7.625797791968683 7.625797791968683 7.625797791968683 7.625797791968683 7.625797791968683 7.625797791968683 7.625797791968683 7.625797791968683 7.625797791968683 7.625797791968683 7.625797791968683 7.625797791968683 7.625797791968683 7.625797791968683 7.625797791968683 7.625797791968683 7.625797791968683 7.625797791968683 7.625797791968683 7.625797791968683 7.625797791968683 7.625797791968683 7.625797791968683 7.625797791968683 7.625797791968683 7.625797791968683 7.625797791968683 7.625797791968683 7.625797791968683 7.625797791968683 7.625797791968683 7.625797791968683 7.625797791968683 7.625797791968683 7.625797791968683 7.625797791968683 7.625797791968683 7.625797791968683 7.625797791968683 7.625797791968683 
# NS_mass_list
-10.0 -10.0 4.377719896077426 5.997917686513615 6.6466646315555655 6.966776926555108 7.160181101495011 7.286764282530727 7.370099249782437 7.426425088552827 7.464828695745229 7.4910804596947 7.509017933967108 7.521247585817832 7.529558554400416 7.53518468729982 7.541552685644392 7.541552685644392 7.541552685644392 7.541552685644392 7.541552685644392 7.541552685644392 7.541552685644392 7.541552685644392 7.541552685644392 7.541552685644392 7.541552685644392 7.541552685644392 7.541552685644392 7.541552685644392 7.541552685644392 7.541552685644392 7.541552685644392 7.541552685644392 7.541552685644392 7.541552685644392 7.541552685644392 7.541552685644392 7.541552685644392 7.541552685644392 7.541552685644392 7.541552685644392 7.541552685644392 7.541552685644392 7.541552685644392 7.541552685644392 7.541552685644392 7.541552685644392 7.541552685644392 7.541552685644392 7.541552685644392 7.541552685644392 7.541552685644392 7.541552685644392 7.541552685644392 7.541552685644392 7.541552685644392 7.541552685644392 7.541552685644392 
# WD_mass_list
-10.0 -10.0 -10.0 -10.0 -10.0 2.4157321874021687 4.131088441799469 5.2033366418861675 5.78587561548176 6.108945604167923 6.323452060361547 6.477269046485361 6.592474477539353 6.681326261343878 6.751394691893922 6.807671128021755 6.973817480124423 7.098596582709163 7.155307723951 7.190094500966967 7.214431579418812 7.232790770069386 7.24733644647963 7.259277970099753 7.2693179194737 7.270246611862077 7.271156308210323 7.272047084009301 7.272921603839143 7.273783051654261 7.274634645486985 7.275479110275995 7.276317927260016 7.277956729003379 7.285475985494223 7.298068726682722 7.308236062321954 7.316805948150921 7.324090042361079 7.333202179534023 7.3408383809153 7.347354875984168 7.34937975180493 7.3530285550107175 7.358106144097898 7.362450699613765 7.365227984998785 7.366431673229354 7.371310232195292 7.376373723560812 7.38507680091145 7.392008141582901 7.39788201993083 7.403162981483367 7.408044816723998 7.412120998862582 7.416133266374341 7.419694878626661 7.422858750716341 
