# time_axis
1000000 10000000 20000000 30000000 40000000 50000000 60000000 70000000 80000000 90000000 100000000 110000000 120000000 130000000 140000000 150000000 200000000 300000000 400000000 500000000 600000000 700000000 800000000 900000000 1000000000 1010000000 1020000000 1030000000 1040000000 1050000000 1060000000 1070000000 1080000000 1100000000 1200000000 1400000000 1600000000 1800000000 2000000000 2300000000 2600000000 2900000000 3000000000 3200000000 3500000000 3800000000 4000000000 4100000000 4500000000 5000000000 6000000000 7000000000 8000000000 9000000000 10000000000 11000000000 12000000000 13000000000 14000000000 
# SNIa_energy_release_list
0 0.0 0.0 0.0 0.0 0.0 1.3484028090694109e+53 4.575886254309589e+54 1.4813532123156907e+55 2.937280073871851e+55 4.679379864248259e+55 6.597031671897452e+55 8.610779189322547e+55 1.0664216707081825e+56 1.2717571984773077e+56 1.4743117704142152e+56 2.398232879937467e+56 3.5677748017635483e+56 4.293273817363398e+56 4.824006360606353e+56 5.243288869593474e+56 5.590089422580866e+56 5.885856845407259e+56 6.143742816168591e+56 6.372371451148747e+56 6.393868725311496e+56 6.415141499242955e+56 6.436193925967395e+56 6.457028658799146e+56 6.477652127864549e+56 6.498066482128693e+56 6.518274677771128e+56 6.538282508054416e+56 6.577713093514566e+56 6.764082845998433e+56 7.092027978854731e+56 7.37409053422745e+56 7.621536711648809e+56 7.841964996109005e+56 8.133197130190668e+56 8.387693543588295e+56 8.613692628550236e+56 8.683751111015838e+56 8.816974731648787e+56 9.00159943290071e+56 9.170790670147184e+56 9.276204134566118e+56 9.326914728851199e+56 9.517895887473057e+56 9.733796028374848e+56 1.0106714367001364e+57 1.0421363019359002e+57 1.0693607458396376e+57 1.0933500277672996e+57 1.1147864003832328e+57 1.1341730337509615e+57 1.1518600584291307e+57 1.168121538201655e+57 1.1831724163531167e+57 
# SNII_energy_release_list
0 0.0 1.3228207666915356e+53 4.5744853069203835e+54 1.7449780160751613e+55 3.883711508392538e+55 6.650602483583507e+55 9.406073830847182e+55 1.1799878468428178e+56 1.3825672671051196e+56 1.5529977165088657e+56 1.6962064704609103e+56 1.816513355473734e+56 1.9175772489464166e+56 2.00247640458338e+56 2.0737972363124017e+56 2.211931459118043e+56 2.211931459118043e+56 2.211931459118043e+56 2.211931459118043e+56 2.211931459118043e+56 2.211931459118043e+56 2.211931459118043e+56 2.211931459118043e+56 2.211931459118043e+56 2.211931459118043e+56 2.211931459118043e+56 2.211931459118043e+56 2.211931459118043e+56 2.211931459118043e+56 2.211931459118043e+56 2.211931459118043e+56 2.211931459118043e+56 2.211931459118043e+56 2.211931459118043e+56 2.211931459118043e+56 2.211931459118043e+56 2.211931459118043e+56 2.211931459118043e+56 2.211931459118043e+56 2.211931459118043e+56 2.211931459118043e+56 2.211931459118043e+56 2.211931459118043e+56 2.211931459118043e+56 2.211931459118043e+56 2.211931459118043e+56 2.211931459118043e+56 2.211931459118043e+56 2.211931459118043e+56 2.211931459118043e+56 2.211931459118043e+56 2.211931459118043e+56 2.211931459118043e+56 2.211931459118043e+56 2.211931459118043e+56 2.211931459118043e+56 2.211931459118043e+56 2.211931459118043e+56 
# SN_energy_per_current_crossing_time_list
0.0 0.0 1.0920594131331227e+54 2.3436656633512776e+55 5.493274837684247e+55 8.039518991396502e+55 9.561279700523238e+55 9.021715940226605e+55 7.574495781842591e+55 6.267298821698765e+55 5.197281618014339e+55 4.331152592609492e+55 3.6261898231936045e+55 3.048200953203587e+55 2.5713042810788366e+55 2.1757849373330556e+55 9.680355325110691e+54 1.2550948229508394e+54 7.909844054695434e+53 5.862290624455848e+53 4.683732045873349e+53 3.91289996408538e+53 3.367282892693291e+53 2.960296273765989e+53 2.644505058566868e+53 2.488375220554039e+53 2.4641752203095987e+53 2.4404014667888224e+53 2.4168859336611472e+53 2.394072204906912e+53 2.371468063706708e+53 2.3491710518104774e+53 2.3275127626585886e+53 2.296657061401269e+53 2.1855356361297575e+53 1.946561074201479e+53 1.6926678514898171e+53 1.4999065387562242e+53 1.3484955082930892e+53 1.2026412033180676e+53 1.062793040545794e+53 9.534813875451654e+52 8.896396353341963e+52 8.510812719655805e+52 7.93239045071653e+52 7.326029104650315e+52 6.881317440074522e+52 6.63550011589615e+52 6.304550903182348e+52 5.757863576369177e+52 5.059758545587565e+52 4.3311249742016577e+52 3.795521817626255e+52 3.38430289117504e+52 3.0583410025631833e+52 2.793088195980265e+52 2.573223361209361e+52 2.3871213033635707e+52 2.2275213264136333e+52 
# SN_energy_per_final_crossing_time_list
0.0 0.0 5.220712376027541e+53 1.7531827413781498e+55 5.081429992705489e+55 8.440835443105524e+55 1.092194965471077e+56 1.0940611961686856e+56 9.599028896259753e+55 8.210579781726682e+55 6.984125415753373e+55 5.935761600159143e+55 5.046126788410843e+55 4.292547098624757e+55 3.654569081736782e+55 3.114564178083432e+55 1.3638148238653167e+55 1.730915330511362e+54 1.0737343783384485e+54 7.854811173131431e+53 6.205357063968505e+53 5.132628276021379e+53 4.377340879211088e+53 3.8166975632445105e+53 3.3836906732094773e+53 3.1815842355112732e+53 3.1483583301545378e+53 3.11574707000725e+53 3.0835284988566483e+53 3.0522615827141168e+53 3.021312712170672e+53 2.9908013545038867e+53 2.961147396370192e+53 2.917852006426942e+53 2.758261638148499e+53 2.4267845702411737e+53 2.0872548138144224e+53 1.8310946105562409e+53 1.6311629781288324e+53 1.436739622046228e+53 1.255510769613433e+53 1.1149244946300084e+53 1.036861518762291e+53 9.85850968812408e+52 9.108116600303001e+52 8.34673532924343e+52 7.800566110540037e+52 7.505138843619835e+52 7.066275460679018e+52 6.390619383065525e+52 5.519170004180926e+52 4.65678199239071e+52 4.029202069477655e+52 3.5503999541732563e+52 3.1725708415427605e+52 2.8692106094674654e+52 2.61766949907841e+52 2.40668967138123e+52 2.2275213264136333e+52 
# total_energy_release_list
0 0 1.3228207666915356e+53 4.5744853069203835e+54 1.7449780160751613e+55 3.883711508392538e+55 6.664086511674202e+55 9.863662456278141e+55 1.328123168074387e+56 1.6762952744923048e+56 2.0209357029336918e+56 2.3559096376506555e+56 2.6775912744059886e+56 2.983998919654599e+56 3.274233603060688e+56 3.548109006726617e+56 4.610164339055509e+56 5.779706260881591e+56 6.505205276481441e+56 7.035937819724396e+56 7.455220328711517e+56 7.802020881698909e+56 8.097788304525302e+56 8.355674275286634e+56 8.58430291026679e+56 8.60580018442954e+56 8.627072958360999e+56 8.648125385085438e+56 8.668960117917189e+56 8.689583586982592e+56 8.709997941246736e+56 8.730206136889171e+56 8.750213967172459e+56 8.789644552632609e+56 8.976014305116475e+56 9.303959437972774e+56 9.586021993345492e+56 9.833468170766853e+56 1.0053896455227047e+57 1.034512858930871e+57 1.0599625002706337e+57 1.0825624087668278e+57 1.089568257013388e+57 1.102890619076683e+57 1.1213530892018752e+57 1.1382722129265226e+57 1.148813559368416e+57 1.1538846187969241e+57 1.17298273465911e+57 1.194572748749289e+57 1.2318645826119406e+57 1.2633294478477045e+57 1.2905538917514419e+57 1.3145431736791038e+57 1.335979546295037e+57 1.3553661796627658e+57 1.373053204340935e+57 1.3893146841134593e+57 1.4043655622649209e+57 
# binding_energy_list
8.68960429286302e+54 8.68960429286302e+54 8.68960429286302e+54 8.68960429286302e+54 8.669618757582214e+54 8.669618757582214e+54 8.669618757582214e+54 8.649679187756885e+54 8.649679187756885e+54 8.649679187756885e+54 8.629785477669702e+54 8.629785477669702e+54 8.609937521846052e+54 8.609937521846052e+54 8.609937521846052e+54 8.590135215053907e+54 8.550667128846876e+54 8.491804750363178e+54 8.452788451602891e+54 8.413951416451895e+54 8.375292821268861e+54 8.336811846196331e+54 8.317637711026743e+54 8.279421637123327e+54 8.260379495771817e+54 8.260379495771817e+54 8.260379495771817e+54 8.260379495771817e+54 8.260379495771817e+54 8.241381150129963e+54 8.241381150129963e+54 8.241381150129963e+54 8.241381150129963e+54 8.241381150129963e+54 8.222426499470695e+54 8.165823713585906e+54 8.128305161640929e+54 8.090958991783846e+54 8.072350302488317e+54 8.016780633876855e+54 7.979946872679785e+54 7.94328234724279e+54 7.94328234724279e+54 7.90678627999831e+54 7.888601176185516e+54 7.852356346100775e+54 7.834296427662088e+54 7.834296427662088e+54 7.798301105232642e+54 7.780365510398008e+54 7.72680585095699e+54 7.673614893618154e+54 7.638357835776954e+54 7.603262769401822e+54 7.568328950209705e+54 7.533555637337217e+54 7.498942093324558e+54 7.464487584100623e+54 7.447319739059888e+54 
# total_gas_kinetic_energy_list
7.971549577055461e+57 2.543402511821591e+59 3.8791847251173686e+59 3.5757789751345883e+59 3.064926901298892e+59 2.5853343687345155e+59 2.1735093981614916e+59 1.8260795092801645e+59 1.5340024248100217e+59 1.288625389369654e+59 1.0825075231034723e+59 9.093711274320618e+58 7.639388516716039e+58 6.417772789104365e+58 5.391624287795987e+58 4.529662819501594e+58 4.532986663916875e+58 4.5384177936997485e+58 4.542802332029118e+58 4.546485799906187e+58 4.5496759583123083e+58 4.552505461226702e+58 4.555086665981095e+58 4.557484489307993e+58 4.559728965877814e+58 4.559947047997826e+58 4.560162806448101e+58 4.5603764881113943e+58 4.5605886326632986e+58 4.56079975033246e+58 4.561010256050866e+58 4.561220530549821e+58 4.561430663549029e+58 4.561845135691442e+58 4.56384579732007e+58 4.567559295940805e+58 4.5709202772248437e+58 4.5740243133352043e+58 4.576892481737834e+58 4.580765673243891e+58 4.5842475376791865e+58 4.5874145805911856e+58 4.5884323032109265e+58 4.5903320659375975e+58 4.593031343693849e+58 4.595389601401051e+58 4.596907156849423e+58 4.597572890253649e+58 4.600257115244537e+58 4.603098021392834e+58 4.6079827134967834e+58 4.611943104270567e+58 4.6154762369750023e+58 4.618782906668428e+58 4.621945881240893e+58 4.62471282406033e+58 4.6274888184993195e+58 4.6300458056799365e+58 4.632383788579888e+58 
