# time_axis
5.999999999999999 7.0 7.30102999566398 7.477121254719661 7.602059991327962 7.698970004336018 7.778151250383643 7.845098040014256 7.903089986991943 7.954242509439324 8.0 8.041392685158224 8.079181246047623 8.113943352306837 8.146128035678238 8.176091259055681 8.301029995663981 8.47712125471966 8.60205999132796 8.698970004336019 8.778151250383644 8.845098040014257 8.903089986991942 8.954242509439323 8.999999999999998 9.004321373782641 9.008600171761916 9.012837224705171 9.017033339298779 9.021189299069936 9.02530586526477 9.02938377768521 9.033423755486949 9.041392685158224 9.079181246047623 9.146128035678236 9.204119982655923 9.255272505103305 9.301029995663981 9.361727836017593 9.414973347970816 9.462397997898954 9.477121254719663 9.505149978319904 9.544068044350274 9.57978359661681 9.60205999132796 9.612783856719734 9.653212513775342 9.698970004336017 9.778151250383642 9.845098040014257 9.903089986991944 9.954242509439325 10.0 10.041392685158225 10.079181246047623 10.113943352306835 10.146128035678236 
# total_gas_mass_list
9.141744852470868 10.648500696690117 10.831858172031684 10.796493826708687 10.7295447926035 10.655642394303666 10.580288188391858 10.504647353868494 10.4289546982907 10.353256225526973 10.27756118818641 10.201871908902485 10.126189512233529 10.05051501994095 9.974849574680176 9.899194494560412 9.89950016730239 9.899984769119326 9.9003713503552 9.900703150399092 9.900997713761083 9.901262747669849 9.901504569767203 9.901727669343597 9.90193510168793 9.901955188018299 9.901975049519338 9.901994709231356 9.902014217227881 9.90203362021848 9.902052955830532 9.902072259657977 9.902091540063772 9.90212953843422 9.902312466603613 9.902649615979476 9.902951646344976 9.903227957155035 9.903481295094645 9.903821649869267 9.904126177713428 9.904401947050383 9.904490407555494 9.904655076320429 9.904888438873385 9.905091767507184 9.905222275740641 9.905279500816704 9.905509540646621 9.905752115899663 9.906166493671321 9.90650009146963 9.906797575915208 9.90707554611162 9.907341288254496 9.907573606066816 9.907806327584462 9.908020921348838 9.908216885898879 
# ejected_gas_mass_list
-10.0 -10.0 3.410705598252421 4.9576266994784275 5.597764025560505 5.968301716846576 6.212814240534151 6.392270454327941 6.533027002604051 6.647944768880468 6.744101217617003 6.825871597947349 6.896315681527783 6.9576853287477665 7.011678197702001 7.059589170914827 7.231802431991826 7.4134878318232165 7.518312815853473 7.591742064272193 7.647960008068647 7.6930156425591685 7.73042869933587 7.7623179266837194 7.790017096076974 7.7926084832954166 7.795155867129452 7.797662854047394 7.800136382597603 7.8025828104990795 7.805007218082003 7.807414321275296 7.809805365880773 7.814479819154908 7.836310177983498 7.8738993779968185 7.905037318340476 7.9317087545138065 7.954815641692765 7.984061391334835 8.008674962601102 8.029834794367412 8.036412400203353 8.048400864425624 8.064850314398251 8.078698593154895 8.087363357505831 8.09110963054383 8.105856292958519 8.120890558477852 8.145445004869513 8.164267035268043 8.180401474479654 8.194963835780348 8.208451713753899 8.2199159081458 8.23111032240661 8.241188260618184 8.250195603719824 
# stellar_mass_list
-10.0 6.646894830790775 8.166465005476628 8.554426134588194 8.738155745451817 8.847778851981156 8.920886347493708 8.972836610085222 9.011217323359311 9.040290371996859 9.06267790619569 9.080102958348721 9.093754630632644 9.104484867072488 9.112921978073315 9.11954022069459 9.107161692635826 9.092179626995957 9.081684008057898 9.073375667356107 9.066406454464211 9.060356555726633 9.054980697888308 9.050121173223786 9.045675836652519 9.045248902510627 9.044827291414803 9.04441049586124 9.04399745857204 9.043587162613475 9.0431787885201 9.042771598628219 9.042365380206938 9.0415660276451 9.037743873182718 9.030777684672985 9.02455450809826 9.018863037467403 9.013642572097877 9.006542019685053 9.000081088529164 8.994138386936775 8.992216405537846 8.988608996873415 8.983372080104278 8.978612662768697 8.975452150926763 8.974034518037548 8.968157631838782 8.96160280379888 8.949358593369428 8.938678111395626 8.929322437989342 8.920723337967322 8.912635226462438 8.90565547294537 8.898732642134236 8.892436092359052 8.88672804262046 
# remnant_mass_list
-10.0 -10.0 4.518728935898932 6.048291006388156 6.547518447216575 6.829795216875579 7.016738698367243 7.151863063460996 7.255141433131502 7.337204426084502 7.404264803876689 7.460242197314269 7.507756822086343 7.548639893205985 7.58421854769471 7.615481387910922 7.718676818885048 7.822052861257824 7.882959865487429 7.925951449992981 7.959036568261041 7.985838256265533 8.008315631530825 8.02764815224954 8.044577008261937 8.046166923472022 8.047730879378566 8.049271055173467 8.050791628056729 8.052296529247354 8.053788947518864 8.055271688269775 8.05674559996607 8.059630279689758 8.073146242928233 8.09666722074778 8.116558851938725 8.13390415404525 8.149153817842638 8.16895675879269 8.186107030410389 8.201205483355704 8.205957925784059 8.214710953417839 8.227049381289172 8.23789910602132 8.244923732136268 8.248027793555016 8.260610298710711 8.27411401585883 8.297967638661932 8.317439368818027 8.333568469828261 8.347693707321389 8.36041187221698 8.370969089418816 8.381084225217872 8.389989483457711 8.397830053645428 
# BH_mass_list
-10.0 -10.0 4.166843801876257 5.686915032191693 6.0812356591632994 6.271565379987642 6.386890719768098 6.4648836154922575 6.521101647860618 6.563287359929296 6.5958101451674755 6.621365905347869 6.641729615382769 6.658127981273024 6.671440841062533 6.682317802982075 6.691249653642842 6.691249653642842 6.691249653642842 6.691249653642842 6.691249653642842 6.691249653642842 6.691249653642842 6.691249653642842 6.691249653642842 6.691249653642842 6.691249653642842 6.691249653642842 6.691249653642842 6.691249653642842 6.691249653642842 6.691249653642842 6.691249653642842 6.691249653642842 6.691249653642842 6.691249653642842 6.691249653642842 6.691249653642842 6.691249653642842 6.691249653642842 6.691249653642842 6.691249653642842 6.691249653642842 6.691249653642842 6.691249653642842 6.691249653642842 6.691249653642842 6.691249653642842 6.691249653642842 6.691249653642842 6.691249653642842 6.691249653642842 6.691249653642842 6.691249653642842 6.691249653642842 6.691249653642842 6.691249653642842 6.691249653642842 6.691249653642842 
# NS_mass_list
-10.0 -10.0 4.263218376820843 5.8002356656186596 6.3659048039264 6.6891241671073605 6.898426299061301 7.034209586080671 7.124712782872371 7.188779749322576 7.2361921230911745 7.272381225406203 7.300612700683495 7.322987775284987 7.3409322339812055 7.35545409805843 7.380538864920165 7.380538864920165 7.380538864920165 7.380538864920165 7.380538864920165 7.380538864920165 7.380538864920165 7.380538864920165 7.380538864920165 7.380538864920165 7.380538864920165 7.380538864920165 7.380538864920165 7.380538864920165 7.380538864920165 7.380538864920165 7.380538864920165 7.380538864920165 7.380538864920165 7.380538864920165 7.380538864920165 7.380538864920165 7.380538864920165 7.380538864920165 7.380538864920165 7.380538864920165 7.380538864920165 7.380538864920165 7.380538864920165 7.380538864920165 7.380538864920165 7.380538864920165 7.380538864920165 7.380538864920165 7.380538864920165 7.380538864920165 7.380538864920165 7.380538864920165 7.380538864920165 7.380538864920165 7.380538864920165 7.380538864920165 7.380538864920165 
# WD_mass_list
-10.0 -10.0 -10.0 -10.0 -10.0 2.9593747308451075 4.614874786884546 5.6531126784708965 6.129834449741789 6.4206427848618866 6.623000524825809 6.774613898098105 6.893722229234934 6.990426762859132 7.0708692683358585 7.139041401858073 7.369050289340913 7.5734793393208975 7.676204239150145 7.743463001951915 7.792874578355001 7.831624846186662 7.863341779555711 7.890103551030287 7.9131751279394384 7.915325410139343 7.9174378850757625 7.919515639960433 7.921564434296944 7.92358966656219 7.9255957104717 7.927586403590565 7.929562942054036 7.933424753465357 7.951405456438232 7.982271797581383 8.007983470681369 8.030131629235283 8.04940716781776 8.074179694094761 8.095411754563969 8.113942818117389 8.119745826299763 8.130397492425766 8.14533462159774 8.158396994547944 8.16681917374736 8.170532216717056 8.185530732876076 8.20153643834184 8.229591440909898 8.252297944423749 8.270981765244601 8.287256041212544 8.30184161509157 8.313902101326422 8.32541898349341 8.335527971904261 8.344405438506936 
