# time_axis
1000000 10000000 20000000 30000000 40000000 50000000 60000000 70000000 80000000 90000000 100000000 110000000 120000000 130000000 140000000 150000000 200000000 300000000 400000000 500000000 600000000 700000000 800000000 900000000 1000000000 1010000000 1020000000 1030000000 1040000000 1050000000 1060000000 1070000000 1080000000 1100000000 1200000000 1400000000 1600000000 1800000000 2000000000 2300000000 2600000000 2900000000 3000000000 3200000000 3500000000 3800000000 4000000000 4100000000 4500000000 5000000000 6000000000 7000000000 8000000000 9000000000 10000000000 11000000000 12000000000 13000000000 14000000000 
# SNIa_energy_release_list
0 0.0 0.0 0.0 0.0 0.0 5.214851684305945e+53 2.3632530497690557e+55 7.389825423768275e+55 1.3861345067737746e+56 2.0632720296012177e+56 2.709050408315026e+56 3.3008953867479344e+56 3.8359863611245054e+56 4.319313485959667e+56 4.757896543788795e+56 6.48135398589202e+56 8.711453279734352e+56 1.020786175365591e+57 1.1336377024281387e+57 1.2242813152384429e+57 1.3000435883982393e+57 1.36512969304531e+57 1.422180940202651e+57 1.4729672131859916e+57 1.4777505457640492e+57 1.4824862144729659e+57 1.4871748088759882e+57 1.491816313050431e+57 1.4964120550401644e+57 1.500962416935109e+57 1.5054677573645669e+57 1.5099294722196719e+57 1.5187263537919477e+57 1.5603690201091249e+57 1.633861940851331e+57 1.697270282757518e+57 1.7530292538197128e+57 1.8027924894145903e+57 1.8686551303847743e+57 1.926303358384365e+57 1.9775611884713157e+57 1.9934655589350538e+57 2.0237049774922563e+57 2.0656633705119714e+57 2.1041369612443344e+57 2.1281176394796238e+57 2.1396567783930708e+57 2.1831388023811327e+57 2.2323096397659384e+57 2.3173187735768965e+57 2.389103257229585e+57 2.451242317935047e+57 2.5060274213644e+57 2.5549873244637098e+57 2.599290251947808e+57 2.6397122027189915e+57 2.6768862347301295e+57 2.711296691884866e+57 
# SNII_energy_release_list
0 0.0 1.0894381857494466e+54 4.911324687197497e+55 1.4257140481547195e+56 2.4689269434766226e+56 3.3976746194478047e+56 4.053793203876464e+56 4.4331380722042695e+56 4.626944862639305e+56 4.718394107786128e+56 4.759276718148607e+56 4.776865444749334e+56 4.784264008539048e+56 4.787372620169657e+56 4.788661051728238e+56 4.7895740902427666e+56 4.7895740902427666e+56 4.7895740902427666e+56 4.7895740902427666e+56 4.7895740902427666e+56 4.7895740902427666e+56 4.7895740902427666e+56 4.7895740902427666e+56 4.7895740902427666e+56 4.7895740902427666e+56 4.7895740902427666e+56 4.7895740902427666e+56 4.7895740902427666e+56 4.7895740902427666e+56 4.7895740902427666e+56 4.7895740902427666e+56 4.7895740902427666e+56 4.7895740902427666e+56 4.7895740902427666e+56 4.7895740902427666e+56 4.7895740902427666e+56 4.7895740902427666e+56 4.7895740902427666e+56 4.7895740902427666e+56 4.7895740902427666e+56 4.7895740902427666e+56 4.7895740902427666e+56 4.7895740902427666e+56 4.7895740902427666e+56 4.7895740902427666e+56 4.7895740902427666e+56 4.7895740902427666e+56 4.7895740902427666e+56 4.7895740902427666e+56 4.7895740902427666e+56 4.7895740902427666e+56 4.7895740902427666e+56 4.7895740902427666e+56 4.7895740902427666e+56 4.7895740902427666e+56 4.7895740902427666e+56 4.7895740902427666e+56 4.7895740902427666e+56 
# SN_energy_per_current_crossing_time_list
0.0 0.0 2.2700648512277852e+54 7.167296080722264e+55 1.2837964507519485e+56 1.4286596907349745e+56 1.299618394339615e+56 9.53943717349285e+55 5.845837352855147e+55 3.263044855769532e+55 1.7759389872755925e+55 1.0025051254646451e+55 6.194916158147157e+54 4.3181301680110026e+54 3.36694588460357e+54 2.8337217315856036e+54 2.1571878287845383e+54 1.428777676814669e+54 9.828530825970895e+53 7.552363120481851e+53 6.158105815234522e+53 5.212023473047147e+53 4.525908670399502e+53 4.004649921914663e+53 3.594779451105289e+53 3.388449767332365e+53 3.3572802916750858e+53 3.326427694988003e+53 3.295488158930657e+53 3.2654326241624556e+53 3.2356015281477825e+53 3.205982560929845e+53 3.177305820236539e+53 3.136762796825654e+53 2.9899796231410365e+53 2.670328279264111e+53 2.327543873142086e+53 2.0652083941465945e+53 1.8577121081828822e+53 1.6559345015599594e+53 1.462230892592314e+53 1.3102471902002522e+53 1.2226349674749543e+53 1.16744090669328e+53 1.086618638654451e+53 1.0017369324635165e+53 9.397143128549406e+52 9.057085403020681e+52 8.583072842900089e+52 7.812996126284473e+52 6.824772285156323e+52 5.81134619062539e+52 5.067467530357118e+52 4.49800549806672e+52 4.045543204749497e+52 3.6810112943449604e+52 3.376975228974923e+52 3.121334328511636e+52 2.9025477294477357e+52 
# SN_energy_per_final_crossing_time_list
0.0 0.0 2.4505312968874182e+54 1.0802250895985658e+56 2.102204090013954e+56 2.3465542907734997e+56 2.089521457071141e+56 1.4953367931998833e+56 8.956801160079021e+55 4.905276800905529e+55 2.628187096833848e+55 1.4643131944002391e+55 8.948582432535529e+54 6.177730616225993e+54 4.7761369114761577e+54 3.989294577035462e+54 2.9485733396045374e+54 1.8811053897591237e+54 1.262231710196706e+54 9.519110489208332e+53 7.645856356060405e+53 6.3906042558198455e+53 5.490061477894306e+53 4.81231525504181e+53 4.283860010113752e+53 4.03477671081209e+53 3.994571881644413e+53 3.9548643534712255e+53 3.915143394395907e+53 3.876542650231521e+53 3.838264201763883e+53 3.8002882597895034e+53 3.7634897623973045e+53 3.71011761323225e+53 3.5125899671586385e+53 3.099591343287507e+53 2.6742704695876856e+53 2.351655401222094e+53 2.0987830216315522e+53 1.8518542986684782e+53 1.6208903448009517e+53 1.4412120678535484e+53 1.3415455124654369e+53 1.2753587561818353e+53 1.179740583344623e+53 1.0817586925369412e+53 1.0113940487546655e+53 9.733349749582546e+52 9.169352896912021e+52 8.295193624689661e+52 7.170583849431588e+52 6.055074743667166e+52 5.241476123075219e+52 4.621164341158416e+52 4.1298043480169474e+52 3.736984981007667e+52 3.409621700262671e+52 3.135657330070954e+52 2.9025477294477357e+52 
# total_energy_release_list
0 0 1.0894381857494466e+54 4.911324687197497e+55 1.4257140481547195e+56 2.4689269434766226e+56 3.4028894711321105e+56 4.29011850885337e+56 5.172120614581097e+56 6.013079369413079e+56 6.781666137387346e+56 7.468327126463633e+56 8.07776083149727e+56 8.620250369663553e+56 9.106686106129324e+56 9.546557595517032e+56 1.1270928076134785e+57 1.3501027369977118e+57 1.4997435843898677e+57 1.612595111452415e+57 1.7032387242627194e+57 1.7790009974225158e+57 1.8440871020695867e+57 1.9011383492269276e+57 1.9519246222102684e+57 1.956707954788326e+57 1.9614436234972425e+57 1.9661322179002647e+57 1.9707737220747077e+57 1.975369464064441e+57 1.979919825959386e+57 1.9844251663888435e+57 1.9888868812439485e+57 1.9976837628162242e+57 2.0393264291334015e+57 2.1128193498756076e+57 2.1762276917817943e+57 2.2319866628439896e+57 2.281749898438867e+57 2.3476125394090508e+57 2.405260767408642e+57 2.4565185974955922e+57 2.4724229679593306e+57 2.502662386516533e+57 2.544620779536248e+57 2.5830943702686112e+57 2.6070750485039003e+57 2.6186141874173473e+57 2.6620962114054092e+57 2.711267048790215e+57 2.7962761826011733e+57 2.8680606662538618e+57 2.9301997269593237e+57 2.9849848303886768e+57 3.0339447334879866e+57 3.0782476609720848e+57 3.1186696117432684e+57 3.155843643754406e+57 3.190254100909143e+57 
# binding_energy_list
8.9536476554959e+54 8.9536476554959e+54 8.9536476554959e+54 8.933054837332963e+54 8.892011178579445e+54 8.830799004185586e+54 8.790225168308896e+54 8.749837752274363e+54 8.709635899560761e+54 8.669618757582214e+54 8.649679187756885e+54 8.609937521846052e+54 8.590135215053907e+54 8.570378452303692e+54 8.550667128846876e+54 8.531001140175843e+54 8.452788451602891e+54 8.336811846196331e+54 8.260379495771817e+54 8.20351544329821e+54 8.165823713585906e+54 8.128305161640929e+54 8.090958991783846e+54 8.053784411990643e+54 8.016780633876855e+54 8.016780633876855e+54 8.016780633876855e+54 8.016780633876855e+54 8.016780633876855e+54 8.016780633876855e+54 8.016780633876855e+54 7.99834255007026e+54 7.99834255007026e+54 7.99834255007026e+54 7.979946872679785e+54 7.94328234724279e+54 7.90678627999831e+54 7.870457896951001e+54 7.834296427662088e+54 7.816278045883308e+54 7.780365510398008e+54 7.744617978025239e+54 7.744617978025239e+54 7.72680585095699e+54 7.709034690644309e+54 7.691304402866145e+54 7.673614893618154e+54 7.673614893618154e+54 7.655966069112569e+54 7.638357835776954e+54 7.603262769401822e+54 7.568328950209705e+54 7.550922276654341e+54 7.533555637337217e+54 7.516228940182015e+54 7.498942093324558e+54 7.481695005111584e+54 7.464487584100623e+54 7.447319739059888e+54 
# total_gas_kinetic_energy_list
3.555417159551863e+57 1.5234893976272667e+59 2.106255790377208e+59 1.550915637717367e+59 8.941119737167979e+58 4.5285220826951093e+58 2.1192185446631307e+58 9.411991335898017e+57 4.032184474531463e+57 1.6852928216463384e+57 6.939037081001232e+56 2.846430362353145e+56 1.1838149640197076e+56 5.148441084024958e+55 2.461846312283657e+55 1.3717738557872158e+55 3.0877301131876157e+55 5.412834150044287e+55 7.02848560261371e+55 8.246774325027929e+55 9.221775370690468e+55 1.0033462370022595e+56 1.0737200634159283e+56 1.1361056728403979e+56 1.192139516316531e+56 1.1974934884299011e+56 1.2027218716681153e+56 1.2078522837697676e+56 1.2129320872876326e+56 1.217992227898532e+56 1.2230567584627946e+56 1.2281325732192093e+56 1.23320180688851e+56 1.2430041370068477e+56 1.289335320314767e+56 1.371978150550535e+56 1.4428372710025177e+56 1.5056944692825587e+56 1.5611906101323182e+56 1.632897498461397e+56 1.694820246324668e+56 1.7491064047727206e+56 1.7663352710455026e+56 1.797201949072281e+56 1.8403295851326234e+56 1.8772728066587895e+56 1.9000753288693e+56 1.9102108297334298e+56 1.9500739007574583e+56 1.990901905567909e+56 2.058206387975218e+56 2.1107988508861934e+56 2.157547483447054e+56 2.201220333096258e+56 2.2431454950273742e+56 2.2795463039644043e+56 2.3159094167046884e+56 2.3498042533671213e+56 2.3805939131921588e+56 
