# time_axis
5.999999999999999 7.0 7.30102999566398 7.477121254719661 7.602059991327962 7.698970004336018 7.778151250383643 7.845098040014256 7.903089986991943 7.954242509439324 8.0 8.041392685158224 8.079181246047623 8.113943352306837 8.146128035678238 8.176091259055681 8.301029995663981 8.47712125471966 8.60205999132796 8.698970004336019 8.778151250383644 8.845098040014257 8.903089986991942 8.954242509439323 8.999999999999998 9.004321373782641 9.008600171761916 9.012837224705171 9.017033339298779 9.021189299069936 9.02530586526477 9.02938377768521 9.033423755486949 9.041392685158224 9.079181246047623 9.146128035678236 9.204119982655923 9.255272505103305 9.301029995663981 9.361727836017593 9.414973347970816 9.462397997898954 9.477121254719663 9.505149978319904 9.544068044350274 9.57978359661681 9.60205999132796 9.612783856719734 9.653212513775342 9.698970004336017 9.778151250383642 9.845098040014257 9.903089986991944 9.954242509439325 10.0 10.041392685158225 10.079181246047623 10.113943352306835 10.146128035678236 
# total_gas_mass_list
8.7873673767305 10.425863451032134 10.566647006209596 10.43374549158887 10.194562824019165 9.899146535640002 9.569393311610144 9.216938073371397 8.84885254482812 8.470064367978871 8.084784140060192 7.697877258811502 7.316872990872247 6.955018717122133 6.633808059848571 6.378344741263007 6.726596262918007 6.965728091367854 7.077465132900036 7.147834782302501 7.197971154811667 7.236127455790208 7.266596373583138 7.291766377647554 7.313073892788116 7.315052081626951 7.31697291572712 7.318848761766195 7.32069761883143 7.3225304335842605 7.324355846013943 7.3261762908161225 7.327984771316945 7.331461963827337 7.347466822403657 7.37454015558196 7.396280845084323 7.414542869642844 7.429965961776267 7.449055034642861 7.464827315476938 7.478223571419142 7.482379031734094 7.489699393262775 7.499720482797463 7.5081342041023875 7.513240862550425 7.515500204460503 7.524233395885201 7.533020939700395 7.547098046680667 7.557790550257909 7.567060276219619 7.575512991656723 7.583442089473902 7.590221158724184 7.596850138732075 7.602957478601996 7.60842944127442 
# ejected_gas_mass_list
-10.0 -10.0 4.255735056620335 5.913637807482808 6.429494295137943 6.700398934952375 6.858479268857996 6.960363725261028 7.0317712049904895 7.08529134343072 7.127356440409521 7.161489768147129 7.189847938354514 7.213873120435874 7.234574690962265 7.252672753432599 7.3184943425177655 7.39328429032953 7.438461783093402 7.470518682087631 7.495090346442836 7.514759833532186 7.53106665260886 7.544937560108487 7.556961125938117 7.558090415247661 7.559189074074451 7.560264007864885 7.561325415081048 7.562379511530625 7.563431228755149 7.56448194925764 7.565527607564885 7.567543268297655 7.5769082436644135 7.5930741210791135 7.606348100646327 7.617697106374587 7.6274218937981075 7.639633929741481 7.649869167686117 7.658664491751428 7.661411647635469 7.666272723857296 7.672971693364369 7.6786355928390115 7.682090708189486 7.683623543972512 7.689572566948069 7.695596967375881 7.705327145185826 7.712782605511235 7.719290789043322 7.72526128324904 7.730892824264731 7.735731114182625 7.740483123555428 7.744879313045159 7.748832814431834 
# stellar_mass_list
-10.0 6.579759066228756 8.223279312861525 8.49670875854953 8.550032117634201 8.534819083664525 8.50065974591154 8.466237227717127 8.437318870812414 8.414387495814728 8.396289881760211 8.38172196792395 8.369663020447279 8.359405260110263 8.35047585727984 8.342564151685936 8.312470174037426 8.275129147569057 8.250783654953521 8.232739236085836 8.218416780891078 8.206552840173044 8.196431758441344 8.187599165341101 8.179770620364042 8.179025300304335 8.178299988535736 8.177589979261935 8.176888086284569 8.176189188122027 8.175490346156256 8.174790000499211 8.17409082661572 8.172741367334162 8.166388502396506 8.155181569089471 8.1455957811432 8.137109452936015 8.12962425485001 8.119816850631597 8.111186530172116 8.103538766929352 8.10108588884104 8.096656115859828 8.090309810159484 8.084654269733223 8.081045178919846 8.079414846409268 8.072781608687952 8.065653467866552 8.052908976041058 8.042250851644456 8.032937837111971 8.024381228249228 8.01628306754031 8.009344305383127 8.002415350721249 7.996158098164239 7.990444394559555 
# remnant_mass_list
-10.0 -10.0 5.5302660865715945 7.1809394365127215 7.592155587724708 7.78279152082499 7.882289916129297 7.937715690999302 7.970488706767315 7.991242503913788 8.005390673162525 8.015746680753836 8.023805696670077 8.030378606040037 8.035923519789486 8.040728471856104 8.058138049181524 8.078008739426572 8.090004422961792 8.098443770977935 8.104883530490131 8.11005176601132 8.114345878178861 8.11800965443382 8.12119325058882 8.121493545938339 8.121784933198931 8.12206946934906 8.122350263150237 8.122629502687829 8.122908443754383 8.123187784154162 8.123466356514195 8.124001952334876 8.12649992111724 8.130817372471395 8.134420103983192 8.13754515884542 8.140248883848185 8.143719005863796 8.146709746510703 8.149310427673266 8.150136956831549 8.151612147505375 8.153704878261825 8.155540277864054 8.156701395413192 8.157220052224893 8.159323681558458 8.161539996108665 8.165424632485847 8.16858539470201 8.1712868687665 8.173726626692511 8.176001771073791 8.177908842303554 8.179796013525397 8.181471684903084 8.182978528005773 
# BH_mass_list
-10.0 -10.0 5.359615944073583 7.007982619203876 7.37938329966806 7.532668593843918 7.601393127429257 7.632450524266041 7.646256102182623 7.652250070166911 7.654768593980257 7.655781846979474 7.656169445669148 7.656302197367216 7.65632994548489 7.656337942062636 7.656341758758903 7.656341758758903 7.656341758758903 7.656341758758903 7.656341758758903 7.656341758758903 7.656341758758903 7.656341758758903 7.656341758758903 7.656341758758903 7.656341758758903 7.656341758758903 7.656341758758903 7.656341758758903 7.656341758758903 7.656341758758903 7.656341758758903 7.656341758758903 7.656341758758903 7.656341758758903 7.656341758758903 7.656341758758903 7.656341758758903 7.656341758758903 7.656341758758903 7.656341758758903 7.656341758758903 7.656341758758903 7.656341758758903 7.656341758758903 7.656341758758903 7.656341758758903 7.656341758758903 7.656341758758903 7.656341758758903 7.656341758758903 7.656341758758903 7.656341758758903 7.656341758758903 7.656341758758903 7.656341758758903 7.656341758758903 7.656341758758903 
# NS_mass_list
-10.0 -10.0 5.042053717605442 6.697480604084816 7.180234988740992 7.424059540482732 7.55911379775574 7.631420457246233 7.667502946269514 7.6846050077315295 7.6923687074361435 7.6957598276926324 7.69718975350456 7.697773358609791 7.698000805938858 7.698084272180892 7.69813295195179 7.69813295195179 7.69813295195179 7.69813295195179 7.69813295195179 7.69813295195179 7.69813295195179 7.69813295195179 7.69813295195179 7.69813295195179 7.69813295195179 7.69813295195179 7.69813295195179 7.69813295195179 7.69813295195179 7.69813295195179 7.69813295195179 7.69813295195179 7.69813295195179 7.69813295195179 7.69813295195179 7.69813295195179 7.69813295195179 7.69813295195179 7.69813295195179 7.69813295195179 7.69813295195179 7.69813295195179 7.69813295195179 7.69813295195179 7.69813295195179 7.69813295195179 7.69813295195179 7.69813295195179 7.69813295195179 7.69813295195179 7.69813295195179 7.69813295195179 7.69813295195179 7.69813295195179 7.69813295195179 7.69813295195179 7.69813295195179 
# WD_mass_list
-10.0 -10.0 -10.0 -10.0 -10.0 3.1914192003345825 4.936370315450696 5.974242986919972 6.421638457273207 6.674870365248993 6.835164967642241 6.9441642401619665 7.02249382389759 7.081407784729204 7.127451822552944 7.16461305753318 7.2809204020715805 7.388231363276451 7.444029089266437 7.480195231301746 7.5063294436630095 7.526483708514739 7.542718531911022 7.556227355984636 7.567722979972588 7.56879606066971 7.569835487518264 7.570848751119997 7.571847024307336 7.572838139479462 7.573826576461716 7.574814813400605 7.575798729885037 7.577685976549712 7.5864113211687085 7.601204415434616 7.613282400222699 7.623572125821148 7.6323400498166665 7.643417487215986 7.652811925418708 7.660870356146221 7.663410398397322 7.667919148810097 7.6742619033425905 7.679774199817203 7.683237500147299 7.684778606300824 7.690992335670667 7.697476073857341 7.708689524401987 7.717676366340852 7.725263230592365 7.732042715120481 7.738304473443854 7.743509381276363 7.748621443778542 7.7531290479782236 7.757157595398385 
