# time_axis
5.999999999999999 7.0 7.30102999566398 7.477121254719661 7.602059991327962 7.698970004336018 7.778151250383643 7.845098040014256 7.903089986991943 7.954242509439324 8.0 8.041392685158224 8.079181246047623 8.113943352306837 8.146128035678238 8.176091259055681 8.301029995663981 8.47712125471966 8.60205999132796 8.698970004336019 8.778151250383644 8.845098040014257 8.903089986991942 8.954242509439323 8.999999999999998 9.004321373782641 9.008600171761916 9.012837224705171 9.017033339298779 9.021189299069936 9.02530586526477 9.02938377768521 9.033423755486949 9.041392685158224 9.079181246047623 9.146128035678236 9.204119982655923 9.255272505103305 9.301029995663981 9.361727836017593 9.414973347970816 9.462397997898954 9.477121254719663 9.505149978319904 9.544068044350274 9.57978359661681 9.60205999132796 9.612783856719734 9.653212513775342 9.698970004336017 9.778151250383642 9.845098040014257 9.903089986991944 9.954242509439325 10.0 10.041392685158225 10.079181246047623 10.113943352306835 10.146128035678236 
# total_gas_mass_list
8.684045203312506 9.706305601049179 9.331197825624125 8.912382363611403 8.492239318309577 8.07214258851232 7.652256959234966 7.23289037490188 6.814841886150155 6.400318546408415 5.9946496564888125 5.609853921708412 5.269194573734789 5.0040365626971 4.831796915340113 4.737094175007201 5.276282115304184 5.625159860112014 5.795778453312182 5.907784103812102 5.990108884104678 6.054308536450645 6.106784651752305 6.1508953081152145 6.189046797075987 6.192542827568788 6.195935573976987 6.19929369529017 6.202641958258897 6.205989944492208 6.209338376089732 6.212689665676342 6.215987077711393 6.22216586557011 6.251607600380365 6.301948623423253 6.343362427647278 6.378646306226709 6.408855425189422 6.446988346963368 6.479139999432656 6.506622154405261 6.515310436826555 6.530622720214041 6.55182928645573 6.569882784946996 6.580842568816401 6.585725837766479 6.604853486477865 6.62428721849061 6.6560818037518 6.6804486788512785 6.701080854020354 6.719542395833969 6.736646589760872 6.750920332328517 6.764937362512746 6.7773051860146145 6.7884384578858405 
# ejected_gas_mass_list
-10.0 -10.0 3.013849192177895 4.140687832706047 4.608458423776642 4.8627112372566055 5.0297108744250645 5.147678486505713 5.238072825636113 5.31333455079836 5.377098940772444 5.431656797325706 5.478989752308033 5.520613308389898 5.55766698886336 5.590978624774625 5.719544230169109 5.879203107652773 5.982356738853433 6.05843701639458 6.118204334968134 6.166885873410573 6.207925659826194 6.243233486853669 6.274332485813819 6.27720723885229 6.280000984372505 6.282770002943146 6.285534622754532 6.288302719622845 6.291074872228302 6.293853064804352 6.296590162513361 6.301728487405367 6.3263787403525535 6.36913606005349 6.404850949662168 6.435637769473735 6.462243068743211 6.4961324416378305 6.524955686907721 6.549763344667754 6.557637448231877 6.571550313500824 6.590891482305258 6.607421225685841 6.6174839113731005 6.621974116556504 6.63960073948348 6.65757065833685 6.687097496164118 6.709828033750127 6.729140188386439 6.74646939538405 6.7625641204373705 6.776023641496426 6.789265300886855 6.800968356256824 6.811518357072289 
# stellar_mass_list
-10.0 6.47643689281076 7.537583350259268 7.674837918844619 7.714383967051653 7.726277109272508 7.7289207624725185 7.728395856280983 7.726852583335173 7.725054623381717 7.723264165107869 7.721560001332597 7.719958031125416 7.718453452489499 7.717036000952846 7.715695657153303 7.709852066249071 7.700832693833096 7.693751008281256 7.687807997082429 7.682623346762275 7.678001005595758 7.673795116070326 7.669927452364294 7.666314038353011 7.6659697964993505 7.6656335842162395 7.6652986604027324 7.664962570310854 7.664624372999874 7.664283917147195 7.663940996239138 7.663601444582942 7.662958338700328 7.659795341511821 7.653927228960671 7.648584650672938 7.643627833487877 7.639053830735499 7.632734303910693 7.626873268113878 7.621435172031037 7.619628400093005 7.616334132053919 7.611447811939539 7.606911054511685 7.6039666957578875 7.602603083977977 7.596936710006274 7.590576925749838 7.578522789947485 7.5679031698837465 7.558608494987487 7.550069269845429 7.5419629063822065 7.535042494542096 7.528107298972482 7.521867448072448 7.516150908565737 
# remnant_mass_list
-10.0 -10.0 3.922333674365829 5.019180515382727 5.368374794453045 5.551293793994239 5.666530086558376 5.7470919791997765 5.807918703530962 5.856353242099161 5.8963839288446875 5.930410393449386 5.959943622499379 5.985996038677542 6.009277938115962 6.030297021107677 6.1123798276367936 6.21651748580834 6.284601363494893 6.3348385531480345 6.374515990987344 6.40713511428557 6.434850880657089 6.458869089103713 6.480161534066 6.482135844593779 6.484055064371145 6.485958547646849 6.487860223481397 6.489765235326958 6.491674677098654 6.493589362001156 6.4954767413626255 6.499027976353778 6.516074241113122 6.5459753633228805 6.5714435063759 6.593735525095984 6.613271746590853 6.638781641497527 6.661051964585759 6.680633299639897 6.686925356714889 6.698135751185794 6.714177296697902 6.728479888674805 6.737476377028435 6.741569010515802 6.758104741103218 6.77580486520368 6.8071133845277645 6.832535672549942 6.853323228394108 6.871342140017625 6.8875768574108305 6.900815789271063 6.913552369818583 6.924585009080505 6.934356945600498 
# BH_mass_list
-10.0 -10.0 3.5024722027775526 4.56414810757907 4.705602325356738 4.7493479815820585 4.764883007447465 4.770645184753513 4.772816570287217 4.773631569614444 4.773932503873112 4.774042661710387 4.774082442275128 4.774095448437101 4.774098643819879 4.774099950958044 4.774100830144026 4.774100830144026 4.774100830144026 4.774100830144026 4.774100830144026 4.774100830144026 4.774100830144026 4.774100830144026 4.774100830144026 4.774100830144026 4.774100830144026 4.774100830144026 4.774100830144026 4.774100830144026 4.774100830144026 4.774100830144026 4.774100830144026 4.774100830144026 4.774100830144026 4.774100830144026 4.774100830144026 4.774100830144026 4.774100830144026 4.774100830144026 4.774100830144026 4.774100830144026 4.774100830144026 4.774100830144026 4.774100830144026 4.774100830144026 4.774100830144026 4.774100830144026 4.774100830144026 4.774100830144026 4.774100830144026 4.774100830144026 4.774100830144026 4.774100830144026 4.774100830144026 4.774100830144026 4.774100830144026 4.774100830144026 4.774100830144026 
# NS_mass_list
-10.0 -10.0 3.7145076815592915 4.831608727252074 5.261923529399745 5.4761783848194625 5.598674391862628 5.639658199360338 5.654298771129421 5.659735317245347 5.661780926517767 5.66255222753524 5.6628438281863085 5.662954910322985 5.662996390363875 5.663012595203834 5.663024296867848 5.663024296867848 5.663024296867848 5.663024296867848 5.663024296867848 5.663024296867848 5.663024296867848 5.663024296867848 5.663024296867848 5.663024296867848 5.663024296867848 5.663024296867848 5.663024296867848 5.663024296867848 5.663024296867848 5.663024296867848 5.663024296867848 5.663024296867848 5.663024296867848 5.663024296867848 5.663024296867848 5.663024296867848 5.663024296867848 5.663024296867848 5.663024296867848 5.663024296867848 5.663024296867848 5.663024296867848 5.663024296867848 5.663024296867848 5.663024296867848 5.663024296867848 5.663024296867848 5.663024296867848 5.663024296867848 5.663024296867848 5.663024296867848 5.663024296867848 5.663024296867848 5.663024296867848 5.663024296867848 5.663024296867848 5.663024296867848 
# WD_mass_list
-10.0 -10.0 -10.0 -10.0 -10.0 2.571492696275534 3.9505800416158965 4.80239164072079 5.121142678453826 5.305759328983784 5.430325771452968 5.522085933434653 5.593685679200555 5.65187665122963 5.70061512387375 5.7423633844035695 5.889639414527378 6.051772411318072 6.14799493365082 6.215423232440039 6.26693855756859 6.308301893129896 6.342825452773288 6.3723238097890995 6.398174438230468 6.400557843191194 6.402872596876044 6.4051662950471915 6.4074557636286205 6.409747205105853 6.41204193540323 6.414340928911123 6.416605151210379 6.4208601417278235 6.441190418095989 6.4764953675912755 6.506233895522374 6.532032115011897 6.55447501303413 6.58356196014657 6.608765764394808 6.630789824625513 6.637840904677226 6.65037350620203 6.668242043908302 6.684111499728167 6.6940646676673445 6.698585310591773 6.7168057610705345 6.736232759419886 6.770413425161877 6.798007611851817 6.820471572572877 6.839875198016779 6.857305701022692 6.871484893554484 6.885097568687349 6.896867233482642 6.907275514476091 
