# time_axis
1000000 10000000 20000000 30000000 40000000 50000000 60000000 70000000 80000000 90000000 100000000 110000000 120000000 130000000 140000000 150000000 200000000 300000000 400000000 500000000 600000000 700000000 800000000 900000000 1000000000 1010000000 1020000000 1030000000 1040000000 1050000000 1060000000 1070000000 1080000000 1100000000 1200000000 1400000000 1600000000 1800000000 2000000000 2300000000 2600000000 2900000000 3000000000 3200000000 3500000000 3800000000 4000000000 4100000000 4500000000 5000000000 6000000000 7000000000 8000000000 9000000000 10000000000 11000000000 12000000000 13000000000 14000000000 
# SNIa_energy_release_list
0 0.0 0.0 0.0 0.0 0.0 5.038907432929385e+52 3.2800568069432684e+53 1.3123804464814252e+54 3.671210459969057e+54 7.075984267723998e+54 1.153090072971554e+55 1.707938680135617e+55 2.373982218965143e+55 3.1498934796789883e+55 4.0317753152869184e+55 9.795453108831911e+55 1.78174149720775e+56 2.2335571938117596e+56 2.551978498758693e+56 2.798467272119489e+56 2.999727506326446e+56 3.169844877198184e+56 3.3172024336967524e+56 3.4471847245691e+56 3.459378684258323e+56 3.4714399939802617e+56 3.483371668767413e+56 3.4951756243809144e+56 3.5068566051495574e+56 3.518414384699032e+56 3.529850872432714e+56 3.541170635204207e+56 3.5634676101050273e+56 3.66866149351723e+56 3.8530806414019873e+56 4.011085975122074e+56 4.1492916896674495e+56 4.272124557866438e+56 4.434063391313595e+56 4.575286775940115e+56 4.7005040293777055e+56 4.739276672163759e+56 4.81303153710227e+56 4.915045881872391e+56 5.008491354451862e+56 5.066670014193987e+56 5.094651846785555e+56 5.199962386206003e+56 5.3189646719943305e+56 5.524296634185369e+56 5.697349380178984e+56 5.84699362888782e+56 5.978774944159572e+56 6.096505128855862e+56 6.20291625325927e+56 6.299982242650892e+56 6.389203608835874e+56 6.47176576787e+56 
# SNII_energy_release_list
0 0.0 1.283264926551985e+53 7.905455944821054e+53 3.0345217005085334e+54 8.069380474599825e+54 1.4258977053312166e+55 2.1529328285796938e+55 2.9752330698991235e+55 3.8649500197585704e+55 4.8243166097434066e+55 5.840155322516159e+55 6.896989380736751e+55 7.980467574394313e+55 9.078104446216481e+55 1.0179293774634377e+56 1.2177186105809135e+56 1.2177186105809135e+56 1.2177186105809135e+56 1.2177186105809135e+56 1.2177186105809135e+56 1.2177186105809135e+56 1.2177186105809135e+56 1.2177186105809135e+56 1.2177186105809135e+56 1.2177186105809135e+56 1.2177186105809135e+56 1.2177186105809135e+56 1.2177186105809135e+56 1.2177186105809135e+56 1.2177186105809135e+56 1.2177186105809135e+56 1.2177186105809135e+56 1.2177186105809135e+56 1.2177186105809135e+56 1.2177186105809135e+56 1.2177186105809135e+56 1.2177186105809135e+56 1.2177186105809135e+56 1.2177186105809135e+56 1.2177186105809135e+56 1.2177186105809135e+56 1.2177186105809135e+56 1.2177186105809135e+56 1.2177186105809135e+56 1.2177186105809135e+56 1.2177186105809135e+56 1.2177186105809135e+56 1.2177186105809135e+56 1.2177186105809135e+56 1.2177186105809135e+56 1.2177186105809135e+56 1.2177186105809135e+56 1.2177186105809135e+56 1.2177186105809135e+56 1.2177186105809135e+56 1.2177186105809135e+56 1.2177186105809135e+56 1.2177186105809135e+56 
# SN_energy_per_current_crossing_time_list
0.0 0.0 5.717251103764935e+53 1.599786570300852e+54 3.606159613483177e+54 7.169980095738717e+54 7.862264437707602e+54 8.362300500011521e+54 8.713510862441478e+54 8.822805008310924e+54 8.981251647213827e+54 9.055277571580986e+54 9.036236307797622e+54 8.94031576806599e+54 8.785307773568445e+54 8.586067486856122e+54 3.865306027740709e+54 2.7797193114871743e+53 1.6122436224450817e+53 1.159115017497626e+53 9.109229351984416e+52 7.528390507104437e+52 6.427871477756593e+52 5.616019484517006e+52 4.991113149627703e+52 4.6855481651425854e+52 4.6377771940068475e+52 4.591062982016644e+52 4.544984648968013e+52 4.5006329276705223e+52 4.456093878867069e+52 4.412190244906407e+52 4.369966584333524e+52 4.3093172700324025e+52 4.0904101670568216e+52 3.622645210808162e+52 3.13072686885149e+52 2.7587656716575447e+52 2.467862348406271e+52 2.1872127247370703e+52 1.9208682081688262e+52 1.7136483382328783e+52 1.5948419335548568e+52 1.5222657248489823e+52 1.410459345419801e+52 1.297324806139571e+52 1.214758256657784e+52 1.1698510471468394e+52 1.1056464918065381e+52 1.004251415066636e+52 8.732292803370201e+51 7.405452751550908e+51 6.438673836838828e+51 5.698483816703808e+51 5.1146475613893696e+51 4.641820814261677e+51 4.251019773814443e+51 3.921989906252394e+51 3.641360253358274e+51 
# SN_energy_per_final_crossing_time_list
0.0 0.0 1.5092725134586005e+53 7.788485975067316e+53 2.639183373291042e+54 5.921594052523197e+54 7.281925734102709e+54 8.563043778225996e+54 9.714646312721695e+54 1.0568166783084299e+55 1.1433460366961018e+55 1.2143955828390216e+55 1.267434126347168e+55 1.3036749990014172e+55 1.3251729498050987e+55 1.33402483822445e+55 5.207926950678666e+54 3.5380437508549937e+53 1.9927091765819714e+53 1.404380284165032e+53 1.0871256671522489e+53 8.876475930333619e+52 7.502936453516384e+52 6.499126906844748e+52 5.732800028005391e+52 5.378081273896401e+52 5.319576709078277e+52 5.262401908357444e+52 5.206072043929931e+52 5.151834640564483e+52 5.097497396008936e+52 5.044002283690499e+52 4.992521357940512e+52 4.916981285604271e+52 4.639520458703971e+52 4.0668543732498046e+52 3.4843707381072805e+52 3.04774488470256e+52 2.7087392656538715e+52 2.3807421321025494e+52 2.0761941694991576e+52 1.8408801927198871e+52 1.7100468545212777e+52 1.6264596082564447e+52 1.4997628641824092e+52 1.373787675806467e+52 1.2829694720741636e+52 1.234123891708624e+52 1.1611663775254318e+52 1.0497065449785269e+52 9.056057334419593e+51 7.632399617059383e+51 6.599980254474577e+51 5.812145045377155e+51 5.192427380640611e+51 4.69320622729323e+51 4.281044001979882e+51 3.935061054326673e+51 3.641360253358274e+51 
# total_energy_release_list
0 0 1.283264926551985e+53 7.905455944821054e+53 3.0345217005085334e+54 8.069380474599825e+54 1.4309366127641459e+55 2.1857333966491266e+55 3.106471114547266e+55 4.232071065755476e+55 5.531915036515807e+55 6.993245395487713e+55 8.604928060872368e+55 1.0354449793359456e+56 1.222799792589547e+56 1.4211069089921296e+56 2.1972639214641046e+56 2.9994601077886636e+56 3.451275804392673e+56 3.7696971093396064e+56 4.0161858827004025e+56 4.21744611690736e+56 4.387563487779098e+56 4.5349210442776655e+56 4.664903335150013e+56 4.677097294839237e+56 4.689158604561176e+56 4.701090279348326e+56 4.7128942349618275e+56 4.724575215730471e+56 4.736132995279946e+56 4.747569483013628e+56 4.75888924578512e+56 4.781186220685941e+56 4.886380104098144e+56 5.070799251982901e+56 5.228804585702988e+56 5.367010300248363e+56 5.489843168447352e+56 5.651782001894509e+56 5.793005386521028e+56 5.9182226399586186e+56 5.956995282744672e+56 6.030750147683184e+56 6.132764492453304e+56 6.226209965032776e+56 6.2843886247749e+56 6.312370457366468e+56 6.4176809967869165e+56 6.5366832825752435e+56 6.742015244766283e+56 6.915067990759897e+56 7.064712239468733e+56 7.196493554740486e+56 7.314223739436775e+56 7.420634863840184e+56 7.517700853231806e+56 7.606922219416787e+56 7.689484378450913e+56 
# binding_energy_list
9.036494737223079e+54 9.036494737223079e+54 9.015711376059534e+54 9.015711376059534e+54 8.974287945007545e+54 8.933054837332963e+54 8.892011178579445e+54 8.85115609830841e+54 8.810488730080146e+54 8.770008211436303e+54 8.729713683881166e+54 8.68960429286302e+54 8.629785477669702e+54 8.609937521846052e+54 8.570378452303692e+54 8.531001140175843e+54 8.356030182312423e+54 8.222426499470695e+54 8.128305161640929e+54 8.072350302488317e+54 8.016780633876855e+54 7.979946872679785e+54 7.96159350417325e+54 7.925013304804734e+54 7.90678627999831e+54 7.90678627999831e+54 7.90678627999831e+54 7.888601176185516e+54 7.888601176185516e+54 7.888601176185516e+54 7.888601176185516e+54 7.888601176185516e+54 7.888601176185516e+54 7.888601176185516e+54 7.852356346100775e+54 7.834296427662088e+54 7.798301105232642e+54 7.780365510398008e+54 7.744617978025239e+54 7.72680585095699e+54 7.691304402866145e+54 7.673614893618154e+54 7.673614893618154e+54 7.655966069112569e+54 7.638357835776954e+54 7.620790100254084e+54 7.620790100254084e+54 7.620790100254084e+54 7.603262769401822e+54 7.585775750291883e+54 7.568328950209705e+54 7.533555637337217e+54 7.516228940182015e+54 7.498942093324558e+54 7.498942093324558e+54 7.481695005111584e+54 7.464487584100623e+54 7.447319739059888e+54 7.447319739059888e+54 
# total_gas_kinetic_energy_list
4.994148202064281e+56 2.142173709090654e+57 6.733278977135349e+57 1.3717768912220588e+58 1.2818769668091026e+58 1.413438334761168e+58 1.5729832847405923e+58 1.711075173037427e+58 1.8180384315788003e+58 1.8948241987279604e+58 1.9449120060726183e+58 1.9720935776906723e+58 1.9798962103737216e+58 1.9714613469768255e+58 1.9495459995339844e+58 1.916554900749761e+58 8.200331145702583e+58 1.7334656219823888e+59 2.253220386495774e+59 2.52376593625912e+59 2.65740388552342e+59 2.721175507218015e+59 2.7508726989114943e+59 2.764453823081927e+59 2.7705795939667914e+59 2.7709628441589797e+59 2.771316334518097e+59 2.771642346615483e+59 2.7719429916211884e+59 2.7722202207999414e+59 2.772475837609541e+59 2.772711508721378e+59 2.772928779604465e+59 2.7733137071262677e+59 2.774524833380258e+59 2.7752950617405073e+59 2.7754485912713226e+59 2.775484618708451e+59 2.7754980478414244e+59 2.7755101735830767e+59 2.775519629162019e+59 2.7755278185537067e+59 2.775530319578555e+59 2.775535035991477e+59 2.775541431768942e+59 2.775546839920179e+59 2.7755502750878172e+59 2.77555175251225e+59 2.7755575047974957e+59 2.7755634505499048e+59 2.775573093828356e+59 2.7755805603975704e+59 2.7755871793096357e+59 2.775593346865132e+59 2.775599179466665e+59 2.775604329834206e+59 2.775609388899286e+59 2.775614175036012e+59 2.7756184759209507e+59 
