# time_axis
5.999999999999999 7.0 7.30102999566398 7.477121254719661 7.602059991327962 7.698970004336018 7.778151250383643 7.845098040014256 7.903089986991943 7.954242509439324 8.0 8.041392685158224 8.079181246047623 8.113943352306837 8.146128035678238 8.176091259055681 8.301029995663981 8.47712125471966 8.60205999132796 8.698970004336019 8.778151250383644 8.845098040014257 8.903089986991942 8.954242509439323 8.999999999999998 9.004321373782641 9.008600171761916 9.012837224705171 9.017033339298779 9.021189299069936 9.02530586526477 9.02938377768521 9.033423755486949 9.041392685158224 9.079181246047623 9.146128035678236 9.204119982655923 9.255272505103305 9.301029995663981 9.361727836017593 9.414973347970816 9.462397997898954 9.477121254719663 9.505149978319904 9.544068044350274 9.57978359661681 9.60205999132796 9.612783856719734 9.653212513775342 9.698970004336017 9.778151250383642 9.845098040014257 9.903089986991944 9.954242509439325 10.0 10.041392685158225 10.079181246047623 10.113943352306835 10.146128035678236 
# total_gas_mass_list
7.891512337335813 8.562907441379396 9.067913100744102 9.378759734095077 9.350516000493437 9.39332765305408 9.439872726972782 9.476442129817364 9.50278244044926 9.52075019947356 9.532081933703012 9.538109849514433 9.539824993520904 9.537971022640887 9.533116397772107 9.525704305134091 10.157012515799256 10.482094697580687 10.595982671959801 10.64522792652485 10.667636422693402 10.677935467844163 10.682649473211956 10.684788370791326 10.685749699512229 10.685809773834688 10.6858651760902 10.685916265577804 10.685963374589512 10.686006810113167 10.68604685576445 10.686083773531514 10.686117806250259 10.686178093998542 10.686367732091258 10.686488303226293 10.686512334723437 10.686517967143304 10.686520055716622 10.686521930528057 10.68652338772526 10.686524653279978 10.686525038219052 10.686525765724861 10.686526748564985 10.68652758193525 10.686528109367721 10.686528338455542 10.686529226376821 10.686530148578989 10.686531646044344 10.686532809375803 10.686533837694055 10.68653479015881 10.686535686003278 10.686536477684204 10.686537250243772 10.686537982151469 10.686538639795648 
# ejected_gas_mass_list
-10.0 -10.0 3.310905025664395 4.125074894856941 4.723441171651359 5.16442646874196 5.437858908582137 5.631864951855084 5.786428335039455 5.9164812454571605 6.028217998895887 6.1256133295136435 6.211398757715027 6.287615012830949 6.3558244626410465 6.417244875258809 6.581661739476952 6.687912046849254 6.7380205573197385 6.770232546531568 6.7937500041316525 6.812020947822666 6.826816030699526 6.839175823395951 6.849737021071533 6.850709496178468 6.851671698937866 6.852621584368011 6.853559015081573 6.854483488504639 6.855394451307512 6.856291277293175 6.85717903828639 6.858928648160785 6.867041641206698 6.88079967153372 6.892051118848628 6.901480846155829 6.909591591789719 6.919786405076214 6.928155729056433 6.935346312212303 6.937511246952062 6.941573849839213 6.94700280261389 6.951553572019797 6.9544092714098635 6.955643806778389 6.960395859457953 6.965276953030769 6.973087823564944 6.979060351508628 6.984272202429778 6.989044447280735 6.993485653218155 6.99737301962537 7.001133249089215 7.004665838718309 7.007815672119733 
# stellar_mass_list
-10.0 5.572753574711401 6.277012110317383 6.803880141153405 7.150624119426907 7.2335080046915134 7.322416814508605 7.403117842895429 7.4719873961167895 7.530098903363781 7.579298926002699 7.6212359535661 7.657223204420211 7.6882829753174065 7.71521478017957 7.738651148743808 7.530050809133732 7.4561279764141535 7.418350937534025 7.392885532644982 7.373741204182881 7.358446005447053 7.345739601064943 7.334887709393721 7.325429210538661 7.324549841901666 7.323677943164365 7.3228156195264225 7.321963331905117 7.321121498407707 7.320290852916392 7.319472049814136 7.318660104621018 7.31705523003205 7.309546683048651 7.296549663152167 7.285557628438284 7.276068390535544 7.267694070403486 7.256776394793408 7.247417739796195 7.239163527753971 7.236610504037638 7.231769391908446 7.225058876199574 7.219164944997214 7.215285574832068 7.213594772329231 7.206797161646306 7.199421087376804 7.186445441817398 7.175682291380683 7.166273946811114 7.157623509262851 7.149552196830207 7.142519441636024 7.135608376877708 7.129262077971685 7.1235622533614125 
# remnant_mass_list
-10.0 -10.0 4.623048356723214 5.392040082575895 5.961939621605639 6.368862478438791 6.584680591549347 6.743447893151458 6.872408774900292 6.980923335098422 7.0739086355329865 7.154557190584696 7.225171755620914 7.2874911353234495 7.342861199894892 7.392342849006654 7.468004687652351 7.4908660186997835 7.501217064795577 7.5077269192515335 7.5123870928858 7.515972341575116 7.518860786667118 7.52126489245229 7.5233142374300135 7.523502572996629 7.523689015426507 7.523873070504033 7.524054645872384 7.524233640786148 7.524409904315789 7.524583294076866 7.524754975905754 7.525093605370209 7.526661665844278 7.529315526418174 7.531501908835845 7.533347315963066 7.534944837578196 7.536983868468641 7.538691976497587 7.540170487200675 7.540622657115221 7.541473259655282 7.542638795798318 7.543643375522398 7.544303112841823 7.5445849296094005 7.545719286065677 7.5469251026972595 7.54900854310466 7.5506909036395236 7.55213340741975 7.55344349226764 7.554652168086244 7.5556826381883155 7.55669131242303 7.557604201202353 7.558409646123912 
# BH_mass_list
-10.0 -10.0 4.479169119877305 5.2344645940938195 5.7952043854847926 6.190223500120839 6.383262410567543 6.528155442407586 6.647336190485786 6.74807657567347 6.834425581247501 6.909214103840953 6.974561125654281 7.032092732854034 7.083076521464362 7.128514454397287 7.16920906169663 7.16920906169663 7.16920906169663 7.16920906169663 7.16920906169663 7.16920906169663 7.16920906169663 7.16920906169663 7.16920906169663 7.16920906169663 7.16920906169663 7.16920906169663 7.16920906169663 7.16920906169663 7.16920906169663 7.16920906169663 7.16920906169663 7.16920906169663 7.16920906169663 7.16920906169663 7.16920906169663 7.16920906169663 7.16920906169663 7.16920906169663 7.16920906169663 7.16920906169663 7.16920906169663 7.16920906169663 7.16920906169663 7.16920906169663 7.16920906169663 7.16920906169663 7.16920906169663 7.16920906169663 7.16920906169663 7.16920906169663 7.16920906169663 7.16920906169663 7.16920906169663 7.16920906169663 7.16920906169663 7.16920906169663 7.16920906169663 
# NS_mass_list
-10.0 -10.0 4.073306837317804 4.875336300646643 5.465479034989532 5.8967210803984225 6.153519225546843 6.333124538205064 6.473076833805469 6.586763197298691 6.683149543002449 6.766194091864195 6.838452856324438 6.901825006981565 6.957783576168861 7.007491419730714 7.084963955372338 7.084963955372338 7.084963955372338 7.084963955372338 7.084963955372338 7.084963955372338 7.084963955372338 7.084963955372338 7.084963955372338 7.084963955372338 7.084963955372338 7.084963955372338 7.084963955372338 7.084963955372338 7.084963955372338 7.084963955372338 7.084963955372338 7.084963955372338 7.084963955372338 7.084963955372338 7.084963955372338 7.084963955372338 7.084963955372338 7.084963955372338 7.084963955372338 7.084963955372338 7.084963955372338 7.084963955372338 7.084963955372338 7.084963955372338 7.084963955372338 7.084963955372338 7.084963955372338 7.084963955372338 7.084963955372338 7.084963955372338 7.084963955372338 7.084963955372338 7.084963955372338 7.084963955372338 7.084963955372338 7.084963955372338 7.084963955372338 
# WD_mass_list
-10.0 -10.0 -10.0 -10.0 -10.0 2.1113191286425472 3.330268719345946 4.06933979897757 4.6296048535124905 5.041883663319058 5.309584823683219 5.510155121282404 5.672005335097489 5.8078377347055605 5.9245006227814 6.026251754796564 6.389483642169832 6.60634022617506 6.680017964528811 6.721432933668891 6.749171570736328 6.769555909640167 6.785425532206226 6.798282749011708 6.809004126168408 6.809978777338977 6.81094189672794 6.811890997475601 6.812825676237343 6.8137454884537805 6.8146497343536465 6.815537761468551 6.816415604189135 6.818142911063892 6.826070261622129 6.839228608411456 6.84983560433572 6.858631421579398 6.866133904259601 6.875564321582316 6.883342791475579 6.889989179475543 6.892006153002608 6.895780830432745 6.900912194924559 6.9052976917632565 6.908159332041199 6.909377318305461 6.914253546986818 6.919391363800165 6.928160663857174 6.935144783387539 6.941066130145914 6.946391581982146 6.951261581817032 6.955381416346815 6.95938595762687 6.962986585097767 6.966145050025923 
