# time_axis
1000000 10000000 20000000 30000000 40000000 50000000 60000000 70000000 80000000 90000000 100000000 110000000 120000000 130000000 140000000 150000000 200000000 300000000 400000000 500000000 600000000 700000000 800000000 900000000 1000000000 1010000000 1020000000 1030000000 1040000000 1050000000 1060000000 1070000000 1080000000 1100000000 1200000000 1400000000 1600000000 1800000000 2000000000 2300000000 2600000000 2900000000 3000000000 3200000000 3500000000 3800000000 4000000000 4100000000 4500000000 5000000000 6000000000 7000000000 8000000000 9000000000 10000000000 11000000000 12000000000 13000000000 14000000000 
# SNIa_energy_release_list
0 0.0 0.0 0.0 0.0 0.0 1.6623645660620364e+54 7.492021717999229e+55 2.659994856969525e+56 4.913494496160167e+56 7.112045452358074e+56 9.118718328745308e+56 1.0915709407824238e+57 1.2522771702519611e+57 1.396897431345422e+57 1.5281790385015553e+57 2.047720206388215e+57 2.7282150339701006e+57 3.188044504378015e+57 3.5359248388522295e+57 3.815858106074934e+57 4.05010803028292e+57 4.251520212581414e+57 4.4281766449586334e+57 4.585511965879207e+57 4.600333020011847e+57 4.6150068079707105e+57 4.629538845889364e+57 4.643922958168945e+57 4.658165500956379e+57 4.672268698083262e+57 4.686231588006805e+57 4.700059549803573e+57 4.727326272057087e+57 4.856425242053362e+57 5.084344755658356e+57 5.2810643084881516e+57 5.454101495207139e+57 5.608570059559355e+57 5.813051562329286e+57 5.992068170384045e+57 6.1512651451592804e+57 6.2006647607682825e+57 6.294596534002115e+57 6.424937607320115e+57 6.544471998947237e+57 6.618977794608337e+57 6.654829020283149e+57 6.789939040419162e+57 6.942733834228441e+57 7.206921508245818e+57 7.430039712513982e+57 7.623177218550076e+57 7.79347484321664e+57 7.945656501268929e+57 8.083392928531187e+57 8.209055631958506e+57 8.32462411451444e+57 8.431602762995756e+57 
# SNII_energy_release_list
0 0.0 4.106962829446247e+53 4.6004356125686304e+55 1.6999054480690449e+56 2.809324340303558e+56 3.6944675383203806e+56 4.303574801383343e+56 4.626343156787437e+56 4.779115137744027e+56 4.844944545156078e+56 4.871071890087363e+56 4.880632747144041e+56 4.883971457539525e+56 4.885023630152449e+56 4.885448049026009e+56 4.885641426439551e+56 4.885641426439551e+56 4.885641426439551e+56 4.885641426439551e+56 4.885641426439551e+56 4.885641426439551e+56 4.885641426439551e+56 4.885641426439551e+56 4.885641426439551e+56 4.885641426439551e+56 4.885641426439551e+56 4.885641426439551e+56 4.885641426439551e+56 4.885641426439551e+56 4.885641426439551e+56 4.885641426439551e+56 4.885641426439551e+56 4.885641426439551e+56 4.885641426439551e+56 4.885641426439551e+56 4.885641426439551e+56 4.885641426439551e+56 4.885641426439551e+56 4.885641426439551e+56 4.885641426439551e+56 4.885641426439551e+56 4.885641426439551e+56 4.885641426439551e+56 4.885641426439551e+56 4.885641426439551e+56 4.885641426439551e+56 4.885641426439551e+56 4.885641426439551e+56 4.885641426439551e+56 4.885641426439551e+56 4.885641426439551e+56 4.885641426439551e+56 4.885641426439551e+56 4.885641426439551e+56 4.885641426439551e+56 4.885641426439551e+56 4.885641426439551e+56 4.885641426439551e+56 
# SN_energy_per_current_crossing_time_list
0.0 0.0 6.8121278725598905e+53 4.6861654824476865e+55 1.2653402433473214e+56 1.1472536856090286e+56 9.321520963078346e+55 6.819213506773284e+55 4.298976911280763e+55 2.6279870190783256e+55 1.6663217347704605e+55 1.154281475136339e+55 8.864595205059112e+54 7.405166564690327e+54 6.498656233686106e+54 5.8882381965508065e+54 4.793104426487961e+54 3.2931932954349464e+54 2.3044890810118145e+54 1.792569322768771e+54 1.4763864091875228e+54 1.2604332853092623e+54 1.1029250533036031e+54 9.827296728859349e+53 8.877039081058366e+53 8.373662480839621e+53 8.301616317758717e+53 8.232504590611537e+53 8.158938455128713e+53 8.089218969929962e+53 8.020405009388276e+53 7.950931241505869e+53 7.88426081768764e+53 7.792848300386424e+53 7.467664461087534e+53 6.735310824880541e+53 5.922948082296926e+53 5.298103848917857e+53 4.801345600311079e+53 4.321775214147921e+53 3.85006748761205e+53 3.4780985572251925e+53 3.254079934689258e+53 3.1221902103990623e+53 2.9256738297021614e+53 2.714367883490801e+53 2.5559707630825075e+53 2.467816943794339e+53 2.3554440041338942e+53 2.160791584079684e+53 1.913563969584207e+53 1.6473261735412797e+53 1.448570313915502e+53 1.2946747032785097e+53 1.170859809659457e+53 1.0701561191474802e+53 9.856086334077834e+52 9.13911160427567e+52 8.523224723803616e+52 
# SN_energy_per_final_crossing_time_list
0.0 0.0 8.725620828606631e+53 9.686793002455136e+55 2.6342007837510884e+56 2.3570626265045583e+56 1.8818926983174255e+56 1.3524706319102135e+56 8.37988166592574e+55 5.041194289134072e+55 3.15024040339226e+55 2.153860020418212e+55 1.634831616262222e+55 1.3513159302739418e+55 1.17457587324947e+55 1.0549666708379425e+55 8.28681496322793e+54 5.421652284081096e+54 3.663562745045086e+54 2.7716393035508572e+54 2.230290042058586e+54 1.8663207788677042e+54 1.604695251072985e+54 1.4074607348581352e+54 1.2535251811785873e+54 1.1808260508938251e+54 1.1690930302290379e+54 1.1577994920841526e+54 1.1460139303656727e+54 1.1347347768830975e+54 1.1236328009649657e+54 1.112454216813972e+54 1.1017041955489676e+54 1.0861999312358672e+54 1.028559949588439e+54 9.079425011312749e+53 7.83654018879907e+53 6.8931270347758335e+53 6.153425498580559e+53 5.430497345999507e+53 4.754215915681026e+53 4.227857959263778e+53 3.935776260798136e+53 3.7418757076423935e+53 3.4615202017783388e+53 3.17452281841409e+53 2.9680204819387467e+53 2.856346171765322e+53 2.6911282774757444e+53 2.434699601745563e+53 2.1048414303929127e+53 1.777631912484976e+53 1.5387690814098723e+53 1.35679871223702e+53 1.2124648131512105e+53 1.0973764754702985e+53 1.0011824564214734e+53 9.207595737996607e+52 8.523224723803616e+52 
# total_energy_release_list
0 0 4.106962829446247e+53 4.6004356125686304e+55 1.6999054480690449e+56 2.809324340303558e+56 3.711091183981001e+56 5.0527769731832655e+56 7.286338013756962e+56 9.692609633904193e+56 1.1956989997514152e+57 1.398979021883267e+57 1.579634215496828e+57 1.7406743160059137e+57 1.8853997943606668e+57 2.016723843404156e+57 2.53628434903217e+57 3.216779176614056e+57 3.67660864702197e+57 4.024488981496185e+57 4.3044222487188894e+57 4.538672172926875e+57 4.740084355225369e+57 4.916740787602589e+57 5.074076108523162e+57 5.088897162655803e+57 5.103570950614666e+57 5.118102988533319e+57 5.1324871008129e+57 5.146729643600334e+57 5.160832840727217e+57 5.1747957306507604e+57 5.188623692447528e+57 5.215890414701042e+57 5.3449893846973174e+57 5.572908898302311e+57 5.769628451132107e+57 5.942665637851094e+57 6.09713420220331e+57 6.301615704973241e+57 6.480632313028e+57 6.639829287803235e+57 6.689228903412237e+57 6.78316067664607e+57 6.91350174996407e+57 7.033036141591192e+57 7.107541937252291e+57 7.143393162927104e+57 7.278503183063117e+57 7.431297976872396e+57 7.695485650889773e+57 7.918603855157936e+57 8.111741361194031e+57 8.282038985860595e+57 8.434220643912883e+57 8.571957071175141e+57 8.697619774602461e+57 8.813188257158395e+57 8.920166905639711e+57 
# binding_energy_list
7.211074791828947e+54 7.211074791828947e+54 7.211074791828947e+54 7.194489780036983e+54 7.161434102128968e+54 7.112135136533237e+54 7.079457843841403e+54 7.046930689671452e+54 7.014552984199657e+54 6.982324040771733e+54 6.950243175887948e+54 6.934258060165708e+54 6.902398038402398e+54 6.886522963442777e+54 6.870684400142374e+54 6.839116472814306e+54 6.760829753919791e+54 6.65273156201742e+54 6.561452663029057e+54 6.501296903430943e+54 6.426877173170194e+54 6.382634861905483e+54 6.338697112569264e+54 6.295061828571968e+54 6.251726927756848e+54 6.251726927756848e+54 6.251726927756848e+54 6.251726927756848e+54 6.237348354824216e+54 6.237348354824216e+54 6.237348354824216e+54 6.237348354824216e+54 6.22300285169155e+54 6.22300285169155e+54 6.194410750767837e+54 6.137620051647895e+54 6.081350012787164e+54 6.039486293763782e+54 5.997910762555076e+54 5.942921586155739e+54 5.902010801718454e+54 5.861381645140297e+54 5.8479008414448476e+54 5.8210321777087214e+54 5.7942869642687856e+54 5.7676646339225445e+54 5.74116462207328e+54 5.74116462207328e+54 5.701642722807478e+54 5.675446054085442e+54 5.610479760324735e+54 5.571857489319327e+54 5.533501092157394e+54 5.495408738576271e+54 5.47015962893971e+54 5.445026528424176e+54 5.4200089040162604e+54 5.407543229455771e+54 5.382697825162903e+54 
# total_gas_kinetic_energy_list
2.3295382953416163e+57 1.0392733993267531e+59 2.2049086431352544e+59 1.2780958156232711e+59 6.657470288512435e+58 3.1756226483720324e+58 1.4194252899947117e+58 6.04793324042743e+57 2.4876220267928782e+57 9.980261529466482e+56 3.949393559974303e+56 1.567494895638706e+56 6.433902462478658e+55 2.8840832304079835e+55 1.5170555757971537e+55 9.776950112003276e+54 3.079090187664772e+55 6.072620077026019e+55 8.295469076885518e+55 1.005308039715187e+56 1.1510816073119185e+56 1.2760326032410812e+56 1.3861022126490874e+56 1.4862623438374466e+56 1.5757819105932698e+56 1.5846799862564084e+56 1.5933872112047636e+56 1.6023400708395761e+56 1.6100694518843665e+56 1.6186107787706292e+56 1.6269415548055135e+56 1.635352603004339e+56 1.6436381910266641e+56 1.6597907150985403e+56 1.7362366355306646e+56 1.875060854745751e+56 1.9958816821861646e+56 2.1050290192143177e+56 2.2033024301173426e+56 2.330371050551839e+56 2.4416425860673634e+56 2.5419080632683396e+56 2.573920207283892e+56 2.631801146909477e+56 2.711819791157309e+56 2.784088718775801e+56 2.827401791437541e+56 2.8470775108024437e+56 2.9243887390838288e+56 3.005390958199791e+56 3.1412805421358635e+56 3.2456624630519795e+56 3.3316784525137244e+56 3.4060590421195117e+56 3.471667901333581e+56 3.525811214103348e+56 3.577007495103321e+56 3.6219854789555525e+56 3.663927402827012e+56 
