# time_axis
5.999999999999999 7.0 7.30102999566398 7.477121254719661 7.602059991327962 7.698970004336018 7.778151250383643 7.845098040014256 7.903089986991943 7.954242509439324 8.0 8.041392685158224 8.079181246047623 8.113943352306837 8.146128035678238 8.176091259055681 8.301029995663981 8.47712125471966 8.60205999132796 8.698970004336019 8.778151250383644 8.845098040014257 8.903089986991942 8.954242509439323 8.999999999999998 9.004321373782641 9.008600171761916 9.012837224705171 9.017033339298779 9.021189299069936 9.02530586526477 9.02938377768521 9.033423755486949 9.041392685158224 9.079181246047623 9.146128035678236 9.204119982655923 9.255272505103305 9.301029995663981 9.361727836017593 9.414973347970816 9.462397997898954 9.477121254719663 9.505149978319904 9.544068044350274 9.57978359661681 9.60205999132796 9.612783856719734 9.653212513775342 9.698970004336017 9.778151250383642 9.845098040014257 9.903089986991944 9.954242509439325 10.0 10.041392685158225 10.079181246047623 10.113943352306835 10.146128035678236 
# total_gas_mass_list
8.602310340709769 10.259728783226302 10.586485053363374 10.349702036308212 10.066474069090471 9.745026443942239 9.39534775423715 9.02490130152101 8.63923242819314 8.2429196083931 7.840974285843978 7.440973273480488 7.05676959819848 6.712776918812114 6.4403071802453145 6.256096206182635 6.75310888654745 7.042984409110238 7.175615833833887 7.259286645850564 7.319195409912812 7.365042906132452 7.4016122559452615 7.432124786972519 7.457639291248845 7.460056289735621 7.4624153310769445 7.46480011849905 7.466923771095712 7.4691992351318035 7.471415084681301 7.473636586456497 7.475823068947816 7.480044498088423 7.499436747393867 7.532343507244844 7.55886659430768 7.581271755408901 7.600376945456995 7.62388837220793 7.643397636218172 7.660239988467868 7.665446387864538 7.674759527283848 7.68727799472441 7.698215880784243 7.70466319543884 7.707569387579352 7.718785882205648 7.730285698882784 7.7488674285784 7.762678673952147 7.7738153562441505 7.783222269087805 7.791365748206132 7.797935931667344 7.804255740697402 7.809689246876317 7.814642600885235 
# ejected_gas_mass_list
-10.0 -10.0 3.8656737053721653 5.867470258417828 6.471135962297822 6.735140515536592 6.879431975160205 6.974512642559886 7.0471758418540205 7.1043679749026465 7.150604346197119 7.188728347173592 7.220725683525194 7.248067063894442 7.271796944236452 7.292648843236001 7.369545573785316 7.45930261651034 7.515042054009367 7.555345933451999 7.586676641599235 7.612040546503612 7.633124305467975 7.6512877574996585 7.666869982250097 7.6683645212878435 7.669826282014582 7.67130706378618 7.672628292504155 7.674046678051645 7.6754305919847585 7.6768206955094636 7.6781914826480495 7.680845329854581 7.693159018443256 7.714509186600744 7.732126870162313 7.747288149289799 7.760414466431256 7.776813745973966 7.790623423097829 7.8026898357957695 7.806446597938464 7.813197795451022 7.822334941813081 7.830376310616641 7.835141294229728 7.837295180378278 7.845642962409542 7.854258483522686 7.868299480041054 7.878829976005195 7.887378740921088 7.894639138870329 7.900953222828261 7.906066743152612 7.911001515895971 7.915256761342826 7.919146001958399 
# stellar_mass_list
-10.0 6.505400327701712 8.170480289729651 8.571841192367437 8.542175356308947 8.507806887905357 8.47806775261077 8.45361228559732 8.433084071844625 8.415579492118297 8.400389216792544 8.387097469321937 8.375360551248795 8.364878708880484 8.355442076853771 8.34686627673222 8.312470420223415 8.265822368936455 8.232501237110187 8.206000984886183 8.183736614359585 8.164428467412304 8.147320455722241 8.131887592585745 8.117796254867047 8.116434122236752 8.115097384473327 8.113790657594265 8.112488222894031 8.11119842733543 8.109911345869603 8.108614628796811 8.107316260596573 8.104785453808836 8.0927335786715 8.070737144880205 8.051129493509638 8.033076898948293 8.016573786138729 7.994077997683754 7.973377627120745 7.954237045245295 7.947949515192579 7.9363645279807375 7.91920018263131 7.90341170583052 7.893029233863332 7.8882609621856865 7.86838827699712 7.846027870291211 7.8031467120228895 7.765254821867649 7.733273512372083 7.704809291058525 7.678693584442047 7.6567941496197784 7.635475928942918 7.616560634667118 7.599605069268518 
# remnant_mass_list
-10.0 -10.0 5.05951106295706 7.176212855522114 7.714273647028844 7.876453477495077 7.950629840449314 7.9895827906085035 8.012287595691687 8.027168369713378 8.037960041480435 8.046405719691528 8.053359636322257 8.059282840255575 8.064447479059806 8.069024944178164 8.086330876131855 8.107555241990902 8.121284190647984 8.131439217945594 8.139476208759541 8.146093361428342 8.1517054651138 8.156567356615446 8.16084636921399 8.16125417227606 8.161649893747448 8.162036308237866 8.162418000274437 8.162796972506106 8.163175854594227 8.16355568452985 8.163935006743037 8.164669812695317 8.168101719700644 8.17411201640407 8.179202408789557 8.183682889702416 8.187605121303024 8.192705795984685 8.197162388276876 8.20108845999481 8.202346227642375 8.204603157732853 8.207833844537355 8.210683359512615 8.212509731215746 8.21332546940419 8.216659353832933 8.220204569989415 8.226524282245942 8.23156606526896 8.235429442839395 8.238606435512615 8.24132952856348 8.243437234753372 8.245398816667889 8.24703564946558 8.248415527196903 
# BH_mass_list
-10.0 -10.0 4.8187695295164295 7.033048261853008 7.554008525448474 7.67408534152341 7.714980508633706 7.728759859335773 7.733107177374878 7.734337258523119 7.734630171576653 7.73468853500497 7.734695776931006 7.73469650822414 7.734696634160312 7.734696648991527 7.734696649213103 7.734696649213103 7.734696649213103 7.734696649213103 7.734696649213103 7.734696649213103 7.734696649213103 7.734696649213103 7.734696649213103 7.734696649213103 7.734696649213103 7.734696649213103 7.734696649213103 7.734696649213103 7.734696649213103 7.734696649213103 7.734696649213103 7.734696649213103 7.734696649213103 7.734696649213103 7.734696649213103 7.734696649213103 7.734696649213103 7.734696649213103 7.734696649213103 7.734696649213103 7.734696649213103 7.734696649213103 7.734696649213103 7.734696649213103 7.734696649213103 7.734696649213103 7.734696649213103 7.734696649213103 7.734696649213103 7.734696649213103 7.734696649213103 7.734696649213103 7.734696649213103 7.734696649213103 7.734696649213103 7.734696649213103 7.734696649213103 
# NS_mass_list
-10.0 -10.0 4.688453244029431 6.624646512061579 7.203657238879906 7.447526614562272 7.571768240493939 7.636923976634691 7.66707407247698 7.680350427563312 7.685824806736319 7.687923758919157 7.688663846665683 7.688906242834405 7.688975392402309 7.688999106396885 7.689008070147178 7.689008070147178 7.689008070147178 7.689008070147178 7.689008070147178 7.689008070147178 7.689008070147178 7.689008070147178 7.689008070147178 7.689008070147178 7.689008070147178 7.689008070147178 7.689008070147178 7.689008070147178 7.689008070147178 7.689008070147178 7.689008070147178 7.689008070147178 7.689008070147178 7.689008070147178 7.689008070147178 7.689008070147178 7.689008070147178 7.689008070147178 7.689008070147178 7.689008070147178 7.689008070147178 7.689008070147178 7.689008070147178 7.689008070147178 7.689008070147178 7.689008070147178 7.689008070147178 7.689008070147178 7.689008070147178 7.689008070147178 7.689008070147178 7.689008070147178 7.689008070147178 7.689008070147178 7.689008070147178 7.689008070147178 7.689008070147178 
# WD_mass_list
-10.0 -10.0 -10.0 -10.0 -10.0 3.163682053826895 4.855300813123344 5.867078769728335 6.365768530188821 6.634651032540232 6.802494777862891 6.916280300762461 6.998205624606957 7.060098873918239 7.108822904014054 7.148418570151368 7.275049124563651 7.397045450142377 7.463337586762221 7.507732049494164 7.540564674226199 7.566267488564962 7.587220290723905 7.604795734257131 7.6198516353215595 7.621267237233727 7.622637768602463 7.623973105689453 7.625289266378358 7.626593253991742 7.627894162131652 7.62919555957725 7.630492468445251 7.632997018880428 7.644561609462765 7.664310058570848 7.680563628731719 7.694533801195298 7.706518817400597 7.72178088529922 7.734831067842748 7.746118576229326 7.749694679569684 7.7560642468964955 7.765078611811191 7.772931319704716 7.7779174002521865 7.780132753114691 7.78911351428064 7.798537655423679 7.815029002856414 7.827915754323778 7.837636091996154 7.845532775002843 7.852233835854899 7.857378831429402 7.8621350927863 7.866080687064796 7.8693906995547875 
