# time_axis
1000000 10000000 20000000 30000000 40000000 50000000 60000000 70000000 80000000 90000000 100000000 110000000 120000000 130000000 140000000 150000000 200000000 300000000 400000000 500000000 600000000 700000000 800000000 900000000 1000000000 1010000000 1020000000 1030000000 1040000000 1050000000 1060000000 1070000000 1080000000 1100000000 1200000000 1400000000 1600000000 1800000000 2000000000 2300000000 2600000000 2900000000 3000000000 3200000000 3500000000 3800000000 4000000000 4100000000 4500000000 5000000000 6000000000 7000000000 8000000000 9000000000 10000000000 11000000000 12000000000 13000000000 14000000000 
# SNIa_energy_release_list
0 0.0 0.0 0.0 0.0 0.0 8.1557844029861e+53 3.771024607936156e+54 8.489124123187572e+54 1.4229633456798e+55 2.050821131006977e+55 2.7006402721617943e+55 3.351620365661343e+55 3.990427242087489e+55 4.6088101802677365e+55 5.201983194197408e+55 7.749460880054067e+55 1.0980825892947196e+56 1.3050386568935713e+56 1.4583998052992632e+56 1.5804304744196594e+56 1.6818279863666485e+56 1.768584402720356e+56 1.844408634729304e+56 1.9117543370989496e+56 1.9180920919975523e+56 1.924364901017103e+56 1.9305732583947653e+56 1.9367183923989231e+56 1.9428018596866963e+56 1.9488241718302547e+56 1.9547865247795411e+56 1.960690535356731e+56 1.9723284036283544e+56 2.027371607977686e+56 2.124358539968493e+56 2.207894543284836e+56 2.281258662613502e+56 2.3466678716310955e+56 2.433155900118952e+56 2.5087913994974467e+56 2.5759967393762503e+56 2.5968399430364485e+56 2.6364708454261017e+56 2.6914238301866473e+56 2.7417962510250613e+56 2.773186856521216e+56 2.788289670133621e+56 2.8451835648003853e+56 2.909508709579508e+56 3.020661235754691e+56 3.114484779432462e+56 3.1956805043094954e+56 3.2672463186085328e+56 3.3312019667349906e+56 3.3890502633926973e+56 3.4418328742826623e+56 3.4903666156180973e+56 3.5352898340411097e+56 
# SNII_energy_release_list
0 0.0 6.59938133653587e+53 3.735756832291316e+54 1.0284438134732339e+55 1.9887554855544232e+55 3.05569804393249e+55 3.966423380700265e+55 4.685899386245067e+55 5.254289610788409e+55 5.703323039234778e+55 6.058065380563312e+55 6.338318406715459e+55 6.559725381730027e+55 6.73464434946983e+55 6.872838041022464e+55 7.124215666928846e+55 7.124215666928846e+55 7.124215666928846e+55 7.124215666928846e+55 7.124215666928846e+55 7.124215666928846e+55 7.124215666928846e+55 7.124215666928846e+55 7.124215666928846e+55 7.124215666928846e+55 7.124215666928846e+55 7.124215666928846e+55 7.124215666928846e+55 7.124215666928846e+55 7.124215666928846e+55 7.124215666928846e+55 7.124215666928846e+55 7.124215666928846e+55 7.124215666928846e+55 7.124215666928846e+55 7.124215666928846e+55 7.124215666928846e+55 7.124215666928846e+55 7.124215666928846e+55 7.124215666928846e+55 7.124215666928846e+55 7.124215666928846e+55 7.124215666928846e+55 7.124215666928846e+55 7.124215666928846e+55 7.124215666928846e+55 7.124215666928846e+55 7.124215666928846e+55 7.124215666928846e+55 7.124215666928846e+55 7.124215666928846e+55 7.124215666928846e+55 7.124215666928846e+55 7.124215666928846e+55 7.124215666928846e+55 7.124215666928846e+55 7.124215666928846e+55 7.124215666928846e+55 
# SN_energy_per_current_crossing_time_list
0.0 0.0 3.234650346037747e+54 1.1473820580069056e+55 2.1207323380429083e+55 2.8493024588347767e+55 2.9938451702220776e+55 2.4753972544046285e+55 1.9220325826114237e+55 1.505397887167266e+55 1.1870889250134029e+55 9.413227953923804e+54 7.500750840056133e+54 6.003603086823428e+54 4.8260919625967115e+54 3.8964783647273664e+54 1.7012030138330768e+54 3.014786027827578e+53 1.9534527915072145e+53 1.4621379894079084e+53 1.1738546641788933e+53 9.83288090635807e+52 8.475825876344757e+52 7.459115066887552e+52 6.66809970189327e+52 6.279135291180785e+52 6.218638552274507e+52 6.158522505589874e+52 6.099531073849905e+52 6.042003301253987e+52 5.984911608739896e+52 5.928939346521129e+52 5.874486981953532e+52 5.796732082918122e+52 5.515124551703423e+52 4.911571399319203e+52 4.2721483262204314e+52 3.7863388763550886e+52 3.4044664973504746e+52 3.0360360814935285e+52 2.6833896785676977e+52 2.4077332080345334e+52 2.2473643080008852e+52 2.1492390715601786e+52 2.0038993372918763e+52 1.8510284467777072e+52 1.7388975054819043e+52 1.6769893235708402e+52 1.5938316446889127e+52 1.4559767947246862e+52 1.280592953296607e+52 1.0972909402318102e+52 9.623083527862554e+51 8.587093362136783e+51 7.764773539625616e+51 7.095292425642369e+51 6.540552231040292e+51 6.070518669981688e+51 5.667179345791705e+51 
# SN_energy_per_final_crossing_time_list
0.0 0.0 2.2200770659097534e+54 1.034726469576379e+55 2.2030212273099048e+55 3.230554214998587e+55 3.5995565486756624e+55 3.1010261001775166e+55 2.4798865801309704e+55 1.9845216307452273e+55 1.589785069142557e+55 1.2753538776294127e+55 1.0249131783996287e+55 8.254153507432393e+54 6.664499791055594e+54 5.3972333885344235e+54 2.3340447910762505e+54 4.076449930043506e+53 2.6108039293588676e+53 1.9346902630787714e+53 1.5394482226989819e+53 1.2791556473306374e+53 1.0944544672756011e+53 9.565421548948979e+52 8.495833266068546e+52 7.995240528370161e+52 7.913309634441263e+52 7.83200223338302e+52 7.75224432442912e+52 7.674450178397252e+52 7.59730139379358e+52 7.521661330749724e+52 7.448060930390248e+52 7.340734815228873e+52 6.94384155376828e+52 6.117575243767973e+52 5.269140649792071e+52 4.6275360089586505e+52 4.125769828850806e+52 3.6368956181283336e+52 3.180537481013432e+52 2.826042059154656e+52 2.6294236572928096e+52 2.4997700450005324e+52 2.3108200403338197e+52 2.1182034071624778e+52 1.9800027398367592e+52 1.9052587141378302e+52 1.7943277222540474e+52 1.6229564341300995e+52 1.4022176564488537e+52 1.1836080929750736e+52 1.0243049165729292e+52 9.028211221226867e+51 8.068169219223149e+51 7.297711150629489e+51 6.658661884726857e+51 6.122656081320959e+51 5.667179345791705e+51 
# total_energy_release_list
0 0 6.59938133653587e+53 3.735756832291316e+54 1.0284438134732339e+55 1.9887554855544232e+55 3.137255887962351e+55 4.3435258414938804e+55 5.534811798563824e+55 6.677252956468209e+55 7.754144170241755e+55 8.758705652725106e+55 9.689938772376801e+55 1.0550152623817516e+56 1.1343454529737568e+56 1.2074821235219871e+56 1.4873676546982912e+56 1.8105041559876041e+56 2.017460223586456e+56 2.1708213719921476e+56 2.292852041112544e+56 2.394249553059533e+56 2.4810059694132406e+56 2.5568302014221884e+56 2.624175903791834e+56 2.630513658690437e+56 2.6367864677099873e+56 2.64299482508765e+56 2.649139959091808e+56 2.6552234263795807e+56 2.6612457385231393e+56 2.667208091472426e+56 2.6731121020496155e+56 2.684749970321239e+56 2.7397931746705705e+56 2.8367801066613776e+56 2.9203161099777206e+56 2.9936802293063866e+56 3.05908943832398e+56 3.1455774668118367e+56 3.2212129661903313e+56 3.288418306069135e+56 3.309261509729333e+56 3.3488924121189862e+56 3.403845396879532e+56 3.454217817717946e+56 3.4856084232141004e+56 3.5007112368265054e+56 3.55760513149327e+56 3.6219302762723926e+56 3.7330828024475757e+56 3.8269063461253465e+56 3.90810207100238e+56 3.979667885301418e+56 4.043623533427875e+56 4.1014718300855815e+56 4.154254440975547e+56 4.202788182310982e+56 4.247711400733995e+56 
# binding_energy_list
8.550667128846876e+54 8.550667128846876e+54 8.550667128846876e+54 8.550667128846876e+54 8.550667128846876e+54 8.550667128846876e+54 8.531001140175843e+54 8.531001140175843e+54 8.531001140175843e+54 8.531001140175843e+54 8.531001140175843e+54 8.51138038202376e+54 8.51138038202376e+54 8.51138038202376e+54 8.51138038202376e+54 8.491804750363178e+54 8.472274141405911e+54 8.433347577642791e+54 8.394599865193965e+54 8.375292821268861e+54 8.336811846196331e+54 8.317637711026743e+54 8.298507675144166e+54 8.260379495771817e+54 8.241381150129963e+54 8.241381150129963e+54 8.241381150129963e+54 8.241381150129963e+54 8.241381150129963e+54 8.241381150129963e+54 8.241381150129963e+54 8.222426499470695e+54 8.222426499470695e+54 8.222426499470695e+54 8.20351544329821e+54 8.165823713585906e+54 8.128305161640929e+54 8.109610578538388e+54 8.072350302488317e+54 8.035261221856194e+54 7.99834255007026e+54 7.96159350417325e+54 7.94328234724279e+54 7.925013304804734e+54 7.90678627999831e+54 7.870457896951001e+54 7.852356346100775e+54 7.852356346100775e+54 7.816278045883308e+54 7.780365510398008e+54 7.72680585095699e+54 7.691304402866145e+54 7.638357835776954e+54 7.603262769401822e+54 7.568328950209705e+54 7.533555637337217e+54 7.498942093324558e+54 7.464487584100623e+54 7.447319739059888e+54 
# total_gas_kinetic_energy_list
1.5237098334911527e+59 4.275585603982492e+59 4.2668225697996265e+59 3.370793262881039e+59 2.662934605230283e+59 2.1037305910619065e+59 1.6619631042620402e+59 1.3129700329914448e+59 1.0372683320959219e+59 8.194663508060073e+58 6.474045965255498e+58 5.114770959546228e+58 4.04095229346525e+58 3.1926408473890953e+58 2.522477578572997e+58 1.9930493853753185e+58 1.99446756354052e+58 1.9969674752839235e+58 1.9991223893941967e+58 2.0010075532919372e+58 2.0026919905170162e+58 2.0042233970359e+58 2.0056513080353993e+58 2.0069995539272916e+58 2.0082813694043508e+58 2.0084064060389095e+58 2.008530029566076e+58 2.0086527346943382e+58 2.0087749662483557e+58 2.0088970596476802e+58 2.0090192835722462e+58 2.009141701617809e+58 2.0092636140876913e+58 2.0095030893492846e+58 2.0106715369492875e+58 2.0128727796965217e+58 2.0148991368696502e+58 2.0167993801576934e+58 2.0185737730307057e+58 2.0210015333149066e+58 2.0232204027081278e+58 2.0252621284400814e+58 2.0259272917154867e+58 2.0271621576763893e+58 2.0289376954035408e+58 2.0305074386476156e+58 2.0315155776735273e+58 2.0319638597308978e+58 2.033779579493535e+58 2.035717146387346e+58 2.0390994125366984e+58 2.041877383163616e+58 2.044356877143661e+58 2.046677498814149e+58 2.0489040809688945e+58 2.0508448802720295e+58 2.052800197563392e+58 2.0545924601685152e+58 2.0562379425143572e+58 
