# time_axis
1000000 10000000 20000000 30000000 40000000 50000000 60000000 70000000 80000000 90000000 100000000 110000000 120000000 130000000 140000000 150000000 200000000 300000000 400000000 500000000 600000000 700000000 800000000 900000000 1000000000 1010000000 1020000000 1030000000 1040000000 1050000000 1060000000 1070000000 1080000000 1100000000 1200000000 1400000000 1600000000 1800000000 2000000000 2300000000 2600000000 2900000000 3000000000 3200000000 3500000000 3800000000 4000000000 4100000000 4500000000 5000000000 6000000000 7000000000 8000000000 9000000000 10000000000 11000000000 12000000000 13000000000 14000000000 
# SNIa_energy_release_list
0 0.0 0.0 0.0 0.0 0.0 1.2451637017284563e+54 5.88190174013873e+55 1.6982501834615118e+56 2.9786557168979743e+56 4.227081345567881e+56 5.3711877408952515e+56 6.39955589633558e+56 7.322525463246752e+56 8.15544277780874e+56 8.912776363108537e+56 1.1914433169141071e+57 1.585013074319763e+57 1.8511681517857685e+57 2.05262324060724e+57 2.214783476903904e+57 2.3505076942148504e+57 2.4672259138901884e+57 2.5696108799722962e+57 2.6608061281780113e+57 2.669397019262127e+57 2.677904288284779e+57 2.6863272237081108e+57 2.6946651780954647e+57 2.7029215334243564e+57 2.7110963588807522e+57 2.7191902171034116e+57 2.7272063812898467e+57 2.7430129118035092e+57 2.817853747224241e+57 2.9499913863544582e+57 3.0640494951890108e+57 3.164383956238527e+57 3.253955995406002e+57 3.372535214220741e+57 3.47635138616321e+57 3.5686772532037695e+57 3.5973315724505804e+57 3.6518047113892764e+57 3.72739980885635e+57 3.796727707751675e+57 3.839940786320803e+57 3.860734851695687e+57 3.939099483745073e+57 4.0277235916197984e+57 4.180958984914867e+57 4.310377351177483e+57 4.422408452844943e+57 4.5211949031551146e+57 4.609473170453391e+57 4.689363751768967e+57 4.762257805435574e+57 4.829296823941954e+57 4.891353151307152e+57 
# SNII_energy_release_list
0 0.0 1.862504042716616e+54 8.806912081214122e+55 2.5803353042968133e+56 4.501160254620617e+56 6.254152509885136e+56 7.399259865197064e+56 7.963576175210082e+56 8.211236850091867e+56 8.313291535889949e+56 8.353753104515132e+56 8.369469423965774e+56 8.375660042226938e+56 8.378146313603752e+56 8.379274513017347e+56 8.380391835350527e+56 8.380391835350527e+56 8.380391835350527e+56 8.380391835350527e+56 8.380391835350527e+56 8.380391835350527e+56 8.380391835350527e+56 8.380391835350527e+56 8.380391835350527e+56 8.380391835350527e+56 8.380391835350527e+56 8.380391835350527e+56 8.380391835350527e+56 8.380391835350527e+56 8.380391835350527e+56 8.380391835350527e+56 8.380391835350527e+56 8.380391835350527e+56 8.380391835350527e+56 8.380391835350527e+56 8.380391835350527e+56 8.380391835350527e+56 8.380391835350527e+56 8.380391835350527e+56 8.380391835350527e+56 8.380391835350527e+56 8.380391835350527e+56 8.380391835350527e+56 8.380391835350527e+56 8.380391835350527e+56 8.380391835350527e+56 8.380391835350527e+56 8.380391835350527e+56 8.380391835350527e+56 8.380391835350527e+56 8.380391835350527e+56 8.380391835350527e+56 8.380391835350527e+56 8.380391835350527e+56 8.380391835350527e+56 8.380391835350527e+56 8.380391835350527e+56 8.380391835350527e+56 
# SN_energy_per_current_crossing_time_list
0.0 0.0 6.833425078077445e+54 2.281282335961805e+56 4.134898401696371e+56 4.6005899583892574e+56 4.223563905812139e+56 2.84203921866583e+56 1.4934862656000596e+56 7.366454394091243e+55 3.744516532292965e+55 2.1146317625705609e+55 1.3872286074253108e+55 1.0498328458190001e+55 8.729723234312713e+54 7.6875137077668e+54 6.057230081510202e+54 4.059235934159242e+54 2.8081209337201374e+54 2.163972849753537e+54 1.768083278857764e+54 1.4988727264799361e+54 1.3035562993450726e+54 1.155009415696108e+54 1.03816647100452e+54 9.788364795378567e+53 9.701271746498813e+53 9.613079748800707e+53 9.523948819887405e+53 9.438534663913256e+53 9.3530677606526e+53 9.26812915828229e+53 9.18679893564175e+53 9.07181522873829e+53 8.656321062533818e+53 7.74719988369892e+53 6.767360065374388e+53 6.0169425565237556e+53 5.423232208418284e+53 4.84645959434887e+53 4.290279053052691e+53 3.853223404870306e+53 3.5991287126126263e+53 3.440528896646534e+53 3.2089851155599086e+53 2.9640094621193696e+53 2.783653212653531e+53 2.684357646200582e+53 2.549509337055267e+53 2.326274616594494e+53 2.0407106875806426e+53 1.7440289936792937e+53 1.5255503256269197e+53 1.3582783781751451e+53 1.224826977155936e+53 1.1173391905309946e+53 1.027661557380816e+53 9.520107090396325e+52 8.87225796986325e+52 
# SN_energy_per_final_crossing_time_list
0.0 0.0 7.100910646182711e+54 3.286680021894263e+56 6.479997133133648e+56 7.323262675614484e+56 6.685170478069038e+56 4.448105811774202e+56 2.310196907021015e+56 1.1272823966542106e+56 5.675784519340616e+55 3.1783629347662356e+55 2.0694629951634274e+55 1.5556003442891506e+55 1.28562120610628e+55 1.1257810338357814e+55 8.668197398958251e+54 5.626907948145437e+54 3.8052469547072244e+54 2.880224456157846e+54 2.3184218434506183e+54 1.9404633175501453e+54 1.6687325833006388e+54 1.463808558908681e+54 1.3038279931476754e+54 1.2282486754448787e+54 1.2162931419354716e+54 1.2042358791153886e+54 1.1920860515997763e+54 1.180419748943455e+54 1.168763337877079e+54 1.1571873678623137e+54 1.1460793703159843e+54 1.1299380923756268e+54 1.0700072445879212e+54 9.445928172583454e+53 8.153503503193166e+53 7.172461370939418e+53 6.403104019544545e+53 5.651131608212895e+53 4.947568862165686e+53 4.399975229249175e+53 4.0967379653713866e+53 3.894040798193991e+53 3.602636692939668e+53 3.303960716678857e+53 3.0891094995115454e+53 2.972949255641093e+53 2.8009683330272504e+53 2.5341362623226113e+53 2.1908224304452413e+53 1.850307906175117e+53 1.6017203673563085e+53 1.4123602028863555e+53 1.2621236123007905e+53 1.1422039893254244e+53 1.0421739024180369e+53 9.584638529037404e+52 8.87225796986325e+52 
# total_energy_release_list
0 0 1.862504042716616e+54 8.806912081214122e+55 2.5803353042968133e+56 4.501160254620617e+56 6.266604146902421e+56 7.987450039210937e+56 9.661826358671594e+56 1.118989256698984e+57 1.2540372881457829e+57 1.3724940845410383e+57 1.4769025320301354e+57 1.5698185505473692e+57 1.653358909141249e+57 1.7292050876125882e+57 2.02948250044916e+57 2.4230522578548157e+57 2.689207335320821e+57 2.8906624241422928e+57 3.0528226604389566e+57 3.188546877749903e+57 3.305265097425241e+57 3.4076500635073486e+57 3.498845311713064e+57 3.507436202797179e+57 3.515943471819832e+57 3.524366407243164e+57 3.532704361630518e+57 3.540960716959409e+57 3.549135542415805e+57 3.557229400638464e+57 3.565245564824899e+57 3.581052095338562e+57 3.655892930759294e+57 3.7880305698895106e+57 3.902088678724064e+57 4.00242313977358e+57 4.091995178941054e+57 4.210574397755794e+57 4.314390569698263e+57 4.406716436738822e+57 4.4353707559856334e+57 4.489843894924329e+57 4.565438992391403e+57 4.6347668912867275e+57 4.677979969855855e+57 4.69877403523074e+57 4.777138667280126e+57 4.8657627751548515e+57 5.018998168449919e+57 5.148416534712535e+57 5.260447636379996e+57 5.359234086690167e+57 5.447512353988443e+57 5.52740293530402e+57 5.600296988970626e+57 5.667336007477007e+57 5.729392334842205e+57 
# binding_energy_list
8.9536476554959e+54 8.9536476554959e+54 8.9536476554959e+54 8.933054837332963e+54 8.912509381337514e+54 8.871560120379617e+54 8.85115609830841e+54 8.830799004185586e+54 8.790225168308896e+54 8.770008211436303e+54 8.749837752274363e+54 8.729713683881166e+54 8.709635899560761e+54 8.709635899560761e+54 8.68960429286302e+54 8.669618757582214e+54 8.609937521846052e+54 8.51138038202376e+54 8.452788451602891e+54 8.394599865193965e+54 8.336811846196331e+54 8.298507675144166e+54 8.260379495771817e+54 8.222426499470695e+54 8.20351544329821e+54 8.20351544329821e+54 8.20351544329821e+54 8.184647881347836e+54 8.184647881347836e+54 8.184647881347836e+54 8.184647881347836e+54 8.184647881347836e+54 8.184647881347836e+54 8.165823713585906e+54 8.147042840208421e+54 8.090958991783846e+54 8.053784411990643e+54 8.016780633876855e+54 7.979946872679785e+54 7.94328234724279e+54 7.90678627999831e+54 7.870457896951001e+54 7.852356346100775e+54 7.834296427662088e+54 7.816278045883308e+54 7.798301105232642e+54 7.780365510398008e+54 7.762471166286928e+54 7.744617978025239e+54 7.709034690644309e+54 7.673614893618154e+54 7.638357835776954e+54 7.603262769401822e+54 7.568328950209705e+54 7.533555637337217e+54 7.516228940182015e+54 7.481695005111584e+54 7.464487584100623e+54 7.447319739059888e+54 
# total_gas_kinetic_energy_list
2.932714957753284e+57 1.3078691306713366e+59 1.4779143989392684e+59 8.317679263209167e+58 3.874861461719434e+58 1.6499088306235083e+58 6.664580532025783e+57 2.6007867966538385e+57 9.908597775573802e+56 3.7124367282629277e+56 1.376517573904877e+56 5.09760572896871e+55 1.9141600872323794e+55 7.562657038627981e+54 7.917460483437882e+54 5.266986919041351e+54 5.836878938768846e+55 1.3638393891314799e+56 1.9467805385531327e+56 2.408011058761754e+56 2.7906538517430674e+56 3.1175265699433705e+56 3.4097106162159913e+56 3.6736945744096987e+56 3.9150493706632856e+56 3.9382700719692275e+56 3.960868569965957e+56 3.9831363063168e+56 4.0053003927706095e+56 4.027497164650104e+56 4.049730506270857e+56 4.07207718830261e+56 4.094537944992386e+56 4.1373152467763775e+56 4.342966446156836e+56 4.716017761482064e+56 5.042851443736648e+56 5.33815773034633e+56 5.606387881494483e+56 5.951196741668216e+56 6.2577783664796925e+56 6.529997961833975e+56 6.617916556446955e+56 6.7748774532925e+56 6.996934530644755e+56 7.190022280663268e+56 7.309457295800291e+56 7.362747208447078e+56 7.574812131706896e+56 7.794574491533192e+56 8.162621179788566e+56 8.454379375381358e+56 8.71432912976111e+56 8.9586167048566e+56 9.18919217123759e+56 9.392869604160783e+56 9.596989540737054e+56 9.785022521082115e+56 9.96163359447106e+56 
