# time_axis
5.999999999999999 7.0 7.30102999566398 7.477121254719661 7.602059991327962 7.698970004336018 7.778151250383643 7.845098040014256 7.903089986991943 7.954242509439324 8.0 8.041392685158224 8.079181246047623 8.113943352306837 8.146128035678238 8.176091259055681 8.301029995663981 8.47712125471966 8.60205999132796 8.698970004336019 8.778151250383644 8.845098040014257 8.903089986991942 8.954242509439323 8.999999999999998 9.004321373782641 9.008600171761916 9.012837224705171 9.017033339298779 9.021189299069936 9.02530586526477 9.02938377768521 9.033423755486949 9.041392685158224 9.079181246047623 9.146128035678236 9.204119982655923 9.255272505103305 9.301029995663981 9.361727836017593 9.414973347970816 9.462397997898954 9.477121254719663 9.505149978319904 9.544068044350274 9.57978359661681 9.60205999132796 9.612783856719734 9.653212513775342 9.698970004336017 9.778151250383642 9.845098040014257 9.903089986991944 9.954242509439325 10.0 10.041392685158225 10.079181246047623 10.113943352306835 10.146128035678236 
# total_gas_mass_list
8.702310340709769 10.359566267255827 10.412828077200032 10.163216979673816 9.83164042801964 9.461267315062653 9.068460607852115 8.661757550718741 8.247423459237543 7.832707530760512 7.429792201287144 7.060821397341672 6.758313579162906 6.547236194777977 6.4207483123280795 6.348298971855758 7.046068675132606 7.379231895485836 7.525202594354627 7.615958327752606 7.680380761811699 7.729269641135198 7.768541659704456 7.800988860274229 7.828526769498108 7.831078231460575 7.833547154518358 7.83596443890098 7.838355157927218 7.840734645005486 7.843105183273742 7.8454726532382555 7.847833437847096 7.852300278475643 7.873120481902754 7.908283242099966 7.936675631265662 7.960580484550946 7.981041222483434 8.006031146635234 8.026954478728323 8.044715337183153 8.050320512522605 8.060025248517837 8.073427205517449 8.084728764174983 8.091568766406597 8.094589806213612 8.10636392522833 8.118215512032586 8.137276526432693 8.151745034102522 8.164248331687832 8.175649813638476 8.186000067874877 8.195115048289855 8.204068599596832 8.212110476829073 8.219527825041816 
# ejected_gas_mass_list
-10.0 -10.0 4.519084106390845 6.1984472603702025 6.729707331540757 7.004849381444967 7.1656060277970415 7.271914767028063 7.349705208874698 7.410377462329521 7.459479259195846 7.5001428501396195 7.5344687537812645 7.563951588051071 7.589679057036375 7.612409847898669 7.697035929253251 7.79660418658431 7.858359932822992 7.902868168697165 7.937334074513967 7.965066663535778 7.98831511812396 8.00816534445615 8.025460321968795 8.027083328044174 8.028657131035002 8.030201157466465 8.03173126674209 8.033257195791107 8.034780365942291 8.036304528413117 8.037827331655496 8.040716656918413 8.054321702419685 8.077806479033063 8.097224591113784 8.113881307700035 8.12835679379558 8.14630411674311 8.161552198007515 8.17465039057492 8.17881310608258 8.186052923244887 8.196117986418779 8.20466530570039 8.209864570845637 8.212167179993296 8.221177463920116 8.230304519855903 8.245102497537044 8.256431078229184 8.266286341289703 8.275325110225133 8.283572770609426 8.290868946632969 8.298065468763829 8.304553896320606 8.31055889947046 
# stellar_mass_list
-10.0 7.100250349381806 8.764860719318499 9.041220008028253 9.107366805431255 9.116046170249128 9.107778752248095 9.095834813286661 9.084382613204276 9.074407576760201 9.065889996995647 9.058569468301531 9.052185237992406 9.046531433686342 9.041456202394336 9.036849160478328 9.018458125983486 8.994048132375976 8.97723282341059 8.964308884736143 8.953766516417147 8.944841844856636 8.93708471347235 8.930208199375146 8.924018735159668 8.923426964282468 8.922853217242524 8.922289844712887 8.92173002732675 8.921170026112538 8.920608457496934 8.920044361122017 8.919481700589197 8.918404002965595 8.913269170406284 8.904069877338337 8.896053630869712 8.888853449406676 8.882420121778912 8.873852335593826 8.866190638551917 8.85930571096698 8.857072757495448 8.853030887078145 8.847177142548743 8.84189302775517 8.838505612144127 8.83696247772584 8.830644085788045 8.823764873635104 8.811241593268997 8.800597319360147 8.79129108060516 8.782741048334955 8.774640254469247 8.767708083623313 8.760777230613138 8.754526353504476 8.748811690012296 
# remnant_mass_list
-10.0 -10.0 5.721632605078199 7.391938515996583 7.785643715370488 7.963386603994299 8.058180284470742 8.114467995693996 8.151129152459683 8.177099055473935 8.19680476800595 8.212575933956423 8.22569499832037 8.236917894749286 8.246720263164656 8.255415052545779 8.288208482971282 8.32780890395103 8.352782931188036 8.370835066906942 8.384881969942386 8.396325737453537 8.405955673375738 8.414256672348182 8.421546177849859 8.422234479065919 8.422899953348335 8.42355183113404 8.424198308207835 8.424843785285654 8.425489902691218 8.426137879626697 8.426782957652032 8.428013714858741 8.433811034203961 8.443928180286115 8.452471459117076 8.459939479213027 8.466450245188101 8.474893433205386 8.482233878459914 8.488666112411023 8.490721440814292 8.49439727167257 8.499636519264271 8.504274483136122 8.507206162260161 8.508528617615653 8.513883222677116 8.519579658138786 8.529632635688802 8.537857291263162 8.544818240716939 8.551036643216158 8.556779443806018 8.561569860826918 8.566264272134838 8.570408370248675 8.574124346108531 
# BH_mass_list
-10.0 -10.0 5.487718063192317 7.154431806474877 7.477915836906554 7.590387788244505 7.634272914570933 7.651708615764653 7.658571521821555 7.661221501603068 7.662202920605686 7.662556853946077 7.6626717485485285 7.662702016797898 7.662710425191722 7.662715596838682 7.662719461722734 7.662719461722734 7.662719461722734 7.662719461722734 7.662719461722734 7.662719461722734 7.662719461722734 7.662719461722734 7.662719461722734 7.662719461722734 7.662719461722734 7.662719461722734 7.662719461722734 7.662719461722734 7.662719461722734 7.662719461722734 7.662719461722734 7.662719461722734 7.662719461722734 7.662719461722734 7.662719461722734 7.662719461722734 7.662719461722734 7.662719461722734 7.662719461722734 7.662719461722734 7.662719461722734 7.662719461722734 7.662719461722734 7.662719461722734 7.662719461722734 7.662719461722734 7.662719461722734 7.662719461722734 7.662719461722734 7.662719461722734 7.662719461722734 7.662719461722734 7.662719461722734 7.662719461722734 7.662719461722734 7.662719461722734 7.662719461722734 
# NS_mass_list
-10.0 -10.0 5.341185123460898 7.01647528852873 7.491209871728342 7.724035162972346 7.850998806161076 7.913881935084073 7.941242440168247 7.9526021211730855 7.9571585591865315 7.958933707071558 7.959607971262655 7.959860581646392 7.95995252115528 7.959988483487806 7.96001806303886 7.96001806303886 7.96001806303886 7.96001806303886 7.96001806303886 7.96001806303886 7.96001806303886 7.96001806303886 7.96001806303886 7.96001806303886 7.96001806303886 7.96001806303886 7.96001806303886 7.96001806303886 7.96001806303886 7.96001806303886 7.96001806303886 7.96001806303886 7.96001806303886 7.96001806303886 7.96001806303886 7.96001806303886 7.96001806303886 7.96001806303886 7.96001806303886 7.96001806303886 7.96001806303886 7.96001806303886 7.96001806303886 7.96001806303886 7.96001806303886 7.96001806303886 7.96001806303886 7.96001806303886 7.96001806303886 7.96001806303886 7.96001806303886 7.96001806303886 7.96001806303886 7.96001806303886 7.96001806303886 7.96001806303886 7.96001806303886 
# WD_mass_list
-10.0 -10.0 -10.0 -10.0 -10.0 3.7112578138746417 5.474187931108331 6.518493230337836 6.940361257317896 7.171733018748259 7.317644493526169 7.418129811219653 7.491916058392042 7.548822452623705 7.594436441832555 7.632101798672382 7.75572983054821 7.878058936898508 7.945027492338073 7.9897756527335 8.022816943072055 8.048720091551932 8.069876015947846 8.087676687718853 8.1029962239935 8.104428268342454 8.105810494065269 8.107162272631554 8.108500705449469 8.109834945321232 8.111168394548507 8.112503566890151 8.113830672294805 8.11635692306588 8.128156669335546 8.148369865129133 8.165083764648125 8.17944305919395 8.191779927228403 8.207537973280521 8.221027326349141 8.232693868147951 8.236392413535402 8.242972469334765 8.252276172081359 8.260440495445229 8.265567351646466 8.26787159632943 8.277148812015884 8.286927718549785 8.303966386912863 8.317707257098542 8.329203157920608 8.33937294839422 8.348683987663504 8.356393127374826 8.363898103239569 8.370483365911973 8.37635713684182 
