# time_axis
1000000 10000000 20000000 30000000 40000000 50000000 60000000 70000000 80000000 90000000 100000000 110000000 120000000 130000000 140000000 150000000 200000000 300000000 400000000 500000000 600000000 700000000 800000000 900000000 1000000000 1010000000 1020000000 1030000000 1040000000 1050000000 1060000000 1070000000 1080000000 1100000000 1200000000 1400000000 1600000000 1800000000 2000000000 2300000000 2600000000 2900000000 3000000000 3200000000 3500000000 3800000000 4000000000 4100000000 4500000000 5000000000 6000000000 7000000000 8000000000 9000000000 10000000000 11000000000 12000000000 13000000000 14000000000 
# SNIa_energy_release_list
0 0.0 0.0 0.0 0.0 0.0 3.835393424543662e+55 1.0790149738325076e+56 1.8204809060472883e+56 2.5188763321463443e+56 3.1516248078074175e+56 3.7194714349334994e+56 4.230047808235969e+56 4.691953608904737e+56 5.112876747451888e+56 5.499194958527206e+56 7.0611708378059684e+56 9.16697405533923e+56 1.0616999541749708e+57 1.1724538546830367e+57 1.262102143057725e+57 1.3374035947873634e+57 1.4023335696070515e+57 1.4594051891008387e+57 1.5103204336807142e+57 1.5151229591265404e+57 1.5198778081941368e+57 1.5245843191435464e+57 1.5292451141807734e+57 1.5338598337052876e+57 1.5384287298553283e+57 1.5429540668923243e+57 1.547436580106754e+57 1.5562775445888867e+57 1.5981573131325504e+57 1.6721886632377155e+57 1.73617100541591e+57 1.7925110215023734e+57 1.842844479638694e+57 1.909525521563539e+57 1.9679461768172562e+57 2.019929077364079e+57 2.0360700745170897e+57 2.0667552751338685e+57 2.1093521053607783e+57 2.1484275449939787e+57 2.1727881077769174e+57 2.1845134758813164e+57 2.2287131549787575e+57 2.278697217902466e+57 2.3651542627873103e+57 2.4382080136121942e+57 2.5014586104640906e+57 2.557244622264649e+57 2.6071141301769528e+57 2.6522260018046002e+57 2.6934036259173468e+57 2.7312771787769996e+57 2.7663375641416338e+57 
# SNII_energy_release_list
0 0.0 9.767644924534108e+55 2.4070146949790032e+56 3.5540205777051033e+56 4.387160951197864e+56 4.850354444289289e+56 5.049584213668824e+56 5.135301331453726e+56 5.1721869245677144e+56 5.188060870222118e+56 5.194895183928894e+56 5.1978753411853135e+56 5.19919857942485e+56 5.199784592411449e+56 5.20007280770342e+56 5.200295016915235e+56 5.200295016915235e+56 5.200295016915235e+56 5.200295016915235e+56 5.200295016915235e+56 5.200295016915235e+56 5.200295016915235e+56 5.200295016915235e+56 5.200295016915235e+56 5.200295016915235e+56 5.200295016915235e+56 5.200295016915235e+56 5.200295016915235e+56 5.200295016915235e+56 5.200295016915235e+56 5.200295016915235e+56 5.200295016915235e+56 5.200295016915235e+56 5.200295016915235e+56 5.200295016915235e+56 5.200295016915235e+56 5.200295016915235e+56 5.200295016915235e+56 5.200295016915235e+56 5.200295016915235e+56 5.200295016915235e+56 5.200295016915235e+56 5.200295016915235e+56 5.200295016915235e+56 5.200295016915235e+56 5.200295016915235e+56 5.200295016915235e+56 5.200295016915235e+56 5.200295016915235e+56 5.200295016915235e+56 5.200295016915235e+56 5.200295016915235e+56 5.200295016915235e+56 5.200295016915235e+56 5.200295016915235e+56 5.200295016915235e+56 5.200295016915235e+56 5.200295016915235e+56 
# SN_energy_per_current_crossing_time_list
0.0 0.0 1.1381384752244472e+56 1.7793979538348978e+56 1.5177011022148016e+56 1.1534248295748086e+56 6.830026567382355e+55 3.300542076201125e+55 1.6939175186342702e+55 9.551451388914131e+54 6.0702475941753616e+54 4.3562609085634485e+54 3.4575317915083726e+54 2.9364931102179926e+54 2.59656958778971e+54 2.3584863206581804e+54 1.9248251464430524e+54 1.3349974037308618e+54 9.390995781299248e+53 7.288263158378105e+53 5.974694141984786e+53 5.0713536058010234e+53 4.412011250075735e+53 3.9080905825526035e+53 3.5104889070531975e+53 3.3133192756033923e+53 3.2824632169140345e+53 3.2510995586091843e+53 3.2215053192833057e+53 3.191624504444174e+53 3.1618831630988864e+53 3.133661886474027e+53 3.105851198499315e+53 3.0663758580345724e+53 2.9210906266185926e+53 2.6068034072988995e+53 2.2713657047497735e+53 2.0142387853158912e+53 1.8106130571298197e+53 1.6118539043395912e+53 1.4218277805397293e+53 1.2726701439923001e+53 1.1877727712574034e+53 1.1327859831632674e+53 1.0532398667730413e+53 9.701123190099859e+52 9.094506103166848e+52 8.76475718325582e+52 8.296552034658111e+52 7.540664606530884e+52 6.572180427561025e+52 5.587555297086838e+52 4.863867147055505e+52 4.311110029719141e+52 3.8719623483474415e+52 3.516715420772239e+52 3.2228158437635983e+52 2.9750989919322205e+52 2.763328156082039e+52 
# SN_energy_per_final_crossing_time_list
0.0 0.0 2.0529310945759584e+56 3.006052263850491e+56 2.4107387814594115e+56 1.751066702469731e+56 1.0037537977956558e+56 4.7354927947548234e+55 2.3859695021841703e+55 1.3256982137618158e+55 8.323419363935207e+54 5.911967570640162e+54 4.650531124283514e+54 3.918682190960412e+54 3.440724660324608e+54 3.105391464992731e+54 2.471522318145291e+54 1.6597151633272257e+54 1.1428557364564903e+54 8.729207294411787e+53 7.065742057137451e+53 5.934978169642796e+53 5.117537235455854e+53 4.498171124481338e+53 4.012948729973134e+53 3.78517054126199e+53 3.7475938070162795e+53 3.7094955141398975e+53 3.673463945746705e+53 3.637148953694971e+53 3.60103268755203e+53 3.566701027395587e+53 3.532948895632239e+53 3.484058407561526e+53 3.3008063768643942e+53 2.9174367601893048e+53 2.521424191352891e+53 2.2202544431083238e+53 1.9835472516137354e+53 1.7518499270279078e+53 1.5348323554766788e+53 1.3656991237822774e+53 1.2721728936028075e+53 1.2092462469751196e+53 1.1191074969815094e+53 1.026593227909666e+53 9.600041234002244e+52 9.241495632844934e+52 8.709132577230455e+52 7.879112964444748e+52 6.81422020714399e+52 5.757822809484543e+52 4.98517495891942e+52 4.396844345e+52 3.930527685615048e+52 3.5555486269122183e+52 3.245465984697938e+52 2.98505147332211e+52 2.763328156082039e+52 
# total_energy_release_list
0 0 9.767644924534108e+55 2.4070146949790032e+56 3.5540205777051033e+56 4.387160951197864e+56 5.2338937867436545e+56 6.128599187501331e+56 6.955782237501014e+56 7.691063256714059e+56 8.339685678029535e+56 8.914366618862393e+56 9.427923149421282e+56 9.891152188329587e+56 1.0312661339863337e+57 1.0699267766230626e+57 1.2261465854721203e+57 1.4367269072254465e+57 1.5817294558664942e+57 1.6924833563745603e+57 1.7821316447492484e+57 1.857433096478887e+57 1.922363071298575e+57 1.9794346907923623e+57 2.0303499353722378e+57 2.035152460818064e+57 2.0399073098856604e+57 2.0446138208350698e+57 2.049274615872297e+57 2.053889335396811e+57 2.058458231546852e+57 2.062983568583848e+57 2.0674660817982774e+57 2.07630704628041e+57 2.1181868148240738e+57 2.192218164929239e+57 2.2562005071074335e+57 2.3125405231938968e+57 2.3628739813302174e+57 2.4295550232550625e+57 2.4879756785087796e+57 2.5399585790556025e+57 2.556099576208613e+57 2.586784776825392e+57 2.6293816070523018e+57 2.668457046685502e+57 2.692817609468441e+57 2.7045429775728398e+57 2.748742656670281e+57 2.7987267195939893e+57 2.8851837644788338e+57 2.9582375153037177e+57 3.021488112155614e+57 3.0772741239561725e+57 3.1271436318684762e+57 3.1722555034961236e+57 3.21343312760887e+57 3.2513066804685234e+57 3.286367065833157e+57 
# binding_energy_list
8.790225168308896e+54 8.790225168308896e+54 8.770008211436303e+54 8.709635899560761e+54 8.629785477669702e+54 8.570378452303692e+54 8.531001140175843e+54 8.491804750363178e+54 8.452788451602891e+54 8.433347577642791e+54 8.413951416451895e+54 8.375292821268861e+54 8.356030182312423e+54 8.336811846196331e+54 8.317637711026743e+54 8.317637711026743e+54 8.241381150129963e+54 8.147042840208421e+54 8.090958991783846e+54 8.035261221856194e+54 7.99834255007026e+54 7.96159350417325e+54 7.94328234724279e+54 7.90678627999831e+54 7.888601176185516e+54 7.888601176185516e+54 7.888601176185516e+54 7.888601176185516e+54 7.870457896951001e+54 7.870457896951001e+54 7.870457896951001e+54 7.870457896951001e+54 7.870457896951001e+54 7.870457896951001e+54 7.852356346100775e+54 7.816278045883308e+54 7.780365510398008e+54 7.762471166286928e+54 7.744617978025239e+54 7.709034690644309e+54 7.691304402866145e+54 7.673614893618154e+54 7.673614893618154e+54 7.655966069112569e+54 7.638357835776954e+54 7.620790100254084e+54 7.620790100254084e+54 7.620790100254084e+54 7.603262769401822e+54 7.585775750291883e+54 7.550922276654341e+54 7.533555637337217e+54 7.516228940182015e+54 7.498942093324558e+54 7.498942093324558e+54 7.481695005111584e+54 7.464487584100623e+54 7.447319739059888e+54 7.447319739059888e+54 
# total_gas_kinetic_energy_list
4.278785394632788e+59 4.262741043442543e+59 1.8330625101161283e+59 7.883589563382087e+58 3.391245301436727e+58 1.4592695110973142e+58 6.283268400083686e+57 2.708926302409713e+57 1.1710320684774246e+57 5.090017100887788e+56 2.237020254136267e+56 1.0049569590794783e+56 4.7079120217619043e+55 2.3746565531653756e+55 1.340709323650434e+55 8.699945415814863e+54 2.065533796192737e+55 3.693136752799882e+55 4.810593636699756e+55 5.644606510271638e+55 6.305953014356718e+55 6.852717225916717e+55 7.324470407036731e+55 7.738386833568334e+55 8.109823955094568e+55 8.144113121746633e+55 8.178023931443477e+55 8.211762594460926e+55 8.245497898336854e+55 8.279268725542545e+55 8.313139529797151e+55 8.346866559454586e+55 8.379471891959984e+55 8.442292560992801e+55 8.745341035821272e+55 9.280784281455466e+55 9.737437364498888e+55 1.0137964953091661e+56 1.048901560055662e+56 1.0940934673746993e+56 1.1328204451629776e+56 1.1664771978277895e+56 1.1772805705205555e+56 1.1961468050162593e+56 1.2224688727502179e+56 1.245143218880156e+56 1.2588924381971387e+56 1.2650791461475924e+56 1.2892025561126498e+56 1.3139052254709702e+56 1.3542293247008654e+56 1.3856040318405219e+56 1.4134659383876165e+56 1.4394496106859556e+56 1.4644256705561274e+56 1.4860428969191632e+56 1.5076000683690676e+56 1.5277557399216107e+56 1.546146042034805e+56 
