# time_axis
5.999999999999999 7.0 7.30102999566398 7.477121254719661 7.602059991327962 7.698970004336018 7.778151250383643 7.845098040014256 7.903089986991943 7.954242509439324 8.0 8.041392685158224 8.079181246047623 8.113943352306837 8.146128035678238 8.176091259055681 8.301029995663981 8.47712125471966 8.60205999132796 8.698970004336019 8.778151250383644 8.845098040014257 8.903089986991942 8.954242509439323 8.999999999999998 9.004321373782641 9.008600171761916 9.012837224705171 9.017033339298779 9.021189299069936 9.02530586526477 9.02938377768521 9.033423755486949 9.041392685158224 9.079181246047623 9.146128035678236 9.204119982655923 9.255272505103305 9.301029995663981 9.361727836017593 9.414973347970816 9.462397997898954 9.477121254719663 9.505149978319904 9.544068044350274 9.57978359661681 9.60205999132796 9.612783856719734 9.653212513775342 9.698970004336017 9.778151250383642 9.845098040014257 9.903089986991944 9.954242509439325 10.0 10.041392685158225 10.079181246047623 10.113943352306835 10.146128035678236 
# total_gas_mass_list
10.87444351720968 10.87281196586409 10.506301501507165 10.139859299833654 9.773521340172769 9.407331654479357 9.041425427340123 8.676101223597923 8.311961376079115 7.950225273988547 7.59330754722112 7.245912837213626 6.91665877988844 6.619325952803083 6.370716270988692 6.182415191067475 6.555261934118578 6.804109900456812 6.918311732758105 6.989363508163997 7.039420946738211 7.0772200804705605 7.10725651957003 7.1318636062623835 7.152706025448589 7.154583805378147 7.156425794496277 7.158250781605481 7.160065353152093 7.1618722212703325 7.163674797915983 7.165461544684908 7.167183656932071 7.170483163911853 7.185998691479356 7.212031664632196 7.232903434641353 7.250284002734895 7.264905292109729 7.2829825699473005 7.297879905659965 7.310446162774211 7.314419382136208 7.321230068500891 7.330505158222383 7.338389679522459 7.343107844714324 7.345227173542591 7.353340999693662 7.361550327888071 7.374633611592791 7.384596433381697 7.3932293785827214 7.401082468796009 7.408445013948088 7.414740953277662 7.420875459424771 7.426540202521092 7.431643798247786 
# ejected_gas_mass_list
-10.0 -10.0 6.192378564779486 6.643040615095907 6.84765589442859 6.956719333888257 7.0267082971518775 7.077409914951774 7.116526180163379 7.147884915679305 7.173623670658057 7.195191064059919 7.2136059459847806 7.229589079592801 7.243650978323879 7.256165153039576 7.303334708554974 7.359543329176438 7.394458685306341 7.419511217342939 7.438782852340451 7.454249643837818 7.467110718154772 7.478027578919438 7.4875441406718455 7.488413723473716 7.489268693534672 7.490117688565943 7.490963730134784 7.491808055029236 7.4926522394745545 7.493490849154739 7.494300855508217 7.4958575524414846 7.50326154143472 7.5159953976290375 7.5264864043177875 7.535413884142033 7.543058558701932 7.552679781348105 7.560749165922659 7.567654389950686 7.569856408463168 7.573651869485709 7.578863023805218 7.583331193818712 7.586021779699541 7.587234436862363 7.5919004565344625 7.596659041480579 7.604320819907327 7.610219210849593 7.6153748139697655 7.620100475792995 7.624561800827447 7.628400417964555 7.632161468099588 7.635652733450374 7.638813095889221 
# stellar_mass_list
-10.0 8.454227113826493 8.589394161236294 8.488015421681755 8.397347542528081 8.32953701633876 8.280884645792556 8.245758015591418 8.219590668689493 8.199291086927722 8.182899862599937 8.169202001924852 8.157437763403575 8.14711979644924 8.13792960928519 8.129639565604533 8.09719879329522 8.055759957526483 8.02847720581408 8.008255872675756 7.9922471510648885 7.9790486056236265 7.967816849759762 7.958086824091849 7.949446002107344 7.948651016299725 7.947869485550957 7.947091845837952 7.9463142601566465 7.945535561735958 7.944754669124901 7.943977554251068 7.943227655168551 7.941785383725957 7.934849976476436 7.922685608598461 7.9122966017225105 7.903228549274414 7.895259447297903 7.8848396661403735 7.8757431493184304 7.867744112985227 7.865167491069854 7.860594141869694 7.854039624000858 7.848180156312052 7.844509001037425 7.8428317129528295 7.836069797060978 7.828815010151745 7.815992828143994 7.805357592642442 7.796070515891867 7.787538186595252 7.779430504492312 7.772517190071131 7.7655813498169675 7.7593486926823925 7.753631736796446 
# remnant_mass_list
-10.0 -10.0 7.504521895838305 7.8427055784823105 7.962296679267926 8.017934032217406 8.047548808747187 8.0650186940553 8.076370307824284 8.084379391953465 8.090434845805946 8.095263600143427 8.099264764553732 8.102674735220573 8.105649238089942 8.108282651326736 8.11813088553691 8.129727612973399 8.136801772992579 8.141776976087456 8.14556176672235 8.148583411277766 8.151087163087755 8.153206427405273 8.155052188525389 8.15521990413545 8.155384385859115 8.155547853311647 8.155711244681777 8.155874808466454 8.156038814077851 8.156201840526293 8.15635845793684 8.156658157621932 8.158089383968909 8.16054853235198 8.162597795710981 8.164349273645067 8.165858713920093 8.16779223938248 8.169445960633608 8.17087264210359 8.171329388950543 8.172126896902352 8.173261842655473 8.174259951301767 8.174879691727028 8.175159059984379 8.176286950164119 8.177470508686296 8.179526347043964 8.18118619547919 8.182607725418755 8.183897649791616 8.185112900420172 8.18612345257174 8.187136478182872 8.18803083470269 8.18883932522846 
# BH_mass_list
-10.0 -10.0 7.360642658992396 7.6608576451567485 7.745293268421034 7.777102119993172 7.790100442324578 7.795576571994914 7.797911183483775 7.7988900132184655 7.799292467571471 7.799451373558341 7.799504494027466 7.799513585277222 7.799517844818747 7.799519992781892 7.799521204538687 7.799521204538687 7.799521204538687 7.799521204538687 7.799521204538687 7.799521204538687 7.799521204538687 7.799521204538687 7.799521204538687 7.799521204538687 7.799521204538687 7.799521204538687 7.799521204538687 7.799521204538687 7.799521204538687 7.799521204538687 7.799521204538687 7.799521204538687 7.799521204538687 7.799521204538687 7.799521204538687 7.799521204538687 7.799521204538687 7.799521204538687 7.799521204538687 7.799521204538687 7.799521204538687 7.799521204538687 7.799521204538687 7.799521204538687 7.799521204538687 7.799521204538687 7.799521204538687 7.799521204538687 7.799521204538687 7.799521204538687 7.799521204538687 7.799521204538687 7.799521204538687 7.799521204538687 7.799521204538687 7.799521204538687 7.799521204538687 
# NS_mass_list
-10.0 -10.0 6.954780376432895 7.376873690551656 7.556985769808536 7.646034226206821 7.686920286296866 7.703388038229492 7.7102848459635664 7.713210918869308 7.714454159441675 7.71497927417175 7.715198344826415 7.71528473319558 7.715317749710579 7.715331875340544 7.715341426561126 7.715341426561126 7.715341426561126 7.715341426561126 7.715341426561126 7.715341426561126 7.715341426561126 7.715341426561126 7.715341426561126 7.715341426561126 7.715341426561126 7.715341426561126 7.715341426561126 7.715341426561126 7.715341426561126 7.715341426561126 7.715341426561126 7.715341426561126 7.715341426561126 7.715341426561126 7.715341426561126 7.715341426561126 7.715341426561126 7.715341426561126 7.715341426561126 7.715341426561126 7.715341426561126 7.715341426561126 7.715341426561126 7.715341426561126 7.715341426561126 7.715341426561126 7.715341426561126 7.715341426561126 7.715341426561126 7.715341426561126 7.715341426561126 7.715341426561126 7.715341426561126 7.715341426561126 7.715341426561126 7.715341426561126 7.715341426561126 
# WD_mass_list
-10.0 -10.0 -10.0 -10.0 -10.0 4.992792667757638 6.102021049258848 6.50273757175302 6.708678950119585 6.835280163839215 6.921283542838674 6.983780260172435 7.031493405104348 7.0693404603143675 7.1002716099924355 7.126158789280374 7.21252117421056 7.298081807359554 7.343971555260585 7.373966443615274 7.395685520752745 7.412405831433116 7.42587281841326 7.4370126268746874 7.4465301740313405 7.4473867206748015 7.448225434208832 7.449057688013538 7.4498882759478935 7.450718464506662 7.451549618342829 7.452374546731593 7.453165862693326 7.45467689241322 7.4618353793614745 7.473919438836856 7.483789223217069 7.4920864707619605 7.499138319368209 7.508042170292781 7.515545986516072 7.521939503898236 7.523971023111518 7.527500628913966 7.532485730736741 7.536833608512397 7.539516505122839 7.5407217552127825 7.545561761620454 7.550596616756479 7.559237607156689 7.566120034001794 7.57194931819852 7.577188285176424 7.582080825562314 7.586117986252891 7.590137018004451 7.593662297544284 7.596830861917344 
