# time_axis
1000000 10000000 20000000 30000000 40000000 50000000 60000000 70000000 80000000 90000000 100000000 110000000 120000000 130000000 140000000 150000000 200000000 300000000 400000000 500000000 600000000 700000000 800000000 900000000 1000000000 1010000000 1020000000 1030000000 1040000000 1050000000 1060000000 1070000000 1080000000 1100000000 1200000000 1400000000 1600000000 1800000000 2000000000 2300000000 2600000000 2900000000 3000000000 3200000000 3500000000 3800000000 4000000000 4100000000 4500000000 5000000000 6000000000 7000000000 8000000000 9000000000 10000000000 11000000000 12000000000 13000000000 14000000000 
# SNIa_energy_release_list
0 0.0 0.0 0.0 0.0 0.0 3.187684788180467e+52 3.0012255059612262e+53 1.3324904129140066e+54 3.8344333263852184e+54 7.279542053778549e+54 1.1628907910590209e+55 1.6881857317449934e+55 2.3008917201388152e+55 2.9952673242262664e+55 3.7637375913703797e+55 8.411168220065317e+55 1.4704279474264065e+56 1.8303781821990912e+56 2.0855463243371444e+56 2.2836988077455813e+56 2.4458180922134225e+56 2.583040332963021e+56 2.702025199136628e+56 2.807062030690483e+56 2.816919529454165e+56 2.826670164928013e+56 2.836316507413776e+56 2.845860412014294e+56 2.8553049455074647e+56 2.8646505494978886e+56 2.873898867878835e+56 2.883053085185533e+56 2.9010859553997425e+56 2.986186585473475e+56 3.1354648783994714e+56 3.2634390162168523e+56 3.375427332827107e+56 3.4749941001058143e+56 3.606302927436483e+56 3.7208509648820056e+56 3.8224397627351854e+56 3.8539012414115687e+56 3.913745436897885e+56 3.996546165887161e+56 4.072395157948531e+56 4.119623958480104e+56 4.142340145141335e+56 4.227840958283617e+56 4.324465492509629e+56 4.491210959884774e+56 4.631768585647291e+56 4.753324251947287e+56 4.860378981385609e+56 4.9560237777602016e+56 5.04247941765746e+56 5.1213449362727775e+56 5.193838839463739e+56 5.260924593300613e+56 
# SNII_energy_release_list
0 0.0 4.7681086403746826e+52 4.511782501607827e+53 2.010411017967478e+54 5.789245832816988e+54 1.0942577597523141e+55 1.7096025018639253e+55 2.3876930813325778e+55 3.079224917564331e+55 3.803767785276768e+55 4.550435333655345e+55 5.305309623039233e+55 6.056411415357644e+55 6.794257877881173e+55 7.511605520213005e+55 9.02006212470213e+55 9.02006212470213e+55 9.02006212470213e+55 9.02006212470213e+55 9.02006212470213e+55 9.02006212470213e+55 9.02006212470213e+55 9.02006212470213e+55 9.02006212470213e+55 9.02006212470213e+55 9.02006212470213e+55 9.02006212470213e+55 9.02006212470213e+55 9.02006212470213e+55 9.02006212470213e+55 9.02006212470213e+55 9.02006212470213e+55 9.02006212470213e+55 9.02006212470213e+55 9.02006212470213e+55 9.02006212470213e+55 9.02006212470213e+55 9.02006212470213e+55 9.02006212470213e+55 9.02006212470213e+55 9.02006212470213e+55 9.02006212470213e+55 9.02006212470213e+55 9.02006212470213e+55 9.02006212470213e+55 9.02006212470213e+55 9.02006212470213e+55 9.02006212470213e+55 9.02006212470213e+55 9.02006212470213e+55 9.02006212470213e+55 9.02006212470213e+55 9.02006212470213e+55 9.02006212470213e+55 9.02006212470213e+55 9.02006212470213e+55 9.02006212470213e+55 9.02006212470213e+55 
# SN_energy_per_current_crossing_time_list
0.0 0.0 3.389902042157331e+53 1.4620928239288224e+54 3.623396049731255e+54 7.431801374404357e+54 8.891368152794725e+54 9.534552695101849e+54 9.634075868661474e+54 9.177100297350067e+54 9.056289647842056e+54 8.873676006350172e+54 8.59988651461671e+54 8.25893064175776e+54 7.875556524810633e+54 7.46854615589225e+54 3.565753671177295e+54 2.6159433752613528e+53 1.53818490016087e+53 1.1130836615351756e+53 8.788662961945704e+52 7.291876035566749e+52 6.247299060694984e+52 5.475409570435314e+52 4.88025263644084e+52 4.5841766143612484e+52 4.538567069304532e+52 4.4940290771878735e+52 4.4502351924834095e+52 4.407753817939864e+52 4.3653620381872565e+52 4.3236250044951596e+52 4.2832831339233285e+52 4.225943345715693e+52 4.020684338352585e+52 3.577181402842452e+52 3.104934486873542e+52 2.7469990275334906e+52 2.466605243514847e+52 2.1969186749029275e+52 1.938236334696034e+52 1.7363529567708002e+52 1.618314055077439e+52 1.5483017181376703e+52 1.44001469794806e+52 1.3286206240777207e+52 1.2467376952312253e+52 1.2017445919431895e+52 1.139978867607318e+52 1.0395490958064992e+52 9.102971687797465e+51 7.765358348150971e+51 6.786471626798778e+51 6.035366049004359e+51 5.441023045858415e+51 4.958036561937721e+51 4.558756934102686e+51 4.2214363746058453e+51 3.932862514592318e+51 
# SN_energy_per_final_crossing_time_list
0.0 0.0 7.454067732604582e+52 6.307941818042219e+53 2.4375758898845693e+54 5.9075186378301776e+54 8.058162549868742e+54 9.635517852587816e+54 1.066123072374254e+55 1.0957513209868495e+55 1.1528872981851274e+55 1.1927763526680869e+55 1.2109032995409239e+55 1.2101301096258073e+55 1.1941956532041653e+55 1.1664932442993953e+55 5.2612989755215585e+54 3.689299133759416e+53 2.1101868943717655e+53 1.4959080933533895e+53 1.161657176969931e+53 9.504146861440713e+52 8.044572445660303e+52 6.975417181952613e+52 6.15772192817851e+52 5.778900162558749e+52 5.716252192946635e+52 5.655111047485171e+52 5.595057445056402e+52 5.53680172297472e+52 5.478804888968139e+52 5.421771777639164e+52 5.366605581191768e+52 5.285831584186163e+52 4.988973945183764e+52 4.3756756756327165e+52 3.751203949225166e+52 3.282624307537325e+52 2.918521327804857e+52 2.565967364196807e+52 2.2384369100929986e+52 1.985194332767896e+52 1.844410520315015e+52 1.7541652264679805e+52 1.6180478695704668e+52 1.4822007186659113e+52 1.3843802044129792e+52 1.331722964784427e+52 1.253108610034056e+52 1.132911197723048e+52 9.775354089521093e+51 8.240107413053523e+51 7.126128814025325e+51 6.276019994372916e+51 5.6071194383851514e+51 5.06841059211791e+51 4.623444235422525e+51 4.249912061650146e+51 3.932862514592318e+51 
# total_energy_release_list
0 0 4.7681086403746826e+52 4.511782501607827e+53 2.010411017967478e+54 5.789245832816988e+54 1.0974454445404946e+55 1.7396147569235376e+55 2.5209421226239786e+55 3.4626682502028524e+55 4.531721990654623e+55 5.713326124714366e+55 6.993495354784226e+55 8.357303135496459e+55 9.78952520210744e+55 1.1275343111583385e+56 1.7431230344767448e+56 2.3724341598966196e+56 2.7323843946693043e+56 2.9875525368073573e+56 3.185705020215794e+56 3.3478243046836354e+56 3.4850465454332337e+56 3.604031411606841e+56 3.7090682431606957e+56 3.718925741924378e+56 3.728676377398226e+56 3.738322719883989e+56 3.747866624484507e+56 3.7573111579776776e+56 3.7666567619681015e+56 3.775905080349048e+56 3.785059297655746e+56 3.8030921678699554e+56 3.888192797943688e+56 4.037471090869685e+56 4.165445228687066e+56 4.2774335452973205e+56 4.377000312576027e+56 4.508309139906696e+56 4.6228571773522185e+56 4.724445975205398e+56 4.755907453881782e+56 4.815751649368098e+56 4.898552378357374e+56 4.974401370418744e+56 5.021630170950318e+56 5.0443463576115485e+56 5.12984717075383e+56 5.226471704979842e+56 5.393217172354987e+56 5.533774798117504e+56 5.6553304644175e+56 5.762385193855823e+56 5.858029990230415e+56 5.944485630127673e+56 6.023351148742991e+56 6.095845051933953e+56 6.162930805770826e+56 
# binding_energy_list
9.057326008982017e+54 9.057326008982017e+54 9.036494737223079e+54 9.036494737223079e+54 9.036494737223079e+54 9.015711376059534e+54 8.974287945007545e+54 8.9536476554959e+54 8.933054837332963e+54 8.912509381337514e+54 8.892011178579445e+54 8.871560120379617e+54 8.85115609830841e+54 8.830799004185586e+54 8.810488730080146e+54 8.790225168308896e+54 8.68960429286302e+54 8.570378452303692e+54 8.491804750363178e+54 8.413951416451895e+54 8.375292821268861e+54 8.317637711026743e+54 8.279421637123327e+54 8.241381150129963e+54 8.222426499470695e+54 8.20351544329821e+54 8.20351544329821e+54 8.20351544329821e+54 8.20351544329821e+54 8.20351544329821e+54 8.20351544329821e+54 8.20351544329821e+54 8.184647881347836e+54 8.184647881347836e+54 8.165823713585906e+54 8.109610578538388e+54 8.072350302488317e+54 8.035261221856194e+54 7.99834255007026e+54 7.94328234724279e+54 7.90678627999831e+54 7.870457896951001e+54 7.870457896951001e+54 7.852356346100775e+54 7.816278045883308e+54 7.798301105232642e+54 7.780365510398008e+54 7.762471166286928e+54 7.744617978025239e+54 7.709034690644309e+54 7.673614893618154e+54 7.638357835776954e+54 7.603262769401822e+54 7.568328950209705e+54 7.533555637337217e+54 7.516228940182015e+54 7.481695005111584e+54 7.464487584100623e+54 7.447319739059888e+54 
# total_gas_kinetic_energy_list
5.1497466820274575e+56 3.553357260879068e+57 1.1791754143333915e+58 2.3916735110255633e+58 1.9840064967722157e+58 2.1063500252809876e+58 2.2659964430561077e+58 2.3777335856489564e+58 2.4356687395283593e+58 2.4479138115360634e+58 2.423807640831108e+58 2.3716037260204106e+58 2.2982135883324218e+58 2.2093318228657773e+58 2.1096111510419954e+58 2.0028255361597538e+58 8.568740876691828e+58 1.607479735238281e+59 1.9122247699097462e+59 2.025256413702765e+59 2.0650290714235314e+59 2.078557916557824e+59 2.083060542535277e+59 2.0845441472344222e+59 2.0850374782970146e+59 2.0850635849638463e+59 2.0850871200721795e+59 2.085108352493645e+59 2.0851275292914276e+59 2.0851448707025062e+59 2.0851605719782035e+59 2.085174810872185e+59 2.0851877546483776e+59 2.085210281786171e+59 2.0852798547003045e+59 2.085340492010607e+59 2.0853788241522513e+59 2.0854115275949496e+59 2.085441301239407e+59 2.0854798763051487e+59 2.085513539799227e+59 2.0855434712747417e+59 2.0855528638746567e+59 2.0855705205142626e+59 2.0855949497044474e+59 2.0856158909539337e+59 2.0856293882449144e+59 2.0856351842188445e+59 2.0856581639231815e+59 2.0856822199454022e+59 2.0857222481412777e+59 2.0857538871532593e+59 2.0857820185278976e+59 2.0858084059782375e+59 2.08583314029072e+59 2.0858552573324012e+59 2.0858770283656593e+59 2.085897548659857e+59 2.0859164416228716e+59 
