# time_axis
5.999999999999999 7.0 7.30102999566398 7.477121254719661 7.602059991327962 7.698970004336018 7.778151250383643 7.845098040014256 7.903089986991943 7.954242509439324 8.0 8.041392685158224 8.079181246047623 8.113943352306837 8.146128035678238 8.176091259055681 8.301029995663981 8.47712125471966 8.60205999132796 8.698970004336019 8.778151250383644 8.845098040014257 8.903089986991942 8.954242509439323 8.999999999999998 9.004321373782641 9.008600171761916 9.012837224705171 9.017033339298779 9.021189299069936 9.02530586526477 9.02938377768521 9.033423755486949 9.041392685158224 9.079181246047623 9.146128035678236 9.204119982655923 9.255272505103305 9.301029995663981 9.361727836017593 9.414973347970816 9.462397997898954 9.477121254719663 9.505149978319904 9.544068044350274 9.57978359661681 9.60205999132796 9.612783856719734 9.653212513775342 9.698970004336017 9.778151250383642 9.845098040014257 9.903089986991944 9.954242509439325 10.0 10.041392685158225 10.079181246047623 10.113943352306835 10.146128035678236 
# total_gas_mass_list
7.90643927611633 8.787138800806021 9.312763048776512 9.620902395051237 9.54048630457238 9.566665790907047 9.598431439739898 9.619342228588337 9.629798584778129 9.631976884393657 9.627679093449283 9.618223175355864 9.604571504027708 9.587442092493433 9.567383550914991 9.544824218442374 10.176096426161287 10.449323044203384 10.524715502730777 10.549656029958522 10.558101969723976 10.560937871926726 10.56187761291183 10.562186752584424 10.562289426814552 10.562294853905913 10.562299745096373 10.562304156421785 10.562308139450534 10.56231173990827 10.562314998536571 10.562317952266573 10.562320635808678 10.562325302580449 10.562339662395557 10.56235200493335 10.562359669565124 10.562366135843735 10.562371968228792 10.562379514891823 10.562386054533178 10.562391867662583 10.56239369087899 10.562397099367077 10.562401807473623 10.562405840244743 10.56240843083414 10.562409546512724 10.562413950597408 10.562418554563742 10.562426172702681 10.562432167707637 10.562437496677603 10.562442482878513 10.562447102881352 10.562451292489548 10.562455429354156 10.562459309058541 10.562462880797359 
# ejected_gas_mass_list
-10.0 -10.0 2.92733302445333 3.926026390316811 4.597946654901902 5.078544705239772 5.384579338020434 5.595741728553606 5.760697911538646 5.897993753988838 6.015081172064785 6.116517931948876 6.2053761093185855 6.283946309807057 6.3539639470560525 6.416766514447799 6.615529410386158 6.775242961605435 6.856090411518798 6.909748194593516 6.949711168737645 6.981181071649529 7.0069336063209064 7.028681721785013 7.047390549611736 7.049122173974805 7.05083573821053 7.052526622366831 7.054195752692287 7.055842977832391 7.057467959816021 7.059072245047372 7.060662786324856 7.063793991670391 7.078352158263392 7.103225582215955 7.123716052370196 7.141024648701694 7.156138395502568 7.17495460898133 7.190626522543601 7.204098123212556 7.2082387009371205 7.215875205703075 7.226207438240335 7.234866349934689 7.240339031200603 7.242674857896266 7.251774717201088 7.261088125624129 7.2760735440256665 7.287513195458868 7.2974350879801175 7.306518004073426 7.314767694592152 7.322115805083837 7.329251497668243 7.335838786402221 7.3418161529815364 
# stellar_mass_list
-10.0 5.508499267444291 6.431417809155502 7.014883947511118 7.398679000545849 7.538436031421786 7.650743047848519 7.745040051298283 7.824100411014878 7.89065059365181 7.947038592239984 7.995136403378723 8.036407579673991 8.071998168989834 8.102815117495984 8.129584661575498 8.075744534323787 8.039670610726606 8.018737071519832 8.003653016615175 7.9917702173323235 7.9819254815699825 7.9734996702834895 7.966117847405635 7.959541390452435 7.958921878533427 7.9583068775671215 7.957698440109676 7.957096255612465 7.956500263191505 7.955910716882584 7.955327784223576 7.954748518982793 7.9536013672711 7.948182676744105 7.938580310882193 7.930239196684492 7.922854919743163 7.916204281912994 7.907341874428549 7.89954320445965 7.892516140720983 7.8903072819562965 7.88609839039828 7.880160791387354 7.874863035423861 7.871338015400459 7.869788583042841 7.8634757053743645 7.8565080487650105 7.8438947595693 7.83315688591627 7.823756611883272 7.815113983548634 7.807040100091925 7.800015501863313 7.793102607597323 7.786763933949904 7.78106283825798 
# remnant_mass_list
-10.0 -10.0 4.129881523140685 5.083329824995699 5.705243191322165 6.134372198747431 6.3623687596682 6.526129605385738 6.6568857519623235 6.765564995599264 6.857847847026846 6.937282514385517 7.006360468301984 7.0669318030373045 7.120412654680543 7.167912345208539 7.2748488332672 7.338304462832921 7.3709026433727205 7.392695264843554 7.408949433988118 7.421847129520718 7.4324989672493516 7.441551273905435 7.449404455681608 7.450134245412773 7.450857082508586 7.451570533711135 7.452275035906287 7.452970708748096 7.453657317006284 7.454334720001723 7.45500645728356 7.456332598820659 7.4625200705303465 7.473185039362023 7.48215013222532 7.489864937049244 7.496641376769128 7.505426637900001 7.512934183013072 7.519527844475542 7.521568088346096 7.525412828915197 7.530745203974738 7.53540888531033 7.538470589920089 7.539801730736459 7.545164554042099 7.550949126338247 7.561096365724906 7.5694093517046985 7.576452377347459 7.582746875786988 7.588476050756058 7.5933364761471696 7.598022321585643 7.602228998553196 7.605938145660745 
# BH_mass_list
-10.0 -10.0 3.895966981254802 4.830364630120071 5.428534110988418 5.829966259633742 6.006417064522254 6.138238005082406 6.246009948715732 6.336126987276439 6.41238682667586 6.477537593758321 6.5336544098527725 6.582330474010283 6.624806320299173 6.662061531498561 6.694880230178061 6.694880230178061 6.694880230178061 6.694880230178061 6.694880230178061 6.694880230178061 6.694880230178061 6.694880230178061 6.694880230178061 6.694880230178061 6.694880230178061 6.694880230178061 6.694880230178061 6.694880230178061 6.694880230178061 6.694880230178061 6.694880230178061 6.694880230178061 6.694880230178061 6.694880230178061 6.694880230178061 6.694880230178061 6.694880230178061 6.694880230178061 6.694880230178061 6.694880230178061 6.694880230178061 6.694880230178061 6.694880230178061 6.694880230178061 6.694880230178061 6.694880230178061 6.694880230178061 6.694880230178061 6.694880230178061 6.694880230178061 6.694880230178061 6.694880230178061 6.694880230178061 6.694880230178061 6.694880230178061 6.694880230178061 6.694880230178061 
# NS_mass_list
-10.0 -10.0 3.7494340415233824 4.728245823391411 5.378449064309768 5.8366088071223325 6.109194759085507 6.293324536866857 6.431618480900298 6.5392280539774745 6.628963947952939 6.705151387130992 6.770439065765115 6.826798314439235 6.875760926387409 6.918534439250761 6.992091651348357 6.992091651348357 6.992091651348357 6.992091651348357 6.992091651348357 6.992091651348357 6.992091651348357 6.992091651348357 6.992091651348357 6.992091651348357 6.992091651348357 6.992091651348357 6.992091651348357 6.992091651348357 6.992091651348357 6.992091651348357 6.992091651348357 6.992091651348357 6.992091651348357 6.992091651348357 6.992091651348357 6.992091651348357 6.992091651348357 6.992091651348357 6.992091651348357 6.992091651348357 6.992091651348357 6.992091651348357 6.992091651348357 6.992091651348357 6.992091651348357 6.992091651348357 6.992091651348357 6.992091651348357 6.992091651348357 6.992091651348357 6.992091651348357 6.992091651348357 6.992091651348357 6.992091651348357 6.992091651348357 6.992091651348357 6.992091651348357 
# WD_mass_list
-10.0 -10.0 -10.0 -10.0 -10.0 2.119506731937127 3.4229324265988246 4.2731179690738905 4.872865227068972 5.298986438581842 5.5662686760158895 5.763993507595127 5.922240567589704 6.054131284673397 6.166702897270999 6.26432340111261 6.608231588490897 6.846317483136621 6.940435513243269 6.996827504318444 7.036196278380261 7.066031354408934 7.089833798012199 7.1095162875967794 7.12621326685202 7.127747835681919 7.129264989146489 7.13075972880682 7.132233087760037 7.133685428458635 7.135116370306762 7.136525730284291 7.137920962679159 7.140668629405493 7.153371667599997 7.174833957317189 7.19247585596396 7.207382763548257 7.220277517186506 7.236731297935797 7.2505674719955255 7.2625565566224735 7.266236428143622 7.27313357308369 7.282620309997847 7.290844049237499 7.296206654305119 7.298529347311142 7.307833771983729 7.317776751780026 7.334994115610836 7.348895346788556 7.360535705592593 7.370836442716847 7.380130703149413 7.3879565850721916 7.395451385798841 7.402138936224075 7.40800415349653 
