# time_axis
1000000 10000000 20000000 30000000 40000000 50000000 60000000 70000000 80000000 90000000 100000000 200000000 300000000 400000000 500000000 600000000 700000000 800000000 900000000 1000000000 1010000000 1020000000 1030000000 1040000000 1050000000 1060000000 1070000000 1080000000 1100000000 1200000000 1400000000 1600000000 1800000000 2000000000 2300000000 2600000000 2900000000 3000000000 3200000000 3500000000 3800000000 4000000000 4100000000 4500000000 5000000000 6000000000 7000000000 8000000000 9000000000 10000000000 11000000000 12000000000 13000000000 14000000000 
# SNIa_energy_release_list
0 0.0 0.0 0.0 0.0 0.0 2.7103213854320914e+55 1.3001599628888137e+57 4.762571304718499e+57 1.0490397980965294e+58 1.8255706694254575e+58 1.2515880462059433e+59 1.815729227607574e+59 2.175218198164905e+59 2.440095942907879e+59 2.6500207889910676e+59 2.8239668715267685e+59 2.9724795800496863e+59 3.1020722864619976e+59 3.2170243491205373e+59 3.2278370845238405e+59 3.238535056457242e+59 3.2491228579279092e+59 3.2596017770931552e+59 3.2699741132747053e+59 3.2802417037675906e+59 3.290407204640515e+59 3.300472047843186e+59 3.3203100495153613e+59 3.414080514412865e+59 3.579150655349363e+59 3.7211726881915257e+59 3.8458019019999442e+59 3.956842613393049e+59 4.10357173134343e+59 4.231819069072348e+59 4.345716140005457e+59 4.381026289884687e+59 4.448158583037023e+59 4.541242172136535e+59 4.626526969431485e+59 4.6796699799746325e+59 4.705235509502438e+59 4.8015318089983625e+59 4.910372474915404e+59 5.098396918820278e+59 5.257058473596115e+59 5.39434893680888e+59 5.515322309477937e+59 5.623431870256688e+59 5.721199656800077e+59 5.810403354117217e+59 5.89241139466683e+59 5.968318901816756e+59 
# SNII_energy_release_list
0 -1.3131451428657963e+56 -6.098174950376587e+57 -1.357148091686434e+58 -1.794304331888335e+58 -1.9445492030472652e+58 -1.8823316066881496e+58 -1.7089779658939631e+58 -1.4773210685809125e+58 -1.276746742544606e+58 -8.375789961886073e+57 1.1239613747923878e+58 1.1239613747923878e+58 1.1239613747923878e+58 1.1239613747923878e+58 1.1239613747923878e+58 1.1239613747923878e+58 1.1239613747923878e+58 1.1239613747923878e+58 1.1239613747923878e+58 1.1239613747923878e+58 1.1239613747923878e+58 1.1239613747923878e+58 1.1239613747923878e+58 1.1239613747923878e+58 1.1239613747923878e+58 1.1239613747923878e+58 1.1239613747923878e+58 1.1239613747923878e+58 1.1239613747923878e+58 1.1239613747923878e+58 1.1239613747923878e+58 1.1239613747923878e+58 1.1239613747923878e+58 1.1239613747923878e+58 1.1239613747923878e+58 1.1239613747923878e+58 1.1239613747923878e+58 1.1239613747923878e+58 1.1239613747923878e+58 1.1239613747923878e+58 1.1239613747923878e+58 1.1239613747923878e+58 1.1239613747923878e+58 1.1239613747923878e+58 1.1239613747923878e+58 1.1239613747923878e+58 1.1239613747923878e+58 1.1239613747923878e+58 1.1239613747923878e+58 1.1239613747923878e+58 1.1239613747923878e+58 1.1239613747923878e+58 1.1239613747923878e+58 
# SN_energy_per_current_crossing_time_list
0.0 -1.2967734903391942e+56 -4.43429069445865e+56 -2.823010371761975e+56 -1.2779011230318392e+56 -3.969481020543652e+55 1.6006326831759402e+55 4.514859101872316e+55 6.503266713050132e+55 4.858209310951181e+55 1.503748114546097e+56 8.737918737604833e+57 9.741151081613066e+56 6.957827937151197e+56 5.524675045292724e+56 4.623347969579635e+56 3.994964662049912e+56 3.527872391440892e+56 3.165727170230166e+56 2.8754081143667776e+56 2.7106287731981394e+56 2.6875934632660144e+56 2.6655121195707646e+56 2.6435808662591334e+56 2.622058729037159e+56 2.6008357755284336e+56 2.580125706137915e+56 2.5596522823972804e+56 2.5323101486769204e+56 2.4372965473629666e+56 2.2111025358059785e+56 1.9493419114621082e+56 1.7459809374596417e+56 1.5828032593539813e+56 1.424784933624367e+56 1.2678432048987918e+56 1.1431315479516768e+56 1.0680634511589883e+56 1.0238820333228805e+56 9.573274907288096e+55 8.857429914171629e+55 8.329274076122318e+55 8.03583639861396e+55 7.646240689383602e+55 6.989315509536587e+55 6.145390631893823e+55 5.257802025341576e+55 4.603533172759693e+55 4.099270922246661e+55 3.6988905873481365e+55 3.3731895870979386e+55 3.1026427179591747e+55 2.8731287521301884e+55 2.677186147757059e+55 
# SN_energy_per_final_crossing_time_list
0.0 -1.372248594119792e+57 -5.611880986878314e+58 -7.028705315242643e+58 -4.111490152921771e+58 -1.4130652876226665e+58 5.861174814499003e+57 1.675304664161516e+58 2.3008680253754022e+58 2.0884329643090676e+58 4.40428364328822e+58 2.2218818824396848e+58 1.9896727121399537e+57 1.2678836763097152e+57 9.341988107637646e+56 7.403851227704277e+56 6.1349141884136325e+56 5.237903086952168e+56 4.5706124661969725e+56 4.054250776510299e+56 3.813549743362283e+56 3.773073750482591e+56 3.7342176678901725e+56 3.6958159062250785e+56 3.658225093636867e+56 3.6212822776673014e+56 3.5852762320664405e+56 3.5497752216152904e+56 3.498337995149251e+56 3.3071958112984104e+56 2.910934051955195e+56 2.5044915402791647e+56 2.197777382905912e+56 1.9581505541445108e+56 1.7249991768425417e+56 1.507720860759511e+56 1.339014071295873e+56 1.245355666142298e+56 1.1838463153560258e+56 1.094323450022412e+56 1.0026381074595186e+56 9.371519169718966e+55 9.016721017689477e+55 8.490699035260269e+55 7.677415160801922e+55 6.631444708988192e+55 5.595843317427193e+55 4.842105084631686e+55 4.26661669862739e+55 3.8129221920740963e+55 3.448177573712994e+55 3.14613022812718e+55 2.892346204051827e+55 2.677186147757059e+55 
# total_energy_release_list
0 -1.3131451428657963e+56 -6.098174950376587e+57 -1.357148091686434e+58 -1.794304331888335e+58 -1.9445492030472652e+58 -1.8796212853027174e+58 -1.5789619696050817e+58 -1.0010639381090626e+58 -2.277069444480767e+57 9.879916732368502e+57 1.3639841836851822e+59 1.9281253650868129e+59 2.2876143356441436e+59 2.5524920803871177e+59 2.7624169264703062e+59 2.936363009006007e+59 3.084875717528925e+59 3.2144684239412362e+59 3.329420486599776e+59 3.340233222003079e+59 3.3509311939364808e+59 3.361518995407148e+59 3.371997914572394e+59 3.382370250753944e+59 3.3926378412468293e+59 3.4028033421197534e+59 3.4128681853224246e+59 3.4327061869946e+59 3.5264766518921038e+59 3.6915467928286017e+59 3.8335688256707643e+59 3.958198039479183e+59 4.069238750872288e+59 4.215967868822669e+59 4.3442152065515875e+59 4.458112277484696e+59 4.493422427363926e+59 4.560554720516262e+59 4.653638309615774e+59 4.738923106910724e+59 4.792066117453872e+59 4.817631646981677e+59 4.913927946477602e+59 5.0227686123946435e+59 5.210793056299517e+59 5.369454611075354e+59 5.5067450742881195e+59 5.627718446957176e+59 5.735828007735927e+59 5.833595794279316e+59 5.922799491596456e+59 6.004807532146069e+59 6.080715039295995e+59 
# binding_energy_list
3.741105882720537e+55 8.871560120379617e+55 1.2912192736135255e+56 1.570362804333545e+56 1.6904409316432701e+56 1.7218685749859956e+56 1.7139573075084323e+56 1.706082389003121e+56 1.640589773199552e+56 1.8535316234148144e+56 1.475706533275884e+56 8.709635899560761e+54 7.780365510398008e+54 7.328245331389074e+54 7.046930689671452e+54 6.854882264526593e+54 6.714288529259496e+54 6.591738952443253e+54 6.501296903430943e+54 6.426877173170194e+54 6.426877173170194e+54 6.412095765851648e+54 6.412095765851648e+54 6.397348354826442e+54 6.397348354826442e+54 6.382634861905483e+54 6.382634861905483e+54 6.367955209079188e+54 6.367955209079188e+54 6.309573444801892e+54 6.208690342300624e+54 6.137620051647895e+54 6.0673632958850715e+54 6.025595860743593e+54 5.956621435290085e+54 5.902010801718454e+54 5.861381645140297e+54 5.8479008414448476e+54 5.8210321777087214e+54 5.7942869642687856e+54 5.7676646339225445e+54 5.754399373371543e+54 5.74116462207328e+54 5.7147863667186424e+54 5.688529308438448e+54 5.636376558259514e+54 5.610479760324735e+54 5.571857489319327e+54 5.546257129579105e+54 5.533501092157394e+54 5.50807696405403e+54 5.4827696492085025e+54 5.47015962893971e+54 5.457578610912733e+54 
# total_gas_kinetic_energy_list
2.000510375295482e+57 9.032735477667311e+58 1.791331784801202e+59 2.1766512767993637e+59 2.291476577967568e+59 2.2668528288513595e+59 2.1871241982583263e+59 2.0924042398623194e+59 2.017286550045974e+59 1.8772651317098648e+59 1.9290181622213151e+58 9.630621602884108e+58 1.0510501153226486e+59 1.0942822111685909e+59 1.1207637195998188e+59 1.138974496813924e+59 1.1524444804245951e+59 1.163028902012034e+59 1.171671999419414e+59 1.1789024298411577e+59 1.1795687005962096e+59 1.180217691284912e+59 1.1808554261869894e+59 1.1814844998515647e+59 1.1821048688979754e+59 1.1827168532936307e+59 1.1833206281659271e+59 1.1839199362979395e+59 1.1850811070194009e+59 1.1904364125385515e+59 1.1993001292815485e+59 1.2063219132393107e+59 1.2121266696102974e+59 1.216968596248684e+59 1.2228686541992843e+59 1.2276511090663662e+59 1.2315998854405648e+59 1.232783568133772e+59 1.2349284730486584e+59 1.2377939775375975e+59 1.2401840749583993e+59 1.2416447774079917e+59 1.2422908184265779e+59 1.2447251877335831e+59 1.2471715434336973e+59 1.2509905354273554e+59 1.2537929561423574e+59 1.2561481950225684e+59 1.2582341679139255e+59 1.260144331191502e+59 1.2617808828169416e+59 1.2633653496761468e+59 1.2647750213300344e+59 1.2660659275372713e+59 
