# time_axis
5.999999999999999 7.0 7.30102999566398 7.477121254719661 7.602059991327962 7.698970004336018 7.778151250383643 7.845098040014256 7.903089986991943 7.954242509439324 8.0 8.301029995663981 8.47712125471966 8.60205999132796 8.698970004336019 8.778151250383644 8.845098040014257 8.903089986991942 8.954242509439323 8.999999999999998 9.004321373782641 9.008600171761916 9.012837224705171 9.017033339298779 9.021189299069936 9.02530586526477 9.02938377768521 9.033423755486949 9.041392685158224 9.079181246047623 9.146128035678236 9.204119982655923 9.255272505103305 9.301029995663981 9.361727836017593 9.414973347970816 9.462397997898954 9.477121254719663 9.505149978319904 9.544068044350274 9.57978359661681 9.60205999132796 9.612783856719734 9.653212513775342 9.698970004336017 9.778151250383642 9.845098040014257 9.903089986991944 9.954242509439325 10.0 10.041392685158225 10.079181246047623 10.113943352306835 10.146128035678236 
# total_gas_mass_list
8.532199653651702 10.196405554858162 10.483284612812557 10.556886953657145 10.574200523507093 10.56861093518772 10.554276432919949 10.530801486009358 10.521467946759877 10.411593642454633 9.936931068154093 10.357332505198997 10.384479104565859 10.397215467451414 10.405063720891134 10.410533506033985 10.414605781869286 10.417793781485928 10.420376313718993 10.422522225143636 10.422719461830516 10.422911367972551 10.423099868299024 10.423285689003546 10.423468835873734 10.423649397119139 10.423827434448363 10.424004001187726 10.424346207133544 10.425920542227546 10.428514067727091 10.430558657548616 10.432240106448598 10.43363883283367 10.435346370415031 10.436734460227214 10.437883805349056 10.438229138422248 10.4388567509699 10.439696900111382 10.440405542921027 10.440839066456029 10.441033274803122 10.441762435369043 10.44250831712068 10.443688977665992 10.444577162969164 10.445326940979275 10.44598908470061 10.446591113037137 10.44711249608456 10.44761016993564 10.448055917151601 10.448464359544419 
# ejected_gas_mass_list
-10.0 -10.0 -10.0 -10.0 -10.0 -10.0 -10.0 -10.0 -10.0 -10.0 -10.0 9.90540904198813 9.978246460340428 10.009992679934541 10.028891818365453 10.041786675987476 10.051246504129375 10.058571457907306 10.064454677378015 10.069309542089586 10.069754251817942 10.070186699724887 10.070611239847679 10.071029519258829 10.071441560997064 10.071847573192102 10.07224770385689 10.072644327488785 10.073412456587956 10.076936612089092 10.082708035715887 10.08722839321778 10.090926713006779 10.093990179102518 10.097714178849 10.1007288211929 10.103216455196113 10.103962397396284 10.105316323818593 10.107125213987223 10.108647835310379 10.10957791902872 10.109994230113873 10.111555385162866 10.113149254984881 10.115665863517265 10.117553969941266 10.119144476041955 10.120546529680249 10.121819223791983 10.122919848060391 10.123969056128624 10.124907661982272 10.125766781673947 
# stellar_mass_list
-10.0 8.368509784105024 10.034454140387435 10.36101958211153 10.478641507168637 10.534562139562375 10.563792048529777 10.58078449088588 10.588051046942379 10.600272738809348 10.559678981151743 10.060304279983384 9.986456680598689 9.943697243166795 9.914038469629848 9.891543291446016 9.873568458840534 9.858652268256725 9.845962367011609 9.834963695393569 9.833929461190197 9.832920592561102 9.831926271305445 9.8309426470605 9.829969805623948 9.829007416262552 9.8280549953108 9.827106326978823 9.825260102753557 9.816608120991983 9.801715427294925 9.789306724104312 9.778572541308264 9.769246568960176 9.757303678278516 9.747051980814932 9.738138937676132 9.735369648512327 9.730264259490287 9.723138964092172 9.716909962547213 9.712921069554712 9.7111339354996 9.704063438476844 9.696521862667353 9.683416283504494 9.672708933436638 9.663416768594965 9.654933450027178 9.6469392141683 9.640072007311183 9.633219414203756 9.627064625887712 9.621389579698324 
# remnant_mass_list
-10.0 -10.0 6.449017003866053 8.516028136202486 9.04910181123191 9.23381011813997 9.298418666536731 9.333700832480565 9.362137697696886 9.389455485481816 9.381790593795698 9.431211019804609 9.506227219384373 9.540294042102715 9.560830752645886 9.574955877353162 9.585427966550531 9.593611499230365 9.600231464673397 9.605724963435355 9.606231819435566 9.606722874133338 9.6072047311839 9.607679846219678 9.608148108693884 9.608609799040648 9.60906528414675 9.60951858808093 9.610393884131641 9.6144196566535 9.621056052836556 9.626304931665217 9.630668571574688 9.634313317594138 9.638780052354026 9.642462060885727 9.645545304619619 9.646487909856797 9.648180883469673 9.650509223216456 9.652457897297635 9.653704898234194 9.654237698201843 9.656376628501645 9.658537141993975 9.662191955735425 9.66501637220445 9.66739927501843 9.669566855333073 9.671626714700139 9.673300088379172 9.675030449212096 9.676531604792975 9.677888059450623 
# BH_mass_list
-10.0 -10.0 -10.0 -10.0 -10.0 -10.0 -10.0 -10.0 -10.0 -10.0 -10.0 -10.0 -10.0 -10.0 -10.0 -10.0 -10.0 -10.0 -10.0 -10.0 -10.0 -10.0 -10.0 -10.0 -10.0 -10.0 -10.0 -10.0 -10.0 -10.0 -10.0 -10.0 -10.0 -10.0 -10.0 -10.0 -10.0 -10.0 -10.0 -10.0 -10.0 -10.0 -10.0 -10.0 -10.0 -10.0 -10.0 -10.0 -10.0 -10.0 -10.0 -10.0 -10.0 -10.0 
# NS_mass_list
-10.0 -10.0 6.449017003866053 8.516028136202486 9.05105377117426 9.354189919264426 9.554162271523774 9.696010592353158 9.801981209526717 9.88424547803357 9.94038958701616 10.018340609144285 10.018340609144285 10.018340609144285 10.018340609144285 10.018340609144285 10.018340609144285 10.018340609144285 10.018340609144285 10.018340609144285 10.018340609144285 10.018340609144285 10.018340609144285 10.018340609144285 10.018340609144285 10.018340609144285 10.018340609144285 10.018340609144285 10.018340609144285 10.018340609144285 10.018340609144285 10.018340609144285 10.018340609144285 10.018340609144285 10.018340609144285 10.018340609144285 10.018340609144285 10.018340609144285 10.018340609144285 10.018340609144285 10.018340609144285 10.018340609144285 10.018340609144285 10.018340609144285 10.018340609144285 10.018340609144285 10.018340609144285 10.018340609144285 10.018340609144285 10.018340609144285 10.018340609144285 10.018340609144285 10.018340609144285 10.018340609144285 
# WD_mass_list
-10.0 -10.0 -10.0 -10.0 -10.0 -10.0 6.398872871911783 7.483355167292515 7.99105693493523 8.307490567380713 8.530097866918275 9.253834750753434 9.362284048672256 9.409039485509837 9.436597159752338 9.455300634135739 9.469042512041554 9.479710428120367 9.488296037079667 9.495391513074411 9.496044861396319 9.49667763150472 9.497298349041863 9.49791018751258 9.498513013156636 9.499107195347015 9.499693214087099 9.500276251841862 9.501401562028223 9.506568934254192 9.515057885927813 9.52174660788837 9.52729051535974 9.531909615492483 9.537556419144783 9.5421997219751 9.546080073851167 9.54726495255265 9.549391407798264 9.552312459025842 9.554754141921258 9.556315179766155 9.556981813023567 9.55965595624996 9.562353750125661 9.566909892289127 9.570424406712327 9.573385206567373 9.576075055494693 9.578628241697324 9.580700252164133 9.582840831117348 9.584696233396935 9.586371489308675 
