# time_axis
1000000 10000000 20000000 30000000 40000000 50000000 60000000 70000000 80000000 90000000 100000000 110000000 120000000 130000000 140000000 150000000 200000000 300000000 400000000 500000000 600000000 700000000 800000000 900000000 1000000000 1010000000 1020000000 1030000000 1040000000 1050000000 1060000000 1070000000 1080000000 1100000000 1200000000 1400000000 1600000000 1800000000 2000000000 2300000000 2600000000 2900000000 3000000000 3200000000 3500000000 3800000000 4000000000 4100000000 4500000000 5000000000 6000000000 7000000000 8000000000 9000000000 10000000000 11000000000 12000000000 13000000000 14000000000 
# SNIa_energy_release_list
0 0.0 0.0 0.0 0.0 0.0 3.4391660758179085e+54 4.3745354491562793e+55 1.1194958466502248e+56 1.893507869656751e+56 2.67451145746377e+56 3.4253007201090152e+56 4.130616425973207e+56 4.7846855108283235e+56 5.387624786893385e+56 5.942714800551784e+56 8.157797085898449e+56 1.1010634737213813e+57 1.2914402820262216e+57 1.4347668579549566e+57 1.5497974514556561e+57 1.6458958916440665e+57 1.728429418507449e+57 1.800759637857287e+57 1.8651375379194358e+57 1.8712006795344066e+57 1.877204248079577e+57 1.8831472021874985e+57 1.8890300771069403e+57 1.894855145809742e+57 1.9006223181812963e+57 1.9063324145318183e+57 1.9119875687710087e+57 1.9231375072762428e+57 1.975914668721782e+57 2.0690490343969136e+57 2.1493952825423805e+57 2.220044563705145e+57 2.2830942825353766e+57 2.366536404523216e+57 2.439568871752617e+57 2.504503460171743e+57 2.5246538473382648e+57 2.5629593751222953e+57 2.6161093734398084e+57 2.664845344727091e+57 2.695222348877899e+57 2.7098389031240806e+57 2.7649175192899955e+57 2.8272020797697466e+57 2.9348772354716255e+57 3.0258049891268608e+57 3.104511158403842e+57 3.173904785640788e+57 3.2359181270207126e+57 3.292028944683662e+57 3.343227711817688e+57 3.390311231120739e+57 3.4338946635510826e+57 
# SNII_energy_release_list
0 -6.837219380676535e+52 -1.2718276738297063e+54 1.5737726160536565e+55 4.2761030106928976e+55 6.996219590138689e+55 9.474361094086644e+55 1.130386443738696e+56 1.2528211415586177e+56 1.3342473799872468e+56 1.3881499115991348e+56 1.4236965290077188e+56 1.4470198619549794e+56 1.4622784996555335e+56 1.4722383723198204e+56 1.4787261917667495e+56 1.4871260684469714e+56 1.4871260684469714e+56 1.4871260684469714e+56 1.4871260684469714e+56 1.4871260684469714e+56 1.4871260684469714e+56 1.4871260684469714e+56 1.4871260684469714e+56 1.4871260684469714e+56 1.4871260684469714e+56 1.4871260684469714e+56 1.4871260684469714e+56 1.4871260684469714e+56 1.4871260684469714e+56 1.4871260684469714e+56 1.4871260684469714e+56 1.4871260684469714e+56 1.4871260684469714e+56 1.4871260684469714e+56 1.4871260684469714e+56 1.4871260684469714e+56 1.4871260684469714e+56 1.4871260684469714e+56 1.4871260684469714e+56 1.4871260684469714e+56 1.4871260684469714e+56 1.4871260684469714e+56 1.4871260684469714e+56 1.4871260684469714e+56 1.4871260684469714e+56 1.4871260684469714e+56 1.4871260684469714e+56 1.4871260684469714e+56 1.4871260684469714e+56 1.4871260684469714e+56 1.4871260684469714e+56 1.4871260684469714e+56 1.4871260684469714e+56 1.4871260684469714e+56 1.4871260684469714e+56 1.4871260684469714e+56 1.4871260684469714e+56 1.4871260684469714e+56 
# SN_energy_per_current_crossing_time_list
0.0 -2.524807660168972e+53 -1.1408846922454348e+54 1.296180943663252e+55 1.9411169781761262e+55 1.8864606809611568e+55 1.6933451635620346e+55 1.333082670251213e+55 9.93025034139892e+54 7.416283311131929e+54 5.6058737922434455e+54 4.314721236928456e+54 3.3925528844492646e+54 2.7306070663364304e+54 2.2514750149214e+54 1.901144731820147e+54 1.3254699130782788e+54 8.192183641708183e+53 5.692566292187311e+53 4.429058631349606e+53 3.655773665120964e+53 3.1296740281907987e+53 2.7468631009300107e+53 2.454717916567188e+53 2.2240501094913462e+53 2.09819983325574e+53 2.0810615365190263e+53 2.0634654884468778e+53 2.0457576554253034e+53 2.0290776429875455e+53 2.012085904902186e+53 1.9955148892877465e+53 1.9795734027524913e+53 1.957646450781626e+53 1.881294468146005e+53 1.7060915498060982e+53 1.5075688605358656e+53 1.354624493592462e+53 1.232673869929036e+53 1.1162748690381312e+53 9.998320468045383e+52 9.076402470246316e+52 8.505656265141465e+52 8.184191073453651e+52 7.703286816146424e+52 7.172593862189044e+52 6.772168594841781e+52 6.54567496766404e+52 6.275756700398765e+52 5.785701660048552e+52 5.168586765390079e+52 4.4816684913083e+52 3.9642466713029263e+52 3.56041526527863e+52 3.2347965330771233e+52 2.967999610713297e+52 2.7436356540039847e+52 2.550088585438075e+52 2.3838773145434868e+52 
# SN_energy_per_final_crossing_time_list
0.0 -1.1080725806771e+53 -1.7553399279874527e+54 2.4809849220301885e+55 3.941573676023251e+55 3.967516306121132e+55 3.6333866914161664e+55 2.888945047499461e+55 2.1588677034388852e+55 1.611029768405863e+55 1.2133977757481013e+55 9.291352075899363e+54 7.25975823693614e+54 5.803152374420225e+54 4.750619367970834e+54 3.982471037683771e+54 2.6681997101488945e+54 1.56041288623043e+54 1.0413015433294077e+54 7.839515014650945e+53 6.29181335735895e+53 5.2562838389174065e+53 4.5143255454543405e+53 3.956236566259534e+53 3.521269596225234e+53 3.3163486547082106e+53 3.283764050482294e+53 3.2506098508611854e+53 3.2177484155634714e+53 3.1861302247045717e+53 3.1544627439749236e+53 3.1232439472557992e+53 3.0931923323378152e+53 3.049333654899714e+53 2.886745510397838e+53 2.5470791210878373e+53 2.1973441234668217e+53 1.9321472548300193e+53 1.7243111203775911e+53 1.5213409514581942e+53 1.3315491089537183e+53 1.183906235540076e+53 1.1021630965462223e+53 1.0475962265237948e+53 9.690461733721457e+52 8.885683532741315e+52 8.307635154096312e+52 7.994797596530958e+52 7.531569697052873e+52 6.81354094867551e+52 5.889493936208088e+52 4.973463472560279e+52 4.3049810671493213e+52 3.795614170784453e+52 3.391935638637777e+52 3.069086069367558e+52 2.800412282774343e+52 2.575321109341242e+52 2.3838773145434868e+52 
# total_energy_release_list
0 -6.837219380676535e+52 -1.2718276738297063e+54 1.5737726160536565e+55 4.2761030106928976e+55 6.996219590138689e+55 9.818277701668436e+55 1.5678399886543238e+56 2.3723169882088425e+56 3.2277552496439978e+56 4.0626613690629045e+56 4.848997249116734e+56 5.577636287928186e+56 6.246964010483857e+56 6.859863159213205e+56 7.421440992318534e+56 9.64492315434542e+56 1.2497760805660784e+57 1.4401528888709187e+57 1.583479464799654e+57 1.6985100583003533e+57 1.7946084984887637e+57 1.877142025352146e+57 1.949472244701984e+57 2.013850144764133e+57 2.0199132863791037e+57 2.025916854924274e+57 2.0318598090321956e+57 2.0377426839516374e+57 2.0435677526544392e+57 2.0493349250259934e+57 2.0550450213765155e+57 2.060700175615706e+57 2.07185011412094e+57 2.1246272755664792e+57 2.2177616412416107e+57 2.2981078893870776e+57 2.368757170549842e+57 2.4318068893800737e+57 2.5152490113679132e+57 2.588281478597314e+57 2.65321606701644e+57 2.673366454182962e+57 2.7116719819669924e+57 2.7648219802845055e+57 2.813557951571788e+57 2.8439349557225962e+57 2.8585515099687777e+57 2.9136301261346927e+57 2.9759146866144437e+57 3.0835898423163227e+57 3.174517595971558e+57 3.253223765248539e+57 3.3226173924854855e+57 3.38463073386541e+57 3.440741551528359e+57 3.491940318662385e+57 3.539023837965437e+57 3.58260727039578e+57 
# binding_energy_list
7.655966069112569e+54 7.655966069112569e+54 7.655966069112569e+54 7.638357835776954e+54 7.603262769401822e+54 7.568328950209705e+54 7.533555637337217e+54 7.498942093324558e+54 7.464487584100623e+54 7.430191378967052e+54 7.413102413009132e+54 7.379042301291045e+54 7.362070974947316e+54 7.328245331389074e+54 7.311390834834127e+54 7.29457510254568e+54 7.194489780036983e+54 7.063175542629565e+54 6.966265141107743e+54 6.870684400142374e+54 6.792036326171858e+54 6.729766562843223e+54 6.668067692136191e+54 6.622165037017589e+54 6.561452663029057e+54 6.561452663029057e+54 6.561452663029057e+54 6.546361740672787e+54 6.546361740672787e+54 6.546361740672787e+54 6.546361740672787e+54 6.53130552647469e+54 6.53130552647469e+54 6.516283940608428e+54 6.486344335482348e+54 6.412095765851648e+54 6.338697112569264e+54 6.280583588133205e+54 6.22300285169155e+54 6.151768727098702e+54 6.095368972401644e+54 6.039486293763782e+54 6.025595860743593e+54 5.984115950603211e+54 5.942921586155739e+54 5.902010801718454e+54 5.874893525297745e+54 5.861381645140297e+54 5.8210321777087214e+54 5.780960474057187e+54 5.701642722807478e+54 5.636376558259514e+54 5.584701947368306e+54 5.546257129579105e+54 5.495408738576271e+54 5.47015962893971e+54 5.432503314924325e+54 5.407543229455771e+54 5.382697825162903e+54 
# total_gas_kinetic_energy_list
3.1007948112047294e+58 3.2613645785546587e+59 3.3936634169437718e+59 2.3772589068356894e+59 1.664125985291124e+59 1.1649198774542797e+59 8.154754258600345e+58 5.708646371538519e+58 3.9963698844716855e+58 2.797769154716307e+58 1.9587373880989917e+58 1.3714014873266065e+58 9.602518905581383e+57 6.724326589942354e+57 4.70945552347907e+57 3.29891880163516e+57 3.3088085656459084e+57 3.3235990289724434e+57 3.334866734566e+57 3.3439837617293226e+57 3.351649260028063e+57 3.358270351879639e+57 3.364167098644668e+57 3.369497420160484e+57 3.374375862680459e+57 3.37484585269033e+57 3.3753107329752734e+57 3.375763479968199e+57 3.376171489424281e+57 3.376649901645219e+57 3.377066849507704e+57 3.377542357644633e+57 3.378007529191523e+57 3.378865395482699e+57 3.383007579245877e+57 3.390581003661322e+57 3.39717627689825e+57 3.403137053943126e+57 3.408477712168116e+57 3.41557740037548e+57 3.42178921133289e+57 3.427338380939908e+57 3.429089639768002e+57 3.432324933292349e+57 3.436863027244766e+57 3.440776638857617e+57 3.443264070998775e+57 3.444350104044757e+57 3.448683523308082e+57 3.453223819384265e+57 3.460819587080755e+57 3.466705782378387e+57 3.471524439495771e+57 3.4756195864115945e+57 3.479303126096765e+57 3.482447311977664e+57 3.485399038341924e+57 3.487638688461851e+57 3.489810961480181e+57 
