# time_axis
5.999999999999999 7.0 7.30102999566398 7.477121254719661 7.602059991327962 7.698970004336018 7.778151250383643 7.845098040014256 7.903089986991943 7.954242509439324 8.0 8.041392685158224 8.079181246047623 8.113943352306837 8.146128035678238 8.176091259055681 8.301029995663981 8.47712125471966 8.60205999132796 8.698970004336019 8.778151250383644 8.845098040014257 8.903089986991942 8.954242509439323 8.999999999999998 9.004321373782641 9.008600171761916 9.012837224705171 9.017033339298779 9.021189299069936 9.02530586526477 9.02938377768521 9.033423755486949 9.041392685158224 9.079181246047623 9.146128035678236 9.204119982655923 9.255272505103305 9.301029995663981 9.361727836017593 9.414973347970816 9.462397997898954 9.477121254719663 9.505149978319904 9.544068044350274 9.57978359661681 9.60205999132796 9.612783856719734 9.653212513775342 9.698970004336017 9.778151250383642 9.845098040014257 9.903089986991944 9.954242509439325 10.0 10.041392685158225 10.079181246047623 10.113943352306835 10.146128035678236 
# total_gas_mass_list
9.734045203312506 10.756520091992861 10.773791818383408 10.619199816854675 10.464310701863646 10.309422434641126 10.154539317633747 9.99966465789012 9.844801705719057 9.689953717029056 9.535125156159534 9.380322028478185 9.22555258564465 9.070827923644032 8.916163564934743 8.761580143704204 8.762925083937917 8.764871147037478 8.766327842821156 8.767525887262963 8.768549478506785 8.769440326634207 8.770229078956369 8.770935369602721 8.771577517601912 8.771639264761783 8.771699652395181 8.771759473910224 8.771813964611328 8.771875409849144 8.771931454011009 8.77199289786635 8.77205293519854 8.772165725748646 8.772701036118185 8.773673414178154 8.774513010783442 8.775262466964561 8.775929177172774 8.776809280810141 8.777575605840843 8.778256128943731 8.778470319113751 8.778865914816771 8.779418373233382 8.779894957249887 8.780196863363493 8.780329712346427 8.780853625845005 8.78140362957523 8.782319901717642 8.783028421058187 8.783611460425252 8.784106771624677 8.784552048419817 8.784932668877529 8.78528563638208 8.785565096974826 8.785830771795762 
# ejected_gas_mass_list
-10.0 -10.0 -10.0 5.462084330007736 5.935994142574772 6.17704123030872 6.326858933934924 6.439437086315 6.528779929396585 6.600700513594118 6.659623434341943 6.708689807730484 6.750199404869704 6.785789339423708 6.816730855795871 6.843907336175028 6.943105917666514 7.055910567229233 7.124800799732039 7.174409591240025 7.212816536705927 7.243749658701131 7.26945996119359 7.2912944379525255 7.310264879167176 7.3120475405775025 7.313784146731957 7.315497889643005 7.317053258179269 7.318800711724361 7.320388669237942 7.322123209584417 7.32381161453575 7.326966561069572 7.341646088202458 7.367147446270376 7.388065228537242 7.405954532958253 7.421296632785658 7.440787212243324 7.457103988849375 7.4711201114475765 7.475444043817802 7.483324106371449 7.494106503139724 7.503208376158334 7.508882116959255 7.511356697132078 7.520987670912181 7.530885688307214 7.5469166836217925 7.55894162293023 7.568607347252341 7.576662910884713 7.583787005273428 7.589791023841401 7.595290234525324 7.59959847379621 7.60365747130225 
# stellar_mass_list
-10.0 6.755469212783298 7.843518655197194 8.018592407726263 8.05752409800742 8.081519853003009 8.09527553905974 8.102315746370925 8.10472851691667 8.10436190323669 8.101884440621877 8.098207304529547 8.093546096181681 8.088336433772207 8.082819307179967 8.07720536450327 8.044500698110289 8.000735110048524 7.969082944384122 7.943537389232873 7.9217916294704 7.902776554678081 7.885822886082019 7.8704733858729305 7.856415844362693 7.855060493038332 7.853727205793298 7.852414050490384 7.851129733990653 7.849814509808596 7.848518456330872 7.847218991902843 7.84592804455875 7.843403332656575 7.831302212564874 7.80915914786423 7.7893024996446325 7.770999514710861 7.754156456971559 7.731083197781698 7.709801741197362 7.690003321903478 7.683507820264994 7.671384819074443 7.6535336590061895 7.637033553857062 7.626083082110399 7.621091171148017 7.600161507920231 7.5764271160881425 7.5305704966558675 7.48966315486499 7.455094372002444 7.424288910410665 7.396017562217134 7.372278458386758 7.349160823041422 7.328601179070498 7.310221501715411 
# remnant_mass_list
-10.0 -10.0 5.350840355068873 6.681526115210303 7.017719311864391 7.173304162464105 7.264943698166967 7.32452867758921 7.365935666578929 7.3962815015468815 7.419455927487274 7.437797483688109 7.452751990917932 7.465263294569229 7.475959891870025 7.485272562253572 7.518870782299238 7.558484691148265 7.583882895780804 7.6026470245188635 7.617464895071758 7.629633206356298 7.639905672840681 7.648757714883782 7.656521165641034 7.657251019427427 7.657967855587946 7.658664010136553 7.659359234359551 7.6600469741707835 7.660732636630432 7.661417156213454 7.662094299051691 7.663411701757789 7.669591978251973 7.680346156667383 7.68941897405245 7.697340246177772 7.704275354415324 7.7132566975432 7.721049233754618 7.727895196477205 7.730073322243072 7.734008881701443 7.7396057242408025 7.744525073783344 7.747681383947335 7.749083096569288 7.754799220825258 7.760881574515422 7.771658367746286 7.780212740694605 7.786715290637965 7.792019223598465 7.796532942579131 7.800023224598017 7.80324367499936 7.805930737015853 7.808188033517299 
# BH_mass_list
-10.0 -10.0 5.078363030457038 6.454918641832911 6.733065562400281 6.835423942251679 6.886028401024239 6.913710194952691 6.929548087323955 6.93871129173716 6.944019560675941 6.947109583045718 6.948911154331014 6.949958582839372 6.950565563918699 6.950915740287254 6.951114600859943 6.951114600859943 6.951114600859943 6.951114600859943 6.951114600859943 6.951114600859943 6.951114600859943 6.951114600859943 6.951114600859943 6.951114600859943 6.951114600859943 6.951114600859943 6.951114600859943 6.951114600859943 6.951114600859943 6.951114600859943 6.951114600859943 6.951114600859943 6.951114600859943 6.951114600859943 6.951114600859943 6.951114600859943 6.951114600859943 6.951114600859943 6.951114600859943 6.951114600859943 6.951114600859943 6.951114600859943 6.951114600859943 6.951114600859943 6.951114600859943 6.951114600859943 6.951114600859943 6.951114600859943 6.951114600859943 6.951114600859943 6.951114600859943 6.951114600859943 6.951114600859943 6.951114600859943 6.951114600859943 6.951114600859943 6.951114600859943 
# NS_mass_list
-10.0 -10.0 5.019247563905799 6.2906278296819815 6.699671279969718 6.90609734487659 7.02759060770909 7.097998285866675 7.139376924176962 7.1648185032481155 7.180840388734746 7.191061788651927 7.1976233665030485 7.201850298980474 7.204579860350564 7.206343357313472 7.20850243953529 7.20850243953529 7.20850243953529 7.20850243953529 7.20850243953529 7.20850243953529 7.20850243953529 7.20850243953529 7.20850243953529 7.20850243953529 7.20850243953529 7.20850243953529 7.20850243953529 7.20850243953529 7.20850243953529 7.20850243953529 7.20850243953529 7.20850243953529 7.20850243953529 7.20850243953529 7.20850243953529 7.20850243953529 7.20850243953529 7.20850243953529 7.20850243953529 7.20850243953529 7.20850243953529 7.20850243953529 7.20850243953529 7.20850243953529 7.20850243953529 7.20850243953529 7.20850243953529 7.20850243953529 7.20850243953529 7.20850243953529 7.20850243953529 7.20850243953529 7.20850243953529 7.20850243953529 7.20850243953529 7.20850243953529 7.20850243953529 
# WD_mass_list
-10.0 -10.0 -10.0 -10.0 -10.0 3.424826933114419 4.7605342871271645 5.582700289788559 5.971900149523618 6.205534218459668 6.364400684434372 6.480508795194336 6.569415961613734 6.639855213217788 6.697125399143782 6.744679820128645 6.899242544034077 7.044683125461179 7.122631753964819 7.174827619744257 7.213428041438501 7.243639536222164 7.268213204549677 7.28876515188258 7.306348974678609 7.307981862442713 7.309582330642878 7.3111335152650705 7.312679587508237 7.314206043456945 7.315724962051255 7.3172384497408345 7.318732792507735 7.321632061326153 7.335094774801593 7.35800129019682 7.376845382717172 7.3929612007137795 7.406827257766205 7.424464844292302 7.439490665090279 7.4524895153323865 7.456587098238277 7.463945400472433 7.474311482618626 7.483330240703986 7.489072454357882 7.491611665028793 7.501898475347426 7.512727550165636 7.531631683063679 7.546392077818565 7.557473794704607 7.566427639730919 7.573988979606465 7.5797998623457135 7.585134209720256 7.589565334021759 7.593274083125485 
