# time_axis
1000000 10000000 20000000 30000000 40000000 50000000 60000000 70000000 80000000 90000000 100000000 110000000 120000000 130000000 140000000 150000000 200000000 300000000 400000000 500000000 600000000 700000000 800000000 900000000 1000000000 1010000000 1020000000 1030000000 1040000000 1050000000 1060000000 1070000000 1080000000 1100000000 1200000000 1400000000 1600000000 1800000000 2000000000 2300000000 2600000000 2900000000 3000000000 3200000000 3500000000 3800000000 4000000000 4100000000 4500000000 5000000000 6000000000 7000000000 8000000000 9000000000 10000000000 11000000000 12000000000 13000000000 14000000000 
# SNIa_energy_release_list
0 0.0 0.0 0.0 0.0 0.0 5.8401607356168216e+54 1.666765829561338e+55 2.6245441584963083e+55 3.4493117200009053e+55 4.1690863383834705e+55 4.8069890392058973e+55 5.379737983756876e+55 5.899459001353187e+55 6.375174725985637e+55 6.813779401764023e+55 8.605584729789825e+55 1.1056082389148139e+56 1.2758459301279424e+56 1.4064345167795623e+56 1.512412151871323e+56 1.6015756156058046e+56 1.6785534767570143e+56 1.7462766749203708e+56 1.8067374199912472e+56 1.8124428583972478e+56 1.8180929010201271e+56 1.8236836505416166e+56 1.8292211399573973e+56 1.8347042010085651e+56 1.8401322060949388e+56 1.8455092659556158e+56 1.8508361334682101e+56 1.8613433039435995e+56 1.9111268579143776e+56 1.9991761800528786e+56 2.07531617243656e+56 2.1423921159697413e+56 2.202337059228925e+56 2.281776672521658e+56 2.351396682650953e+56 2.413359918247412e+56 2.432607197367818e+56 2.469188105023019e+56 2.519980940338036e+56 2.5665804397982654e+56 2.595634041989465e+56 2.609619740914059e+56 2.6623447664885025e+56 2.721971876836248e+56 2.825123070482524e+56 2.912301110490474e+56 2.9877870040154338e+56 3.054373674209006e+56 3.1139038646448754e+56 3.1677443389651378e+56 3.2168995934128805e+56 3.262112492477784e+56 3.3039679102163994e+56 
# SNII_energy_release_list
0 0.0 1.767530300914059e+54 4.908485228612381e+54 7.417219923782424e+54 9.419499870206941e+54 1.043291905513845e+55 1.0639744266166523e+55 1.0679757918206177e+55 1.0687455430460938e+55 1.0688714740037126e+55 1.0689088250737606e+55 1.0689118774793317e+55 1.0689120349787338e+55 1.0689120349787338e+55 1.0689120349787338e+55 1.0689120349787338e+55 1.0689120349787338e+55 1.0689120349787338e+55 1.0689120349787338e+55 1.0689120349787338e+55 1.0689120349787338e+55 1.0689120349787338e+55 1.0689120349787338e+55 1.0689120349787338e+55 1.0689120349787338e+55 1.0689120349787338e+55 1.0689120349787338e+55 1.0689120349787338e+55 1.0689120349787338e+55 1.0689120349787338e+55 1.0689120349787338e+55 1.0689120349787338e+55 1.0689120349787338e+55 1.0689120349787338e+55 1.0689120349787338e+55 1.0689120349787338e+55 1.0689120349787338e+55 1.0689120349787338e+55 1.0689120349787338e+55 1.0689120349787338e+55 1.0689120349787338e+55 1.0689120349787338e+55 1.0689120349787338e+55 1.0689120349787338e+55 1.0689120349787338e+55 1.0689120349787338e+55 1.0689120349787338e+55 1.0689120349787338e+55 1.0689120349787338e+55 1.0689120349787338e+55 1.0689120349787338e+55 1.0689120349787338e+55 1.0689120349787338e+55 1.0689120349787338e+55 1.0689120349787338e+55 1.0689120349787338e+55 1.0689120349787338e+55 1.0689120349787338e+55 
# SN_energy_per_current_crossing_time_list
0.0 0.0 2.1304857906291907e+53 3.8955774712044676e+53 3.1771283896955485e+53 2.5864266415802898e+53 1.6216740841295176e+53 8.203107292409679e+52 5.423179592685107e+52 4.3648430522297643e+52 3.779142865909001e+52 3.3760821565314423e+52 3.0581899188115705e+52 2.801415680238724e+52 2.5874176632215183e+52 2.4060701802603824e+52 2.0416783315700342e+52 1.4827281695943309e+52 1.0815215995810607e+52 8.653702812127025e+51 7.286933651016638e+51 6.335869510942338e+51 5.636479256976909e+51 5.0971283984600797e+51 4.66890016737199e+51 4.4163253009372815e+51 4.384247212841243e+51 4.3482379297136554e+51 4.317094631219649e+51 4.285203627212157e+51 4.252539622624707e+51 4.2228722530253985e+51 4.1931893910387386e+51 4.154155938923632e+51 4.0258475936613084e+51 3.711434173864395e+51 3.334238557853124e+51 3.042120864144763e+51 2.8081272224031678e+51 2.5951402616279853e+51 2.3710400844449474e+51 2.1932719220138624e+51 2.0699969439719408e+51 2.013103431261311e+51 1.9286059220923695e+51 1.8274766084453713e+51 1.7445344934609038e+51 1.6959193980937958e+51 1.663365380894858e+51 1.5745373046902375e+51 1.4839179288924175e+51 1.3489480230553095e+51 1.2370386160907081e+51 1.1444003407061603e+51 1.0666380727109414e+51 9.980094397883164e+50 9.400937438300235e+50 8.83931794835193e+50 8.39815819805498e+50 
# SN_energy_per_final_crossing_time_list
0.0 0.0 9.457317523946947e+53 1.6805939940202e+54 1.3423193131849425e+54 1.0713364979019312e+54 6.594193351743327e+53 3.279138852783359e+53 2.1358485204126183e+53 1.6960564032269156e+53 1.4509432206578322e+53 1.2819302474018034e+53 1.1493661019179904e+53 1.042812336509469e+53 9.545086702312064e+52 8.800465155064579e+52 7.190402302923745e+52 4.916846639967553e+52 3.4157658418506427e+52 2.620219003450353e+52 2.1264079850175407e+52 1.7890369141815876e+52 1.5445366230315845e+52 1.3588447149325257e+52 1.2131258730911014e+52 1.1447783085591033e+52 1.1336633185462282e+52 1.1217663438550345e+52 1.1110798708114902e+52 1.1001589902856124e+52 1.0891121837534161e+52 1.0788901841186954e+52 1.0688192470142663e+52 1.05411538856586e+52 9.988913849073473e+51 8.833410063763715e+51 7.638625245961091e+51 6.729288769656253e+51 6.013882358168599e+51 5.313103023611612e+51 4.656345505594987e+51 4.144242913005708e+51 3.861906144258639e+51 3.669922152436247e+51 3.3971409943243845e+51 3.116681101764451e+51 2.914757044700932e+51 2.8061865924406938e+51 2.6447777234949826e+51 2.392798508047242e+51 2.0696963245463628e+51 1.749200010271727e+51 1.5146007608933652e+51 1.3360406379397511e+51 1.1944545864119544e+51 1.0802922183780574e+51 9.862847521814125e+50 9.071826288080354e+50 8.39815819805498e+50 
# total_energy_release_list
0 0 1.767530300914059e+54 4.908485228612381e+54 7.417219923782424e+54 9.419499870206941e+54 1.627307979075527e+55 2.7307402561779907e+55 3.692519950316926e+55 4.5180572630469994e+55 5.237957812387183e+55 5.875897864279658e+55 6.448649861236208e+55 6.968371036331921e+55 7.444086760964371e+55 7.882691436742757e+55 9.674496764768559e+55 1.2124994424126872e+56 1.3827371336258157e+56 1.5133257202774356e+56 1.6193033553691963e+56 1.708466819103678e+56 1.7854446802548876e+56 1.853167878418244e+56 1.9136286234891205e+56 1.919334061895121e+56 1.9249841045180004e+56 1.93057485403949e+56 1.9361123434552706e+56 1.9415954045064384e+56 1.947023409592812e+56 1.9524004694534891e+56 1.9577273369660834e+56 1.968234507441473e+56 2.018018061412251e+56 2.106067383550752e+56 2.182207375934433e+56 2.2492833194676146e+56 2.3092282627267982e+56 2.388667876019531e+56 2.4582878861488264e+56 2.5202511217452854e+56 2.539498400865691e+56 2.5760793085208925e+56 2.6268721438359095e+56 2.6734716432961387e+56 2.7025252454873384e+56 2.7165109444119322e+56 2.769235969986376e+56 2.8288630803341215e+56 2.932014273980397e+56 3.0191923139883475e+56 3.094678207513307e+56 3.1612648777068794e+56 3.2207950681427487e+56 3.274635542463011e+56 3.323790796910754e+56 3.3690036959756574e+56 3.4108591137142727e+56 
# binding_energy_list
8.629785477669701e+52 8.629785477669701e+52 8.609937521846051e+52 8.550667128846876e+52 8.511380382023759e+52 8.472274141405911e+52 8.433347577642791e+52 8.394599865193964e+52 8.356030182312423e+52 8.317637711026743e+52 8.298507675144167e+52 8.260379495771818e+52 8.241381150129963e+52 8.20351544329821e+52 8.184647881347836e+52 8.147042840208421e+52 8.035261221856194e+52 7.852356346100774e+52 7.691304402866145e+52 7.550922276654341e+52 7.430191378967051e+52 7.328245331389074e+52 7.227698036021732e+52 7.128530301265221e+52 7.046930689671452e+52 7.030723198838356e+52 7.030723198838356e+52 7.014552984199657e+52 7.014552984199657e+52 6.998419960022717e+52 6.998419960022717e+52 6.982324040771733e+52 6.982324040771733e+52 6.966265141107744e+52 6.886522963442776e+52 6.745280276979229e+52 6.622165037017589e+52 6.501296903430942e+52 6.397348354826443e+52 6.251726927756849e+52 6.123503917247722e+52 5.997910762555076e+52 5.956621435290085e+52 5.888436553555932e+52 5.780960474057187e+52 5.675446054085442e+52 5.610479760324735e+52 5.584701947368307e+52 5.47015962893971e+52 5.33334895487617e+52 5.093308710571962e+52 4.886523593428336e+52 4.7315125896147736e+52 4.602565735813525e+52 4.497798548932866e+52 4.4157044735331566e+52 4.3351087838752935e+52 4.2854852039743744e+52 4.2169650342858223e+52 
# total_gas_kinetic_energy_list
1.0314321036570264e+58 1.0696791510188687e+58 2.6744039156813464e+57 6.689844582974585e+56 1.6757641037804596e+56 4.2179452997680724e+55 1.0825591609941518e+55 2.9908736266311293e+54 1.0182555390190813e+54 5.086165022388929e+53 3.6568393487921343e+53 3.1785066325396083e+53 2.9382012693195725e+53 2.7788778667481906e+53 2.6394016140068496e+53 2.522405514998819e+53 1.0866017874972166e+54 2.4472441177558808e+54 3.555924589099061e+54 4.49305914075586e+54 5.2952553141857964e+54 5.996922833373001e+54 6.634723184209071e+54 7.214996765164281e+54 7.75677669223276e+54 7.805820800922564e+54 7.860607615720578e+54 7.906448046394032e+54 7.955731771996122e+54 8.008586505728365e+54 8.060839536490668e+54 8.111848985574637e+54 8.160411737329871e+54 8.254550424608601e+54 8.720964025016698e+54 9.573074868491481e+54 1.0344061017843995e+55 1.1041527708034001e+55 1.1676747187149454e+55 1.2537242038453494e+55 1.3306637813063232e+55 1.4001109644656008e+55 1.4227393476775153e+55 1.463916691431869e+55 1.5228058936903246e+55 1.5766918764109083e+55 1.6096492094038167e+55 1.6248250828619823e+55 1.687014945691267e+55 1.754420320978346e+55 1.8746511028917054e+55 1.9708202856098087e+55 2.045854976312158e+55 2.1075408299188975e+55 2.1611842306194354e+55 2.2045619718534188e+55 2.2442261701713008e+55 2.27133489413382e+55 2.3050270126762523e+55 
