# time_axis
5.999999999999999 7.0 7.30102999566398 7.477121254719661 7.602059991327962 7.698970004336018 7.778151250383643 7.845098040014256 7.903089986991943 7.954242509439324 8.0 8.041392685158224 8.079181246047623 8.113943352306837 8.146128035678238 8.176091259055681 8.301029995663981 8.47712125471966 8.60205999132796 8.698970004336019 8.778151250383644 8.845098040014257 8.903089986991942 8.954242509439323 8.999999999999998 9.004321373782641 9.008600171761916 9.012837224705171 9.017033339298779 9.021189299069936 9.02530586526477 9.02938377768521 9.033423755486949 9.041392685158224 9.079181246047623 9.146128035678236 9.204119982655923 9.255272505103305 9.301029995663981 9.361727836017593 9.414973347970816 9.462397997898954 9.477121254719663 9.505149978319904 9.544068044350274 9.57978359661681 9.60205999132796 9.612783856719734 9.653212513775342 9.698970004336017 9.778151250383642 9.845098040014257 9.903089986991944 9.954242509439325 10.0 10.041392685158225 10.079181246047623 10.113943352306835 10.146128035678236 
# total_gas_mass_list
9.256561334612494 9.272376557608982 8.670366660356493 8.068656595444924 7.467715514287634 6.86948384739202 6.282608474984682 5.737279015573437 5.294793793834603 5.019202287483813 4.887153961642916 4.825170547872055 4.78840404413555 4.761312227089365 4.737536685080924 4.717260885769203 5.350436392930959 5.702091660454025 5.866185681977385 5.9714098921441146 6.046561424898251 6.104101884742281 6.1506428762177805 6.189214972671225 6.222378340897315 6.225317620234833 6.228393276742569 6.231160843279481 6.234043640358706 6.237059655472494 6.239990614272067 6.242880647457958 6.24561743510723 6.250886891761407 6.2760821222781 6.318894990064672 6.354620024670177 6.384846815584119 6.410828687178067 6.4443027977886755 6.472893568064201 6.4976066513630855 6.505445491419088 6.519238675676532 6.538838127097819 6.556399278588003 6.567136407446865 6.572120440554479 6.591800513395435 6.612915735516639 6.649629319562116 6.678113215138055 6.6990459450052 6.715493759777429 6.729292057592642 6.740195250912985 6.7499251678513295 6.7563806143623255 6.764249454706356 
# ejected_gas_mass_list
-10.0 -10.0 4.732343668025356 5.171226169469636 5.349990688529177 5.460671889639481 5.549879751187402 5.624889075243106 5.683236486229107 5.7303330876434515 5.769695799032839 5.80346569741142 5.832975359521388 5.859192673659514 5.882697691091001 5.904062932153872 5.988443292395096 6.098037830348739 6.171571842634969 6.226840153998507 6.27016932419337 6.305462222009154 6.335312140058404 6.360908128889881 6.383518030739691 6.385548311525212 6.3876773373439155 6.389597059219785 6.391600690727011 6.393701248550672 6.395746803945658 6.397767874760353 6.3996855003690065 6.403387894520881 6.421273447956665 6.4523431995780385 6.478899264170802 6.501798137192936 6.52178492902098 6.547934056042589 6.570610800092155 6.590456400833861 6.596797332104249 6.608007456282173 6.624049728745499 6.6385337585153374 6.647439555736737 6.651586203981663 6.668036994532226 6.6858213061382505 6.717060102716985 6.741560909893694 6.759706954107167 6.774045595842978 6.786127520591103 6.795707890124194 6.804281753338702 6.809982711132679 6.816945177553138 
# stellar_mass_list
-10.0 6.955531338948513 7.191176669256828 7.152488279752693 7.129849084296228 7.110643496222857 7.0945738448804 7.0811104759024195 7.069713389169995 7.05953522707912 7.050632998705007 7.042518755448799 7.035077798112351 7.028204408129532 7.0218040168728555 7.015782982219031 6.9898886420771715 6.95046977147807 6.919590308476259 6.893407996222979 6.870841255362557 6.850955392710493 6.833018825071143 6.8166286021103435 6.801448465939381 6.800020347659389 6.798615484807954 6.797195421266183 6.795766064896921 6.794350794665112 6.792910370783627 6.791471723139332 6.790085503608821 6.787423968596342 6.774209629641301 6.749801667062225 6.727554507571693 6.7070143478948925 6.687943817228433 6.661453876362896 6.636714463331954 6.613525547565049 6.605750653989751 6.59152087522328 6.570242276884968 6.550109126288067 6.5369703683172125 6.530800470893324 6.504950095141325 6.475107495499752 6.4162862155714295 6.362971303003198 6.318588797751642 6.279615003067121 6.244066611178146 6.214793126163504 6.186398899851926 6.161604348478811 6.139472064239566 
# remnant_mass_list
-10.0 -10.0 5.71982308641644 6.092607918653698 6.191003502577588 6.241995503093401 6.273948572082511 6.296056983662604 6.313558409894953 6.328117793877235 6.340615842877368 6.351590959684548 6.361354676707742 6.370157513183548 6.378159041916124 6.385511711408368 6.415335338256808 6.455785760663545 6.483920600705115 6.505551809080475 6.522714353649812 6.53680687467301 6.54877159083361 6.559081441255323 6.568211678671658 6.56905734985602 6.569857612122752 6.570671704661348 6.571492724050798 6.572316099351228 6.573143204993011 6.5739611276388805 6.574742401041577 6.5762459083777856 6.583498246207427 6.596154973376342 6.606913001315274 6.616232555044196 6.624392241983336 6.635014862775135 6.644240971690588 6.652313174280727 6.654932475385684 6.659521708031768 6.6661049295420955 6.6719677127281285 6.675640196836392 6.677307733250954 6.684054948777167 6.691248382701297 6.703947813993878 6.713851411279867 6.721011807842676 6.726635646055326 6.731281759921333 6.734729219577803 6.737863200436067 6.740379131304444 6.742458332609531 
# BH_mass_list
-10.0 -10.0 5.522040446212103 5.834028953409807 5.851902726756567 5.853717090588538 5.853866926362331 5.853873213082348 5.853873213082348 5.853873213082348 5.853873213082348 5.853873213082348 5.853873213082348 5.853873213082348 5.853873213082348 5.853873213082348 5.853873213082348 5.853873213082348 5.853873213082348 5.853873213082348 5.853873213082348 5.853873213082348 5.853873213082348 5.853873213082348 5.853873213082348 5.853873213082348 5.853873213082348 5.853873213082348 5.853873213082348 5.853873213082348 5.853873213082348 5.853873213082348 5.853873213082348 5.853873213082348 5.853873213082348 5.853873213082348 5.853873213082348 5.853873213082348 5.853873213082348 5.853873213082348 5.853873213082348 5.853873213082348 5.853873213082348 5.853873213082348 5.853873213082348 5.853873213082348 5.853873213082348 5.853873213082348 5.853873213082348 5.853873213082348 5.853873213082348 5.853873213082348 5.853873213082348 5.853873213082348 5.853873213082348 5.853873213082348 5.853873213082348 5.853873213082348 5.853873213082348 
# NS_mass_list
-10.0 -10.0 5.283082179038384 5.744523387001684 5.924974270931144 6.011811973721842 6.046669910151703 6.053389499721112 6.054662540433448 6.05489781674015 6.054932826535039 6.054941525512314 6.05494208679273 6.054942115265133 6.054942115265133 6.054942115265133 6.054942115265133 6.054942115265133 6.054942115265133 6.054942115265133 6.054942115265133 6.054942115265133 6.054942115265133 6.054942115265133 6.054942115265133 6.054942115265133 6.054942115265133 6.054942115265133 6.054942115265133 6.054942115265133 6.054942115265133 6.054942115265133 6.054942115265133 6.054942115265133 6.054942115265133 6.054942115265133 6.054942115265133 6.054942115265133 6.054942115265133 6.054942115265133 6.054942115265133 6.054942115265133 6.054942115265133 6.054942115265133 6.054942115265133 6.054942115265133 6.054942115265133 6.054942115265133 6.054942115265133 6.054942115265133 6.054942115265133 6.054942115265133 6.054942115265133 6.054942115265133 6.054942115265133 6.054942115265133 6.054942115265133 6.054942115265133 6.054942115265133 
# WD_mass_list
-10.0 -10.0 -10.0 -10.0 -10.0 3.623427023052952 4.710700549489139 5.121006867969879 5.322464793010669 5.446668828541971 5.533699748669633 5.599655561425181 5.652127718137818 5.695422024784092 5.732022490949485 5.7636702630437195 5.876806928564772 6.003044096932033 6.078525871485106 6.131559274886728 6.17111904192177 6.202166987165654 6.227620599015695 6.2489443201887 6.267391753234465 6.269080636556111 6.2706758228465045 6.272295589814961 6.273926104034938 6.275558253313554 6.277194745532304 6.278810077549817 6.280350268127172 6.283306718485948 6.2974310251466505 6.32156395403366 6.341593023946922 6.3586086377147035 6.373265287499724 6.3920267321645845 6.408044226074159 6.42185780004388 6.42630132325631 6.434042226919882 6.4450499684202205 6.4547601941327075 6.460799428218508 6.463530818245499 6.474515202214703 6.486110110932661 6.506300897063088 6.521811290716992 6.532903155771348 6.54154543154186 6.548640439032982 6.553879377302628 6.55862332597061 6.56241907851849 6.56554754448863 
