# time_axis
1000000 10000000 20000000 30000000 40000000 50000000 60000000 70000000 80000000 90000000 100000000 200000000 300000000 400000000 500000000 600000000 700000000 800000000 900000000 1000000000 1010000000 1020000000 1030000000 1040000000 1050000000 1060000000 1070000000 1080000000 1100000000 1200000000 1400000000 1600000000 1800000000 2000000000 2300000000 2600000000 2900000000 3000000000 3200000000 3500000000 3800000000 4000000000 4100000000 4500000000 5000000000 6000000000 7000000000 8000000000 9000000000 10000000000 11000000000 12000000000 13000000000 14000000000 
# SNIa_energy_release_list
0 0.0 0.0 0.0 0.0 0.0 7.096079919808598e+55 1.9990079305752947e+56 3.778616332038689e+56 5.982860086007894e+56 8.5616600315388e+56 4.0307514825568235e+57 5.7413375825957334e+57 6.840852801682513e+57 7.65470991529716e+57 8.30156496487616e+57 8.838566331955862e+57 9.297698780554697e+57 9.698764770232197e+57 1.0054820553160692e+58 1.0088329468037691e+58 1.0121482461160629e+58 1.0154295138956997e+58 1.0186773681471502e+58 1.02189223530786e+58 1.0250745902155256e+58 1.028225631703247e+58 1.0313456248519542e+58 1.0374960463199044e+58 1.0665764114136092e+58 1.11780131787876e+58 1.1619037016260992e+58 1.2006255988512885e+58 1.2351398210731232e+58 1.2807642175183503e+58 1.3206573981615353e+58 1.3560968641630564e+58 1.367086560303192e+58 1.387980104025982e+58 1.4169555804122518e+58 1.4435084622119457e+58 1.4600549084733838e+58 1.4680161216897195e+58 1.4980060660094444e+58 1.531904986163613e+58 1.5904775252232227e+58 1.639914506635447e+58 1.6826958358683048e+58 1.720398354796981e+58 1.7540944614917793e+58 1.7845667690259368e+58 1.8123725317052087e+58 1.8379371979029732e+58 1.861600536215394e+58 
# SNII_energy_release_list
0 -4.954818527482586e+55 1.7742621402675995e+56 4.906546358378707e+56 8.48972173745139e+56 1.23575159341061e+57 1.6225288839446172e+57 2.0088357144971797e+57 2.394658495232223e+57 2.7799640238120114e+57 3.165557290913378e+57 3.8677941966547106e+57 3.8677941966547106e+57 3.8677941966547106e+57 3.8677941966547106e+57 3.8677941966547106e+57 3.8677941966547106e+57 3.8677941966547106e+57 3.8677941966547106e+57 3.8677941966547106e+57 3.8677941966547106e+57 3.8677941966547106e+57 3.8677941966547106e+57 3.8677941966547106e+57 3.8677941966547106e+57 3.8677941966547106e+57 3.8677941966547106e+57 3.8677941966547106e+57 3.8677941966547106e+57 3.8677941966547106e+57 3.8677941966547106e+57 3.8677941966547106e+57 3.8677941966547106e+57 3.8677941966547106e+57 3.8677941966547106e+57 3.8677941966547106e+57 3.8677941966547106e+57 3.8677941966547106e+57 3.8677941966547106e+57 3.8677941966547106e+57 3.8677941966547106e+57 3.8677941966547106e+57 3.8677941966547106e+57 3.8677941966547106e+57 3.8677941966547106e+57 3.8677941966547106e+57 3.8677941966547106e+57 3.8677941966547106e+57 3.8677941966547106e+57 3.8677941966547106e+57 3.8677941966547106e+57 3.8677941966547106e+57 3.8677941966547106e+57 3.8677941966547106e+57 
# SN_energy_per_current_crossing_time_list
0.0 -5.199598730154842e+55 1.997567844936115e+56 2.7539722525707074e+56 3.2860267863072153e+56 3.67146669590967e+56 3.864282467697946e+56 4.145622949234794e+56 4.473523194152751e+56 4.851244476238627e+56 5.294894512388729e+56 2.4942329770105854e+56 2.103544178066011e+55 1.4060549741667655e+55 1.067284921797258e+55 8.637525095799214e+54 7.269726743788266e+54 6.283952669459365e+54 5.538818881591708e+54 4.954614239364364e+54 4.6660614999287065e+54 4.619635567914258e+54 4.5753111337263214e+54 4.5316889862496445e+54 4.488610350755822e+54 4.446141029009788e+54 4.40512924986787e+54 4.364407601188971e+54 4.307003136483047e+54 4.096040998506777e+54 3.641743278333398e+54 3.159174437523056e+54 2.7912025587526717e+54 2.5010662466866966e+54 2.2185681532386002e+54 1.95030526679857e+54 1.740419016816447e+54 1.6212882969193478e+54 1.5450086939015656e+54 1.433192738621417e+54 1.3171762375245976e+54 1.2333453215260117e+54 1.1878062127179504e+54 1.1219833693693382e+54 1.0178217618952738e+54 8.838176204581917e+53 7.489279982329614e+53 6.502950918520118e+53 5.748152452118834e+53 5.151212089388779e+53 4.669693688033072e+53 4.270580105776258e+53 3.933952380356653e+53 3.6484799790290447e+53 
# SN_energy_per_final_crossing_time_list
0.0 -2.263549156341828e+56 9.332146807810475e+56 1.2878516809449028e+57 1.4732374566704972e+57 1.590259667021706e+57 1.6011918483815013e+57 1.608196927720437e+57 1.613764908563967e+57 1.618185351978081e+57 1.6251434134608207e+57 3.376742746038439e+56 2.637429704971719e+55 1.6952634537495714e+55 1.2548277616665929e+55 9.973392877048385e+54 8.279637938798953e+54 7.079033077747054e+54 6.183748101339428e+54 5.4897680888510196e+54 5.166498633185178e+54 5.111621617243808e+54 5.0591508441369494e+54 5.007632927684186e+54 4.9567725044657236e+54 4.906644199347541e+54 4.858364288781454e+54 4.810493087440218e+54 4.741446302322419e+54 4.4836923863590093e+54 3.948999993116809e+54 3.3999147120582715e+54 2.9851254482967533e+54 2.6607498719237586e+54 2.344832539235356e+54 2.0502808881654763e+54 1.8213854763701817e+54 1.6944222245198424e+54 1.6107126339726144e+54 1.4891734502600536e+54 1.3646659705216712e+54 1.2755887844711047e+54 1.227482219333961e+54 1.155983466682741e+54 1.0453261484941847e+54 9.030878621539024e+53 7.622332678709938e+53 6.596145527801623e+53 5.8130802870716365e+53 5.195360393536255e+53 4.698305982247421e+53 4.2871706053286144e+53 3.9416320538403695e+53 3.6484799790290447e+53 
# total_energy_release_list
0 -4.954818527482586e+55 1.7742621402675995e+56 4.906546358378707e+56 8.48972173745139e+56 1.23575159341061e+57 1.6934896831427032e+57 2.2087365075547092e+57 2.772520128436092e+57 3.378250032412801e+57 4.021723294067258e+57 7.898545679211535e+57 9.609131779250445e+57 1.0708646998337224e+58 1.1522504111951871e+58 1.216935916153087e+58 1.2706360528610574e+58 1.3165492977209408e+58 1.356655896688691e+58 1.3922614749815403e+58 1.3956123664692403e+58 1.398927665781534e+58 1.4022089335611706e+58 1.4054567878126212e+58 1.408671654973331e+58 1.4118540098809967e+58 1.4150050513687182e+58 1.4181250445174253e+58 1.4242754659853755e+58 1.4533558310790804e+58 1.504580737544231e+58 1.5486831212915702e+58 1.5874050185167596e+58 1.6219192407385944e+58 1.6675436371838212e+58 1.7074368178270065e+58 1.7428762838285273e+58 1.7538659799686632e+58 1.7747595236914533e+58 1.8037350000777228e+58 1.8302878818774166e+58 1.846834328138855e+58 1.8547955413551904e+58 1.8847854856749153e+58 1.918684405829084e+58 1.977256944888694e+58 2.0266939263009178e+58 2.0694752555337757e+58 2.107177774462452e+58 2.1408738811572502e+58 2.1713461886914077e+58 2.19915195137068e+58 2.2247166175684444e+58 2.248379955880865e+58 
# binding_energy_list
2.50034536169645e+59 2.50034536169645e+59 2.409905428686583e+59 2.275097430772067e+59 2.118361135248504e+59 1.9906733389871844e+59 1.870682140365794e+59 1.7378008287493834e+59 1.6106456351782732e+59 1.4927944095789944e+59 1.3803842646028866e+59 9.332543007969886e+58 8.953647655495901e+58 8.790225168308896e+58 8.669618757582214e+58 8.590135215053908e+58 8.531001140175843e+58 8.491804750363178e+58 8.452788451602891e+58 8.413951416451896e+58 8.413951416451896e+58 8.413951416451896e+58 8.413951416451896e+58 8.394599865193964e+58 8.394599865193964e+58 8.394599865193964e+58 8.394599865193964e+58 8.394599865193964e+58 8.394599865193964e+58 8.356030182312424e+58 8.317637711026743e+58 8.298507675144166e+58 8.260379495771818e+58 8.241381150129962e+58 8.222426499470696e+58 8.20351544329821e+58 8.184647881347836e+58 8.165823713585906e+58 8.165823713585906e+58 8.147042840208421e+58 8.147042840208421e+58 8.128305161640929e+58 8.128305161640929e+58 8.109610578538388e+58 8.109610578538388e+58 8.090958991783846e+58 8.072350302488316e+58 8.053784411990644e+58 8.053784411990644e+58 8.035261221856194e+58 8.035261221856194e+58 8.016780633876855e+58 8.016780633876855e+58 8.016780633876855e+58 
# total_gas_kinetic_energy_list
3.586300933703321e+59 3.553988430733801e+59 3.5233727543499806e+59 3.4944158505128273e+59 3.466665402237776e+59 3.438147920996275e+59 3.4109695161960877e+59 3.3852349364419126e+59 3.3602478882689604e+59 3.3360046961191974e+59 3.3125029411334766e+59 3.3389218300772446e+59 3.3419548014704157e+59 3.3434612304822717e+59 3.344391058296556e+59 3.3450371418227416e+59 3.3455161604479714e+59 3.345895213510667e+59 3.346205904657885e+59 3.3464662419772382e+59 3.3464898471692853e+59 3.346513038517794e+59 3.3465360993160455e+59 3.3465585111848945e+59 3.346580852520675e+59 3.346603343076002e+59 3.346624818313389e+59 3.346645940025078e+59 3.346687442536519e+59 3.346879836468712e+59 3.347197530782525e+59 3.3474500583162104e+59 3.3476575559132155e+59 3.347831052072612e+59 3.348042831472784e+59 3.3482131495144452e+59 3.348355075746289e+59 3.348396805760729e+59 3.3484728020899627e+59 3.348574250991446e+59 3.348660673065358e+59 3.348711782212358e+59 3.348735796378041e+59 3.3488218723660116e+59 3.3489120939818513e+59 3.3490495632072085e+59 3.3491523559964244e+59 3.3492390346384935e+59 3.349315912481228e+59 3.3493842764342317e+59 3.3494477228498195e+59 3.3495051451746117e+59 3.3495542912090894e+59 3.3496044631892407e+59 
