# time_axis
5.999999999999999 7.0 7.30102999566398 7.477121254719661 7.602059991327962 7.698970004336018 7.778151250383643 7.845098040014256 7.903089986991943 7.954242509439324 8.0 8.301029995663981 8.47712125471966 8.60205999132796 8.698970004336019 8.778151250383644 8.845098040014257 8.903089986991942 8.954242509439323 8.999999999999998 9.004321373782641 9.008600171761916 9.012837224705171 9.017033339298779 9.021189299069936 9.02530586526477 9.02938377768521 9.033423755486949 9.041392685158224 9.079181246047623 9.146128035678236 9.204119982655923 9.255272505103305 9.301029995663981 9.361727836017593 9.414973347970816 9.462397997898954 9.477121254719663 9.505149978319904 9.544068044350274 9.57978359661681 9.60205999132796 9.612783856719734 9.653212513775342 9.698970004336017 9.778151250383642 9.845098040014257 9.903089986991944 9.954242509439325 10.0 10.041392685158225 10.079181246047623 10.113943352306835 10.146128035678236 
# total_gas_mass_list
10.745757490560674 10.741826791844158 10.738132438728478 10.734618618776462 10.731318240500366 10.727947240938876 10.724644441465374 10.721533604797903 10.718507211572046 10.715566263286156 10.712712392261617 10.716815452957306 10.717235748749477 10.717444842443978 10.717577403724906 10.717671600409018 10.717742345807679 10.717798301275284 10.7178439736876 10.717882199018408 10.717885642540793 10.717889062479047 10.717892479175372 10.717895770747038 10.71789907630019 10.717902394908094 10.717905486734997 10.717908550534535 10.717914646950593 10.717943007569863 10.717989675623114 10.718026762334478 10.718057265739732 10.718082747638753 10.718113982542066 10.71813930042835 10.718160487551247 10.718166754404603 10.718178200170666 10.71819349355882 10.71820666780901 10.718214522089893 10.718218221766325 10.718231588804754 10.71824564264335 10.718267545236571 10.718284233823125 10.71829842864249 10.718310941080484 10.718322244914981 10.71833238750361 10.718341739099472 10.718349460599974 10.718357801769331 
# ejected_gas_mass_list
-10.0 -10.0 7.520931719196179 7.970528967385183 8.2641430732057 8.428795605374617 8.561878002862734 8.68774006406152 8.794273664928783 8.887002249031662 8.969346455894465 9.15281723364225 9.167958794618883 9.175304682916726 9.179900083841671 9.183137067724248 9.185552860331377 9.187454415231509 9.189000550106595 9.190290487583356 9.190406509044792 9.190521706134824 9.190636764424674 9.19074758113822 9.19085884095904 9.190970512369377 9.191074527517443 9.19117757593152 9.19138255340149 9.192334879603408 9.193897557875136 9.195135527115186 9.19615118369028 9.196997879083748 9.198033552222618 9.198871277469618 9.199571120486976 9.199777914819247 9.200155357226068 9.200659185183177 9.201092745978135 9.201351028566288 9.201472638283912 9.20191174278899 9.202372944822006 9.203090772538804 9.203636947210786 9.204100983788695 9.204509624191086 9.204878472945882 9.205209171499085 9.205513863650221 9.20576528822362 9.20603673179031 
# stellar_mass_list
-10.0 8.847842856620996 8.92375961717257 8.967633554285694 9.00059045657036 9.027677933067135 9.050987678568415 9.071731735767127 9.090489727899781 9.107686258681529 9.123614176964551 8.61039923933556 8.538611995270918 8.496693232544686 8.467494717631013 8.445278617296823 8.427479563199038 8.412695572117288 8.40010538543978 8.38916044882398 8.388137379642346 8.387141168506695 8.38615332633172 8.385181855544817 8.384211228548669 8.383244950828049 8.38229174571 8.38135120627939 8.379521621392188 8.370925570998372 8.35610018356209 8.343701475719467 8.333027380809414 8.323748134102356 8.311793407694546 8.301550080418785 8.292652844490707 8.289890528587973 8.28479937048251 8.277756162233558 8.271440502964134 8.267539016149458 8.265697263993339 8.258705315467752 8.251077199122358 8.238066763472291 8.227397637403133 8.218045062685333 8.20946177141508 8.201659639923554 8.194514927537567 8.187874425480356 8.181508380035469 8.17582287596017 
# remnant_mass_list
-10.0 -10.0 7.833026163353074 8.167982397144037 8.362907228327817 8.500311090863976 8.606182802789563 8.69077172031994 8.761342885925265 8.821749617381512 8.874441552749818 8.956281524011228 8.964911753236045 8.969344750522595 8.972187797489077 8.974223323408983 8.975777152993684 8.977017253917516 8.978037813337215 8.978899192624242 8.978978584404535 8.97905541723793 8.979131468513362 8.979205975176372 8.979280463198188 8.979354561339916 8.97942744612208 8.979499171963614 8.97963780491309 8.980281036972238 8.981357017815693 8.982224080749495 8.982948171176513 8.983559473791539 8.98432273658784 8.984956640196485 8.985491462951599 8.985655454816229 8.985951565869234 8.98635532760299 8.9867088648638 8.986923977034097 8.98702406199864 8.987401386591802 8.987799867545892 8.98845944086124 8.988978037410735 8.989425135285959 8.989835367259465 8.990204084619885 8.990537902450328 8.990845637288917 8.991142074606898 8.991398302919128 
# BH_mass_list
-10.0 -10.0 7.6715092877994095 7.972539283463392 8.148630542519072 8.273569279127372 8.370469342697671 8.447804268733186 8.512480081678305 8.567914120975747 8.616302056338471 8.659142696396279 8.659142696396279 8.659142696396279 8.659142696396279 8.659142696396279 8.659142696396279 8.659142696396279 8.659142696396279 8.659142696396279 8.659142696396279 8.659142696396279 8.659142696396279 8.659142696396279 8.659142696396279 8.659142696396279 8.659142696396279 8.659142696396279 8.659142696396279 8.659142696396279 8.659142696396279 8.659142696396279 8.659142696396279 8.659142696396279 8.659142696396279 8.659142696396279 8.659142696396279 8.659142696396279 8.659142696396279 8.659142696396279 8.659142696396279 8.659142696396279 8.659142696396279 8.659142696396279 8.659142696396279 8.659142696396279 8.659142696396279 8.659142696396279 8.659142696396279 8.659142696396279 8.659142696396279 8.659142696396279 8.659142696396279 8.659142696396279 
# NS_mass_list
-10.0 -10.0 7.325201321894077 7.727155493880479 7.95335567779216 8.109113193606895 8.223511177414649 8.31300862555909 8.386435551330107 8.448600094000048 8.502494536499329 8.580752183362371 8.580752183362371 8.580752183362371 8.580752183362371 8.580752183362371 8.580752183362371 8.580752183362371 8.580752183362371 8.580752183362371 8.580752183362371 8.580752183362371 8.580752183362371 8.580752183362371 8.580752183362371 8.580752183362371 8.580752183362371 8.580752183362371 8.580752183362371 8.580752183362371 8.580752183362371 8.580752183362371 8.580752183362371 8.580752183362371 8.580752183362371 8.580752183362371 8.580752183362371 8.580752183362371 8.580752183362371 8.580752183362371 8.580752183362371 8.580752183362371 8.580752183362371 8.580752183362371 8.580752183362371 8.580752183362371 8.580752183362371 8.580752183362371 8.580752183362371 8.580752183362371 8.580752183362371 8.580752183362371 8.580752183362371 8.580752183362371 
# WD_mass_list
-10.0 -10.0 -10.0 -10.0 -10.0 5.16674582649522 6.263186530698598 6.666500078865516 6.919638109911273 7.102919920932958 7.244185856868579 7.827370669462418 7.931197219434781 7.97686365416273 8.004030135117484 8.022588521972077 8.036295565336522 8.046966741840496 8.055578389418253 8.062731634050287 8.063385751441585 8.06401796230668 8.064642947103732 8.065254473332587 8.065865091669822 8.066471767041358 8.067067783228895 8.067653622156692 8.06878398020178 8.073995146991042 8.082591676846517 8.089412467289257 8.095037833441554 8.099738073493748 8.105545320817303 8.110317637848002 8.114308981463296 8.115526506439982 8.117717472688339 8.120689646558878 8.12327775790127 8.124846022291555 8.125574024649248 8.128309202174533 8.1311817148958 8.135900708887942 8.13958035925363 8.142731351998888 8.14560537749466 8.148174723783207 8.150489706777241 8.152614496268136 8.154652911412358 8.156408272324876 
