# time_axis
5.999999999999999 7.0 7.30102999566398 7.477121254719661 7.602059991327962 7.698970004336018 7.778151250383643 7.845098040014256 7.903089986991943 7.954242509439324 8.0 8.041392685158224 8.079181246047623 8.113943352306837 8.146128035678238 8.176091259055681 8.301029995663981 8.47712125471966 8.60205999132796 8.698970004336019 8.778151250383644 8.845098040014257 8.903089986991942 8.954242509439323 8.999999999999998 9.004321373782641 9.008600171761916 9.012837224705171 9.017033339298779 9.021189299069936 9.02530586526477 9.02938377768521 9.033423755486949 9.041392685158224 9.079181246047623 9.146128035678236 9.204119982655923 9.255272505103305 9.301029995663981 9.361727836017593 9.414973347970816 9.462397997898954 9.477121254719663 9.505149978319904 9.544068044350274 9.57978359661681 9.60205999132796 9.612783856719734 9.653212513775342 9.698970004336017 9.778151250383642 9.845098040014257 9.903089986991944 9.954242509439325 10.0 10.041392685158225 10.079181246047623 10.113943352306835 10.146128035678236 
# total_gas_mass_list
8.7873673767305 10.425885414450592 10.726660372642591 10.37651432264321 10.004051227779046 9.601813389672584 9.174985252787149 8.729519321420126 8.27059314042079 7.803433777675618 7.33581073669397 6.883376246998198 6.478304050981348 6.167616874001667 5.9756236812239925 5.874220887416803 6.479639925531505 6.799691386435802 6.942342138916913 7.031517142954317 7.094977527083136 7.143224970451052 7.182053264319846 7.2141550898970594 7.241407414721295 7.2439497190655695 7.246392771032296 7.248781294170445 7.251146161206927 7.253499586045553 7.255847216996927 7.25819072693403 7.260529249625736 7.264967083499989 7.285588265890601 7.32045729610898 7.348616107590385 7.372350359565909 7.392660116677539 7.417474199690949 7.438257904058191 7.455909685067285 7.461477454134616 7.471125814076848 7.484450017955703 7.495679242836603 7.502480844103743 7.505483076108109 7.517187889187369 7.528961364657174 7.54789245758239 7.562270643562326 7.574687686578081 7.586025906580663 7.596293443797872 7.605367576083172 7.61426567080207 7.622258002154656 7.629641435705238 
# ejected_gas_mass_list
-10.0 -10.0 3.8082611250675025 5.469835664702166 6.09487876629008 6.403790472157005 6.571829547929502 6.679073919167136 6.757215581421521 6.8180604862573215 6.867345281069918 6.908132977688256 6.942528217515861 6.9720532590820214 6.997806641582025 7.020566921456907 7.10528048271488 7.204957191712531 7.2667610884188845 7.3112975637103315 7.345771264712639 7.373509861238978 7.396776671987758 7.416637075031931 7.433932942633425 7.435566583944628 7.43713966521679 7.438680679388134 7.440209391590945 7.441733626857168 7.443257006744647 7.444780593803893 7.446303803445838 7.449202263087595 7.462804517499243 7.486299457834058 7.505716494273693 7.522382694049568 7.536857388308557 7.554803206636122 7.570050104522738 7.58315053104752 7.587311029040971 7.594552507826817 7.604618371805528 7.613159798592765 7.618358964491593 7.620659967049363 7.629666180868292 7.638781269845484 7.653553586800087 7.66486672381357 7.6747004761278435 7.683730537044644 7.691948985465039 7.699244262453188 7.7064268468853605 7.712902339755541 7.718904484320587 
# stellar_mass_list
-10.0 6.389427368058463 8.03562125669342 8.473683810914277 8.528800652156963 8.530521719954407 8.518887302476967 8.505397924448191 8.493300509605115 8.483089497943272 8.474499554678383 8.46716393027596 8.460779052841453 8.455125365919299 8.450047847863438 8.445435483479606 8.427062571305242 8.402642797105594 8.385817872323333 8.372886042222666 8.36234294084665 8.353412416647975 8.345653675415384 8.338773573084108 8.332584364858583 8.331988196704721 8.331414467283802 8.330852369135343 8.330293334276686 8.329733782023617 8.329172363603718 8.328608562502561 8.328044817695053 8.326964394749185 8.321829564465618 8.31262740777692 8.304611206361624 8.297405961054485 8.290972784332268 8.28240492124902 8.274742160468797 8.267855981849655 8.265622871286638 8.261580075956445 8.255724706657457 8.2504407963613 8.247052198962196 8.245509238666559 8.239188361487635 8.23231045890842 8.219785113228939 8.209139743396662 8.199832533604784 8.191281779974322 8.183179301469302 8.17624705136843 8.169314670058478 8.163064128873708 8.157348362429385 
# remnant_mass_list
-10.0 -10.0 5.010809623754857 6.662944089952506 7.183501656301038 7.373814556443328 7.469336027911195 7.524898406765583 7.560789317871565 7.586248770111855 7.605665080228865 7.621277642534958 7.634315883732311 7.645497737616179 7.6552801523646234 7.6639651620985525 7.696756567664147 7.736382953177327 7.7613733068115955 7.779436595754744 7.793483885637623 7.804934611898621 7.814565765741137 7.822870386428326 7.830158772572265 7.830852240263432 7.831517620417781 7.83216789982261 7.8328133643610265 7.833458248326266 7.834104100956882 7.834751628944336 7.835397935066352 7.836631727803734 7.84242826103005 7.852547251898807 7.861089225567306 7.868561476891725 7.875071011171166 7.883512878888271 7.890853163002143 7.897285424512725 7.899340576131069 7.90301661723591 7.908256395994844 7.912893311600609 7.915825497400235 7.917147545864179 7.922503288331075 7.928197499034377 7.938250204654649 7.946474072104002 7.953434340284753 7.95965199497403 7.965394823092135 7.970184250299424 7.974878713655189 7.97902167432148 7.982737570996173 
# BH_mass_list
-10.0 -10.0 4.7768950818689735 6.425283226877535 6.895680681268293 7.008073367686824 7.0481681854879 7.063078295135399 7.068529475264386 7.07046738056065 7.071126141855347 7.071337324145598 7.071398603352397 7.071408577803603 7.071411332791941 7.071412679987172 7.071413545824364 7.071413545824364 7.071413545824364 7.071413545824364 7.071413545824364 7.071413545824364 7.071413545824364 7.071413545824364 7.071413545824364 7.071413545824364 7.071413545824364 7.071413545824364 7.071413545824364 7.071413545824364 7.071413545824364 7.071413545824364 7.071413545824364 7.071413545824364 7.071413545824364 7.071413545824364 7.071413545824364 7.071413545824364 7.071413545824364 7.071413545824364 7.071413545824364 7.071413545824364 7.071413545824364 7.071413545824364 7.071413545824364 7.071413545824364 7.071413545824364 7.071413545824364 7.071413545824364 7.071413545824364 7.071413545824364 7.071413545824364 7.071413545824364 7.071413545824364 7.071413545824364 7.071413545824364 7.071413545824364 7.071413545824364 7.071413545824364 
# NS_mass_list
-10.0 -10.0 4.630362142137555 6.287692565540711 6.8688482525476635 7.12905993005798 7.2609766635226975 7.327801851935347 7.353227954877528 7.363016340603829 7.366669162789508 7.3679809275976815 7.368434000045902 7.368584562456172 7.368632625117277 7.368647767322775 7.368657012490454 7.368657012490454 7.368657012490454 7.368657012490454 7.368657012490454 7.368657012490454 7.368657012490454 7.368657012490454 7.368657012490454 7.368657012490454 7.368657012490454 7.368657012490454 7.368657012490454 7.368657012490454 7.368657012490454 7.368657012490454 7.368657012490454 7.368657012490454 7.368657012490454 7.368657012490454 7.368657012490454 7.368657012490454 7.368657012490454 7.368657012490454 7.368657012490454 7.368657012490454 7.368657012490454 7.368657012490454 7.368657012490454 7.368657012490454 7.368657012490454 7.368657012490454 7.368657012490454 7.368657012490454 7.368657012490454 7.368657012490454 7.368657012490454 7.368657012490454 7.368657012490454 7.368657012490454 7.368657012490454 7.368657012490454 7.368657012490454 
# WD_mass_list
-10.0 -10.0 -10.0 -10.0 -10.0 3.0004348325512993 4.748743123863161 5.81545769645318 6.3243577372480795 6.572866563011803 6.723517891248188 6.825490450017527 6.8997768925224205 6.956865790953211 7.0025520972080635 7.040261691866064 7.164014507377325 7.286481455202123 7.35351342790081 7.398298640105374 7.431346575329284 7.457269404697616 7.478430802087244 7.496241378288494 7.511560282661392 7.513003227833881 7.514385394204436 7.515733993510637 7.517070467950423 7.518403621610922 7.519736665147906 7.52107105404274 7.522400825425179 7.524933558254194 7.536732824453107 7.556951531813578 7.573664313762264 7.588032891067242 7.600368341510615 7.616125096652473 7.629615144204047 7.641282569766199 7.644981057196747 7.651561946644691 7.660867221365117 7.669030243660783 7.674158325036177 7.676462011591753 7.685741791822099 7.6955174998831195 7.7125567905786 7.726297198338326 7.737792680971421 7.747961869036505 7.757273513412853 7.764981520359173 7.7724870245647555 7.779070868767915 7.784944861452715 
