# time_axis
1000000 10000000 20000000 30000000 40000000 50000000 60000000 70000000 80000000 90000000 100000000 110000000 120000000 130000000 140000000 150000000 200000000 300000000 400000000 500000000 600000000 700000000 800000000 900000000 1000000000 1010000000 1020000000 1030000000 1040000000 1050000000 1060000000 1070000000 1080000000 1100000000 1200000000 1400000000 1600000000 1800000000 2000000000 2300000000 2600000000 2900000000 3000000000 3200000000 3500000000 3800000000 4000000000 4100000000 4500000000 5000000000 6000000000 7000000000 8000000000 9000000000 10000000000 11000000000 12000000000 13000000000 14000000000 
# SNIa_energy_release_list
0 0.0 0.0 0.0 0.0 0.0 2.4223537418170502e+55 6.818222708917538e+55 1.1722875594306052e+56 1.6522235983051768e+56 2.0989014842727253e+56 2.5066366943580943e+56 2.8767716168787947e+56 3.2131351408807623e+56 3.520069934275425e+56 3.801646468639858e+56 4.934880180995324e+56 6.448435465187497e+56 7.484689207905713e+56 8.274108194299729e+56 8.91210858483553e+56 9.447483628342292e+56 9.908787497550048e+56 1.0314046607062201e+57 1.067544016845128e+57 1.0709520644835132e+57 1.074326043703452e+57 1.0776658460650035e+57 1.0809730574389808e+57 1.0842475104881892e+57 1.0874894877368313e+57 1.0907004109741386e+57 1.0938807978853837e+57 1.1001531687773646e+57 1.1298613413946548e+57 1.1823609831944012e+57 1.227719725475545e+57 1.267650522618339e+57 1.3033172094310884e+57 1.3505594980511467e+57 1.3919421735765257e+57 1.4287595961060837e+57 1.4401898967424123e+57 1.4619209936202103e+57 1.4920848166517903e+57 1.5197527040678646e+57 1.5370009898923924e+57 1.545302662419634e+57 1.5765944842669154e+57 1.6119805716458383e+57 1.673182272393939e+57 1.724890248689913e+57 1.7696578696848796e+57 1.809139190544038e+57 1.8444322850835413e+57 1.8763588520713054e+57 1.905499349701484e+57 1.932300966747708e+57 1.9571115331688947e+57 
# SNII_energy_release_list
0 0.0 6.169038899705752e+55 1.5210834728011184e+56 2.3016699957780975e+56 2.906972355455269e+56 3.277631830401014e+56 3.4703989646714092e+56 3.5706598496632823e+56 3.6228141640597257e+56 3.6499500408447946e+56 3.6640695817540465e+56 3.6714162925357425e+56 3.67523871665586e+56 3.6772379418628584e+56 3.6782899160493028e+56 3.679203005653288e+56 3.679203005653288e+56 3.679203005653288e+56 3.679203005653288e+56 3.679203005653288e+56 3.679203005653288e+56 3.679203005653288e+56 3.679203005653288e+56 3.679203005653288e+56 3.679203005653288e+56 3.679203005653288e+56 3.679203005653288e+56 3.679203005653288e+56 3.679203005653288e+56 3.679203005653288e+56 3.679203005653288e+56 3.679203005653288e+56 3.679203005653288e+56 3.679203005653288e+56 3.679203005653288e+56 3.679203005653288e+56 3.679203005653288e+56 3.679203005653288e+56 3.679203005653288e+56 3.679203005653288e+56 3.679203005653288e+56 3.679203005653288e+56 3.679203005653288e+56 3.679203005653288e+56 3.679203005653288e+56 3.679203005653288e+56 3.679203005653288e+56 3.679203005653288e+56 3.679203005653288e+56 3.679203005653288e+56 3.679203005653288e+56 3.679203005653288e+56 3.679203005653288e+56 3.679203005653288e+56 3.679203005653288e+56 3.679203005653288e+56 3.679203005653288e+56 3.679203005653288e+56 
# SN_energy_per_current_crossing_time_list
0.0 0.0 6.611081346387882e+55 1.000536053273276e+56 9.01687483070737e+55 7.25760254846428e+55 4.6924170360103897e+55 2.648724420486616e+55 1.5312916743449504e+55 9.197673053969465e+54 5.829906011258465e+54 3.950373969874162e+54 2.878595945626236e+54 2.247633209322449e+54 1.8611583688571396e+54 1.610350718998515e+54 1.2358128781526304e+54 8.349245149787303e+53 5.8410557089294175e+53 4.521858246446398e+53 3.7014677429589796e+53 3.13893610748968e+53 2.728972852433861e+53 2.4160836341785268e+53 2.169418909604263e+53 2.0471247601335233e+53 2.027926537384269e+53 2.0086290735202487e+53 1.990257113013439e+53 1.9717595170619168e+53 1.9534096157103904e+53 1.9358873191024394e+53 1.9186202534072674e+53 1.8941342395235788e+53 1.8041708069646014e+53 1.6096066459389933e+53 1.4020540518134866e+53 1.2430404029474188e+53 1.1171732649324443e+53 9.943688591207339e+52 8.769918542488132e+52 7.848894503986647e+52 7.324180888441931e+52 6.985591067448397e+52 6.494447656254565e+52 5.981353202015924e+52 5.607191114468274e+52 5.403642906465785e+52 5.114676907369035e+52 4.6485714584732183e+52 4.051185440036442e+52 3.4438659111221836e+52 2.997713657100121e+52 2.6568329589973726e+52 2.3861262004684466e+52 2.1672342553767975e+52 1.9859935218055468e+52 1.8332965080848467e+52 1.702777548252645e+52 
# SN_energy_per_final_crossing_time_list
0.0 0.0 1.12903518652938e+56 1.6547967690815363e+56 1.4286012211945519e+56 1.1078024854039852e+56 6.949924553684506e+55 3.829647883742244e+55 2.1715503903651323e+55 1.2838949906064407e+55 8.031911437023606e+54 5.382440685739685e+54 3.884846738813259e+54 3.008067570737239e+54 2.472419556221667e+54 2.1250204687287276e+54 1.5889245855327614e+54 1.0387703014151516e+54 7.1119279481125975e+53 5.417872786041143e+53 4.378669645579443e+53 3.6743401521041147e+53 3.165981211691754e+53 2.7813396163051993e+53 2.4802853428243665e+53 2.3389820705837397e+53 2.3156005253782994e+53 2.2921445566011978e+53 2.2697769890998593e+53 2.2472945761683293e+53 2.22500606282788e+53 2.2036933396979216e+53 2.1827359098905414e+53 2.152399938773261e+53 2.0389058626706795e+53 1.8015552291377665e+53 1.5565111787886803e+53 1.3702481375137176e+53 1.2239227531993985e+53 1.080764098982387e+53 9.467134496248281e+52 8.422739382299176e+52 7.844746050093593e+52 7.457150158172299e+52 6.90059223903658e+52 6.32959585308552e+52 5.91884791126154e+52 5.697532798067281e+52 5.368983801189495e+52 4.857175292691636e+52 4.2003427160678165e+52 3.5487775493582026e+52 3.07245302766721e+52 2.7096482036351346e+52 2.4222054414246414e+52 2.191156805397507e+52 1.9999456790800081e+52 1.839425629727091e+52 1.702777548252645e+52 
# total_energy_release_list
0 0 6.169038899705752e+55 1.5210834728011184e+56 2.3016699957780975e+56 2.906972355455269e+56 3.519867204582719e+56 4.152221235563163e+56 4.7429474090938875e+56 5.2750377623649025e+56 5.74885152511752e+56 6.170706276112141e+56 6.548187909414537e+56 6.8883738575366225e+56 7.197307876138283e+56 7.479936384689161e+56 8.614083186648612e+56 1.0127638470840785e+57 1.1163892213559e+57 1.1953311199953016e+57 1.2591311590488818e+57 1.312668663399558e+57 1.3587990503203336e+57 1.3993249612715489e+57 1.4354643174104569e+57 1.438872365048842e+57 1.4422463442687809e+57 1.4455861466303323e+57 1.4488933580043096e+57 1.452167811053518e+57 1.45540978830216e+57 1.4586207115394674e+57 1.4618010984507125e+57 1.4680734693426934e+57 1.4977816419599836e+57 1.55028128375973e+57 1.5956400260408738e+57 1.6355708231836677e+57 1.6712375099964173e+57 1.7184797986164757e+57 1.7598624741418543e+57 1.7966798966714125e+57 1.8081101973077413e+57 1.8298412941855393e+57 1.860005117217119e+57 1.8876730046331934e+57 1.9049212904577213e+57 1.9132229629849628e+57 1.9445147848322444e+57 1.979900872211167e+57 2.0411025729592678e+57 2.092810549255242e+57 2.1375781702502082e+57 2.1770594911093667e+57 2.21235258564887e+57 2.244279152636634e+57 2.2734196502668125e+57 2.3002212673130368e+57 2.3250318337342237e+57 
# binding_energy_list
8.810488730080146e+54 8.810488730080146e+54 8.770008211436303e+54 8.709635899560761e+54 8.649679187756885e+54 8.590135215053907e+54 8.550667128846876e+54 8.51138038202376e+54 8.472274141405911e+54 8.452788451602891e+54 8.413951416451895e+54 8.394599865193965e+54 8.375292821268861e+54 8.356030182312423e+54 8.336811846196331e+54 8.317637711026743e+54 8.241381150129963e+54 8.147042840208421e+54 8.090958991783846e+54 8.035261221856194e+54 7.99834255007026e+54 7.96159350417325e+54 7.94328234724279e+54 7.90678627999831e+54 7.888601176185516e+54 7.888601176185516e+54 7.888601176185516e+54 7.888601176185516e+54 7.870457896951001e+54 7.870457896951001e+54 7.870457896951001e+54 7.870457896951001e+54 7.870457896951001e+54 7.870457896951001e+54 7.852356346100775e+54 7.816278045883308e+54 7.780365510398008e+54 7.762471166286928e+54 7.744617978025239e+54 7.709034690644309e+54 7.691304402866145e+54 7.673614893618154e+54 7.673614893618154e+54 7.655966069112569e+54 7.638357835776954e+54 7.620790100254084e+54 7.620790100254084e+54 7.620790100254084e+54 7.603262769401822e+54 7.585775750291883e+54 7.550922276654341e+54 7.533555637337217e+54 7.516228940182015e+54 7.498942093324558e+54 7.498942093324558e+54 7.481695005111584e+54 7.464487584100623e+54 7.447319739059888e+54 7.447319739059888e+54 
# total_gas_kinetic_energy_list
4.278785394632788e+59 4.268731342995043e+59 2.219793263474827e+59 1.1543823039927183e+59 6.003658552321588e+58 3.122634278545528e+58 1.6243853477731527e+58 8.452086267979633e+57 4.3996904723019816e+57 2.2918915644776955e+57 1.1953646373303093e+57 6.247732537813637e+56 3.2773527708771112e+56 1.7300139914434856e+56 9.230984680676678e+55 5.015495033548514e+55 5.884333803288065e+55 7.055600391535146e+55 7.854798332344646e+55 8.449789092417354e+55 8.920862749443154e+55 9.309828987738121e+55 9.644996614178368e+55 9.939027413440777e+55 1.02025373970004e+56 1.0226832852756401e+56 1.0250970747045148e+56 1.027494226073014e+56 1.0298858808543083e+56 1.0322780317402914e+56 1.034675030681181e+56 1.037062050710126e+56 1.0393784092570063e+56 1.0438540734338112e+56 1.0653714782194738e+56 1.103356378742331e+56 1.135720925674369e+56 1.1641166402167637e+56 1.1890088322882178e+56 1.2210352082983848e+56 1.2484696465982037e+56 1.272318473932702e+56 1.2799456617914471e+56 1.2933384552871518e+56 1.3120015480184702e+56 1.328045910315776e+56 1.3377982500605957e+56 1.3421765276411385e+56 1.3592683793679605e+56 1.3767561349922621e+56 1.4053130743811934e+56 1.427522312129276e+56 1.4472441029611061e+56 1.46563435549799e+56 1.483301538915574e+56 1.4985987578237078e+56 1.5138537544828846e+56 1.5281109310024582e+56 1.541116586502259e+56 
