# time_axis
5.999999999999999 7.0 7.30102999566398 7.477121254719661 7.602059991327962 7.698970004336018 7.778151250383643 7.845098040014256 7.903089986991943 7.954242509439324 8.0 8.041392685158224 8.079181246047623 8.113943352306837 8.146128035678238 8.176091259055681 8.301029995663981 8.47712125471966 8.60205999132796 8.698970004336019 8.778151250383644 8.845098040014257 8.903089986991942 8.954242509439323 8.999999999999998 9.004321373782641 9.008600171761916 9.012837224705171 9.017033339298779 9.021189299069936 9.02530586526477 9.02938377768521 9.033423755486949 9.041392685158224 9.079181246047623 9.146128035678236 9.204119982655923 9.255272505103305 9.301029995663981 9.361727836017593 9.414973347970816 9.462397997898954 9.477121254719663 9.505149978319904 9.544068044350274 9.57978359661681 9.60205999132796 9.612783856719734 9.653212513775342 9.698970004336017 9.778151250383642 9.845098040014257 9.903089986991944 9.954242509439325 10.0 10.041392685158225 10.079181246047623 10.113943352306835 10.146128035678236 
# total_gas_mass_list
10.87444351720968 10.873421838189426 10.58943617592826 10.305478083043836 10.02155420453433 9.737670903222257 9.453852613961633 9.170145289188564 8.886625251034825 8.603422464467531 8.320756438412953 8.039006033166299 7.758828726569113 7.4813589727954595 7.208521117719713 6.943479750271197 7.0121064482195825 7.089192101427433 7.135090063175146 7.167260326901977 7.191632470951387 7.210975546069279 7.226917282952704 7.240360095834966 7.2520013303451005 7.253066135962789 7.254111936751158 7.255148085380076 7.256178318941638 7.257204990315903 7.258230415736307 7.259248492885528 7.260234985179878 7.262134479074689 7.271120530430013 7.286483587120442 7.29906679190934 7.3097299657028385 7.318828408144629 7.330227881905609 7.339750634923131 7.347877050975482 7.350454223819641 7.354916167470159 7.361021844897528 7.366236106378827 7.369379380608447 7.370792227713082 7.376224773409661 7.381752043454276 7.3906318317471635 7.397448361379044 7.403394012397664 7.408834541022038 7.413960855819917 7.41836620761571 7.42267763849239 7.42667439928771 7.430287491895545 
# ejected_gas_mass_list
-10.0 -10.0 5.992806209874283 6.443683609070888 6.656920100144503 6.775616119237126 6.853252579086863 6.909453138889848 6.9524492384014325 6.98658019005538 7.01435227450596 7.037440687098965 7.057013182322702 7.073891420366168 7.088657855099261 7.10173622259521 7.150531275983129 7.2078982975430135 7.243252517154739 7.268532415633935 7.28794670076628 7.303510428293113 7.316437977422209 7.327408102876677 7.336958049119996 7.337833855590998 7.3386944012273245 7.339547366239511 7.34039581835385 7.341241689841529 7.342086886024178 7.342926372196151 7.343740143195018 7.345307972171563 7.35274114598323 7.365510266521114 7.3760251228506695 7.384974407586689 7.392638173931675 7.402275568356867 7.4103560713398915 7.417272791589021 7.419470336673128 7.4232795461271905 7.428501264173275 7.432968998539858 7.435665947902521 7.436879081151696 7.4415488850659095 7.446308492788037 7.453972501361883 7.4598702083158654 7.465024560149274 7.4697492052547485 7.474208076616905 7.47804530708786 7.481805571101262 7.485295639466555 7.488454172534809 
# stellar_mass_list
-10.0 8.254654758921289 8.390266973058802 8.323510554205752 8.253142262980296 8.193748388420873 8.146573990991904 8.10983954997649 8.081183350417383 8.05850183749496 8.040159821352876 8.024971185216673 8.012101588736465 8.000970267723364 7.9911740833981595 7.982425430862002 7.948738420874845 7.9065085086117115 7.8789079841000484 7.858515888214559 7.8424017817429865 7.829129394331102 7.817846777047558 7.808074409941636 7.79940823167659 7.798607680771893 7.797820896673335 7.797039876747486 7.796260475893658 7.7954809470643145 7.794699874533597 7.793922443545031 7.79316928688701 7.791716886299474 7.784760574390723 7.772564557979223 7.762159752807766 7.753070387102116 7.745084070326452 7.73465156742103 7.725544805148122 7.717535791926983 7.714959883891381 7.710376331095015 7.703812883794586 7.697954624688702 7.694274754088885 7.692597720228848 7.685830533613243 7.678574634707214 7.66574634342696 7.655106023762617 7.645814019647543 7.6372769296175536 7.629170128997344 7.622252274233537 7.615316868641346 7.609079568603007 7.603363023816289 
# remnant_mass_list
-10.0 -10.0 7.304949540933101 7.643412213914246 7.776436410802277 7.843477727844045 7.8812679309897185 7.904236400389361 7.919150266027019 7.929438098730975 7.936943524306008 7.942691754095781 7.94728626551254 7.951089345434187 7.954325053500968 7.957137350243327 7.967386805792276 7.979238394244889 7.986407422182439 7.991430805903566 7.995244051149218 7.998284881400566 8.000801457142494 8.002931075751112 8.004782914016838 8.004951937380675 8.005117649642008 8.005281910341035 8.005445727106238 8.005609485188575 8.005773533920353 8.005936636175276 8.006094011858718 8.00639605223037 8.007832049355688 8.010298218696272 8.012350834782337 8.014106786733429 8.015619733990134 8.017555693512206 8.019211313472843 8.020639825225603 8.021096381365197 8.021895796886321 8.023032329053148 8.024030051677281 8.02465137377949 8.02493064420867 8.02605936177275 8.02724293455678 8.02929956875218 8.030960060646656 8.032382227255678 8.033672768533375 8.034887669401865 8.03589881464942 8.036911598654115 8.037806570741633 8.038614852247594 
# BH_mass_list
-10.0 -10.0 7.1610703040871915 7.46158976067883 7.561857148251888 7.606088350983336 7.627426857235298 7.638124676460634 7.643587344862697 7.646402877174609 7.647861258328442 7.648607017529287 7.648985266893058 7.649174256761087 7.649266247659509 7.649307486735759 7.649322034850109 7.649322034850109 7.649322034850109 7.649322034850109 7.649322034850109 7.649322034850109 7.649322034850109 7.649322034850109 7.649322034850109 7.649322034850109 7.649322034850109 7.649322034850109 7.649322034850109 7.649322034850109 7.649322034850109 7.649322034850109 7.649322034850109 7.649322034850109 7.649322034850109 7.649322034850109 7.649322034850109 7.649322034850109 7.649322034850109 7.649322034850109 7.649322034850109 7.649322034850109 7.649322034850109 7.649322034850109 7.649322034850109 7.649322034850109 7.649322034850109 7.649322034850109 7.649322034850109 7.649322034850109 7.649322034850109 7.649322034850109 7.649322034850109 7.649322034850109 7.649322034850109 7.649322034850109 7.649322034850109 7.649322034850109 7.649322034850109 
# NS_mass_list
-10.0 -10.0 6.755208021527691 7.177531323041424 7.3673587989263405 7.466933619079594 7.516861624644847 7.540722973248698 7.552634072537863 7.558703326122174 7.561827946746205 7.5634408447708195 7.564272702450263 7.564700206673775 7.564919261891328 7.565030221711462 7.565116770517452 7.565116770517452 7.565116770517452 7.565116770517452 7.565116770517452 7.565116770517452 7.565116770517452 7.565116770517452 7.565116770517452 7.565116770517452 7.565116770517452 7.565116770517452 7.565116770517452 7.565116770517452 7.565116770517452 7.565116770517452 7.565116770517452 7.565116770517452 7.565116770517452 7.565116770517452 7.565116770517452 7.565116770517452 7.565116770517452 7.565116770517452 7.565116770517452 7.565116770517452 7.565116770517452 7.565116770517452 7.565116770517452 7.565116770517452 7.565116770517452 7.565116770517452 7.565116770517452 7.565116770517452 7.565116770517452 7.565116770517452 7.565116770517452 7.565116770517452 7.565116770517452 7.565116770517452 7.565116770517452 7.565116770517452 7.565116770517452 
# WD_mass_list
-10.0 -10.0 -10.0 -10.0 -10.0 4.793220312852434 5.902495972487531 6.304598962061938 6.51890269345442 6.653625029295381 6.746297274924384 6.813976566600319 6.8656389944828895 6.906471480092751 6.93965652059865 6.967264013699131 7.057999788976502 7.145977316200874 7.192619716775566 7.222961355410563 7.244872771021509 7.2617164022705145 7.275263498788829 7.286465407842436 7.296019929536397 7.296883628341067 7.297729068791157 7.2985657999612235 7.299398981636809 7.300230583595772 7.301062381535812 7.301888114722237 7.302683663852958 7.30420724069122 7.3113928371965144 7.323516114392268 7.333405345952357 7.3417262268453065 7.348796256426872 7.357713321345857 7.365227278314832 7.371630181274185 7.373661210715694 7.377199855682606 7.382192691139308 7.386539526432622 7.3892296502532675 7.390434640922594 7.395278833721322 7.400314387163382 7.408959774552011 7.415845656527531 7.421678181846021 7.426920190518254 7.43181181270133 7.435851739936615 7.439870199659546 7.443398237539796 7.446566274191223 
