# time_axis
1000000 10000000 20000000 30000000 40000000 50000000 60000000 70000000 80000000 90000000 100000000 110000000 120000000 130000000 140000000 150000000 200000000 300000000 400000000 500000000 600000000 700000000 800000000 900000000 1000000000 1010000000 1020000000 1030000000 1040000000 1050000000 1060000000 1070000000 1080000000 1100000000 1200000000 1400000000 1600000000 1800000000 2000000000 2300000000 2600000000 2900000000 3000000000 3200000000 3500000000 3800000000 4000000000 4100000000 4500000000 5000000000 6000000000 7000000000 8000000000 9000000000 10000000000 11000000000 12000000000 13000000000 14000000000 
# SNIa_energy_release_list
0 0.0 0.0 0.0 0.0 0.0 3.5434814940828994e+54 1.0123129609284317e+55 1.6686067534811757e+55 2.264669360970772e+55 2.7955344655575723e+55 3.268708542277802e+55 3.693123747113059e+55 4.077015074023983e+55 4.427204634443817e+55 4.749086801784086e+55 6.05584462323943e+55 7.828178233182429e+55 9.05306643147155e+55 9.99028483760194e+55 1.0749699923100923e+56 1.138800496282519e+56 1.1938668904224744e+56 1.2422864042200337e+56 1.285495169439379e+56 1.2895714399002946e+56 1.2936076495347533e+56 1.2976023839407158e+56 1.3015585373794615e+56 1.3054756977436534e+56 1.3093538132419822e+56 1.3131951338648715e+56 1.3170003026524997e+56 1.324505586086269e+56 1.3600614485911124e+56 1.4229271440403558e+56 1.4772715819908301e+56 1.5251335338140717e+56 1.5678986343529534e+56 1.6245603901655205e+56 1.6742090057276512e+56 1.718390800352813e+56 1.7321115864761278e+56 1.7581930434186477e+56 1.7944022961212095e+56 1.8276199783915492e+56 1.848329294663724e+56 1.8582975688890125e+56 1.8958752135595894e+56 1.9383714240807425e+56 2.0118808959786715e+56 2.073999491138407e+56 2.1277839101576297e+56 2.1752236968722035e+56 2.2176331844645513e+56 2.255994699400355e+56 2.2910131611987406e+56 2.3232222804919376e+56 2.3530392108932795e+56 
# SNII_energy_release_list
0 0.0 9.474917932998036e+53 2.6854144068991784e+54 4.327355247270799e+54 5.7801604507688816e+54 6.666826980468711e+54 7.053138356436327e+54 7.219750096791943e+54 7.291434416606689e+54 7.321722803257913e+54 7.334186825547393e+54 7.339226063800867e+54 7.341219572063186e+54 7.341985586558327e+54 7.342321527977078e+54 7.342482511612726e+54 7.342482511612726e+54 7.342482511612726e+54 7.342482511612726e+54 7.342482511612726e+54 7.342482511612726e+54 7.342482511612726e+54 7.342482511612726e+54 7.342482511612726e+54 7.342482511612726e+54 7.342482511612726e+54 7.342482511612726e+54 7.342482511612726e+54 7.342482511612726e+54 7.342482511612726e+54 7.342482511612726e+54 7.342482511612726e+54 7.342482511612726e+54 7.342482511612726e+54 7.342482511612726e+54 7.342482511612726e+54 7.342482511612726e+54 7.342482511612726e+54 7.342482511612726e+54 7.342482511612726e+54 7.342482511612726e+54 7.342482511612726e+54 7.342482511612726e+54 7.342482511612726e+54 7.342482511612726e+54 7.342482511612726e+54 7.342482511612726e+54 7.342482511612726e+54 7.342482511612726e+54 7.342482511612726e+54 7.342482511612726e+54 7.342482511612726e+54 7.342482511612726e+54 7.342482511612726e+54 7.342482511612726e+54 7.342482511612726e+54 7.342482511612726e+54 7.342482511612726e+54 
# SN_energy_per_current_crossing_time_list
0.0 0.0 2.0284422197212524e+53 3.5326542253174093e+53 3.2734003541225696e+53 2.8882542723595856e+53 2.0378404772670683e+53 1.2772689037160912e+53 8.414953491977285e+52 6.083346241024532e+52 4.7745816943338747e+52 3.991483998540768e+52 3.482462492019674e+52 3.121980071378639e+52 2.8480606465032443e+52 2.629671093464261e+52 2.2016715207483275e+52 1.5712665815015864e+52 1.1311422702953242e+52 8.961954703996151e+51 7.484701106472136e+51 6.461286338793843e+51 5.709411035597637e+51 5.130721384227197e+51 4.670973057645071e+51 4.414856562606952e+51 4.379858326562027e+51 4.343010388528371e+51 4.308843947550885e+51 4.274135871261329e+51 4.239545178616723e+51 4.2070555553698856e+51 4.175005930482845e+51 4.131880039837767e+51 3.9823545369231785e+51 3.632611369016125e+51 3.2288894276358864e+51 2.916156669621077e+51 2.665700883434043e+51 2.427672776189032e+51 2.1864834995408537e+51 1.994571408862425e+51 1.873157784268872e+51 1.806692506470204e+51 1.7073192878797726e+51 1.5960042870490803e+51 1.5099728460875978e+51 1.4612997421944574e+51 1.4072374591527826e+51 1.3029955433686284e+51 1.1740745583400408e+51 1.0250357702015065e+51 9.11005994586933e+50 8.213363566134622e+50 7.48556882190985e+50 6.877190751415924e+50 6.369650242960578e+50 5.929589764114876e+50 5.553118611078071e+50 
# SN_energy_per_final_crossing_time_list
0.0 0.0 4.705634676134634e+53 8.631239840622104e+53 8.154554803800372e+53 7.215229294430687e+53 5.0634909499795015e+53 3.143978121911821e+53 2.0497470870885335e+53 1.4661235685470395e+53 1.139110182090758e+53 9.431430124590384e+52 8.154597317754544e+52 7.248615279628905e+52 6.559989656802739e+52 6.011432285922178e+52 4.869022382507813e+52 3.3008021355446156e+52 2.281237323511661e+52 1.7454798007957527e+52 1.4143380918338944e+52 1.1887821945206436e+52 1.0255590163962047e+52 9.0176721610644e+51 8.047219987824205e+51 7.591664552860847e+51 7.517055088379279e+51 7.439811435137873e+51 7.367958067203252e+51 7.295337188697488e+51 7.222619853822761e+51 7.154092911296328e+51 7.08676356970541e+51 6.988936915452353e+51 6.621939923087717e+51 5.8540677846207784e+51 5.060566358262268e+51 4.456915783326253e+51 3.9822958384809183e+51 3.517570347940772e+51 3.082193543302221e+51 2.7428124748970727e+51 2.5553654167086392e+51 2.428711171841758e+51 2.247875869730342e+51 2.062158726037073e+51 1.928456217084934e+51 1.8564959026864162e+51 1.7496193871390445e+51 1.5829026956757764e+51 1.3690437311700303e+51 1.1568995273236508e+51 1.001683453734115e+51 8.83520734577069e+50 7.898362160873154e+50 7.144465901479059e+50 6.521854172325501e+50 5.998640952840712e+50 5.553118611078071e+50 
# total_energy_release_list
0 0 9.474917932998036e+53 2.6854144068991784e+54 4.327355247270799e+54 5.7801604507688816e+54 1.021030847455161e+55 1.7176267965720644e+55 2.3905817631603698e+55 2.993812802631441e+55 3.5277067458833634e+55 4.0021272248325416e+55 4.427046353493146e+55 4.8111370312303015e+55 5.16140319309965e+55 5.483318954581794e+55 6.790092874400702e+55 8.562426484343702e+55 9.787314682632822e+55 1.0724533088763212e+56 1.1483948174262195e+56 1.2122253213986463e+56 1.2672917155386016e+56 1.315711229336161e+56 1.3589199945555063e+56 1.3629962650164218e+56 1.3670324746508806e+56 1.371027209056843e+56 1.3749833624955888e+56 1.3789005228597807e+56 1.3827786383581095e+56 1.3866199589809987e+56 1.390425127768627e+56 1.3979304112023963e+56 1.4334862737072396e+56 1.496351969156483e+56 1.5506964071069574e+56 1.598558358930199e+56 1.6413234594690806e+56 1.6979852152816477e+56 1.7476338308437785e+56 1.7918156254689402e+56 1.805536411592255e+56 1.831617868534775e+56 1.8678271212373367e+56 1.9010448035076765e+56 1.9217541197798513e+56 1.9317223940051398e+56 1.9693000386757166e+56 2.01179624919687e+56 2.0853057210947987e+56 2.1474243162545344e+56 2.201208735273757e+56 2.2486485219883307e+56 2.2910580095806786e+56 2.3294195245164822e+56 2.364437986314868e+56 2.396647105608065e+56 2.4264640360094067e+56 
# binding_energy_list
6.194410750767837e+52 6.194410750767837e+52 6.180164001384113e+52 6.151768727098702e+52 6.137620051647895e+52 6.10942024905574e+52 6.095368972401644e+52 6.067363295885071e+52 6.053408747539087e+52 6.039486293763782e+52 6.011737374832829e+52 5.997910762555076e+52 5.984115950603211e+52 5.970352865838415e+52 5.956621435290085e+52 5.942921586155739e+52 5.874893525297745e+52 5.767664633922544e+52 5.675446054085442e+52 5.610479760324735e+52 5.533501092157394e+52 5.482769649208502e+52 5.420008904016261e+52 5.382697825162904e+52 5.33334895487617e+52 5.33334895487617e+52 5.321082592667931e+52 5.321082592667931e+52 5.321082592667931e+52 5.308844442309901e+52 5.308844442309901e+52 5.308844442309901e+52 5.296634438916537e+52 5.296634438916537e+52 5.248074602497712e+52 5.188000389289651e+52 5.116818355403114e+52 5.069907082747024e+52 5.011872336272755e+52 4.943106869868384e+52 4.886523593428336e+52 4.830588020397698e+52 4.819477976251271e+52 4.7863009232263804e+52 4.742419852602468e+52 4.7097732639695486e+52 4.6773514128720003e+52 4.6665938031428533e+52 4.6238102139925937e+52 4.581418867145349e+52 4.5081670454146376e+52 4.44631267469112e+52 4.395416154378252e+52 4.355118736855715e+52 4.325138310350115e+52 4.295364267648899e+52 4.2657951880159515e+52 4.24619563946313e+52 4.2169650342858223e+52 
# total_gas_kinetic_energy_list
1.0314321036570264e+58 1.0717420152261719e+58 5.251621947151779e+57 2.5734803054807722e+57 1.261209238344624e+57 6.181887119531327e+56 3.031118609358604e+56 1.4872861860843739e+56 7.307599931698242e+55 3.5998324919153815e+55 1.7820655938217402e+55 8.904845147285202e+54 4.5267791219383835e+54 2.3736532735940195e+54 1.3109345651860236e+54 7.8337570880775e+53 1.4160131156467998e+54 2.4418041234603104e+54 3.278112804406503e+54 3.983336251706313e+54 4.5865098520114876e+54 5.1130374491457566e+54 5.588183058091537e+54 6.021488128358799e+54 6.419709574003158e+54 6.457334681108659e+54 6.497196074673596e+54 6.535397620755959e+54 6.57054326183702e+54 6.60657029683676e+54 6.644912332791947e+54 6.681403181335363e+54 6.717714992694391e+54 6.7885677468437e+54 7.128008176344481e+54 7.750615840458796e+54 8.30226295554455e+54 8.800167807161044e+54 9.248975178071347e+54 9.841840490557674e+54 1.0369423658173915e+55 1.0836880832223432e+55 1.0987326708893757e+55 1.1262876428617834e+55 1.1645289888338146e+55 1.1985674490307333e+55 1.2190877401617842e+55 1.2282137715463786e+55 1.2655816157051842e+55 1.304406672806354e+55 1.3702436011559523e+55 1.4204005835793658e+55 1.4603597282643758e+55 1.4936839246838977e+55 1.523137351599321e+55 1.54665692176738e+55 1.5685443213731906e+55 1.5858930619148737e+55 1.603964532740456e+55 
