# time_axis
5.999999999999999 7.0 7.30102999566398 7.477121254719661 7.602059991327962 7.698970004336018 7.778151250383643 7.845098040014256 7.903089986991943 7.954242509439324 8.0 8.041392685158224 8.079181246047623 8.113943352306837 8.146128035678238 8.176091259055681 8.301029995663981 8.47712125471966 8.60205999132796 8.698970004336019 8.778151250383644 8.845098040014257 8.903089986991942 8.954242509439323 8.999999999999998 9.004321373782641 9.008600171761916 9.012837224705171 9.017033339298779 9.021189299069936 9.02530586526477 9.02938377768521 9.033423755486949 9.041392685158224 9.079181246047623 9.146128035678236 9.204119982655923 9.255272505103305 9.301029995663981 9.361727836017593 9.414973347970816 9.462397997898954 9.477121254719663 9.505149978319904 9.544068044350274 9.57978359661681 9.60205999132796 9.612783856719734 9.653212513775342 9.698970004336017 9.778151250383642 9.845098040014257 9.903089986991944 9.954242509439325 10.0 10.041392685158225 10.079181246047623 10.113943352306835 10.146128035678236 
# total_gas_mass_list
9.256561334612494 9.273213278584471 8.963417112862842 8.6536499628947 8.343929079415132 8.034278275020034 7.724793776622481 7.415668213542604 7.107190348445055 6.799925031155614 6.494923814388002 6.19418149025314 5.901205227179551 5.622110183431682 5.366071155705538 5.144743641403163 5.40302943616463 5.635431777872065 5.76087229759031 5.845794929272495 5.908088354336637 5.956438513239751 5.99558843250634 6.028155820260162 6.055941051688124 6.058466055401783 6.061082198207649 6.0635879346232935 6.065941978350998 6.0683205544587615 6.070807519349964 6.073174471915413 6.075502678288969 6.080013272921291 6.101020113617273 6.136762299685107 6.165912924050779 6.190360037683148 6.211179355910703 6.2371237805606725 6.2588751887357645 6.277308542125232 6.283034936972816 6.293363715394289 6.3072278993606785 6.319196087575953 6.326263967488959 6.3293870981839495 6.341834536669443 6.354440437140704 6.37490473536941 6.389884699623065 6.401543870475408 6.41104844250332 6.419274099301806 6.425786907174577 6.4317697452018185 6.4365936818732745 6.441397310120339 
# ejected_gas_mass_list
-10.0 -10.0 4.215168715054788 4.736785053106631 4.985671585026777 5.130010398707719 5.2403318894816975 5.331543804606238 5.404113483186431 5.462917106536589 5.511509745164948 5.552682010017566 5.588030126354658 5.61896997965755 5.646337728539382 5.670852668172293 5.764957962625793 5.8814121865853775 5.956982845313607 6.012931699567302 6.0562798000153055 6.09119629121457 6.120242603058015 6.144909933981803 6.166303630345468 6.168263297682216 6.170296384818498 6.172246226647704 6.174080298849532 6.175935711553613 6.177878059528491 6.179728935262732 6.1815516552459595 6.185088957894721 6.201666332879975 6.230252572247844 6.253908117669819 6.27397325327723 6.291217875701721 6.31290264547798 6.331243803618363 6.3468981282914045 6.351781436165636 6.360613326290095 6.37251561549932 6.382833000231784 6.3889442743160805 6.391648975558824 6.4024544233612 6.413438625253671 6.431356288218741 6.444537742819238 6.454834458497316 6.463252040237764 6.47055384622433 6.476346127373985 6.481675492441079 6.48597834878582 6.490268198329949 
# stellar_mass_list
-10.0 6.733682589332156 6.980021903081102 7.015106692766075 7.028698492055816 7.029450549828533 7.024364355275026 7.016727594320353 7.008471565075148 7.000170861934424 6.992349086895189 6.984944064181072 6.978035839675791 6.971583544434944 6.965547372369144 6.959874249700557 6.935351549447416 6.8980833054529604 6.86882842655268 6.843984872980899 6.822454137048157 6.803394559383773 6.786208172857882 6.770518562537506 6.756019042672526 6.754639401146493 6.753285995846161 6.7519262490191645 6.750573255664234 6.749228677117472 6.747860938006585 6.746495032612132 6.7451651520875044 6.742596381491464 6.729992952764481 6.706731787527851 6.6856131522994815 6.666076802026841 6.647987262260645 6.6229437313673465 6.599595328495258 6.577750869678811 6.570460287001123 6.557069412565513 6.537102757835952 6.518318971954493 6.50602399382049 6.500291416909689 6.476238207309611 6.448661000663947 6.39454244225198 6.345755821807972 6.304934098053923 6.268910225717613 6.235938360850974 6.208619214992279 6.182031871470107 6.158697809499852 6.1377873661786575 
# remnant_mass_list
-10.0 -10.0 5.440698973644407 5.819370203544909 5.95057325374551 6.022290739025698 6.0674486765588185 6.098615079610732 6.122426980440627 6.141722145863021 6.15798114811799 6.172069513038197 6.18449277238169 6.195607620858813 6.205655771918622 6.2148475927808 6.2517874232402715 6.301219529316998 6.335249076754308 6.36125599826754 6.381888117549789 6.398834464673543 6.4131458257981855 6.425443439517292 6.436257616791803 6.437250431136703 6.438227957446879 6.439193486546465 6.440161466318161 6.441127130562452 6.442095607688349 6.443055694423244 6.443988232333281 6.445783849455722 6.454342168404614 6.4692291961239174 6.481808687842913 6.49270918042972 6.502221751610336 6.514553086264563 6.525238365784242 6.534575953412046 6.537583479823955 6.5428895586615665 6.550474005311166 6.557201509756581 6.561428914534386 6.5633395475986145 6.5710747509805385 6.579298498088929 6.593790049820555 6.605126302142373 6.613455437015377 6.620083031823332 6.625623168025686 6.629794097389649 6.6336110424833 6.636721720789325 6.639325321039427 
# BH_mass_list
-10.0 -10.0 5.2302893350713 5.542969220523543 5.595413353376329 5.61051600302352 5.615179409682968 5.616587558481119 5.616967262339672 5.617053842397108 5.617069868614637 5.617071146228197 5.617071146228197 5.617071146228197 5.617071146228197 5.617071146228197 5.617071146228197 5.617071146228197 5.617071146228197 5.617071146228197 5.617071146228197 5.617071146228197 5.617071146228197 5.617071146228197 5.617071146228197 5.617071146228197 5.617071146228197 5.617071146228197 5.617071146228197 5.617071146228197 5.617071146228197 5.617071146228197 5.617071146228197 5.617071146228197 5.617071146228197 5.617071146228197 5.617071146228197 5.617071146228197 5.617071146228197 5.617071146228197 5.617071146228197 5.617071146228197 5.617071146228197 5.617071146228197 5.617071146228197 5.617071146228197 5.617071146228197 5.617071146228197 5.617071146228197 5.617071146228197 5.617071146228197 5.617071146228197 5.617071146228197 5.617071146228197 5.617071146228197 5.617071146228197 5.617071146228197 5.617071146228197 5.617071146228197 
# NS_mass_list
-10.0 -10.0 5.025014718538908 5.492230057480198 5.6976680446014685 5.807714147602465 5.86009776740499 5.88095871573868 5.889610997256186 5.893246788426509 5.894756449284892 5.895365847633775 5.895605307148086 5.895695982793362 5.895728222703615 5.89574050758032 5.895745209335289 5.895745209335289 5.895745209335289 5.895745209335289 5.895745209335289 5.895745209335289 5.895745209335289 5.895745209335289 5.895745209335289 5.895745209335289 5.895745209335289 5.895745209335289 5.895745209335289 5.895745209335289 5.895745209335289 5.895745209335289 5.895745209335289 5.895745209335289 5.895745209335289 5.895745209335289 5.895745209335289 5.895745209335289 5.895745209335289 5.895745209335289 5.895745209335289 5.895745209335289 5.895745209335289 5.895745209335289 5.895745209335289 5.895745209335289 5.895745209335289 5.895745209335289 5.895745209335289 5.895745209335289 5.895745209335289 5.895745209335289 5.895745209335289 5.895745209335289 5.895745209335289 5.895745209335289 5.895745209335289 5.895745209335289 5.895745209335289 
# WD_mass_list
-10.0 -10.0 -10.0 -10.0 -10.0 3.4043061709913593 4.493441787358315 4.908787984336996 5.133933461819745 5.278172157715999 5.3799839729390575 5.4566826879477395 5.517066457434095 5.566298532759466 5.607505583709598 5.642831360452693 5.767127402666426 5.903210128802093 5.983764967503959 6.040147574004253 6.082294442959464 6.115444923496811 6.142524125479968 6.165182432400461 6.1846759223576635 6.186446278983391 6.188186286674558 6.189901948857568 6.19161899944745 6.193329000031322 6.195041046398369 6.196735375313446 6.198378352072664 6.2015343939676075 6.216443386191923 6.241876124996347 6.262902551219061 6.2808017491402035 6.296192235689256 6.315842025875051 6.332608446658562 6.347072488717101 6.3516952780316975 6.35980963566575 6.371318551139323 6.381441481413865 6.387762469212155 6.390609388560006 6.4020732440295856 6.414155128232214 6.435191155119369 6.451431798404747 6.4632497779078415 6.472586680001174 6.480347429283532 6.486164228347632 6.49146819724401 6.495777408898891 6.499375076138947 
