# time_axis
5.999999999999999 7.0 7.30102999566398 7.477121254719661 7.602059991327962 7.698970004336018 7.778151250383643 7.845098040014256 7.903089986991943 7.954242509439324 8.0 8.041392685158224 8.079181246047623 8.113943352306837 8.146128035678238 8.176091259055681 8.204119982655925 8.230448921378272 8.255272505103306 8.278753600952827 8.301029995663981 8.47712125471966 8.60205999132796 8.698970004336019 8.778151250383644 8.845098040014257 8.903089986991942 8.954242509439323 8.999999999999998 9.004321373782641 9.008600171761916 9.012837224705171 9.017033339298779 9.021189299069936 9.02530586526477 9.02938377768521 9.033423755486949 9.041392685158224 9.079181246047623 9.146128035678236 9.204119982655923 9.255272505103305 9.301029995663981 9.361727836017593 9.414973347970816 9.462397997898954 9.477121254719663 9.505149978319904 9.544068044350274 9.57978359661681 9.60205999132796 9.612783856719734 9.653212513775342 9.698970004336017 9.778151250383642 9.845098040014257 9.903089986991944 9.954242509439325 10.0 10.041392685158225 10.079181246047623 10.113943352306835 10.146128035678236 
# total_gas_mass_list
9.446787486224656 9.443419061077675 9.441611472905013 9.440141227515749 9.438803161567431 9.437534918579138 9.436263688712872 9.434988698637648 9.433709958689617 9.43242739646103 9.43114149062424 9.429852086187692 9.428559112901596 9.427262568813473 9.425962393771075 9.424658413162081 9.423350475451503 9.422038548338845 9.420722623774468 9.419402837923101 9.41807919847852 9.421305668213352 9.421340377469916 9.421363960591219 9.421382044353434 9.421396587465251 9.421408925291336 9.421419614668162 9.421428924921294 9.421429800776755 9.421430664159136 9.42143152478556 9.421432372412022 9.421433205141913 9.421434038099504 9.421434860653612 9.421435685449056 9.421437272863619 9.421444829730278 9.421458017015334 9.421469294070363 9.421479192976765 9.421487959169886 9.421499510451824 9.421509571047524 9.421518488467825 9.42152124898965 9.421526498666301 9.421533765700268 9.421540413934961 9.421544559077653 9.421546541471699 9.421554045552945 9.421562496253419 9.421577090892704 9.421589392821371 9.421600023289319 9.421609368445786 9.421617750681083 9.421625301623365 9.42163220046516 9.421638535082428 9.421644400095737 
# ejected_gas_mass_list
-10.0 -10.0 -10.0 -10.0 -10.0 6.599234927902334 6.932409129726641 7.1187014646775175 7.248652917783755 7.34853743847797 7.429736110195243 7.498145560015617 7.557251410211426 7.609287409620498 7.655765197309021 7.697751583640128 7.736032812504989 7.771209634110924 7.803748548037337 7.834023854461573 7.862331556025788 7.96548682318396 7.966477167572427 7.967148813553036 7.96766316004034 7.968076375798208 7.968426635265822 7.968729876595597 7.968993827953015 7.9690186510272625 7.969043119255819 7.969067508057171 7.9690915271686755 7.969115122909518 7.969138723865172 7.9691620288352 7.969185396096438 7.969230365689555 7.96944438129032 7.96981761065712 7.970136531038442 7.9704162906672 7.970663892874765 7.970989952470624 7.971273742009543 7.971525135380554 7.971602929545052 7.971750833417343 7.971955493975667 7.9721426459266524 7.972259294921277 7.972315071047943 7.972526141388349 7.972763719290924 7.973173729262349 7.973519039973725 7.9738172202768265 7.974079185151851 7.974314027706177 7.974525475384474 7.9747185756663574 7.974895810283777 7.975059843817124 
# stellar_mass_list
-10.0 7.454821665207646 7.601375376964093 7.689704322176413 7.755464917355557 7.80855070328688 7.853357239208592 7.8922942197253425 7.9268075132789955 7.9578570344636725 7.986112108844034 8.012061252790748 8.036071182291693 8.058426250691975 8.079351071867748 8.099027085005968 8.117601703007164 8.135197806145097 8.151918168837613 8.16785013638788 8.183068585098933 8.020343659348283 7.980540896201077 7.954843373388422 7.935814450874063 7.9207163452520915 7.908211989798366 7.897554322930938 7.888271108366308 7.887406937450369 7.886552235103692 7.885708937120097 7.884877706347677 7.884051800476969 7.883236264835897 7.882424955924602 7.8816270196643945 7.880060603564731 7.872704636947057 7.859952054848683 7.849172090554532 7.839831905575944 7.831614638423496 7.820905805562639 7.811639608433235 7.803495540844356 7.800979400186441 7.796228504459833 7.789661202823646 7.783728436197295 7.780000527724777 7.778245338840978 7.7715629574411285 7.764146149604905 7.751324355779445 7.74063652121544 7.731295836776661 7.722829627625326 7.715053944669033 7.707977117557823 7.7013343579602225 7.695129943502782 7.689346537749659 
# remnant_mass_list
-10.0 -10.0 5.414683961242206 6.0467241728188945 6.349251615246998 6.546835940193816 6.692166549808539 6.806486824469768 6.900332197731313 6.9797356539778725 7.048426519141039 7.108865531262796 7.162763169967008 7.2113515826292405 7.255548191138044 7.296052554278618 7.333412587692187 7.368062579926107 7.400354021989356 7.430574370716879 7.458961600290462 7.572175753800825 7.6038387006861 7.622338524972318 7.635145173120679 7.644804391147393 7.652487268869449 7.65881915349515 7.664178942446613 7.66467060157199 7.665155752437186 7.665633161641156 7.666102548208788 7.666568040856449 7.667026587112632 7.667481978850861 7.667928630305972 7.668802280046505 7.672854010541319 7.679683108916025 7.685269213193655 7.689977030418662 7.694019607904046 7.699152539767004 7.703476335609897 7.707188157816242 7.708319000694398 7.71043257895687 7.71331192407719 7.7158676599433855 7.717455249364725 7.718196317702603 7.720989808596888 7.724028936439739 7.729152094936638 7.733292470006769 7.736827212469866 7.739971800129232 7.742811928127169 7.745350711589559 7.747701386427529 7.749865153400831 7.751854138493781 
# BH_mass_list
-10.0 -10.0 -10.0 -10.0 -10.0 -10.0 -10.0 -10.0 -10.0 -10.0 -10.0 -10.0 -10.0 -10.0 -10.0 -10.0 -10.0 -10.0 -10.0 -10.0 -10.0 -10.0 -10.0 -10.0 -10.0 -10.0 -10.0 -10.0 -10.0 -10.0 -10.0 -10.0 -10.0 -10.0 -10.0 -10.0 -10.0 -10.0 -10.0 -10.0 -10.0 -10.0 -10.0 -10.0 -10.0 -10.0 -10.0 -10.0 -10.0 -10.0 -10.0 -10.0 -10.0 -10.0 -10.0 -10.0 -10.0 -10.0 -10.0 -10.0 -10.0 -10.0 -10.0 
# NS_mass_list
-10.0 -10.0 5.949937624296689 6.3758792109221725 6.615819117469536 6.780834890579154 6.900025419765789 6.993052486825874 7.069215664807281 7.13362584088523 7.189406950056623 7.238560208965585 7.282467009048728 7.3221167492882415 7.35824321373358 7.391394570056887 7.422000905136861 7.450428685206692 7.476957044803088 7.501814561151588 7.525191350052989 7.566179248721882 7.566179248721882 7.566179248721882 7.566179248721882 7.566179248721882 7.566179248721882 7.566179248721882 7.566179248721882 7.566179248721882 7.566179248721882 7.566179248721882 7.566179248721882 7.566179248721882 7.566179248721882 7.566179248721882 7.566179248721882 7.566179248721882 7.566179248721882 7.566179248721882 7.566179248721882 7.566179248721882 7.566179248721882 7.566179248721882 7.566179248721882 7.566179248721882 7.566179248721882 7.566179248721882 7.566179248721882 7.566179248721882 7.566179248721882 7.566179248721882 7.566179248721882 7.566179248721882 7.566179248721882 7.566179248721882 7.566179248721882 7.566179248721882 7.566179248721882 7.566179248721882 7.566179248721882 7.566179248721882 7.566179248721882 
# WD_mass_list
-10.0 -10.0 -10.0 -10.0 -10.0 4.015850655931237 5.126704266346766 5.5362335587370035 5.794380764653635 5.981752821956913 6.127632473077098 6.246609270814429 6.346736840345642 6.432956829882175 6.508510039074781 6.5757023352775095 6.63617145067399 6.690977346275778 6.741044451573648 6.787087140759855 6.829671139257719 7.0993311927966865 7.187349199093211 7.234055699371282 7.264725586432564 7.287060526272579 7.304375765804209 7.318365220352355 7.330018405639048 7.331078977499275 7.332124150881346 7.333151332935567 7.334159988236246 7.3351590412416705 7.33614198773792 7.337116999523612 7.338072166736078 7.339937248343931 7.348531906466174 7.362818918394942 7.3743269894191 7.383905975803045 7.392046932178372 7.402274755582219 7.410798643698816 7.418051194319788 7.420249081358445 7.4243426031079975 7.429889470470528 7.434784632101338 7.437812246584336 7.439222076566951 7.444517110994645 7.4502434335788426 7.459817393787972 7.467484072082537 7.47398061667086 7.4797232234171 7.484880567459884 7.489467596590542 7.493695604800879 7.497571386164038 7.501120699185399 
