# time_axis
1000000 10000000 20000000 30000000 40000000 50000000 60000000 70000000 80000000 90000000 100000000 110000000 120000000 130000000 140000000 150000000 200000000 300000000 400000000 500000000 600000000 700000000 800000000 900000000 1000000000 1010000000 1020000000 1030000000 1040000000 1050000000 1060000000 1070000000 1080000000 1100000000 1200000000 1400000000 1600000000 1800000000 2000000000 2300000000 2600000000 2900000000 3000000000 3200000000 3500000000 3800000000 4000000000 4100000000 4500000000 5000000000 6000000000 7000000000 8000000000 9000000000 10000000000 11000000000 12000000000 13000000000 14000000000 
# SNIa_energy_release_list
0 0.0 0.0 0.0 0.0 0.0 3.534173241293977e+54 1.6316367421700955e+55 2.8633700914228365e+55 3.937188955988489e+55 4.871962156402036e+55 5.696579991161509e+55 6.433820696155964e+55 7.100420528242129e+55 7.708780205783019e+55 8.268298930965945e+55 1.0542567900492173e+56 1.3630395199178034e+56 1.576504584068433e+56 1.7398375232291174e+56 1.872179410240905e+56 1.9834099442782026e+56 2.079368325233289e+56 2.1637395463577958e+56 2.239027026187591e+56 2.246126732777055e+56 2.2531621135108545e+56 2.260122415579008e+56 2.267014907258051e+56 2.2738413300285664e+56 2.2805985443268223e+56 2.2872909061837795e+56 2.293921397988347e+56 2.306998572658311e+56 2.368951847228357e+56 2.4784834716262356e+56 2.573164591910216e+56 2.6565511997882254e+56 2.7310592131199723e+56 2.829776595104845e+56 2.916272451395259e+56 2.993243526743416e+56 3.017156653496394e+56 3.062583537779906e+56 3.1256623031305083e+56 3.1835316302850782e+56 3.2196096219099775e+56 3.2369741415872875e+56 3.302431275169558e+56 3.376466640110083e+56 3.504523185456904e+56 3.612736863423176e+56 3.7064292582800144e+56 3.789077431423402e+56 3.862946099799643e+56 3.929770955177181e+56 3.990773384670778e+56 4.046881419998933e+56 4.0988220412753175e+56 
# SNII_energy_release_list
0 0.0 2.8597319124988772e+54 1.6168261483208212e+55 3.794841263329644e+55 6.129462826249166e+55 7.871079128610804e+55 8.186399769173582e+55 8.243481408207832e+55 8.253820055978731e+55 8.255781115729032e+55 8.256170307131739e+55 8.256317829178774e+55 8.256385836196654e+55 8.25644105398435e+55 8.25649295907203e+55 8.256626214152268e+55 8.256626214152268e+55 8.256626214152268e+55 8.256626214152268e+55 8.256626214152268e+55 8.256626214152268e+55 8.256626214152268e+55 8.256626214152268e+55 8.256626214152268e+55 8.256626214152268e+55 8.256626214152268e+55 8.256626214152268e+55 8.256626214152268e+55 8.256626214152268e+55 8.256626214152268e+55 8.256626214152268e+55 8.256626214152268e+55 8.256626214152268e+55 8.256626214152268e+55 8.256626214152268e+55 8.256626214152268e+55 8.256626214152268e+55 8.256626214152268e+55 8.256626214152268e+55 8.256626214152268e+55 8.256626214152268e+55 8.256626214152268e+55 8.256626214152268e+55 8.256626214152268e+55 8.256626214152268e+55 8.256626214152268e+55 8.256626214152268e+55 8.256626214152268e+55 8.256626214152268e+55 8.256626214152268e+55 8.256626214152268e+55 8.256626214152268e+55 8.256626214152268e+55 8.256626214152268e+55 8.256626214152268e+55 8.256626214152268e+55 8.256626214152268e+55 8.256626214152268e+55 
# SN_energy_per_current_crossing_time_list
0.0 0.0 7.704836939965607e+54 3.384689482508226e+55 5.50716528860033e+55 5.914816082339398e+55 4.458978182116975e+55 9.256320171198422e+54 2.638540754235396e+54 1.2961991168804352e+54 9.502784479846607e+53 8.056343005812465e+53 7.165921869466752e+53 6.475160143756115e+53 5.918765737115941e+53 5.453682512338167e+53 4.465544259670284e+53 3.067170096006894e+53 2.1437901236746618e+53 1.6561530820689398e+53 1.35353172044114e+53 1.1465638059835555e+53 9.963373619301067e+52 8.819541400096449e+52 7.920408705102199e+52 7.473531562058938e+52 7.410208952519521e+52 7.335500940196653e+52 7.268401745567969e+52 7.203093680462072e+52 7.134424690424514e+52 7.070289811304123e+52 7.009117297664754e+52 6.919826657142479e+52 6.5939205795516e+52 5.891196557227728e+52 5.142229803233633e+52 4.569813214031828e+52 4.117417357458054e+52 3.678775914788477e+52 3.2574737988865036e+52 2.926999216127025e+52 2.7368272591780523e+52 2.6146542344832384e+52 2.441054853262103e+52 2.2567582602955697e+52 2.1207086041058837e+52 2.0459812324552782e+52 1.9457381328507777e+52 1.7780719050764756e+52 1.565300376550399e+52 1.3426743727019028e+52 1.1779698774786023e+52 1.0519523744164029e+52 9.51364318050259e+51 8.694089872410869e+51 8.018360237257585e+51 7.443813193167695e+51 6.95021077751095e+51 
# SN_energy_per_final_crossing_time_list
0.0 0.0 1.0204339273381921e+55 4.74886300970379e+55 7.7717792632818e+55 8.330595745307754e+55 6.261874824910576e+55 1.2961934308539375e+55 3.6850267100549216e+54 1.8057969618836624e+54 1.3208027486851526e+54 1.1173143384446719e+54 9.917709393502503e+53 8.944085712982913e+53 8.16020657880104e+53 7.505480321274901e+53 6.0959401990647794e+53 4.131843255440124e+53 2.8563909191367117e+53 2.1855694563925157e+53 1.770876025011465e+53 1.4883835376952586e+53 1.284025791601021e+53 1.128977197348124e+53 1.0074270212139491e+53 9.500166929594721e+52 9.414092053264304e+52 9.313628766855278e+52 9.222891212003708e+52 9.134483944467868e+52 9.041875604796224e+52 8.955096100548971e+52 8.872307351714622e+52 8.749329339645996e+52 8.290010901633476e+52 7.328251546295762e+52 6.334673387163975e+52 5.579010093948848e+52 4.984984628059366e+52 4.403147256351727e+52 3.8580236292054076e+52 3.433184434425268e+52 3.19983217755824e+52 3.039301542582617e+52 2.8135378694516826e+52 2.5811783493874353e+52 2.41381061739762e+52 2.3235584951005656e+52 2.1897161802689683e+52 1.9813447690144334e+52 1.713533569158505e+52 1.4480147760906033e+52 1.2537044734982904e+52 1.1059209720773028e+52 9.884418061483371e+51 8.941880528906166e+51 8.162777658447594e+51 7.50785535982877e+51 6.95021077751095e+51 
# total_energy_release_list
0 0 2.8597319124988772e+54 1.6168261483208212e+55 3.794841263329644e+55 6.129462826249166e+55 8.224496452740201e+55 9.818036511343676e+55 1.1106851499630669e+56 1.2191009011967221e+56 1.3127743272131067e+56 1.395275029829325e+56 1.4690138525334738e+56 1.5356806364438783e+56 1.5965221259767369e+56 1.6524791890037975e+56 1.879919411464444e+56 2.1887021413330303e+56 2.4021672054836597e+56 2.565500144644344e+56 2.6978420316561316e+56 2.8090725656934293e+56 2.9050309466485155e+56 2.9894021677730224e+56 3.0646896476028176e+56 3.071789354192282e+56 3.078824734926081e+56 3.0857850369942346e+56 3.092677528673278e+56 3.099503951443793e+56 3.106261165742049e+56 3.112953527599006e+56 3.1195840194035738e+56 3.1326611940735376e+56 3.1946144686435836e+56 3.3041460930414623e+56 3.398827213325443e+56 3.482213821203452e+56 3.556721834535199e+56 3.6554392165200716e+56 3.7419350728104857e+56 3.8189061481586426e+56 3.8428192749116207e+56 3.8882461591951325e+56 3.951324924545735e+56 4.009194251700305e+56 4.045272243325205e+56 4.062636763002515e+56 4.128093896584785e+56 4.20212926152531e+56 4.330185806872131e+56 4.4383994848384024e+56 4.5320918796952415e+56 4.614740052838629e+56 4.6886087212148695e+56 4.755433576592408e+56 4.816436006086005e+56 4.87254404141416e+56 4.924484662690545e+56 
# binding_energy_list
8.550667128846876e+54 8.550667128846876e+54 8.550667128846876e+54 8.550667128846876e+54 8.531001140175843e+54 8.531001140175843e+54 8.531001140175843e+54 8.531001140175843e+54 8.51138038202376e+54 8.51138038202376e+54 8.51138038202376e+54 8.51138038202376e+54 8.491804750363178e+54 8.491804750363178e+54 8.491804750363178e+54 8.491804750363178e+54 8.452788451602891e+54 8.433347577642791e+54 8.394599865193965e+54 8.356030182312423e+54 8.336811846196331e+54 8.298507675144166e+54 8.279421637123327e+54 8.260379495771817e+54 8.241381150129963e+54 8.241381150129963e+54 8.241381150129963e+54 8.241381150129963e+54 8.222426499470695e+54 8.222426499470695e+54 8.222426499470695e+54 8.222426499470695e+54 8.222426499470695e+54 8.222426499470695e+54 8.20351544329821e+54 8.165823713585906e+54 8.128305161640929e+54 8.090958991783846e+54 8.072350302488317e+54 8.035261221856194e+54 7.99834255007026e+54 7.96159350417325e+54 7.94328234724279e+54 7.925013304804734e+54 7.90678627999831e+54 7.870457896951001e+54 7.852356346100775e+54 7.852356346100775e+54 7.816278045883308e+54 7.780365510398008e+54 7.72680585095699e+54 7.691304402866145e+54 7.638357835776954e+54 7.603262769401822e+54 7.568328950209705e+54 7.533555637337217e+54 7.498942093324558e+54 7.464487584100623e+54 7.447319739059888e+54 
# total_gas_kinetic_energy_list
1.5237098334911527e+59 4.264919635147958e+59 7.721683622792491e+58 1.3977732349615451e+58 2.532740178560786e+57 4.615616160355691e+56 8.684712946284627e+55 1.9217283290603857e+55 7.113410796934485e+54 5.0004832346829096e+54 4.58877752560602e+54 4.4404028495687175e+54 4.3318918761508625e+54 4.233471264307499e+54 4.1407385924682006e+54 4.0490126044075774e+54 1.9560283221829086e+55 4.700870312936923e+55 7.088143949374788e+55 9.187407193746131e+55 1.1076760831835182e+56 1.2802721409402915e+56 1.4426864739703887e+56 1.5959922159521507e+56 1.7430540697319652e+56 1.7569798885976298e+56 1.7707443825104349e+56 1.7846013358414909e+56 1.798586233092224e+56 1.8127037889816706e+56 1.8269524418766607e+56 1.841276260727019e+56 1.8552517949860368e+56 1.8818367387209283e+56 2.015282278397733e+56 2.267063921397814e+56 2.5000275761589372e+56 2.717850053132933e+56 2.9205633531774483e+56 3.1989352288906057e+56 3.4543163399095702e+56 3.688846638070219e+56 3.7665664537163247e+56 3.906794243418469e+56 4.110068725908745e+56 4.292126517455758e+56 4.4059782540671115e+56 4.458022196637323e+56 4.667361204919161e+56 4.890917374019372e+56 5.280858837949976e+56 5.601551019703361e+56 5.887597607111119e+56 6.155328134776129e+56 6.4142263261351324e+56 6.6376770360050924e+56 6.864794323387848e+56 7.071178286640264e+56 7.262251532598961e+56 
