# time_axis
5.999999999999999 7.0 7.30102999566398 7.477121254719661 7.602059991327962 7.698970004336018 7.778151250383643 7.845098040014256 7.903089986991943 7.954242509439324 8.0 8.041392685158224 8.079181246047623 8.113943352306837 8.146128035678238 8.176091259055681 8.301029995663981 8.47712125471966 8.60205999132796 8.698970004336019 8.778151250383644 8.845098040014257 8.903089986991942 8.954242509439323 8.999999999999998 9.004321373782641 9.008600171761916 9.012837224705171 9.017033339298779 9.021189299069936 9.02530586526477 9.02938377768521 9.033423755486949 9.041392685158224 9.079181246047623 9.146128035678236 9.204119982655923 9.255272505103305 9.301029995663981 9.361727836017593 9.414973347970816 9.462397997898954 9.477121254719663 9.505149978319904 9.544068044350274 9.57978359661681 9.60205999132796 9.612783856719734 9.653212513775342 9.698970004336017 9.778151250383642 9.845098040014257 9.903089986991944 9.954242509439325 10.0 10.041392685158225 10.079181246047623 10.113943352306835 10.146128035678236 
# total_gas_mass_list
10.425925345093205 10.873034189454978 10.130835599388567 9.38856940420528 8.646821962621212 7.9077433285383245 7.182579177947268 6.52723412189887 6.091157019492616 5.931060973846423 5.888639656678942 5.8710407830091516 5.857956937526202 5.84598594803149 5.834663544553809 5.823677645361376 6.505482440530941 6.881744670673187 7.059791477664732 7.175431073302232 7.259916500199034 7.325540151370779 7.37910819553344 7.423968947360793 7.4628255302629904 7.466321161706361 7.469747619263853 7.473168227248552 7.4765917060967695 7.480018890411793 7.483448956324977 7.48686858660571 7.490176855949448 7.496400550340674 7.5262881047680805 7.577302907512795 7.61931631499958 7.654945881784381 7.685471937893442 7.724031924050569 7.756505617953246 7.784232155249841 7.793026440012784 7.808430451975838 7.8297874075240435 7.8480205271037455 7.8590250265036445 7.863958221951771 7.883217458366793 7.902818051954255 7.9348407079976 7.9593809279717895 7.980148322988782 7.998723899232606 8.015961295893574 8.030303110711836 8.044408087842436 8.056852728951112 8.068057358962704 
# ejected_gas_mass_list
-10.0 -10.0 4.762817405243456 5.567043419388884 5.979858122113118 6.192068501950957 6.331628662137572 6.4404464120771445 6.529070552134918 6.603268341304652 6.6656308417424865 6.718797130944779 6.764930145615053 6.805570248332462 6.841825040347757 6.87448550773883 7.001136460314761 7.159569077327531 7.262445783530703 7.338475756288824 7.39823977495635 7.446924454281578 7.488026883874564 7.52332899547365 7.554517193082949 7.5573496672367515 7.560130277742676 7.562910255638897 7.565696662533705 7.56849016926443 7.571290095778505 7.574085537746746 7.576793759856839 7.581898715119172 7.606594082818486 7.649406077577261 7.685250002230028 7.716034375823551 7.742675109047952 7.77665753155214 7.805545696574879 7.830394692277342 7.8383102001357745 7.852213083271956 7.871566877393281 7.888159207787789 7.89820337000878 7.90271321936424 7.920361215187941 7.938387990978472 7.967976222779488 7.990760174124519 8.010111741256901 8.027473353183796 8.043626889920953 8.057097169498942 8.070370994472958 8.08210313810538 8.092682537984834 
# stellar_mass_list
-10.0 8.384966737414299 8.963106075423678 9.0125557532966 9.017220060619932 9.015300650630017 9.01268535368426 9.010256127096737 9.00808202945147 9.006120719087816 9.004329675209657 9.00267527076534 9.001133836499566 8.999687474376367 8.998322555100376 8.997028567941495 8.991349220311692 8.982498598870746 8.97550667670749 8.969620734924725 8.964474417677284 8.959883251293226 8.955698226987804 8.95185355776644 8.948250287987046 8.94791299046117 8.94758024487903 8.947245861654258 8.946908972144085 8.946569487080192 8.94622745289099 8.945884235409952 8.945549887941278 8.944915669992625 8.941762565924888 8.935914279483915 8.930575469985135 8.925639766812212 8.921077461580367 8.91476321562215 8.908909007298245 8.903479428711847 8.90166941803056 8.898387925224773 8.893511320898652 8.888968733704848 8.886037085281707 8.884672181235297 8.879013702929582 8.872648823854862 8.86059902518824 8.849988265689381 8.840703893425657 8.832174125485912 8.824064129132552 8.81715386387805 8.810215972337863 8.803985563280653 8.798268137383873 
# remnant_mass_list
-10.0 -10.0 5.830863518969367 6.509558195596274 6.773328271365777 6.91386154596024 7.005164396318325 7.071343352327785 7.123088194196551 7.165443469631485 7.201189623866923 7.232062309060044 7.259185067761926 7.283340000343471 7.305089151972876 7.3248473715626305 7.402953855402915 7.503721670409749 7.570324588037356 7.6197371919498 7.658904070885741 7.691154099897313 7.718623312155809 7.742416090138949 7.763583384759046 7.765512100734587 7.767406135620598 7.7693013155757535 7.771202214924552 7.7731092183216 7.77502224729627 7.776933247934673 7.778786508200533 7.782279293808707 7.799230240431952 7.8289650923956975 7.854366067869234 7.876524911060946 7.895982355912203 7.921437128298052 7.943654719034265 7.9631840356884585 7.969480850698536 7.9806367499331525 7.996632680252269 8.010942043888855 8.019892717364058 8.023986404892243 8.040487941004061 8.05819095259719 8.089469024183353 8.11485650252734 8.135611729371448 8.153604093860388 8.169840689595734 8.183056148335764 8.19579421509767 8.20680736802162 8.216578668958228 
# BH_mass_list
-10.0 -10.0 5.41100204738109 5.990749401499791 6.045133442013048 6.054289549427802 6.055928529522074 6.056214248888699 6.056262204592966 6.056265546575527 6.056266770979678 6.0562676178710575 6.0562683859495205 6.056269123524135 6.056269839208269 6.056270535433397 6.056271213740872 6.056271213740872 6.056271213740872 6.056271213740872 6.056271213740872 6.056271213740872 6.056271213740872 6.056271213740872 6.056271213740872 6.056271213740872 6.056271213740872 6.056271213740872 6.056271213740872 6.056271213740872 6.056271213740872 6.056271213740872 6.056271213740872 6.056271213740872 6.056271213740872 6.056271213740872 6.056271213740872 6.056271213740872 6.056271213740872 6.056271213740872 6.056271213740872 6.056271213740872 6.056271213740872 6.056271213740872 6.056271213740872 6.056271213740872 6.056271213740872 6.056271213740872 6.056271213740872 6.056271213740872 6.056271213740872 6.056271213740872 6.056271213740872 6.056271213740872 6.056271213740872 6.056271213740872 6.056271213740872 6.056271213740872 6.056271213740872 
# NS_mass_list
-10.0 -10.0 5.623037526162829 6.352900226809341 6.683427197230133 6.84742111553597 6.92903927127509 6.942304277068631 6.944660246865499 6.945082685830112 6.945159833732455 6.945173556877612 6.945177708865918 6.945179501816305 6.94518098253144 6.945182379342988 6.945185856018931 6.945185856018931 6.945185856018931 6.945185856018931 6.945185856018931 6.945185856018931 6.945185856018931 6.945185856018931 6.945185856018931 6.945185856018931 6.945185856018931 6.945185856018931 6.945185856018931 6.945185856018931 6.945185856018931 6.945185856018931 6.945185856018931 6.945185856018931 6.945185856018931 6.945185856018931 6.945185856018931 6.945185856018931 6.945185856018931 6.945185856018931 6.945185856018931 6.945185856018931 6.945185856018931 6.945185856018931 6.945185856018931 6.945185856018931 6.945185856018931 6.945185856018931 6.945185856018931 6.945185856018931 6.945185856018931 6.945185856018931 6.945185856018931 6.945185856018931 6.945185856018931 6.945185856018931 6.945185856018931 6.945185856018931 6.945185856018931 
# WD_mass_list
-10.0 -10.0 -10.0 -10.0 -10.0 4.480022540879071 5.689851804375885 6.276740824367918 6.523060315959909 6.670822731335542 6.773811802475478 6.851926582257779 6.914367999815139 6.966106549677456 7.010101083553064 7.048245140553329 7.185760090324639 7.341282808151534 7.435026964285528 7.501184212887052 7.551950144125413 7.592794011597049 7.626976974971137 7.656175514365811 7.6818574824693355 7.684184474411596 7.6864675533221245 7.688749971734719 7.691037240113682 7.693329814840538 7.695627594710846 7.697920912142242 7.700143015137238 7.704325842045112 7.7245331117557665 7.75962844187487 7.789279457882364 7.81491711502872 7.837265018266939 7.866284236277508 7.891424804292587 7.9133877436891975 7.920443390592555 7.932913831038367 7.95073008343356 7.966605867048807 7.976507677358529 7.98102920775484 7.999210965610186 8.018640164155805 8.052786085342 8.080341535335668 8.102769967560063 8.122144619232477 8.139576842374197 8.153730687307082 8.16734478156825 8.179093532520987 8.189501043736719 
