# time_axis
1000000 10000000 20000000 30000000 40000000 50000000 60000000 70000000 80000000 90000000 100000000 200000000 300000000 400000000 500000000 600000000 700000000 800000000 900000000 1000000000 1010000000 1020000000 1030000000 1040000000 1050000000 1060000000 1070000000 1080000000 1100000000 1200000000 1400000000 1600000000 1800000000 2000000000 2300000000 2600000000 2900000000 3000000000 3200000000 3500000000 3800000000 4000000000 4100000000 4500000000 5000000000 6000000000 7000000000 8000000000 9000000000 10000000000 11000000000 12000000000 13000000000 14000000000 
# SNIa_energy_release_list
0 0.0 0.0 0.0 0.0 0.0 4.159105282615391e+56 1.155008281015174e+57 2.1521986086752395e+57 3.359647252029646e+57 4.7407143516535046e+57 2.0368933554516992e+58 2.8732695725317684e+58 3.4140959886599574e+58 3.815514101188367e+58 4.135071951409121e+58 4.4006357421057014e+58 4.627859830314804e+58 4.826455513415639e+58 5.002839786087956e+58 5.019442691568307e+58 5.035870140767394e+58 5.052129311509094e+58 5.068223604120804e+58 5.084154839327954e+58 5.099925489479434e+58 5.115541312733258e+58 5.131003735124343e+58 5.161485690604544e+58 5.305635269236963e+58 5.559632847884415e+58 5.778388225263633e+58 5.970504463678517e+58 6.141779276699759e+58 6.368232709980485e+58 6.566273474087819e+58 6.74223054975421e+58 6.79679955272073e+58 6.900548411694821e+58 7.04444047706799e+58 7.176313440612192e+58 7.258494358671795e+58 7.298036000567659e+58 7.446998946025166e+58 7.615385319323564e+58 7.906361627437736e+58 8.151976875652859e+58 8.364536054146547e+58 8.551873087156186e+58 8.719306760351644e+58 8.870727448648867e+58 9.008900207807679e+58 9.135941153198776e+58 9.253534719147519e+58 
# SNII_energy_release_list
0 0.0 5.177120318762763e+56 1.577149143667399e+57 3.0554176425061705e+57 4.847177278814782e+57 6.567811960577983e+57 8.218089854053547e+57 9.800478817077558e+57 1.1324623361308335e+58 1.2791258613166363e+58 1.621727019444107e+58 1.621727019444107e+58 1.621727019444107e+58 1.621727019444107e+58 1.621727019444107e+58 1.621727019444107e+58 1.621727019444107e+58 1.621727019444107e+58 1.621727019444107e+58 1.621727019444107e+58 1.621727019444107e+58 1.621727019444107e+58 1.621727019444107e+58 1.621727019444107e+58 1.621727019444107e+58 1.621727019444107e+58 1.621727019444107e+58 1.621727019444107e+58 1.621727019444107e+58 1.621727019444107e+58 1.621727019444107e+58 1.621727019444107e+58 1.621727019444107e+58 1.621727019444107e+58 1.621727019444107e+58 1.621727019444107e+58 1.621727019444107e+58 1.621727019444107e+58 1.621727019444107e+58 1.621727019444107e+58 1.621727019444107e+58 1.621727019444107e+58 1.621727019444107e+58 1.621727019444107e+58 1.621727019444107e+58 1.621727019444107e+58 1.621727019444107e+58 1.621727019444107e+58 1.621727019444107e+58 1.621727019444107e+58 1.621727019444107e+58 1.621727019444107e+58 1.621727019444107e+58 
# SN_energy_per_current_crossing_time_list
0.0 0.0 6.0601320714770246e+57 1.0728065236749001e+58 1.3699760487603178e+58 1.564399866381671e+58 1.4537404413716473e+58 1.3633119753603473e+58 1.2877483763881193e+58 1.2284206224322192e+58 1.1750202620939126e+58 3.725370313561718e+57 3.1097424566455853e+56 2.0981302453020194e+56 1.6075763591431436e+56 1.3126470191406115e+56 1.1140743339572275e+56 9.705129605834949e+55 8.616026055321131e+55 7.759733170060878e+55 7.313685137669629e+55 7.245682585715229e+55 7.18060450795786e+55 7.116681049330949e+55 7.053580940157151e+55 6.991263997289802e+55 6.931111552039961e+55 6.871387129389498e+55 6.788998986552463e+55 6.49369206328512e+55 5.835702096916892e+55 5.111819413780687e+55 4.556095131875186e+55 4.115181196709284e+55 3.6890819907360305e+55 3.2734132916760516e+55 2.945472320437026e+55 2.75130890682261e+55 2.634443984170946e+55 2.4605274808082175e+55 2.2756799775802358e+55 2.1390924512888077e+55 2.063719132198424e+55 1.9631242141176725e+55 1.7945517997934512e+55 1.5789297842704685e+55 1.352407809903075e+55 1.1851272005834272e+55 1.0562199936759498e+55 9.536479736252705e+54 8.703630680366881e+54 8.010252747344859e+54 7.423647249770557e+54 6.921110386913193e+54 
# SN_energy_per_final_crossing_time_list
0.0 0.0 8.125483379616666e+57 1.6627851225341254e+58 2.3201404213831138e+58 2.812164340150576e+58 2.725012732678822e+58 2.633609419843381e+58 2.542248182875956e+58 2.4632086512821387e+58 2.383166416737964e+58 6.296938159007843e+57 4.922592555721359e+56 3.1830987486283497e+56 2.3625944546375092e+56 1.8807960610247782e+56 1.5630075466708128e+56 1.3373546285231369e+56 1.168858716049518e+56 1.0381307955340357e+56 9.771839185749611e+55 9.668572286672034e+55 9.569529981940215e+55 9.472488980687574e+55 9.376519589229385e+55 9.282005328365252e+55 9.190880100477079e+55 9.100594182544834e+55 8.970260276799616e+55 8.48409636949769e+55 7.474666090974542e+55 6.437555075217224e+55 5.653615835442624e+55 5.040292289182919e+55 4.4427294883196344e+55 3.885308912487464e+55 3.452054921033083e+55 3.211724129530216e+55 3.0531317750367484e+55 2.822980039238799e+55 2.587180487229078e+55 2.4184282575303082e+55 2.3272707671809792e+55 2.1918482120028188e+55 1.9821163987121067e+55 1.7125759663691983e+55 1.4455980069070593e+55 1.25104254321845e+55 1.1025945803715727e+55 9.854509686161423e+54 8.912046251104117e+54 8.132323489699953e+54 7.477147236889176e+54 6.921110386913193e+54 
# total_energy_release_list
0 0 5.177120318762763e+56 1.577149143667399e+57 3.0554176425061705e+57 4.847177278814782e+57 6.983722488839522e+57 9.373098135068721e+57 1.1952677425752797e+58 1.4684270613337983e+58 1.7531972964819866e+58 3.658620374895806e+58 4.4949965919758753e+58 5.035823008104064e+58 5.437241120632475e+58 5.756798970853228e+58 6.022362761549808e+58 6.249586849758911e+58 6.448182532859746e+58 6.624566805532063e+58 6.641169711012414e+58 6.657597160211502e+58 6.673856330953201e+58 6.689950623564911e+58 6.70588185877206e+58 6.721652508923542e+58 6.737268332177365e+58 6.752730754568449e+58 6.783212710048652e+58 6.927362288681071e+58 7.181359867328523e+58 7.400115244707741e+58 7.592231483122625e+58 7.763506296143865e+58 7.989959729424593e+58 8.188000493531925e+58 8.363957569198317e+58 8.418526572164838e+58 8.522275431138927e+58 8.666167496512098e+58 8.7980404600563e+58 8.880221378115903e+58 8.919763020011767e+58 9.068725965469274e+58 9.237112338767671e+58 9.528088646881842e+58 9.773703895096967e+58 9.986263073590655e+58 1.0173600106600292e+59 1.034103377979575e+59 1.0492454468092974e+59 1.0630627227251786e+59 1.0757668172642884e+59 1.0875261738591625e+59 
# binding_energy_list
6.025595860743593e+59 6.025595860743593e+59 5.956621435290085e+59 5.834451042737424e+59 5.701642722807478e+59 5.559042572704003e+59 5.445026528424176e+59 5.321082592667931e+59 5.211947111050789e+59 5.105049999754044e+59 5.011872336272756e+59 4.56036915951295e+59 4.405548635065517e+59 4.30526610491711e+59 4.236429660495435e+59 4.1879356511791825e+59 4.139996748197278e+59 4.102041029866064e+59 4.064433291652144e+59 4.036453929676065e+59 4.036453929676065e+59 4.036453929676065e+59 4.027170343254562e+59 4.027170343254562e+59 4.027170343254562e+59 4.027170343254562e+59 4.017908108489392e+59 4.017908108489392e+59 4.017908108489392e+59 3.990249023621412e+59 3.953666200681291e+59 3.917418771077863e+59 3.8904514499428367e+59 3.863669770540721e+59 3.8370724549228157e+59 3.801893963205597e+59 3.7844258471709588e+59 3.7757219092541443e+59 3.7583740428844664e+59 3.741105882720537e+59 3.7325015779572293e+59 3.715352290971728e+59 3.715352290971728e+59 3.6982817978026436e+59 3.6812897364253354e+59 3.647539469256058e+59 3.6307805477010324e+59 3.605786430216442e+59 3.5892193464500496e+59 3.5727283815192666e+59 3.564511334262439e+59 3.5481338923357314e+59 3.539973410834343e+59 3.5237087104248473e+59 
# total_gas_kinetic_energy_list
1.0304079988544502e+60 9.891916789002733e+59 9.502655722347218e+59 9.142012577293636e+59 8.80292751316595e+59 8.482540480088285e+59 8.17914978210108e+59 7.891664428108665e+59 7.619209989575765e+59 7.360646568505133e+59 7.113792123974565e+59 7.337090010971393e+59 7.423500817673736e+59 7.478289590829647e+59 7.517717652113658e+59 7.548345267522245e+59 7.573327957305022e+59 7.594518760688226e+59 7.612957147863629e+59 7.629266093644102e+59 7.63079173950562e+59 7.632294395273796e+59 7.633793849074907e+59 7.635250994907618e+59 7.636755501414124e+59 7.638226213120995e+59 7.639658650457425e+59 7.641083076175474e+59 7.64381430267563e+59 7.656871759867785e+59 7.679639063218853e+59 7.698923566341648e+59 7.715630032203483e+59 7.73030054923486e+59 7.748965238758062e+59 7.764785136537147e+59 7.778314770140489e+59 7.782545975664313e+59 7.790155419427582e+59 7.800650375365606e+59 7.810125703889101e+59 7.815764334755529e+59 7.818297163211045e+59 7.828293388018342e+59 7.838847761436022e+59 7.856010860010199e+59 7.8693372870941405e+59 7.880566127842338e+59 7.890430947698773e+59 7.899440199015974e+59 7.907641914139238e+59 7.915086252783613e+59 7.922063073297106e+59 7.928337601978786e+59 
