# time_axis
5.999999999999999 7.0 7.30102999566398 7.477121254719661 7.602059991327962 7.698970004336018 7.778151250383643 7.845098040014256 7.903089986991943 7.954242509439324 8.0 8.301029995663981 8.47712125471966 8.60205999132796 8.698970004336019 8.778151250383644 8.845098040014257 8.903089986991942 8.954242509439323 8.999999999999998 9.004321373782641 9.008600171761916 9.012837224705171 9.017033339298779 9.021189299069936 9.02530586526477 9.02938377768521 9.033423755486949 9.041392685158224 9.079181246047623 9.146128035678236 9.204119982655923 9.255272505103305 9.301029995663981 9.361727836017593 9.414973347970816 9.462397997898954 9.477121254719663 9.505149978319904 9.544068044350274 9.57978359661681 9.60205999132796 9.612783856719734 9.653212513775342 9.698970004336017 9.778151250383642 9.845098040014257 9.903089986991944 9.954242509439325 10.0 10.041392685158225 10.079181246047623 10.113943352306835 10.146128035678236 
# total_gas_mass_list
11.204119982655923 11.186391215695492 11.169046253544424 11.15247709216879 11.136393455870559 11.120692510005254 11.105340985165263 11.090312495715258 11.075596845488825 11.061175976915774 11.046979603641812 11.06230980646241 11.067565910856713 11.070858018843401 11.073265124582301 11.075152100712701 11.076691668891057 11.077985200673474 11.079095759449896 11.080074904185073 11.080165947886499 11.080255588881345 11.080344702254763 11.080431691975136 11.080521352478623 11.080609049832354 11.080694062221353 11.080778707544123 11.080942100362165 11.081715701043965 11.083059771757513 11.084187412439144 11.085156033907321 11.086000497097157 11.087071830802735 11.087974400941697 11.088747371896352 11.08898772140984 11.089420185031187 11.090014717370993 11.0905475891962 11.09086573500301 11.09100966376976 11.091570729668401 11.092163735668862 11.093124007591232 11.093866871545096 11.094491444978152 11.095041844026666 11.095540847226228 11.095988905755924 11.096405008377648 11.09679036875203 11.097137770435832 
# ejected_gas_mass_list
-10.0 -10.0 8.115180466441434 8.706873519628838 9.011474938486502 9.215331852967847 9.368765723209712 9.491457775911405 9.593678078817655 9.680978436987443 9.7558523591147 9.986911485827576 10.045658833744307 10.079093994434952 10.10215518291044 10.119498010549519 10.133205292949375 10.14443283119499 10.153871729757418 10.16204633656404 10.162799600733115 10.163540139015439 10.16427522018768 10.164991730768255 10.165729154655326 10.166449370014009 10.167146535338679 10.167839715587133 10.169175037027602 10.17544882869136 10.186163841090801 10.194978707210087 10.202428037103083 10.208833116894672 10.21684282914925 10.223492987760201 10.229119185542912 10.230855878241035 10.233965745214753 10.238210018677034 10.241984050324778 10.244223949110474 10.245234030147882 10.249152435799187 10.25326126307577 10.259845126858945 10.26488059075601 10.269076080640238 10.27274495246903 10.276048624027098 10.278996953557767 10.281719894927535 10.284228832126116 10.286480171734333 
# stellar_mass_list
-10.0 9.806179973983886 10.072434939403378 10.223512928839524 10.328413522623633 10.408146332261728 10.472025853638616 10.52501096118794 10.57005809369312 10.609073434078265 10.643348501208331 10.591656710552828 10.571162651979856 10.557169762821514 10.54637019670318 10.537499389375258 10.52993600175662 10.523318241036142 10.517418766489552 10.512078167706687 10.511571510931077 10.511071643617788 10.51057662100519 10.510083899129912 10.50959574076528 10.509106109541028 10.508622023617608 10.508143486116102 10.50720344857228 10.502715486538479 10.494633555944041 10.487502709404849 10.481102660833534 10.475295774415452 10.467479358601649 10.460464696988067 10.454105539878247 10.452074094092673 10.448273953644359 10.442850841215407 10.43784330043436 10.434664898375296 10.433156778588463 10.4272509779799 10.420562068629486 10.408534222159942 10.39811115774541 10.388893198271262 10.380486094997226 10.372753760860002 10.365773466439794 10.35917865145554 10.352987664183013 10.347358561277334 
# remnant_mass_list
-10.0 -10.0 8.141631089569143 8.534304676501941 8.764264025096667 8.925324246380105 9.047077293053754 9.143826703702123 9.223302131768788 9.290201778818112 9.34755161957779 9.548750937257484 9.613955205526754 9.65361803752467 9.681905093739122 9.703781233074725 9.72154461393433 9.736462010574833 9.7492969686726 9.760558944985041 9.761610175197616 9.762644531304847 9.763665914719809 9.764679887661138 9.765682003956941 9.766684578042192 9.767673185895566 9.768647806020626 9.770554776895036 9.779528251667939 9.795159524388412 9.808416121386756 9.819910786975047 9.83002543493368 9.84319099912029 9.854589647675391 9.864599174608545 9.8677347858934 9.873519627370444 9.881602440908548 9.888889547416934 9.893429822348555 9.895561546211836 9.903773460935524 9.912818182520208 9.928436199862853 9.941337102990504 9.952287236109663 9.96191955612708 9.970493080326374 9.978008993748402 9.984921017574004 9.991251299902148 9.996874976908995 
# BH_mass_list
-10.0 -10.0 7.861747461471446 8.154003532827922 8.3215039431882 8.437548267471374 8.523637849353692 8.590701483317686 8.644546494595883 8.688799489924795 8.725691139471174 8.756241524053182 8.756241524053182 8.756241524053182 8.756241524053182 8.756241524053182 8.756241524053182 8.756241524053182 8.756241524053182 8.756241524053182 8.756241524053182 8.756241524053182 8.756241524053182 8.756241524053182 8.756241524053182 8.756241524053182 8.756241524053182 8.756241524053182 8.756241524053182 8.756241524053182 8.756241524053182 8.756241524053182 8.756241524053182 8.756241524053182 8.756241524053182 8.756241524053182 8.756241524053182 8.756241524053182 8.756241524053182 8.756241524053182 8.756241524053182 8.756241524053182 8.756241524053182 8.756241524053182 8.756241524053182 8.756241524053182 8.756241524053182 8.756241524053182 8.756241524053182 8.756241524053182 8.756241524053182 8.756241524053182 8.756241524053182 8.756241524053182 
# NS_mass_list
-10.0 -10.0 7.818372144866302 8.300285674763842 8.569915811284755 8.752845206674806 8.875961311649672 8.967205552631997 9.038587390741185 9.096598159263484 9.144868680933556 9.231548404396538 9.231548404396538 9.231548404396538 9.231548404396538 9.231548404396538 9.231548404396538 9.231548404396538 9.231548404396538 9.231548404396538 9.231548404396538 9.231548404396538 9.231548404396538 9.231548404396538 9.231548404396538 9.231548404396538 9.231548404396538 9.231548404396538 9.231548404396538 9.231548404396538 9.231548404396538 9.231548404396538 9.231548404396538 9.231548404396538 9.231548404396538 9.231548404396538 9.231548404396538 9.231548404396538 9.231548404396538 9.231548404396538 9.231548404396538 9.231548404396538 9.231548404396538 9.231548404396538 9.231548404396538 9.231548404396538 9.231548404396538 9.231548404396538 9.231548404396538 9.231548404396538 9.231548404396538 9.231548404396538 9.231548404396538 9.231548404396538 
# WD_mass_list
-10.0 -10.0 -10.0 -10.0 -10.0 6.325035694020339 7.4627041389367905 7.878856905808 8.140591180148338 8.328830369903116 8.474885339437467 9.101456009899437 9.263939483941389 9.348190556875739 9.403558390827518 9.444186709719084 9.475959042390842 9.501884790565686 9.523684931142325 9.542454369853225 9.544190011332628 9.545895130314697 9.54757628681806 9.549242726476034 9.55088722667567 9.552530050395069 9.5541476235985 9.555740022596565 9.558849233234739 9.573366399485147 9.598226669560306 9.618910320407513 9.636566795425052 9.651901381210102 9.671592933931388 9.688409138654324 9.703006994306483 9.707548609785121 9.715889190800741 9.727462069016804 9.737817216192134 9.744232487299701 9.747235052399853 9.7587461069493 9.77132516314557 9.792811571953765 9.810346904036825 9.825087165663346 9.83794918486691 9.849318298461805 9.859225633328766 9.86828941446797 9.87655143197524 9.88386072441305 
