# time_axis
1000000 10000000 20000000 30000000 40000000 50000000 60000000 70000000 80000000 90000000 100000000 110000000 120000000 130000000 140000000 150000000 200000000 300000000 400000000 500000000 600000000 700000000 800000000 900000000 1000000000 1010000000 1020000000 1030000000 1040000000 1050000000 1060000000 1070000000 1080000000 1100000000 1200000000 1400000000 1600000000 1800000000 2000000000 2300000000 2600000000 2900000000 3000000000 3200000000 3500000000 3800000000 4000000000 4100000000 4500000000 5000000000 6000000000 7000000000 8000000000 9000000000 10000000000 11000000000 12000000000 13000000000 14000000000 
# SNIa_energy_release_list
0 0.0 0.0 0.0 0.0 0.0 4.587015614883804e+53 5.661472446168169e+54 1.1668884847898248e+55 1.7266321603767994e+55 2.2241987055675703e+55 2.664401081372977e+55 3.0566862577294556e+55 3.4097160703256035e+55 3.7304259442806716e+55 4.0241977043612775e+55 5.208433919424059e+55 6.798011912686276e+55 7.888803755723669e+55 8.720326104213516e+55 9.392537851667857e+55 9.956694386287712e+55 1.0442860508126705e+56 1.086996633653433e+56 1.1250840311095966e+56 1.1286736583988104e+56 1.1322311700272109e+56 1.1357513097623086e+56 1.1392364027915123e+56 1.1426882870281183e+56 1.1461053167097038e+56 1.1494889086768758e+56 1.1528410390432336e+56 1.159451752416761e+56 1.1907643081364916e+56 1.2460965481395124e+56 1.2939022037248493e+56 1.3359878971448767e+56 1.3735815495295687e+56 1.4233754811701382e+56 1.4669921895693348e+56 1.505797258674008e+56 1.5178508033827932e+56 1.5407482160748282e+56 1.5725388415666594e+56 1.6017014456105725e+56 1.6198810698692763e+56 1.6286299001097912e+56 1.661606234279387e+56 1.6989053950879148e+56 1.7634105290436449e+56 1.8179100184072064e+56 1.8650919196581312e+56 1.9067086142689338e+56 1.9438977121411175e+56 1.9775488313260457e+56 2.0082619124248927e+56 2.0365096894309804e+56 2.06265884290719e+56 
# SNII_energy_release_list
0 0.0 6.861214404873849e+53 8.500865863636378e+54 1.779803406937132e+55 2.5901122556561204e+55 3.215891230417463e+55 3.431302225525753e+55 3.5004332624050575e+55 3.5225517455051893e+55 3.529704995175223e+55 3.532068097044498e+55 3.532911696437818e+55 3.5332754526353604e+55 3.533411233563729e+55 3.5334862368427817e+55 3.533595000594071e+55 3.533595000594071e+55 3.533595000594071e+55 3.533595000594071e+55 3.533595000594071e+55 3.533595000594071e+55 3.533595000594071e+55 3.533595000594071e+55 3.533595000594071e+55 3.533595000594071e+55 3.533595000594071e+55 3.533595000594071e+55 3.533595000594071e+55 3.533595000594071e+55 3.533595000594071e+55 3.533595000594071e+55 3.533595000594071e+55 3.533595000594071e+55 3.533595000594071e+55 3.533595000594071e+55 3.533595000594071e+55 3.533595000594071e+55 3.533595000594071e+55 3.533595000594071e+55 3.533595000594071e+55 3.533595000594071e+55 3.533595000594071e+55 3.533595000594071e+55 3.533595000594071e+55 3.533595000594071e+55 3.533595000594071e+55 3.533595000594071e+55 3.533595000594071e+55 3.533595000594071e+55 3.533595000594071e+55 3.533595000594071e+55 3.533595000594071e+55 3.533595000594071e+55 3.533595000594071e+55 3.533595000594071e+55 3.533595000594071e+55 3.533595000594071e+55 3.533595000594071e+55 
# SN_energy_per_current_crossing_time_list
0.0 0.0 4.832808733082786e+53 5.1348708284206085e+54 6.154129624736591e+54 5.4571745137162815e+54 4.2948468124059345e+54 1.6298572983641954e+54 6.43147104537095e+53 3.0543696250347894e+53 1.844452594086018e+53 1.3586484480184106e+53 1.1274876255639534e+53 9.9209022768311e+52 8.920949095534729e+52 8.178062858433531e+52 6.709044149039162e+52 4.631535885864524e+52 3.249433837396216e+52 2.521117805275636e+52 2.0683226713448902e+52 1.7579024326816166e+52 1.5318225053627203e+52 1.3591567861252105e+52 1.2230386975602442e+52 1.1536549827329655e+52 1.144276634047817e+52 1.1331862475327703e+52 1.1228276834209821e+52 1.1130486477229837e+52 1.1027247806323858e+52 1.0928446876457036e+52 1.0835741515192325e+52 1.0701120203811181e+52 1.0214407520991008e+52 9.14858545896068e+51 7.998578695931756e+51 7.116639851346532e+51 6.417428748729015e+51 5.738061602802065e+51 5.082031813368371e+51 4.565953358564504e+51 4.2682883417230755e+51 4.077151786010322e+51 3.80440392845388e+51 3.514864898906737e+51 3.3012766710572336e+51 3.183820245254584e+51 3.0243017190356396e+51 2.759858511955751e+51 2.42146866817239e+51 2.0701541833443775e+51 1.8109284766896922e+51 1.612778804587727e+51 1.4545178712289293e+51 1.3265976859277022e+51 1.2203613177719314e+51 1.1306007484683078e+51 1.053595786089655e+51 
# SN_energy_per_final_crossing_time_list
0.0 0.0 7.3720133653119035e+53 8.396531129099771e+54 9.98931737558652e+54 8.706341633258897e+54 6.742147264838728e+54 2.524106513291104e+54 9.848258703138037e+53 4.631821044215669e+53 2.773362873424716e+53 2.027556315476061e+53 1.671226882777969e+53 1.4615034345703174e+53 1.3067859262552719e+53 1.1917172480426563e+53 9.566367807640392e+52 6.40469174990943e+52 4.3949938584848256e+52 3.350351066642937e+52 2.708460390973e+52 2.2730867678420592e+52 1.958849558075128e+52 1.720885157655381e+52 1.534608816283294e+52 1.4463245202138858e+52 1.433384550692296e+52 1.4183267518468917e+52 1.4042058122606414e+52 1.3908254005498036e+52 1.3767818819590084e+52 1.363309233586436e+52 1.3506327964428904e+52 1.3317868510984734e+52 1.2616384231336962e+52 1.1147170587209393e+52 9.630873389800215e+51 8.478536271230357e+51 7.573574756878319e+51 6.68761949242088e+51 5.857981880025834e+51 5.211750267530876e+51 4.8565870111908244e+51 4.612886904089138e+51 4.2696690080644434e+51 3.916710185924088e+51 3.662446573861296e+51 3.525058921317121e+51 3.3216875216802834e+51 3.005698726599269e+51 2.599026288890739e+51 2.195881116753086e+51 1.9010425091925294e+51 1.6768104601479645e+51 1.498414732326097e+51 1.3558632941099909e+51 1.2374845271001476e+51 1.1381530513824e+51 1.053595786089655e+51 
# total_energy_release_list
0 0 6.861214404873849e+53 8.500865863636378e+54 1.779803406937132e+55 2.5901122556561204e+55 3.261761386566301e+55 3.99744947014257e+55 4.6673217471948824e+55 5.249183905881989e+55 5.753903700742793e+55 6.196469178417475e+55 6.589597954167274e+55 6.942991522960964e+55 7.263837177844401e+55 7.557683941204059e+55 8.74202892001813e+55 1.0331606913280348e+56 1.142239875631774e+56 1.2253921104807587e+56 1.2926132852261927e+56 1.3490289386881783e+56 1.3976455508720777e+56 1.44035613371284e+56 1.4784435311690037e+56 1.4820331584582176e+56 1.485590670086618e+56 1.4891108098217158e+56 1.4925959028509195e+56 1.4960477870875255e+56 1.499464816769111e+56 1.502848408736283e+56 1.5062005391026408e+56 1.5128112524761682e+56 1.5441238081958988e+56 1.5994560481989195e+56 1.6472617037842564e+56 1.6893473972042838e+56 1.7269410495889758e+56 1.7767349812295454e+56 1.820351689628742e+56 1.8591567587334151e+56 1.8712103034422004e+56 1.8941077161342354e+56 1.9258983416260665e+56 1.9550609456699796e+56 1.9732405699286835e+56 1.9819894001691983e+56 2.014965734338794e+56 2.052264895147322e+56 2.116770029103052e+56 2.1712695184666136e+56 2.218451419717538e+56 2.260068114328341e+56 2.2972572122005246e+56 2.3309083313854526e+56 2.3616214124842997e+56 2.3898691894903874e+56 2.416018342966597e+56 
# binding_energy_list
3.5318316979195846e+53 3.5318316979195846e+53 3.5318316979195846e+53 3.5237087104248475e+53 3.5075187395256937e+53 3.4914031547858552e+53 3.4833731503601304e+53 3.4673685045253095e+53 3.4593937782612313e+53 3.4514373933585365e+53 3.443499307633377e+53 3.435579478998757e+53 3.435579478998757e+53 3.4276778654644765e+53 3.41979442513708e+53 3.411929116219295e+53 3.396252725904075e+53 3.3573761424295727e+53 3.334264127632374e+53 3.311311214825935e+53 3.2885163087598533e+53 3.2734069487883862e+53 3.2583670100200737e+53 3.243396173493513e+53 3.235936569296268e+53 3.235936569296268e+53 3.228494121712638e+53 3.228494121712638e+53 3.228494121712638e+53 3.228494121712638e+53 3.228494121712638e+53 3.228494121712638e+53 3.2210687912834544e+53 3.2210687912834544e+53 3.213660538640302e+53 3.1915378551007453e+53 3.1768740706497884e+53 3.1622776601683794e+53 3.1477483141012982e+53 3.1332857243156016e+53 3.1188895840939355e+53 3.1045595881283368e+53 3.097419299216578e+53 3.0902954325136047e+53 3.0831879502493343e+53 3.0690219883911705e+53 3.0690219883911705e+53 3.061963433690657e+53 3.0549211132155093e+53 3.040885025676258e+53 3.026913428101317e+53 3.0130060241861156e+53 2.9991625189876286e+53 2.9853826189179694e+53 2.971666031738019e+53 2.9648313895243513e+53 2.951209226666378e+53 2.9444216337987693e+53 2.9376496519615546e+53 
# total_gas_kinetic_energy_list
3.90366938458508e+57 4.103550668867882e+58 1.4838059583075304e+58 4.770356478257225e+57 1.528115882274223e+57 4.902035158652202e+56 1.5784636612384017e+56 5.135918250043539e+55 1.721181088681892e+55 6.245850021978741e+54 2.6910332307374066e+54 1.5041860509388822e+54 1.0789889073700415e+54 9.034796027707066e+53 8.1325915582011e+53 7.541624032325875e+53 2.8751660751655002e+54 6.066579714570879e+54 8.469464543931747e+54 1.0378635330033797e+55 1.1968900723973152e+55 1.3333459851452855e+55 1.4550973928249367e+55 1.5651540039041214e+55 1.666424057449352e+55 1.6760003245698788e+55 1.6853180407564855e+55 1.6946067233958695e+55 1.703916965836946e+55 1.7132822984845117e+55 1.722690447260728e+55 1.7321497723913778e+55 1.741489492830339e+55 1.7590943499007078e+55 1.8452225990886544e+55 2.001369372757084e+55 2.1388531176334922e+55 2.2626035841695837e+55 2.3735168262855566e+55 2.5199048620320255e+55 2.6488225953141453e+55 2.763080133088938e+55 2.799994873664915e+55 2.8659280937387674e+55 2.9591870330849594e+55 3.0404154100654015e+55 3.0904175226224475e+55 3.1129240324104937e+55 3.202027411964871e+55 3.294376262558267e+55 3.4490582904167725e+55 3.571741622538317e+55 3.680998974740097e+55 3.783189614288765e+55 3.8817818470376425e+55 3.967006427980979e+55 4.0522081601182093e+55 4.1318085484843073e+55 4.204818005232482e+55 
