# time_axis
1000000 10000000 20000000 30000000 40000000 50000000 60000000 70000000 80000000 90000000 100000000 110000000 120000000 130000000 140000000 150000000 200000000 300000000 400000000 500000000 600000000 700000000 800000000 900000000 1000000000 1010000000 1020000000 1030000000 1040000000 1050000000 1060000000 1070000000 1080000000 1100000000 1200000000 1400000000 1600000000 1800000000 2000000000 2300000000 2600000000 2900000000 3000000000 3200000000 3500000000 3800000000 4000000000 4100000000 4500000000 5000000000 6000000000 7000000000 8000000000 9000000000 10000000000 11000000000 12000000000 13000000000 14000000000 
# SNIa_energy_release_list
0 0.0 0.0 0.0 0.0 0.0 5.466166350864133e+55 1.5620099544162688e+56 2.55824060872121e+56 3.4491618118295142e+56 4.2348800993064625e+56 4.9319194730535085e+56 5.556295466966827e+56 6.121229836019073e+56 6.637004229022275e+56 7.111520950285886e+56 9.041824782990017e+56 1.1666773715176667e+57 1.3483785383568509e+57 1.4875117225584988e+57 1.600300459386982e+57 1.695129009929684e+57 1.7769549115685427e+57 1.8489152317639633e+57 1.9131393803799286e+57 1.9191986491218065e+57 1.9251985367450773e+57 1.9311366250634596e+57 1.9370174490843564e+57 1.9428403528586286e+57 1.9486051672403886e+57 1.9543153808867695e+57 1.959971958347379e+57 1.9711291526500525e+57 2.0239878181088316e+57 2.1174547777870303e+57 2.1982603727208333e+57 2.2694325478396852e+57 2.3330293220902828e+57 2.4172965670143764e+57 2.491137842031857e+57 2.556851163937652e+57 2.5772597333589694e+57 2.616052703864431e+57 2.669911274599897e+57 2.7193213731862448e+57 2.750126050945877e+57 2.7649538538774923e+57 2.8208516821871987e+57 2.8840664415258372e+57 2.9934173646891717e+57 3.0858268829492545e+57 3.165839010097886e+57 3.236414329005963e+57 3.299506745636201e+57 3.356576277793129e+57 3.4086736877783626e+57 3.45659190040406e+57 3.500951372153444e+57 
# SNII_energy_release_list
0 -3.698100884308785e+54 2.200423821692076e+55 6.777948352988388e+55 1.0159997842563871e+56 1.2719734308893999e+56 1.4139113416438245e+56 1.468020146982173e+56 1.4874239110275083e+56 1.4942100449315357e+56 1.496526759278568e+56 1.4972890635782884e+56 1.4975332788899053e+56 1.4976171864632591e+56 1.4976499807291859e+56 1.4976582869695207e+56 1.4976619443063396e+56 1.4976619443063396e+56 1.4976619443063396e+56 1.4976619443063396e+56 1.4976619443063396e+56 1.4976619443063396e+56 1.4976619443063396e+56 1.4976619443063396e+56 1.4976619443063396e+56 1.4976619443063396e+56 1.4976619443063396e+56 1.4976619443063396e+56 1.4976619443063396e+56 1.4976619443063396e+56 1.4976619443063396e+56 1.4976619443063396e+56 1.4976619443063396e+56 1.4976619443063396e+56 1.4976619443063396e+56 1.4976619443063396e+56 1.4976619443063396e+56 1.4976619443063396e+56 1.4976619443063396e+56 1.4976619443063396e+56 1.4976619443063396e+56 1.4976619443063396e+56 1.4976619443063396e+56 1.4976619443063396e+56 1.4976619443063396e+56 1.4976619443063396e+56 1.4976619443063396e+56 1.4976619443063396e+56 1.4976619443063396e+56 1.4976619443063396e+56 1.4976619443063396e+56 1.4976619443063396e+56 1.4976619443063396e+56 1.4976619443063396e+56 1.4976619443063396e+56 1.4976619443063396e+56 1.4976619443063396e+56 1.4976619443063396e+56 1.4976619443063396e+56 
# SN_energy_per_current_crossing_time_list
0.0 -2.664710786656216e+54 1.3292099240373296e+55 2.524930197692484e+55 1.9164391926069235e+55 1.4803416952680472e+55 9.572576089981061e+54 5.5304427614517215e+54 3.460672605379892e+54 2.4863573274034842e+54 1.9915603602631672e+54 1.7056571869924692e+54 1.5161600735088637e+54 1.3764825442317714e+54 1.2652817646493922e+54 1.1725424915288069e+54 9.883482463510007e+53 7.0826213451775365e+53 5.099778246464089e+53 4.033540106887487e+53 3.3607625624729114e+53 2.893697801066545e+53 2.550227940409999e+53 2.2856854542110635e+53 2.075665640123889e+53 1.9615554806933687e+53 1.9454758093976484e+53 1.928432533864553e+53 1.9128008533343348e+53 1.8971765875894785e+53 1.8812040244802365e+53 1.8664068285957104e+53 1.8517351115123948e+53 1.8317821065708384e+53 1.7612340764043264e+53 1.5990454333002719e+53 1.4151113694768674e+53 1.2727675740054894e+53 1.1586990143109612e+53 1.0498700946558766e+53 9.407885101067915e+52 8.542101821693961e+52 8.010196456152892e+52 7.702650040435997e+52 7.249606445082627e+52 6.750528461364017e+52 6.371984723114752e+52 6.160374232958277e+52 5.90487873835559e+52 5.440312804255177e+52 4.857642839308414e+52 4.2095400897988634e+52 3.7192806240129186e+52 3.3368057289203486e+52 3.027573501541585e+52 2.7731861572463246e+52 2.560382427588489e+52 2.3769255064226875e+52 2.219405655400706e+52 
# SN_energy_per_final_crossing_time_list
0.0 -5.482205360950401e+54 3.429191226957461e+55 6.107306771605452e+55 4.5123108807763704e+55 3.415185598124201e+55 2.1672121844471458e+55 1.2299410149723853e+55 7.573208411456537e+54 5.362884261861067e+54 4.240222680524304e+54 3.589153337452731e+54 3.156478723938263e+54 2.8376905369658365e+54 2.5849124444057855e+54 2.375223714312921e+54 1.93164775429436e+54 1.3133218849284451e+54 9.090924246215632e+53 6.961150881498817e+53 5.643078028450924e+53 4.744488900971785e+53 4.093936688010014e+53 3.600339122802537e+53 3.2132807950660106e+53 3.0315904998358746e+53 3.001880770376938e+53 2.9709611671086192e+53 2.9423105315890577e+53 2.9133317097379943e+53 2.884268260338774e+53 2.8569502657571782e+53 2.8301148573670655e+53 2.7910995281525136e+53 2.644639722468664e+53 2.338182700583988e+53 2.0214442069701736e+53 1.7804532125446522e+53 1.5909459115569452e+53 1.4053608889227369e+53 1.2314825290803146e+53 1.095929178303886e+53 1.0210873260215586e+53 9.704504442257079e+52 8.982224221651339e+52 8.2403334929983e+52 7.706141815527062e+52 7.418688362548247e+52 6.991739947675469e+52 6.3255574896657e+52 5.47107636139436e+52 4.6234591926160527e+52 4.0031894089627227e+52 3.531044346092106e+52 3.156657659792573e+52 2.8553189978399524e+52 2.6065523729902095e+52 2.3974575869392056e+52 2.219405655400706e+52 
# total_energy_release_list
0 -3.698100884308785e+54 2.200423821692076e+55 6.777948352988388e+55 1.0159997842563871e+56 1.2719734308893999e+56 1.9605279767302378e+56 3.0300301013984418e+56 4.0456645197487185e+56 4.94337185676105e+56 5.731406858585031e+56 6.429208536631797e+56 7.0538287458567325e+56 7.618847022482332e+56 8.13465420975146e+56 8.609179237255406e+56 1.0539486727296357e+57 1.3164435659483008e+57 1.4981447327874849e+57 1.6372779169891328e+57 1.750066653817616e+57 1.844895204360318e+57 1.9267211059991767e+57 1.9986814261945973e+57 2.0629055748105627e+57 2.0689648435524405e+57 2.0749647311757113e+57 2.0809028194940936e+57 2.0867836435149905e+57 2.0926065472892627e+57 2.0983713616710226e+57 2.1040815753174035e+57 2.109738152778013e+57 2.1208953470806865e+57 2.1737540125394657e+57 2.2672209722176644e+57 2.3480265671514673e+57 2.4191987422703192e+57 2.482795516520917e+57 2.5670627614450105e+57 2.6409040364624912e+57 2.706617358368286e+57 2.7270259277896034e+57 2.765818898295065e+57 2.819677469030531e+57 2.8690875676168788e+57 2.899892245376511e+57 2.9147200483081264e+57 2.9706178766178328e+57 3.0338326359564712e+57 3.143183559119806e+57 3.235593077379888e+57 3.3156052045285196e+57 3.386180523436597e+57 3.449272940066834e+57 3.5063424722237625e+57 3.558439882208996e+57 3.606358094834694e+57 3.650717566584078e+57 
# binding_energy_list
2.897343587701345e+54 2.897343587701345e+54 2.8906798823654658e+54 2.8707805820246804e+54 2.851018267503898e+54 2.8379190284415756e+54 2.8248799749157104e+54 2.8119008303989278e+54 2.79898131963438e+54 2.792543841237325e+54 2.7797132677593056e+54 2.7669416454115126e+54 2.760577856220362e+54 2.754228703338152e+54 2.7415741719278976e+54 2.735268726306697e+54 2.7039583641088572e+54 2.6546055619755363e+54 2.612161354399216e+54 2.5822601906345905e+54 2.552701302661226e+54 2.529297996446137e+54 2.5061092530321192e+54 2.4888573182823956e+54 2.4717241450161343e+54 2.4660393372343565e+54 2.4660393372343565e+54 2.4660393372343565e+54 2.4603676041476174e+54 2.4603676041476174e+54 2.4603676041476174e+54 2.4547089156850337e+54 2.4547089156850337e+54 2.4547089156850337e+54 2.437810818368755e+54 2.4099054286865832e+54 2.3823194693587035e+54 2.3604782331805636e+54 2.3442288153199082e+54 2.317394649968489e+54 2.2961486481123466e+54 2.275097430772067e+54 2.2698648518838306e+54 2.2542392121524372e+54 2.2387211385683468e+54 2.2233098906514098e+54 2.2181964198002013e+54 2.213094709605632e+54 2.1978598727848185e+54 2.1777097723531636e+54 2.1478304741305374e+54 2.1281390459827264e+54 2.10862814993328e+54 2.0941124558508827e+54 2.0796966871036852e+54 2.070141348791054e+54 2.0606299132700006e+54 2.0511621788255542e+54 2.04173794466954e+54 
# total_gas_kinetic_energy_list
1.6347097195718776e+59 1.6985943918445495e+59 6.794609621585929e+58 2.7183044110528685e+58 1.087728772645909e+58 4.354282585436093e+57 1.7448048546529668e+57 7.0089249370226495e+56 2.831369832156398e+56 1.1583817861599521e+56 4.872455755721703e+55 2.1691885224714206e+55 1.0712266701025741e+55 6.17576583763384e+54 4.233188975618919e+54 3.3599537231765295e+54 1.0638969907137908e+55 2.1740886042283403e+55 3.028816776645821e+55 3.722080355832291e+55 4.302193009892899e+55 4.801660922434444e+55 5.247203542526935e+55 5.648973944074258e+55 6.018677789592779e+55 6.054259778991702e+55 6.089197143396742e+55 6.122734803993384e+55 6.153739366287745e+55 6.191605333086443e+55 6.224196451269697e+55 6.259426627223785e+55 6.292460857668047e+55 6.358624772907253e+55 6.672244129486221e+55 7.240158969252402e+55 7.737977398952057e+55 8.184693049615427e+55 8.577559248094694e+55 9.118557270112896e+55 9.585967456988375e+55 1.0002194871245725e+56 1.0135474359546696e+56 1.037537547206194e+56 1.071430272556387e+56 1.1009479533441091e+56 1.119236698726986e+56 1.1274329017658415e+56 1.159771560595958e+56 1.1936276717231246e+56 1.2508808883645785e+56 1.2940519387606497e+56 1.329039255737367e+56 1.3581980094603288e+56 1.3834825830109956e+56 1.4057691481079583e+56 1.425085603225315e+56 1.4400948966236726e+56 1.4546428829798853e+56 
