# time_axis
5.999999999999999 7.0 7.30102999566398 7.477121254719661 7.602059991327962 7.698970004336018 7.778151250383643 7.845098040014256 7.903089986991943 7.954242509439324 8.0 8.041392685158224 8.079181246047623 8.113943352306837 8.146128035678238 8.176091259055681 8.301029995663981 8.47712125471966 8.60205999132796 8.698970004336019 8.778151250383644 8.845098040014257 8.903089986991942 8.954242509439323 8.999999999999998 9.004321373782641 9.008600171761916 9.012837224705171 9.017033339298779 9.021189299069936 9.02530586526477 9.02938377768521 9.033423755486949 9.041392685158224 9.079181246047623 9.146128035678236 9.204119982655923 9.255272505103305 9.301029995663981 9.361727836017593 9.414973347970816 9.462397997898954 9.477121254719663 9.505149978319904 9.544068044350274 9.57978359661681 9.60205999132796 9.612783856719734 9.653212513775342 9.698970004336017 9.778151250383642 9.845098040014257 9.903089986991944 9.954242509439325 10.0 10.041392685158225 10.079181246047623 10.113943352306835 10.146128035678236 
# total_gas_mass_list
10.456561334612493 10.47321271282556 10.07528859712308 9.677432919605067 9.279684223046473 8.882115711943324 8.485031380956675 8.089196642718578 7.696086297366269 7.308993719956702 6.934850563786244 6.586884095228656 6.28597679307534 6.053900429808461 5.896303289087373 5.79892350533276 6.294772933084131 6.598652684091961 6.73976245428854 6.8295928545364 6.893603691841125 6.942363155548992 6.981413963371597 7.013580988995117 7.041073934802564 7.043639921063163 7.046125302872525 7.048486964877467 7.05076653365156 7.053357463237761 7.0556677050775365 7.058075913376672 7.060340725039822 7.0648186292102295 7.085395942893071 7.120179074929167 7.148389215121947 7.171980735047877 7.191706900400146 7.217150443850278 7.2380054614024445 7.255707326969492 7.261196736607949 7.270957275258951 7.2843392075593565 7.295679868343148 7.302560247468835 7.30563035165013 7.317426023639525 7.329510472576779 7.349127263314045 7.363485043949034 7.374817047952064 7.384118347199794 7.392083161746286 7.3988995296207865 7.404848318006408 7.4095637609433425 7.414014404477092 
# ejected_gas_mass_list
-10.0 -10.0 5.598222826519781 6.120678072873814 6.334232701353234 6.4488116795402055 6.533013454881913 6.602697161473689 6.658504458385976 6.703949161324657 6.741669880399199 6.773525210866623 6.800939505015024 6.824947571575804 6.846174481101132 6.865206390223553 6.938205658607115 7.028208122683154 7.086172445426479 7.128942701072471 7.162250193641855 7.189195186587969 7.211745154242884 7.230959253314107 7.247832477380491 7.249428287664237 7.250977365582239 7.252452424297449 7.253879063021666 7.255503962453216 7.256955874872852 7.258472408525623 7.2599014793876675 7.262735071600087 7.275893549789155 7.298642154458208 7.317549715230647 7.333669518819452 7.347359142463248 7.365294526408206 7.3802241722465824 7.393054867253023 7.397062797823946 7.4042227846282245 7.414108525430634 7.422548187298753 7.427695877409387 7.429999445989031 7.438887631406827 7.448054687478654 7.46306542642223 7.474151883956157 7.482960475285661 7.490228560803983 7.496479206417007 7.5018480706326995 7.506548154496938 7.510283352034742 7.513816506849835 
# stellar_mass_list
-10.0 8.002435215848426 8.182150538678435 8.100055262797564 8.064391535218235 8.039596807386102 8.019315149146571 8.002018495799474 7.9870882847907545 7.974034955658774 7.962504235247398 7.952181759636576 7.942839639996981 7.934315208333167 7.926477640174508 7.919159194368675 7.88869349431855 7.844422483111192 7.811238244469633 7.783945001571611 7.760687463254943 7.740309790795351 7.722066017860636 7.705497286568409 7.690232130564408 7.68878215439113 7.6873663079032655 7.68597936160335 7.684546677250187 7.6830990273410285 7.6816630816121485 7.680230679246796 7.678837840706233 7.676145306279889 7.662957112067105 7.638706434687048 7.616766741807296 7.596555739361363 7.577898274512615 7.552143097915342 7.5282146863865895 7.5059075507263735 7.498460364649254 7.484837807157684 7.464540310581322 7.4454875019230835 7.433053540160057 7.42725584692097 7.402973881574398 7.375211353640597 7.320944141133108 7.272264061401887 7.231594113791625 7.1957754837693635 7.163013521721163 7.135926846448687 7.109577652118959 7.086508994934055 7.065801131040323 
# remnant_mass_list
-10.0 -10.0 6.86482559467964 7.230007045294903 7.340621231413044 7.39407387848308 7.424924148182396 7.444928626928668 7.459624698548866 7.471245171785737 7.480871599750482 7.489097469446451 7.496276747856751 7.502645771403506 7.5083663745398885 7.513564254858311 7.53413874729398 7.561025861281686 7.5791917189341085 7.592932544512004 7.60385862703062 7.612879853152483 7.620548658745683 7.627177550003228 7.633051415228683 7.633592504514804 7.634122655585311 7.634648437910921 7.635174534832625 7.635702722711496 7.636234896662525 7.636759531214864 7.637270079828169 7.6382489282379185 7.642940111444833 7.65115768592086 7.658157602924597 7.664259935117603 7.669609621294351 7.676586990449066 7.68267721742658 7.688024489690526 7.689758327943718 7.692806676595959 7.697196215703735 7.701094282725417 7.703558682029553 7.704670728858236 7.70920001826835 7.714023364021151 7.7225915699118515 7.729317188878155 7.734257137720849 7.738179242832563 7.74145757467913 7.743900931074491 7.746144437518621 7.747950419881548 7.749456675713798 
# BH_mass_list
-10.0 -10.0 6.657864917824682 6.970915709042991 7.019242522905197 7.0311163256466855 7.034178988686528 7.03497166670749 7.035157015436658 7.035193641711172 7.035199148005458 7.035199517355707 7.035199541382793 7.035199541382793 7.035199541382793 7.035199541382793 7.035199541382793 7.035199541382793 7.035199541382793 7.035199541382793 7.035199541382793 7.035199541382793 7.035199541382793 7.035199541382793 7.035199541382793 7.035199541382793 7.035199541382793 7.035199541382793 7.035199541382793 7.035199541382793 7.035199541382793 7.035199541382793 7.035199541382793 7.035199541382793 7.035199541382793 7.035199541382793 7.035199541382793 7.035199541382793 7.035199541382793 7.035199541382793 7.035199541382793 7.035199541382793 7.035199541382793 7.035199541382793 7.035199541382793 7.035199541382793 7.035199541382793 7.035199541382793 7.035199541382793 7.035199541382793 7.035199541382793 7.035199541382793 7.035199541382793 7.035199541382793 7.035199541382793 7.035199541382793 7.035199541382793 7.035199541382793 7.035199541382793 
# NS_mass_list
-10.0 -10.0 6.443550448136101 6.882551323745799 7.059029038133167 7.1459955344988195 7.184844332361569 7.198583407028199 7.203361759399925 7.205001029035524 7.205548062903102 7.205721034868238 7.205772035904297 7.205787160991647 7.205792039010479 7.205793153259475 7.205793638931363 7.205793638931363 7.205793638931363 7.205793638931363 7.205793638931363 7.205793638931363 7.205793638931363 7.205793638931363 7.205793638931363 7.205793638931363 7.205793638931363 7.205793638931363 7.205793638931363 7.205793638931363 7.205793638931363 7.205793638931363 7.205793638931363 7.205793638931363 7.205793638931363 7.205793638931363 7.205793638931363 7.205793638931363 7.205793638931363 7.205793638931363 7.205793638931363 7.205793638931363 7.205793638931363 7.205793638931363 7.205793638931363 7.205793638931363 7.205793638931363 7.205793638931363 7.205793638931363 7.205793638931363 7.205793638931363 7.205793638931363 7.205793638931363 7.205793638931363 7.205793638931363 7.205793638931363 7.205793638931363 7.205793638931363 7.205793638931363 
# WD_mass_list
-10.0 -10.0 -10.0 -10.0 -10.0 4.6013516247778234 5.679808317844497 6.086627294562751 6.301056912801299 6.434606125114198 6.526758732156011 6.594995085569073 6.648125693039939 6.691101349015015 6.726882200499227 6.757397584889451 6.8634919179169245 6.977158264538977 7.043056308141886 7.088563944223965 7.12254269680491 7.149312565079054 7.171246765342184 7.189647227685197 7.205548060419525 7.206994563656738 7.208408908533698 7.2098087618583895 7.211206640228928 7.212607259018757 7.2140156097544 7.2154012341593114 7.216747025185391 7.219320031618173 7.231522383159094 7.252405402666476 7.269729827540861 7.284506246710328 7.297223272580101 7.313494135063759 7.327419094008526 7.339442874517437 7.34330233186213 7.350042508106869 7.359649061012516 7.368084783023466 7.373372967346849 7.375748039759847 7.385351085632158 7.3954563758321825 7.41311228820865 7.426719135275024 7.436578609529825 7.444328217250099 7.450754018270928 7.455513184457991 7.459860905089995 7.463345536608547 7.466241600466429 
