# time_axis
1000000 10000000 20000000 30000000 40000000 50000000 60000000 70000000 80000000 90000000 100000000 110000000 120000000 130000000 140000000 150000000 160000000 170000000 180000000 190000000 200000000 210000000 220000000 230000000 240000000 250000000 260000000 270000000 280000000 290000000 300000000 310000000 320000000 330000000 340000000 350000000 400000000 500000000 600000000 700000000 800000000 900000000 1000000000 1010000000 1020000000 1030000000 1040000000 1050000000 1060000000 1070000000 1080000000 1100000000 1200000000 1400000000 1600000000 1800000000 2000000000 2300000000 2600000000 2900000000 3000000000 3200000000 3500000000 3800000000 4000000000 4100000000 4500000000 5000000000 6000000000 7000000000 8000000000 9000000000 10000000000 11000000000 12000000000 13000000000 14000000000 
# SNIa_energy_release_list
0 0 0 0 0 0 0 0 0 0 0 0 0 0 0 0 0 0 0 0 0 0 0 0 0 0 0 0 0 0 0 0 0 0 0 0 0 0 0 0 0 0 0 0 0 0 0 0 0 0 0 0 0 0 0 0 0 0 0 0 0 0 0 0 0 0 0 0 0 0 0 0 0 0 0 0 1e-10 
# SNII_energy_release_list
0 0.0 7.802170562741814e+53 3.746199810299319e+55 1.305536845858362e+56 2.394520475152297e+56 3.4199943124256346e+56 4.261039940335364e+56 4.577834929302115e+56 4.712631789589665e+56 4.7578659585910854e+56 4.7578659585910854e+56 4.7578659585910854e+56 4.7578659585910854e+56 4.7578659585910854e+56 4.7578659585910854e+56 4.7578659585910854e+56 4.7578659585910854e+56 4.7578659585910854e+56 4.7578659585910854e+56 4.7578659585910854e+56 4.7578659585910854e+56 4.7578659585910854e+56 4.7578659585910854e+56 4.7578659585910854e+56 4.831962870466754e+56 4.90506637557138e+56 4.97015223440937e+56 5.026390837879734e+56 5.074740737550898e+56 5.116531652564868e+56 5.152998589242864e+56 5.185184083731227e+56 5.213922452038934e+56 5.239865339980706e+56 5.263516362460042e+56 5.3579436432338615e+56 5.485533208861512e+56 5.5743211739025085e+56 5.642441852597688e+56 5.697617664954743e+56 5.743913638647206e+56 5.78374587437149e+56 5.7874376167156895e+56 5.791082816445344e+56 5.794681602575679e+56 5.798235055581816e+56 5.801743891457708e+56 5.805209611224295e+56 5.808634218672332e+56 5.812016604390787e+56 5.818662945717365e+56 5.849720121356678e+56 5.903059895858542e+56 5.9477534922757765e+56 5.9861617596110655e+56 6.019808380953575e+56 6.030822725004486e+56 6.030823571476768e+56 6.030823571476768e+56 6.030823571476768e+56 6.030823571476768e+56 6.030823571476768e+56 6.030823571476768e+56 6.030823571476768e+56 6.030823571476768e+56 6.030823571476768e+56 6.030823571476768e+56 6.030823571476768e+56 6.030823571476768e+56 6.030823571476768e+56 6.030823571476768e+56 6.030823571476768e+56 6.030823571476768e+56 6.030823571476768e+56 6.030823571476768e+56 6.030823571476768e+56 
# SN_energy_per_current_crossing_time_list
0.0 0.0 2.2702412085394213e+53 7.984206565160231e+54 2.61981976884401e+55 4.331638471929355e+55 5.830294063309588e+55 6.527206220398755e+55 2.4472402535544494e+55 1.0287129600701204e+55 3.431968598402849e+54 0.0 0.0 0.0 0.0 0.0 0.0 0.0 0.0 0.0 0.0 0.0 0.0 0.0 0.0 6.412252018317723e+54 6.882976860132669e+54 6.587717825234177e+54 6.037628056049188e+54 5.442430276679373e+54 4.8871046232240144e+54 4.399107519938302e+54 3.98365989196759e+54 3.634631985638638e+54 3.342242518925065e+54 3.096210403697143e+54 2.6219711430478177e+54 1.9163945181321063e+54 1.407515144833912e+54 1.1197568100166288e+54 9.315656748628137e+53 7.98043739080914e+53 6.9813849496849495e+53 6.480138277143128e+53 6.4077813595430735e+53 6.33522252900917e+53 6.264180435558166e+53 6.193978523727852e+53 6.126074391471223e+53 6.0614061024408816e+53 5.994482821217753e+53 5.90451377094538e+53 5.581765916566783e+53 4.8813167928523724e+53 4.1473148522352785e+53 3.6036849854349554e+53 3.1855302373602164e+53 7.027653208913431e+52 5.449059673569707e+48 0.0 0.0 0.0 0.0 0.0 0.0 0.0 0.0 0.0 0.0 0.0 0.0 0.0 0.0 0.0 0.0 0.0 0.0 
# SN_energy_per_final_crossing_time_list
0.0 0.0 1.6259294182459788e+54 7.644281349388884e+55 1.9399795278686573e+56 2.269381968285325e+56 2.1370310559813948e+56 1.7526928147864455e+56 6.601833271547209e+55 2.8090924040463683e+55 9.426551944472322e+54 0.0 0.0 0.0 0.0 0.0 0.0 0.0 0.0 0.0 0.0 0.0 0.0 0.0 0.0 1.5441388758552325e+55 1.5234368253125828e+55 1.3563534883721205e+55 1.1719815542125772e+55 1.0075853073501569e+55 8.708996758045092e+54 7.59950896500599e+54 6.707279968900558e+54 5.988917838714312e+54 5.406355111001305e+54 4.9287429583235406e+54 3.9356251561147466e+54 2.6588963487401534e+54 1.8502923408998338e+54 1.4195974644580103e+54 1.149833572151869e+54 9.647826200106079e+53 8.300818770598428e+53 7.693387928089396e+53 7.596395680106289e+53 7.499672292762644e+53 7.405200556148184e+53 7.31222091151678e+53 7.222369311944627e+53 7.136693502052069e+53 7.048705740630141e+53 6.925304823625565e+53 6.472144528694989e+53 5.55785776712828e+53 4.6569497960612e+53 4.002035796456646e+53 3.505885383140422e+53 7.651095666711734e+52 5.880005539030334e+48 0.0 0.0 0.0 0.0 0.0 0.0 0.0 0.0 0.0 0.0 0.0 0.0 0.0 0.0 0.0 0.0 0.0 0.0 
# total_energy_release_list
0 0 7.802170562741814e+53 3.746199810299319e+55 1.305536845858362e+56 2.394520475152297e+56 3.4199943124256346e+56 4.261039940335364e+56 4.577834929302115e+56 4.712631789589665e+56 4.7578659585910854e+56 4.7578659585910854e+56 4.7578659585910854e+56 4.7578659585910854e+56 4.7578659585910854e+56 4.7578659585910854e+56 4.7578659585910854e+56 4.7578659585910854e+56 4.7578659585910854e+56 4.7578659585910854e+56 4.7578659585910854e+56 4.7578659585910854e+56 4.7578659585910854e+56 4.7578659585910854e+56 4.7578659585910854e+56 4.831962870466754e+56 4.90506637557138e+56 4.97015223440937e+56 5.026390837879734e+56 5.074740737550898e+56 5.116531652564868e+56 5.152998589242864e+56 5.185184083731227e+56 5.213922452038934e+56 5.239865339980706e+56 5.263516362460042e+56 5.3579436432338615e+56 5.485533208861512e+56 5.5743211739025085e+56 5.642441852597688e+56 5.697617664954743e+56 5.743913638647206e+56 5.78374587437149e+56 5.7874376167156895e+56 5.791082816445344e+56 5.794681602575679e+56 5.798235055581816e+56 5.801743891457708e+56 5.805209611224295e+56 5.808634218672332e+56 5.812016604390787e+56 5.818662945717365e+56 5.849720121356678e+56 5.903059895858542e+56 5.9477534922757765e+56 5.9861617596110655e+56 6.019808380953575e+56 6.030822725004486e+56 6.030823571476768e+56 6.030823571476768e+56 6.030823571476768e+56 6.030823571476768e+56 6.030823571476768e+56 6.030823571476768e+56 6.030823571476768e+56 6.030823571476768e+56 6.030823571476768e+56 6.030823571476768e+56 6.030823571476768e+56 6.030823571476768e+56 6.030823571476768e+56 6.030823571476768e+56 6.030823571476768e+56 6.030823571476768e+56 6.030823571476768e+56 6.030823571476768e+56 6.030823571476768e+56 
# binding_energy_list
4.518559443749235e+55 4.518559443749235e+55 4.4874538993313323e+55 3.9810717055349857e+55 3.1332857243156017e+55 2.4547089156850333e+55 1.9498445997580414e+55 1.6069412530128887e+55 1.5452544395384142e+55 1.5205475297325032e+55 1.503141966090021e+55 1.4927944095789944e+55 1.4825180851459513e+55 1.475706533275884e+55 1.468926277643872e+55 1.465547840955901e+55 1.4621771744567153e+55 1.4588142602753533e+55 1.455459080581955e+55 1.452111617587739e+55 1.448771853544766e+55 1.445439770745916e+55 1.445439770745916e+55 1.4421153515248652e+55 1.4387985782558497e+55 1.3899526312133554e+55 1.3396766874259427e+55 1.300169578033282e+55 1.26765186585785e+55 1.2416523075924145e+55 1.221799660164881e+55 1.2078138351067823e+55 1.1939881044642682e+55 1.1830415557251658e+55 1.1748975549395303e+55 1.166809617060963e+55 1.1350108156723143e+55 1.0939563662720975e+55 1.0641430182243185e+55 1.044720219220796e+55 1.0303861204416117e+55 1.0185913880541232e+55 1.0115794542599044e+55 1.0092528860766793e+55 1.0092528860766793e+55 1.0092528860766793e+55 1.0069316688518044e+55 1.0069316688518044e+55 1.0069316688518044e+55 1.0069316688518044e+55 1.0046157902784007e+55 1.0046157902784007e+55 9.977000638225587e+54 9.885530946569331e+54 9.817479430199784e+54 9.772372209558152e+54 9.72747223776964e+54 9.660508789898121e+54 9.61612278383658e+54 9.594006315159316e+54 9.571940712948481e+54 9.54992586021429e+54 9.527961640236501e+54 9.506047936562848e+54 9.506047936562848e+54 9.484184633008901e+54 9.46237161365791e+54 9.440608762859264e+54 9.397233105646356e+54 9.37562006925883e+54 9.354056741475445e+54 9.332543007969886e+54 9.311078754678329e+54 9.311078754678329e+54 9.289663867799439e+54 9.289663867799439e+54 9.268298233793465e+54 
# total_gas_kinetic_energy_list
2.9021692241280392e+57 1.326298023011118e+59 2.9692605281630074e+59 2.8171405600203404e+59 2.2318321969255e+59 1.598822245248122e+59 1.0781835001476157e+59 6.999482843493643e+58 4.419515632780407e+58 2.744198244382943e+58 1.685508892856812e+58 1.0279854210388414e+58 6.2420579349757934e+57 3.780709286331432e+57 2.2874600163227933e+57 1.384269147686458e+57 8.38925630474846e+56 5.099325692351386e+56 3.1148293341419215e+56 1.916845202832147e+56 1.192905665054394e+56 7.541575816311452e+55 4.8743893536643377e+55 3.2433448033871105e+55 2.239572455973862e+55 7.548978351312267e+55 1.0350949775407767e+56 1.1054815336211823e+56 1.048488831206371e+56 9.34014131769672e+55 8.04211279252311e+55 6.806470389624683e+55 5.724463045731653e+55 4.819166150496017e+55 4.083224907531588e+55 3.4864707310449776e+55 7.267780959611761e+55 1.1962912806348834e+56 1.495149188374023e+56 1.6965123492781155e+56 1.84564239215856e+56 1.9615625154099008e+56 2.054707126261799e+56 2.0630995213628465e+56 2.07134647743027e+56 2.079425129440956e+56 2.0873582712294385e+56 2.0950688632618774e+56 2.102630831366385e+56 2.110102723892355e+56 2.11750979426033e+56 2.13201518058689e+56 2.197671830958461e+56 2.303810560075324e+56 2.3866525028415366e+56 2.454058947189654e+56 2.510238946683068e+56 2.578563129311341e+56 2.6351049562393832e+56 2.682994039226481e+56 2.6975359574344485e+56 2.7241603081820743e+56 2.7600397705242184e+56 2.79114647417684e+56 2.8097871553628837e+56 2.818337448267847e+56 2.850016157004911e+56 2.882802262628943e+56 2.9343437753739625e+56 2.9731019794801075e+56 3.0042965956229894e+56 3.0307045963916923e+56 3.053261586961507e+56 3.0723832512549606e+56 3.089850621466869e+56 3.105371880394408e+56 3.118596199484458e+56 
