# time_axis
1000000 10000000 20000000 30000000 40000000 50000000 60000000 70000000 80000000 90000000 100000000 110000000 120000000 130000000 140000000 150000000 200000000 300000000 400000000 500000000 600000000 700000000 800000000 900000000 1000000000 1010000000 1020000000 1030000000 1040000000 1050000000 1060000000 1070000000 1080000000 1100000000 1200000000 1400000000 1600000000 1800000000 2000000000 2300000000 2600000000 2900000000 3000000000 3200000000 3500000000 3800000000 4000000000 4100000000 4500000000 5000000000 6000000000 7000000000 8000000000 9000000000 10000000000 11000000000 12000000000 13000000000 14000000000 
# SNIa_energy_release_list
0 0.0 0.0 0.0 0.0 0.0 1.1552710328824118e+53 5.235427500240739e+54 1.9455687424920805e+55 3.7484736299851085e+55 5.601933539792263e+55 7.351361643789893e+55 8.946390366875937e+55 1.0385239853283902e+56 1.1683948179953528e+56 1.2862385090965903e+56 1.749681417211451e+56 2.350155622034824e+56 2.7533449565553604e+56 3.057488944394438e+56 3.3018134451210583e+56 3.5060443200101317e+56 3.681505340183424e+56 3.8353117919791476e+56 3.972233487790499e+56 3.9851296353274335e+56 3.997896036245174e+56 4.010537955312236e+56 4.023051819768403e+56 4.035442007043838e+56 4.047710672592624e+56 4.05985747954852e+56 4.071886339651419e+56 4.09560355643275e+56 4.207877779667631e+56 4.406029477463759e+56 4.576995335054621e+56 4.727338058565869e+56 4.861516923905466e+56 5.039106127202724e+56 5.194549033109256e+56 5.3327617270519385e+56 5.375643268347138e+56 5.457185383007073e+56 5.570323381195548e+56 5.674067664576858e+56 5.73873086576436e+56 5.769845303664529e+56 5.887094479242001e+56 6.019683073869434e+56 6.248912246635989e+56 6.442482810661843e+56 6.610040719799073e+56 6.757768785339534e+56 6.889786747832126e+56 7.009259336830892e+56 7.118259466667739e+56 7.218501300471448e+56 7.311291249252785e+56 
# SNII_energy_release_list
0 0.0 1.1333531072281886e+53 5.2092799224149504e+54 2.24189595841707e+55 4.982704978732276e+55 8.136979188234523e+55 1.0784215394066694e+56 1.2276419328675625e+56 1.3032426565486277e+56 1.3388117891706469e+56 1.3547007939661377e+56 1.361539829177985e+56 1.364404759800094e+56 1.365580984478604e+56 1.3660632143514288e+56 1.3663934029038518e+56 1.3663934029038518e+56 1.3663934029038518e+56 1.3663934029038518e+56 1.3663934029038518e+56 1.3663934029038518e+56 1.3663934029038518e+56 1.3663934029038518e+56 1.3663934029038518e+56 1.3663934029038518e+56 1.3663934029038518e+56 1.3663934029038518e+56 1.3663934029038518e+56 1.3663934029038518e+56 1.3663934029038518e+56 1.3663934029038518e+56 1.3663934029038518e+56 1.3663934029038518e+56 1.3663934029038518e+56 1.3663934029038518e+56 1.3663934029038518e+56 1.3663934029038518e+56 1.3663934029038518e+56 1.3663934029038518e+56 1.3663934029038518e+56 1.3663934029038518e+56 1.3663934029038518e+56 1.3663934029038518e+56 1.3663934029038518e+56 1.3663934029038518e+56 1.3663934029038518e+56 1.3663934029038518e+56 1.3663934029038518e+56 1.3663934029038518e+56 1.3663934029038518e+56 1.3663934029038518e+56 1.3663934029038518e+56 1.3663934029038518e+56 1.3663934029038518e+56 1.3663934029038518e+56 1.3663934029038518e+56 1.3663934029038518e+56 1.3663934029038518e+56 
# SN_energy_per_current_crossing_time_list
0.0 0.0 5.666552443755272e+53 1.4907964836414153e+55 4.269941827692142e+55 6.370459813817546e+55 7.150080880223407e+55 5.995754377603274e+55 3.473194166223702e+55 1.8551416093143304e+55 9.609021760469692e+54 5.0912889121230154e+54 2.9175983632520273e+54 1.8860887660750706e+54 1.3848052227828914e+54 1.125840240000042e+54 8.238582822528845e+53 5.33855967240512e+53 3.638113609441771e+53 2.7787937645773815e+53 2.256637599408898e+53 1.904668601343806e+53 1.6507719183326646e+53 1.4587459504025635e+53 1.308337824406415e+53 1.2331735148621838e+53 1.2216326681353362e+53 1.210563007928131e+53 1.1991292029195002e+53 1.1880990441993677e+53 1.1772632395458527e+53 1.1663843188960891e+53 1.1558676692096197e+53 1.1410569291607034e+53 1.087403165034086e+53 9.71216964429468e+52 8.470712681909329e+52 7.523432367513441e+52 6.77584441545636e+52 6.052528614493417e+52 5.357084040412314e+52 4.811802706736747e+52 4.4935181933008423e+52 4.2982157293939186e+52 4.010594643571358e+52 3.706275304143051e+52 3.482338526581274e+52 3.3587338389667357e+52 3.1930764051250114e+52 2.916909839708772e+52 2.565463679274931e+52 2.1977124187232834e+52 1.9266947871905795e+52 1.718820034510151e+52 1.5534400980762043e+52 1.4195621348446405e+52 1.3078477171706041e+52 1.2135376981427702e+52 1.1325496384052093e+52 
# SN_energy_per_final_crossing_time_list
0.0 0.0 3.6888439423585253e+53 1.6586308619569769e+55 5.601416025183808e+55 8.920800311279973e+55 1.0267959157210692e+56 8.678730048925255e+55 5.030399270441166e+55 2.680710451574535e+55 1.383930522270261e+55 7.306830131041038e+54 4.172788557475928e+54 2.6886699141628952e+54 1.967979390262073e+54 1.595300053203336e+54 1.152806389877568e+54 7.329100322568118e+53 4.921135758961858e+53 3.7122357321480847e+53 2.982107745350177e+53 2.4927441662013812e+53 2.1415931096132144e+53 1.8772878275440198e+53 1.671200589262166e+53 1.574041954069061e+53 1.558205703636989e+53 1.5430120456135265e+53 1.527382313604269e+53 1.512286869737835e+53 1.4974545102656105e+53 1.4825810345144116e+53 1.4681850069849154e+53 1.4474048990463504e+53 1.3703653531110279e+53 1.2092723222492188e+53 1.0433636548849736e+53 9.175056101753572e+52 8.188614576137493e+52 7.225228975785906e+52 6.324205340097923e+52 5.623192978824018e+52 5.233915389109457e+52 4.976319832363338e+52 4.603027253889354e+52 4.220843319535064e+52 3.946240195455369e+52 3.7976791512256574e+52 3.5777180919806156e+52 3.2366256663385117e+52 2.7978614078177405e+52 2.362629521544373e+52 2.0451315244552974e+52 1.8030979584267701e+52 1.6113479708488725e+52 1.4582251552778866e+52 1.3304033384450995e+52 1.223503775123348e+52 1.1325496384052093e+52 
# total_energy_release_list
0 0 1.1333531072281886e+53 5.2092799224149504e+54 2.24189595841707e+55 4.982704978732276e+55 8.148531898563347e+55 1.1307758144090768e+56 1.4221988071167705e+56 1.6780900195471386e+56 1.899005143149873e+56 2.089836958345127e+56 2.2561788658655787e+56 2.4029287451284843e+56 2.533975802473957e+56 2.652301723448019e+56 3.1160748201153027e+56 3.716549024938676e+56 4.119738359459212e+56 4.423882347298289e+56 4.66820684802491e+56 4.872437722913983e+56 5.0478987430872756e+56 5.201705194883e+56 5.338626890694351e+56 5.351523038231285e+56 5.364289439149026e+56 5.376931358216088e+56 5.3894452226722545e+56 5.4018354099476895e+56 5.414104075496475e+56 5.426250882452372e+56 5.438279742555271e+56 5.461996959336602e+56 5.574271182571482e+56 5.77242288036761e+56 5.943388737958472e+56 6.093731461469721e+56 6.227910326809318e+56 6.405499530106576e+56 6.560942436013108e+56 6.69915512995579e+56 6.742036671250989e+56 6.8235787859109245e+56 6.9367167840994e+56 7.04046106748071e+56 7.105124268668212e+56 7.136238706568381e+56 7.253487882145853e+56 7.3860764767732854e+56 7.615305649539841e+56 7.808876213565694e+56 7.976434122702924e+56 8.124162188243385e+56 8.256180150735979e+56 8.375652739734745e+56 8.48465286957159e+56 8.5848947033753e+56 8.677684652156636e+56 
# binding_energy_list
8.669618757582214e+54 8.669618757582214e+54 8.669618757582214e+54 8.669618757582214e+54 8.669618757582214e+54 8.649679187756885e+54 8.649679187756885e+54 8.629785477669702e+54 8.629785477669702e+54 8.629785477669702e+54 8.609937521846052e+54 8.609937521846052e+54 8.590135215053907e+54 8.590135215053907e+54 8.590135215053907e+54 8.570378452303692e+54 8.550667128846876e+54 8.491804750363178e+54 8.433347577642791e+54 8.394599865193965e+54 8.375292821268861e+54 8.336811846196331e+54 8.298507675144166e+54 8.279421637123327e+54 8.260379495771817e+54 8.260379495771817e+54 8.241381150129963e+54 8.241381150129963e+54 8.241381150129963e+54 8.241381150129963e+54 8.241381150129963e+54 8.241381150129963e+54 8.241381150129963e+54 8.222426499470695e+54 8.20351544329821e+54 8.165823713585906e+54 8.128305161640929e+54 8.090958991783846e+54 8.053784411990643e+54 8.016780633876855e+54 7.979946872679785e+54 7.94328234724279e+54 7.94328234724279e+54 7.90678627999831e+54 7.888601176185516e+54 7.852356346100775e+54 7.834296427662088e+54 7.834296427662088e+54 7.798301105232642e+54 7.780365510398008e+54 7.72680585095699e+54 7.673614893618154e+54 7.638357835776954e+54 7.603262769401822e+54 7.568328950209705e+54 7.533555637337217e+54 7.498942093324558e+54 7.464487584100623e+54 7.447319739059888e+54 
# total_gas_kinetic_energy_list
3.555417159551863e+57 1.5234893976272667e+59 3.041372734631811e+59 1.9062225900681582e+59 1.0290542451427573e+59 5.040488391532138e+58 2.3130645009652554e+58 1.0143159068934334e+58 4.306002290475001e+57 1.7864261656147553e+57 7.3026181104957965e+56 2.970203170106691e+56 1.2212743148613052e+56 5.232214642509863e+55 2.464226877884036e+55 1.3663964333512534e+55 3.2593232827456256e+55 6.380139767884381e+55 8.95249785419717e+55 1.1129631168238162e+56 1.3030046007525796e+56 1.4727163163883595e+56 1.628699462749383e+56 1.7741094490063197e+56 1.910546116595646e+56 1.9239689470079804e+56 1.9370388490556478e+56 1.9498769158446941e+56 1.962638109529738e+56 1.9754156004300474e+56 1.988257414889694e+56 2.0011882811882216e+56 2.014165555033299e+56 2.0393695274356083e+56 2.1609925592308757e+56 2.3874956447345666e+56 2.592456335106373e+56 2.782934223430129e+56 2.957871476126979e+56 3.193844550111526e+56 3.4074474219632524e+56 3.601468373488036e+56 3.664707991415341e+56 3.780006834021357e+56 3.945256644025697e+56 4.090654483977985e+56 4.182351283885334e+56 4.223497674222196e+56 4.388998983784741e+56 4.563200743825552e+56 4.863584577821903e+56 5.107348988097891e+56 5.324855424381812e+56 5.528432609689031e+56 5.724361640294122e+56 5.894404729687054e+56 6.066144917146849e+56 6.223365410212627e+56 6.368090685980941e+56 
