# time_axis
5.999999999999999 7.0 7.30102999566398 7.477121254719661 7.602059991327962 7.698970004336018 7.778151250383643 7.845098040014256 7.903089986991943 7.954242509439324 8.0 8.041392685158224 8.079181246047623 8.113943352306837 8.146128035678238 8.176091259055681 8.301029995663981 8.47712125471966 8.60205999132796 8.698970004336019 8.778151250383644 8.845098040014257 8.903089986991942 8.954242509439323 8.999999999999998 9.004321373782641 9.008600171761916 9.012837224705171 9.017033339298779 9.021189299069936 9.02530586526477 9.02938377768521 9.033423755486949 9.041392685158224 9.079181246047623 9.146128035678236 9.204119982655923 9.255272505103305 9.301029995663981 9.361727836017593 9.414973347970816 9.462397997898954 9.477121254719663 9.505149978319904 9.544068044350274 9.57978359661681 9.60205999132796 9.612783856719734 9.653212513775342 9.698970004336017 9.778151250383642 9.845098040014257 9.903089986991944 9.954242509439325 10.0 10.041392685158225 10.079181246047623 10.113943352306835 10.146128035678236 
# total_gas_mass_list
8.7873673767305 10.425863451032134 10.726171138442519 10.52330549403256 10.255585427989411 9.945632254836417 9.607360388513046 9.249359730498748 8.877274863047386 8.495190663815107 8.106647381283246 7.715782429083183 7.329263233204879 6.9597009465670405 6.629584837372443 6.368384235840378 6.736999791409007 7.021641299287936 7.166347233941568 7.2622124703026945 7.332925317232337 7.388232298087342 7.433364138349134 7.471346933354859 7.504008095642367 7.507083138157018 7.510055203437176 7.512953645408713 7.515814331548422 7.5186584665298115 7.521496926828494 7.52433509926441 7.527163508076174 7.53260030582329 7.557867110501307 7.601057190116754 7.636428821524341 7.666645497763116 7.692488650541263 7.724951502730866 7.752276000320741 7.775603934662516 7.78293300622862 7.795957509844047 7.8139311244640375 7.829118626754307 7.838413625311633 7.842517326825033 7.858606481724215 7.874870683481504 7.901410295125906 7.921695694233253 7.939037077633845 7.954649000942902 7.969162124677345 7.98137631878536 7.993349871710961 8.004067385367257 8.013686637355097 
# ejected_gas_mass_list
-10.0 -10.0 3.343569833690401 5.012075261546719 5.699835008019937 6.079039167405305 6.3036302215023845 6.4550428444517305 6.568084087219142 6.657417368215937 6.730544002870647 6.791523919759954 6.8431653747698755 6.887570570148538 6.926304972492615 6.960528587656066 7.087875925869303 7.2379455416998875 7.331473083067918 7.399241094899039 7.451927236633197 7.494605906793968 7.530324082984581 7.560968030749363 7.5877225724468325 7.590260070451897 7.592715570593719 7.595113050513361 7.597482006100335 7.599839908846232 7.602195733379975 7.604553931007171 7.606906603390317 7.611436148360755 7.6326090162886535 7.669249973697496 7.699657134424626 7.725900911916729 7.748532285143686 7.777191683480216 7.801504363452585 7.822391489090301 7.828977672850323 7.840709507110793 7.8569557442451545 7.870733251624749 7.87918714347125 7.882924681356552 7.897608290006523 7.912499215398718 7.936896837142128 7.955624421105983 7.971686391457317 7.986186334554136 7.999698554546403 8.011094215209573 8.022285959623206 8.03232057581367 8.041340211406819 
# stellar_mass_list
-10.0 6.579759066228756 8.227752898005336 8.692484437336352 8.834507324759851 8.890531476238667 8.911964572154565 8.918578793127082 8.919016797652935 8.91708392710929 8.914394010104134 8.911588699832588 8.908896314062014 8.90638040372538 8.904043650840707 8.901869740007339 8.892783003945906 8.879708894792177 8.870005500873493 8.862147545706106 8.855476150457811 8.849637019880193 8.84442187537771 8.83968489163818 8.835337117232989 8.834914070175712 8.834502884235164 8.834099684589557 8.833699596690897 8.833299659199731 8.832898361785327 8.832494958271662 8.83209075252339 8.831307472451336 8.82756263567906 8.820702863005046 8.814569759853349 8.808923518287113 8.803771268813701 8.796761461283547 8.790339189950403 8.784440773041387 8.782505918733708 8.778959088563385 8.773752839738375 8.768987715163538 8.765882639004255 8.764463564694594 8.75857757636297 8.752053225165492 8.739836108122281 8.729195228836131 8.719882199651687 8.71132534386887 8.703224247251649 8.696286525621442 8.689354929105154 8.683098833148197 8.677383879697532 
# remnant_mass_list
-10.0 -10.0 4.451593171336912 6.107042841971679 6.667575555969232 6.935976394166379 7.091667802925964 7.192166909954878 7.262079534330869 7.313889472569153 7.35430998755874 7.387155506254391 7.414705528894653 7.438382672830169 7.4591179872914575 7.4775452267126825 7.547375176734918 7.6326106182454705 7.686981266641865 7.726620300790798 7.757663990357844 7.7831089919554595 7.80461061836776 7.8232268956018105 7.83960584390192 7.841165397391654 7.842675267962831 7.844150250616293 7.845608635372184 7.847061322071281 7.8485138579526925 7.849968962243311 7.851421822150139 7.854222128292005 7.867347907203709 7.890329677575686 7.909802164792344 7.926907469023616 7.94187700953795 7.961336398704776 7.9783160026960385 7.993247881125803 7.998016061381469 8.006593855243876 8.01882482958645 8.029658181713181 8.036541989470152 8.039641827013993 8.05221472618127 8.065625810737906 8.08937976459059 8.108746049627479 8.124778588873346 8.138817995591424 8.151543363504285 8.162026784159396 8.172146178062254 8.180987324843326 8.18883223497226 
# BH_mass_list
-10.0 -10.0 4.099708037314237 5.74807471244453 6.218162813148331 6.3687536941746945 6.432532599248956 6.460657204702794 6.47297840424445 6.478273284806699 6.48050178063662 6.481422979035488 6.481792508018826 6.48193636788552 6.481990372319064 6.4820081744641085 6.482011674334947 6.482011674334947 6.482011674334947 6.482011674334947 6.482011674334947 6.482011674334947 6.482011674334947 6.482011674334947 6.482011674334947 6.482011674334947 6.482011674334947 6.482011674334947 6.482011674334947 6.482011674334947 6.482011674334947 6.482011674334947 6.482011674334947 6.482011674334947 6.482011674334947 6.482011674334947 6.482011674334947 6.482011674334947 6.482011674334947 6.482011674334947 6.482011674334947 6.482011674334947 6.482011674334947 6.482011674334947 6.482011674334947 6.482011674334947 6.482011674334947 6.482011674334947 6.482011674334947 6.482011674334947 6.482011674334947 6.482011674334947 6.482011674334947 6.482011674334947 6.482011674334947 6.482011674334947 6.482011674334947 6.482011674334947 6.482011674334947 
# NS_mass_list
-10.0 -10.0 4.196082612258823 5.857123509500029 6.4769376076059935 6.7987214108749345 6.982206514144155 7.084423406700032 7.132022204883534 7.154003964745224 7.163889759083305 7.168208991184941 7.1700462432319725 7.170809281929284 7.1711193445837935 7.171243755825575 7.1713195418852305 7.1713195418852305 7.1713195418852305 7.1713195418852305 7.1713195418852305 7.1713195418852305 7.1713195418852305 7.1713195418852305 7.1713195418852305 7.1713195418852305 7.1713195418852305 7.1713195418852305 7.1713195418852305 7.1713195418852305 7.1713195418852305 7.1713195418852305 7.1713195418852305 7.1713195418852305 7.1713195418852305 7.1713195418852305 7.1713195418852305 7.1713195418852305 7.1713195418852305 7.1713195418852305 7.1713195418852305 7.1713195418852305 7.1713195418852305 7.1713195418852305 7.1713195418852305 7.1713195418852305 7.1713195418852305 7.1713195418852305 7.1713195418852305 7.1713195418852305 7.1713195418852305 7.1713195418852305 7.1713195418852305 7.1713195418852305 7.1713195418852305 7.1713195418852305 7.1713195418852305 7.1713195418852305 7.1713195418852305 
# WD_mass_list
-10.0 -10.0 -10.0 -10.0 -10.0 2.8922389662830876 4.6452072306247665 5.725514979045667 6.245573132736269 6.523340710323062 6.699196446970601 6.821301505857467 6.9116300357696385 6.981718549596641 7.0381718519466965 7.084999602088418 7.240486225562972 7.3987224717613875 7.488107127906762 7.549209508322259 7.595112881203498 7.631634453028538 7.661804008991742 7.687457756907931 7.709696165836215 7.711798193973014 7.713830763436896 7.7158140118517125 7.717772667347581 7.719721433493943 7.721667777906493 7.723615351179945 7.725557723294904 7.729295388043105 7.7467092548064 7.776799900085864 7.801924601809479 7.823733758777152 7.842631304931497 7.866949160250055 7.887952495639011 7.906266202227824 7.912084663349526 7.92251687553998 7.937316377819618 7.950352986736724 7.958602890770744 7.962309478310215 7.977291039853222 7.993181660091456 8.021111684640594 8.043690198807681 8.062258905646711 8.078432083718313 8.093024190446899 8.104999126806316 8.116519819702953 8.126555242135774 8.135437021021286 
