# time_axis
5.999999999999999 7.0 7.30102999566398 7.477121254719661 7.602059991327962 7.698970004336018 7.778151250383643 7.845098040014256 7.903089986991943 7.954242509439324 8.0 8.301029995663981 8.47712125471966 8.60205999132796 8.698970004336019 8.778151250383644 8.845098040014257 8.903089986991942 8.954242509439323 8.999999999999998 9.004321373782641 9.008600171761916 9.012837224705171 9.017033339298779 9.021189299069936 9.02530586526477 9.02938377768521 9.033423755486949 9.041392685158224 9.079181246047623 9.146128035678236 9.204119982655923 9.255272505103305 9.301029995663981 9.361727836017593 9.414973347970816 9.462397997898954 9.477121254719663 9.505149978319904 9.544068044350274 9.57978359661681 9.60205999132796 9.612783856719734 9.653212513775342 9.698970004336017 9.778151250383642 9.845098040014257 9.903089986991944 9.954242509439325 10.0 10.041392685158225 10.079181246047623 10.113943352306835 10.146128035678236 
# total_gas_mass_list
8.532199653651702 10.201576208749808 10.552353929511794 10.681964629205922 10.736654063533587 10.760437410775324 10.770768941590386 10.775211030502852 10.777103225215177 10.777909144103317 10.77826000638673 10.778615967510454 10.778661661188863 10.778689534430992 10.778709693852369 10.778725474181318 10.778738325394944 10.778749124783328 10.778758419056466 10.778766549992666 10.778767311518337 10.77876805986907 10.778768799582016 10.778769533067226 10.778770259290589 10.778770977920752 10.77877168825221 10.778772391323205 10.7787737680904 10.778780259532635 10.778791494254248 10.778800868176901 10.77880893835325 10.778815934207339 10.778824792466411 10.778832225712017 10.778838738459362 10.778840692300253 10.778844347018394 10.778849309069752 10.778853496515024 10.77885612366373 10.778857252698034 10.778861716475946 10.778866229577831 10.77887342085342 10.778878726766493 10.778883255272174 10.778887316751128 10.778891022806693 10.778894175847885 10.778897278308962 10.778900215787282 10.77890269986631 
# ejected_gas_mass_list
-10.0 -10.0 3.952840401790918 5.637950638701854 6.225471364303762 6.578748669272537 6.820544426114807 6.9993829791889075 7.139123912546763 7.252871001590832 7.348426059515949 7.618777567644569 7.680218313288981 7.713847894781596 7.736645085175507 7.753691669839241 7.767096603416627 7.77805023065021 7.787261200229716 7.795162259481661 7.795894953794081 7.796613770996453 7.797323125211533 7.798025366296532 7.798719539129385 7.7994053645257395 7.800082208474417 7.800751098201747 7.802057957695496 7.808167405348805 7.818542283885371 7.827013249052713 7.8341761395441845 7.840291412062593 7.847913269595586 7.854207502441896 7.8596483797324534 7.861267468778271 7.864279932580965 7.868336868086643 7.871731286417727 7.873847452099165 7.874753733682302 7.8783184481882635 7.881893086599301 7.887528965905062 7.891640933019996 7.895119932101819 7.898216640321125 7.901023239543737 7.903396862056897 7.90571982993917 7.907907889288844 7.909749669324961 
# stellar_mass_list
-10.0 5.231169657987721 6.9087083243440395 7.398420984550302 7.669073111595657 7.846299985993027 7.97409668569638 8.07245367749786 8.151789287194408 8.218043202132883 8.274839015714276 8.212151060290966 8.189986692613914 8.175177171154463 8.163861506763558 8.154620117918473 8.14676898633608 8.139914171558301 8.133815379576875 8.128310078950975 8.127785999078556 8.127269866528668 8.12675818459888 8.126249615585227 8.125744723943349 8.12524369390405 8.124746781268023 8.12425442043395 8.123285613731078 8.118652424978224 8.110333644175736 8.103031709561034 8.096440255209394 8.090459135933669 8.082457577459706 8.075276548658668 8.06875399459239 8.066663978632969 8.062753435203158 8.057114726972195 8.052073510036575 8.04872729120047 8.047244346813788 8.041105496163487 8.034343438052892 8.021906215535806 8.011213699505179 8.001853892953317 7.993250399804516 7.985163580102771 7.978180315747598 7.971258001710769 7.964957734583001 7.959250504133186 
# remnant_mass_list
-10.0 -10.0 3.566620773572977 5.249814513663487 5.8148214292709755 6.153763837316252 6.387623438199583 6.562118439129676 6.699366729760016 6.81155727707403 6.905979505534325 7.175341802949333 7.245228471545952 7.2863017495193745 7.315139287078768 7.337241063505614 7.355084584427632 7.370013428718945 7.382817308775533 7.3940087532658065 7.395056696151234 7.3960857523614 7.397103100104914 7.398111478713756 7.399109833652871 7.400097846875238 7.401075128260531 7.402040878286444 7.4039336254578805 7.412851428994378 7.428326063650222 7.4413702110158795 7.452738892796729 7.462736696483478 7.475660661740246 7.486844491587606 7.49667941292836 7.499768681630358 7.505467944111417 7.513510560149079 7.520525431098597 7.525097674137619 7.527100048588584 7.535259472078069 7.543992248543685 7.559412020168551 7.572034388882479 7.582632164596518 7.592026167745689 7.600568084372501 7.607722450382004 7.614629200843483 7.620755065546562 7.6261756449649445 
# BH_mass_list
-10.0 -10.0 3.2867371454752803 4.965313948093127 5.469883022944225 5.754543205626776 5.943560545454134 6.081151103134767 6.187706003602178 6.273997305045235 6.346241813782936 6.408272247770381 6.408272247770381 6.408272247770381 6.408272247770381 6.408272247770381 6.408272247770381 6.408272247770381 6.408272247770381 6.408272247770381 6.408272247770381 6.408272247770381 6.408272247770381 6.408272247770381 6.408272247770381 6.408272247770381 6.408272247770381 6.408272247770381 6.408272247770381 6.408272247770381 6.408272247770381 6.408272247770381 6.408272247770381 6.408272247770381 6.408272247770381 6.408272247770381 6.408272247770381 6.408272247770381 6.408272247770381 6.408272247770381 6.408272247770381 6.408272247770381 6.408272247770381 6.408272247770381 6.408272247770381 6.408272247770381 6.408272247770381 6.408272247770381 6.408272247770381 6.408272247770381 6.408272247770381 6.408272247770381 6.408272247770381 6.408272247770381 
# NS_mass_list
-10.0 -10.0 3.243361828870136 4.931600993686782 5.553665357442031 5.932738229335042 6.193078538376172 6.3806406829909665 6.5210857957064485 6.630728313248821 6.71956404438991 6.867614494279363 6.867614494279363 6.867614494279363 6.867614494279363 6.867614494279363 6.867614494279363 6.867614494279363 6.867614494279363 6.867614494279363 6.867614494279363 6.867614494279363 6.867614494279363 6.867614494279363 6.867614494279363 6.867614494279363 6.867614494279363 6.867614494279363 6.867614494279363 6.867614494279363 6.867614494279363 6.867614494279363 6.867614494279363 6.867614494279363 6.867614494279363 6.867614494279363 6.867614494279363 6.867614494279363 6.867614494279363 6.867614494279363 6.867614494279363 6.867614494279363 6.867614494279363 6.867614494279363 6.867614494279363 6.867614494279363 6.867614494279363 6.867614494279363 6.867614494279363 6.867614494279363 6.867614494279363 6.867614494279363 6.867614494279363 6.867614494279363 
# WD_mass_list
-10.0 -10.0 -10.0 -10.0 -10.0 1.750025378024173 3.524369694820922 4.6096447198004205 5.159302757199719 5.5151786565212015 5.7717075489756 6.702555601840525 6.883990644289027 6.973147525674602 7.030508291380094 7.072117114244036 7.104424583510002 7.130665879627249 7.15264799080635 7.171493436192467 7.173241280691731 7.174954890961269 7.176646356108938 7.178320325072974 7.179975133525815 7.181610344131602 7.183225401979875 7.184819079097606 7.187935828004857 7.202504419673479 7.227349807998201 7.247890705795991 7.265512322752381 7.280804562940454 7.3003038968992 7.316945827049426 7.33141165532748 7.335924088900288 7.344210494907925 7.355821342934652 7.36587180748822 7.372385245270685 7.375228637839924 7.386758897809123 7.399001978213665 7.420384829611084 7.437675838512688 7.452053044772983 7.464694561938726 7.476108757141238 7.485611577109627 7.494737392788358 7.502792879256836 7.509891384700297 
