# time_axis
1000000 10000000 20000000 30000000 40000000 50000000 60000000 70000000 80000000 90000000 100000000 110000000 120000000 130000000 140000000 150000000 200000000 300000000 400000000 500000000 600000000 700000000 800000000 900000000 1000000000 1010000000 1020000000 1030000000 1040000000 1050000000 1060000000 1070000000 1080000000 1100000000 1200000000 1400000000 1600000000 1800000000 2000000000 2300000000 2600000000 2900000000 3000000000 3200000000 3500000000 3800000000 4000000000 4100000000 4500000000 5000000000 6000000000 7000000000 8000000000 9000000000 10000000000 11000000000 12000000000 13000000000 14000000000 
# SNIa_energy_release_list
0 0.0 0.0 0.0 0.0 0.0 4.940911421679723e+52 4.650812533727132e+53 2.064228981151738e+54 5.937706790816651e+54 1.1733333765399443e+55 1.940461951995789e+55 2.8935520269158715e+55 4.026834040963788e+55 5.329708501186612e+55 6.787883615616355e+55 1.5804507781116045e+56 2.8065540651827224e+56 3.503928221216714e+56 3.997148620922642e+56 4.379662729677066e+56 4.69235495308584e+56 4.956870348012925e+56 5.186130670660691e+56 5.38844764536654e+56 5.407431713365763e+56 5.426209702201685e+56 5.444786271892041e+56 5.463164666974016e+56 5.481351753978595e+56 5.499347772175058e+56 5.517155866795626e+56 5.534782612542558e+56 5.569504182013063e+56 5.733340964339151e+56 6.02066286225175e+56 6.26691461633266e+56 6.482362884619575e+56 6.673884136769149e+56 6.926425511930146e+56 7.14670067321051e+56 7.342034559525311e+56 7.4025242046831015e+56 7.517585231003772e+56 7.676763796823741e+56 7.822573484149602e+56 7.913360885542608e+56 7.957026802238206e+56 8.12137282227879e+56 8.307095248600522e+56 8.627572562796526e+56 8.897699538761644e+56 9.131297699286084e+56 9.337020410062388e+56 9.520813462861474e+56 9.686942237746631e+56 9.838484533688938e+56 9.977781029557717e+56 1.0106684064261679e+57 
# SNII_energy_release_list
0 0.0 7.390568392580758e+52 6.991636952445764e+53 3.1144374021004037e+54 8.964791018157826e+54 1.7633916974020153e+55 2.8595517701795235e+55 4.1193524209388184e+55 5.459762725243577e+55 6.877813903858829e+55 8.349437547095744e+55 9.847289402171736e+55 1.1346725083291563e+56 1.282739444936952e+56 1.4273276087384458e+56 1.7328795121772136e+56 1.7328795121772136e+56 1.7328795121772136e+56 1.7328795121772136e+56 1.7328795121772136e+56 1.7328795121772136e+56 1.7328795121772136e+56 1.7328795121772136e+56 1.7328795121772136e+56 1.7328795121772136e+56 1.7328795121772136e+56 1.7328795121772136e+56 1.7328795121772136e+56 1.7328795121772136e+56 1.7328795121772136e+56 1.7328795121772136e+56 1.7328795121772136e+56 1.7328795121772136e+56 1.7328795121772136e+56 1.7328795121772136e+56 1.7328795121772136e+56 1.7328795121772136e+56 1.7328795121772136e+56 1.7328795121772136e+56 1.7328795121772136e+56 1.7328795121772136e+56 1.7328795121772136e+56 1.7328795121772136e+56 1.7328795121772136e+56 1.7328795121772136e+56 1.7328795121772136e+56 1.7328795121772136e+56 1.7328795121772136e+56 1.7328795121772136e+56 1.7328795121772136e+56 1.7328795121772136e+56 1.7328795121772136e+56 1.7328795121772136e+56 1.7328795121772136e+56 1.7328795121772136e+56 1.7328795121772136e+56 1.7328795121772136e+56 1.7328795121772136e+56 
# SN_energy_per_current_crossing_time_list
0.0 0.0 7.598703695354312e+53 3.27714892899542e+54 8.120576467551786e+54 1.5984154780205687e+55 2.034452000536915e+55 2.2806749408042417e+55 2.3804661739185493e+55 2.345708280114509e+55 2.3254097693646884e+55 2.28510375209668e+55 2.2217902391411252e+55 2.1403227698073492e+55 2.0464519558576493e+55 1.9450363332026388e+55 9.326282140098225e+54 6.6136378142357215e+53 3.86785656216057e+53 2.792717459204476e+53 2.202342768323343e+53 1.8258205290183412e+53 1.5634107893838331e+53 1.3696740965275831e+53 1.2204100391364995e+53 1.1461915975843176e+53 1.1347729367755512e+53 1.123605477655999e+53 1.112604070916073e+53 1.1019885064680101e+53 1.0913577112415157e+53 1.0808881130746838e+53 1.0707935835757818e+53 1.0564216478384024e+53 1.004997164306433e+53 8.939393118286502e+52 7.757357140085334e+52 6.861812063908491e+52 6.160178752172597e+52 5.486248567632135e+52 4.839713926884499e+52 4.3351403494162526e+52 4.040100344916792e+52 3.865412845218001e+52 3.594631651230989e+52 3.316472018833929e+52 3.1119613849854376e+52 2.9995853426430264e+52 2.8452961359633915e+52 2.594575840572572e+52 2.2718301606410485e+52 1.937872882564998e+52 1.693519473404507e+52 1.506013115791728e+52 1.3578505001413235e+52 1.2372363375121886e+52 1.1375442433370978e+52 1.0533473885797981e+52 9.812212898767933e+51 
# SN_energy_per_final_crossing_time_list
0.0 0.0 1.500204256684432e+53 1.2692051277789591e+54 4.902740497903465e+54 1.1875575641420597e+55 1.7601135137193075e+55 2.228248754200796e+55 2.569429885264696e+55 2.7503710348998463e+55 2.922605056315655e+55 3.0456289591585604e+55 3.113024903747269e+55 3.129956266379823e+55 3.1047722336946155e+55 3.0459785874303875e+55 1.3777443261751938e+55 9.333206558131953e+53 5.308473694835348e+53 3.7544372628966083e+53 2.9117311943049384e+53 2.3802408336797392e+53 2.0135145584330687e+53 1.7451498331489735e+53 1.5400546879347196e+53 1.4450840301850104e+53 1.4293971021854508e+53 1.4140648988534374e+53 1.3989796725591999e+53 1.384417132670197e+53 1.3698728061703354e+53 1.3555678975264453e+53 1.3417634610275627e+53 1.321518273818825e+53 1.2471400634785102e+53 1.093559837156377e+53 9.372450552798077e+52 8.200056274691971e+52 7.28938346969936e+52 6.407890873214228e+52 5.589179969675775e+52 4.956329340283784e+52 4.6045252373018824e+52 4.37927349500364e+52 4.038937692799196e+52 3.6997207449510505e+52 3.4554086063216367e+52 3.3238881615246286e+52 3.127541064892155e+52 2.82747103872272e+52 2.439501632632979e+52 2.0562304091268266e+52 1.778169838352122e+52 1.5659794518295784e+52 1.3990489576299868e+52 1.2645869133556977e+52 1.1535533467998295e+52 1.0603372346165719e+52 9.812212898767933e+51 
# total_energy_release_list
0 0 7.390568392580758e+52 6.991636952445764e+53 3.1144374021004037e+54 8.964791018157826e+54 1.768332608823695e+55 2.906059895516795e+55 4.325775319053992e+55 6.053533404325242e+55 8.051147280398773e+55 1.0289899499091533e+56 1.2740841429087607e+56 1.537355912425535e+56 1.8157102950556133e+56 2.106115970300081e+56 3.313330290288818e+56 4.539433577359936e+56 5.236807733393928e+56 5.730028133099855e+56 6.11254224185428e+56 6.425234465263053e+56 6.689749860190138e+56 6.919010182837904e+56 7.121327157543753e+56 7.140311225542976e+56 7.159089214378898e+56 7.177665784069254e+56 7.1960441791512295e+56 7.214231266155809e+56 7.2322272843522715e+56 7.2500353789728395e+56 7.267662124719771e+56 7.302383694190276e+56 7.466220476516365e+56 7.753542374428963e+56 7.999794128509873e+56 8.21524239679679e+56 8.406763648946363e+56 8.65930502410736e+56 8.879580185387723e+56 9.074914071702525e+56 9.135403716860316e+56 9.250464743180986e+56 9.409643309000956e+56 9.555452996326816e+56 9.646240397719821e+56 9.689906314415419e+56 9.854252334456004e+56 1.0039974760777736e+57 1.0360452074973739e+57 1.0630579050938857e+57 1.0864177211463297e+57 1.1069899922239601e+57 1.1253692975038688e+57 1.1419821749923844e+57 1.1571364045866151e+57 1.171066054173493e+57 1.1839563576438892e+57 
# binding_energy_list
9.036494737223079e+54 9.036494737223079e+54 9.036494737223079e+54 9.036494737223079e+54 9.036494737223079e+54 9.015711376059534e+54 8.994975815300365e+54 8.9536476554959e+54 8.933054837332963e+54 8.912509381337514e+54 8.892011178579445e+54 8.871560120379617e+54 8.85115609830841e+54 8.830799004185586e+54 8.810488730080146e+54 8.790225168308896e+54 8.68960429286302e+54 8.570378452303692e+54 8.491804750363178e+54 8.433347577642791e+54 8.375292821268861e+54 8.317637711026743e+54 8.279421637123327e+54 8.241381150129963e+54 8.222426499470695e+54 8.222426499470695e+54 8.20351544329821e+54 8.20351544329821e+54 8.20351544329821e+54 8.20351544329821e+54 8.20351544329821e+54 8.20351544329821e+54 8.184647881347836e+54 8.184647881347836e+54 8.165823713585906e+54 8.109610578538388e+54 8.072350302488317e+54 8.035261221856194e+54 7.99834255007026e+54 7.94328234724279e+54 7.90678627999831e+54 7.870457896951001e+54 7.870457896951001e+54 7.852356346100775e+54 7.816278045883308e+54 7.798301105232642e+54 7.780365510398008e+54 7.762471166286928e+54 7.744617978025239e+54 7.709034690644309e+54 7.673614893618154e+54 7.638357835776954e+54 7.603262769401822e+54 7.568328950209705e+54 7.533555637337217e+54 7.516228940182015e+54 7.481695005111584e+54 7.464487584100623e+54 7.447319739059888e+54 
# total_gas_kinetic_energy_list
5.1497466820274575e+56 3.552224316609035e+57 1.1782813257442998e+58 2.3881929070736427e+58 2.4131936692979333e+58 2.626583988936975e+58 2.842867081967132e+58 3.004879851095963e+58 3.102049768848652e+58 3.139649848476932e+58 3.1273998874458386e+58 3.075378737513037e+58 2.9926766805550863e+58 2.8870600585994986e+58 2.7649937804317597e+58 2.63177789214881e+58 9.198495959914163e+58 1.6705583777352823e+59 1.9753729258456323e+59 2.0884575867132415e+59 2.128272939110573e+59 2.141837630717901e+59 2.146371411608187e+59 2.1478828135159446e+59 2.148401403095497e+59 2.148429908303114e+59 2.148455830040217e+59 2.1484794316290916e+59 2.148500957764862e+59 2.1485206256544475e+59 2.1485386291062e+59 2.148555141838219e+59 2.1485703449239527e+59 2.148597367641424e+59 2.1486883703092792e+59 2.148787520297485e+59 2.1488596357324577e+59 2.148922369151574e+59 2.1489790175216064e+59 2.1490538329503755e+59 2.149118613827747e+59 2.149176168798518e+59 2.1491941194867436e+59 2.1492281284066255e+59 2.149275100361582e+59 2.1493153693366435e+59 2.149341295135497e+59 2.149352473820937e+59 2.1493966192272775e+59 2.1494428870758716e+59 2.1495198403240114e+59 2.149580621462241e+59 2.1496347175741575e+59 2.1496853247140596e+59 2.1497333803923457e+59 2.1497757457848247e+59 2.14981768056465e+59 2.149857052665563e+59 2.1498925421174417e+59 
