# time_axis
5.999999999999999 7.0 7.30102999566398 7.477121254719661 7.602059991327962 7.698970004336018 7.778151250383643 7.845098040014256 7.903089986991943 7.954242509439324 8.0 8.041392685158224 8.079181246047623 8.113943352306837 8.146128035678238 8.176091259055681 8.301029995663981 8.47712125471966 8.60205999132796 8.698970004336019 8.778151250383644 8.845098040014257 8.903089986991942 8.954242509439323 8.999999999999998 9.004321373782641 9.008600171761916 9.012837224705171 9.017033339298779 9.021189299069936 9.02530586526477 9.02938377768521 9.033423755486949 9.041392685158224 9.079181246047623 9.146128035678236 9.204119982655923 9.255272505103305 9.301029995663981 9.361727836017593 9.414973347970816 9.462397997898954 9.477121254719663 9.505149978319904 9.544068044350274 9.57978359661681 9.60205999132796 9.612783856719734 9.653212513775342 9.698970004336017 9.778151250383642 9.845098040014257 9.903089986991944 9.954242509439325 10.0 10.041392685158225 10.079181246047623 10.113943352306835 10.146128035678236 
# total_gas_mass_list
7.90643927611633 8.787013032749478 9.312440944855615 9.6202750118489 9.625405526775848 9.66244372958195 9.696893096093367 9.72099302606388 9.734825270982636 9.740061824591445 9.73836573796092 9.731081715269376 9.71924329931113 9.703639515998473 9.684877936416397 9.663433004011852 10.206897536111482 10.466038793315459 10.538824366520121 10.562999870734254 10.571201119957273 10.573960224713488 10.574878509403469 10.575184103614571 10.575288774766454 10.575294517258156 10.575299736962211 10.575304487219682 10.575308817554042 10.575312771921622 10.57531638949128 10.575319705471763 10.57532275628611 10.575328172809906 10.575346325937874 10.575365832692126 10.575379811289121 10.575391852317138 10.575402642726084 10.575416823423929 10.575429057343344 10.575439883721517 10.575443260992046 10.57544963512201 10.575458421236808 10.575465944750531 10.575470776485353 10.575472861316088 10.575481071403637 10.575489660859246 10.575503877720951 10.575515053588735 10.57552499094861 10.57553427209402 10.575543077029785 10.575550841827175 10.575558497332102 10.57556571855914 10.575572214455308 
# ejected_gas_mass_list
-10.0 -10.0 3.1176647226236214 4.11619864783932 4.787647944111803 5.267433316822539 5.586341148625137 5.812487511937846 5.989353475939971 6.135657057998288 6.2598623439817285 6.367133167932757 6.4608821574381405 6.543601480780887 6.61717241974068 6.683044518414395 6.8896356770995455 7.05367227449508 7.135873904406838 7.190203267559804 7.230582101416465 7.2623501569619995 7.288329442519788 7.3102146437335405 7.329047339671622 7.330789142760872 7.332513453756104 7.334216122347279 7.335896823816779 7.337554860650479 7.33918953202952 7.340800679562636 7.34239674511521 7.345545172543977 7.360191818239227 7.385192082165675 7.4057911905747105 7.423181511237156 7.438233034298699 7.457257739248501 7.473027381708426 7.486520925813838 7.49064591079139 7.498326166230538 7.508695002160078 7.51738135532628 7.5228697207989015 7.525216644164995 7.534337585415852 7.543679461654132 7.558713727597325 7.570177628784397 7.580123231794757 7.589210977794339 7.597660309761255 7.604977645343906 7.612073392963664 7.6186621150412694 7.624504918113814 
# stellar_mass_list
-10.0 5.698830965614583 6.621635391597309 7.204936735190186 7.588501376460407 7.764642351826726 7.89523822237908 8.000322288406167 8.0869116142165 8.15918960621943 8.22011554089086 8.271890588666693 8.316188163163092 8.354300488607613 8.38724056222104 8.415813650478079 8.360338593637982 8.323776717140069 8.302675802281472 8.287504956874681 8.27556859433279 8.265687682133105 8.257235080939472 8.24983351536432 8.243241052311923 8.242620698382142 8.242004619553763 8.241394372361802 8.24079037628831 8.240192827175832 8.239602023635376 8.239018173332726 8.238438144676994 8.237289014716081 8.231859004495272 8.222240912997126 8.213886183751864 8.206495311912375 8.199836621064719 8.190961795550162 8.183157788557411 8.176125221708277 8.173917322217756 8.16970192805279 8.163761775872741 8.158462826498539 8.154932753990831 8.153382793313643 8.147070836789162 8.140099079697498 8.127482360476451 8.116740893751157 8.107336955013139 8.098690749263175 8.09061803048668 8.083589777439933 8.07667769671856 8.070335555481108 8.064635064384412 
# remnant_mass_list
-10.0 -10.0 4.320213221310976 5.273555154950495 5.895321450561703 6.324254487710476 6.57539083439858 6.7564381998977945 6.899289066215856 7.016845295576297 7.115937667349974 7.200779145370308 7.274255298498542 7.338467325232554 7.39500304072319 7.445094482778791 7.556399611974351 7.620965674948689 7.65389274262634 7.675842154407965 7.692187503804699 7.705144100152736 7.715837825947842 7.724920206151191 7.7327969961563054 7.733528147897845 7.7342526251060395 7.734968589750381 7.735675595035688 7.736373449697501 7.737061868773464 7.73774066839743 7.738413608237033 7.739742672408799 7.745945963173309 7.756632720651535 7.765615598273498 7.77333958338779 7.78012612562441 7.788925884730182 7.796440066844139 7.803040105381732 7.805079760148332 7.808931154914623 7.814266591936567 7.818931928711732 7.821998494696017 7.823330243510582 7.828692849952009 7.83448150173065 7.844632493643232 7.852948994225301 7.859995323121107 7.866292851140186 7.8720214879218275 7.876884754867573 7.8815702491136825 7.885779454260603 7.88948833870831 
# BH_mass_list
-10.0 -10.0 4.086298679425093 5.020585189693012 5.618596930825945 6.019812863503934 6.226685054923936 6.37673021178133 6.496066614621209 6.594354448931281 6.67681255296607 6.746860939104638 6.806945116854614 6.85889070499892 6.904096821895792 6.943656820942015 6.978439068559873 6.978439068559873 6.978439068559873 6.978439068559873 6.978439068559873 6.978439068559873 6.978439068559873 6.978439068559873 6.978439068559873 6.978439068559873 6.978439068559873 6.978439068559873 6.978439068559873 6.978439068559873 6.978439068559873 6.978439068559873 6.978439068559873 6.978439068559873 6.978439068559873 6.978439068559873 6.978439068559873 6.978439068559873 6.978439068559873 6.978439068559873 6.978439068559873 6.978439068559873 6.978439068559873 6.978439068559873 6.978439068559873 6.978439068559873 6.978439068559873 6.978439068559873 6.978439068559873 6.978439068559873 6.978439068559873 6.978439068559873 6.978439068559873 6.978439068559873 6.978439068559873 6.978439068559873 6.978439068559873 6.978439068559873 6.978439068559873 
# NS_mass_list
-10.0 -10.0 3.939765739693674 4.9184771881971585 5.568544649582395 6.026526150416844 6.3164575200884245 6.5181845010924295 6.670332450032561 6.789276661103429 6.887166761838453 6.969510596478465 7.039657480169844 7.099960985990912 7.152183573436888 7.197686845696144 7.275650489730169 7.275650489730169 7.275650489730169 7.275650489730169 7.275650489730169 7.275650489730169 7.275650489730169 7.275650489730169 7.275650489730169 7.275650489730169 7.275650489730169 7.275650489730169 7.275650489730169 7.275650489730169 7.275650489730169 7.275650489730169 7.275650489730169 7.275650489730169 7.275650489730169 7.275650489730169 7.275650489730169 7.275650489730169 7.275650489730169 7.275650489730169 7.275650489730169 7.275650489730169 7.275650489730169 7.275650489730169 7.275650489730169 7.275650489730169 7.275650489730169 7.275650489730169 7.275650489730169 7.275650489730169 7.275650489730169 7.275650489730169 7.275650489730169 7.275650489730169 7.275650489730169 7.275650489730169 7.275650489730169 7.275650489730169 7.275650489730169 
# WD_mass_list
-10.0 -10.0 -10.0 -10.0 -10.0 2.309838430107418 3.6132166125786416 4.463308092364685 5.062921439158548 5.491577123543362 5.775637985343173 5.987865062029011 6.157395037357658 6.298097564064967 6.417697843306319 6.521040041516211 6.88239143580917 7.127083588534408 7.22246021958658 7.279360648714728 7.318997999607626 7.348995813019924 7.37290826340081 7.392667104496616 7.40942202317421 7.410960102916099 7.412481330617734 7.413981949397234 7.415461136283817 7.416918605794177 7.418353877625278 7.419766683310561 7.421164941662224 7.423919685491042 7.4366595543178 7.458171820687447 7.4758527507503105 7.490780243446231 7.50369634731518 7.520179498001788 7.534029417474442 7.546031223317259 7.549710351427031 7.556619987384257 7.566112835785613 7.574340023838196 7.579711453844669 7.582035329830852 7.591339857498234 7.6012903190999594 7.618514730003911 7.632422289777503 7.644068415324752 7.654374327543772 7.663667889747447 7.671498478785518 7.678992828840985 7.685684486131822 7.691549354896044 
