# time_axis
5.999999999999999 7.0 7.30102999566398 7.477121254719661 7.602059991327962 7.698970004336018 7.778151250383643 7.845098040014256 7.903089986991943 7.954242509439324 8.0 8.041392685158224 8.079181246047623 8.113943352306837 8.146128035678238 8.176091259055681 8.204119982655925 8.230448921378272 8.255272505103306 8.278753600952827 8.301029995663981 8.47712125471966 8.60205999132796 8.698970004336019 8.778151250383644 8.845098040014257 8.903089986991942 8.954242509439323 8.999999999999998 9.004321373782641 9.008600171761916 9.012837224705171 9.017033339298779 9.021189299069936 9.02530586526477 9.02938377768521 9.033423755486949 9.041392685158224 9.079181246047623 9.146128035678236 9.204119982655923 9.255272505103305 9.301029995663981 9.361727836017593 9.414973347970816 9.462397997898954 9.477121254719663 9.505149978319904 9.544068044350274 9.57978359661681 9.60205999132796 9.612783856719734 9.653212513775342 9.698970004336017 9.778151250383642 9.845098040014257 9.903089986991944 9.954242509439325 10.0 10.041392685158225 10.079181246047623 10.113943352306835 10.146128035678236 
# total_gas_mass_list
10.173657553374342 10.17328003124194 10.173045944330104 10.172842921124587 10.172652178487834 10.1724680074942 10.17228383865628 10.172099664800333 10.171915446424093 10.171731167087255 10.171546795604137 10.171362381331006 10.171177940976074 10.170993451344414 10.170808823649962 10.170624176537851 10.170439479003738 10.170254716639283 10.170069879849752 10.169884980750085 10.169700015840094 10.169978557085466 10.169981571665964 10.169983523550624 10.169985054966615 10.16998614714088 10.169987290673628 10.169988272715424 10.169989007123277 10.169989080155803 10.169989215933844 10.169989279490917 10.169989375465613 10.169989446925694 10.169989516657006 10.169989587986299 10.169989658029168 10.169989790195736 10.169990450386653 10.169991575879807 10.169992471603045 10.169993426588764 10.16999416708432 10.169995115009362 10.169995975071615 10.169996829295389 10.169997033224794 10.169997421435802 10.169998044296467 10.169998521065066 10.169998955053094 10.169999149237757 10.169999926680834 10.17000010025824 10.170001746853908 10.170002392802594 10.1700037512859 10.170004481105863 10.170005214025323 10.170005868861802 10.170006413747105 10.170006950627926 10.170007546424499 
# ejected_gas_mass_list
-10.0 -10.0 6.621914347723306 6.991882169125361 7.200483338942597 7.34530126701251 7.453758183622663 7.540501563590817 7.612782560791304 7.674738009132546 7.728944582930181 7.777138748047833 7.820526674238766 7.859976914875161 7.896128879938298 7.9295116386020865 7.960515086421226 7.9894540522655 8.016585164401127 8.042122749049595 8.066243336820982 8.100235480013826 8.100589309924557 8.100818255845617 8.100997799242007 8.10112580094232 8.101259781731674 8.101374808907515 8.101460810826271 8.1014693622864 8.101485260245669 8.101492701808393 8.10150393874059 8.101512305259273 8.101520469220395 8.101528820111822 8.101537020239661 8.101552492956557 8.101629773208764 8.101761489119435 8.101866286873666 8.101977990606397 8.102064586034679 8.102175413815386 8.10227594475742 8.102375770419249 8.102399598501778 8.102444955342552 8.102517717790247 8.1025734056292 8.102624090429458 8.102646767061206 8.102737544093975 8.102757809043746 8.10295000045844 8.103025372868581 8.103183844951548 8.103268957472286 8.103354414820782 8.10343075370723 8.103494264674456 8.103556833646646 8.103626258297414 
# stellar_mass_list
-10.0 7.144004116335582 7.29055782809203 7.378886773304349 7.444647368483494 7.497733154414815 7.5425306841440385 7.5814237956515855 7.61588049789104 7.646867701113951 7.67505555604651 7.700932707911551 7.724867226488013 7.747144189582387 7.767989232103135 7.787582923143919 7.80607332763638 7.823583342916184 7.84021676622137 7.856060677015139 7.87119080409038 7.707885248384367 7.667987142482426 7.642236371457474 7.623161453952146 7.60802704939457 7.595493203875329 7.584810134377827 7.575505228165896 7.574639108680601 7.573782554613743 7.572935663393309 7.57209911965275 7.571275734225148 7.5704573838884714 7.569646000665192 7.568845071677857 7.567273511643017 7.559899889143543 7.54711238434073 7.536309955194291 7.526948920512942 7.518708969692599 7.507975213875517 7.498693654629596 7.490528767112812 7.487987512238998 7.483243712127082 7.476651546114478 7.470691139921436 7.46697225264333 7.465209805645044 7.458513525792996 7.451072493443936 7.438237093307901 7.427514783086349 7.418088135194419 7.409429431994272 7.40165004273942 7.394417665684332 7.3878060008728115 7.3813532541113505 7.375695876874472 
# remnant_mass_list
-10.0 -10.0 6.110853715082936 6.458172000500879 6.661228503536518 6.804616814790421 6.915164262477434 7.005022863905528 7.080496989363609 7.145423586652724 7.2023323271820505 7.2529453332787766 7.298487458239279 7.339858561569236 7.377737917374726 7.412652363595863 7.445019299356376 7.4751733245257705 7.503386131836837 7.52988277853092 7.554852167308427 7.615299914696005 7.6297119347121045 7.638373478683976 7.644478440264842 7.649140964239377 7.652885037507263 7.655994607347292 7.658643435186615 7.658887167918431 7.659127779760922 7.659365233445056 7.659599232704276 7.6598292578421905 7.660057459018942 7.660283372199719 7.660505929820254 7.660941364641138 7.662964183451989 7.666394787549892 7.669217535941694 7.671609852759253 7.67367479413787 7.676307998454777 7.6785353381819155 7.680457327097082 7.6810491450536365 7.682143143503586 7.683646114297796 7.684985140948018 7.685812081714103 7.6862013823888535 7.687668199765389 7.689270784736667 7.6919766506022675 7.694179001789322 7.696078707358794 7.697799552177434 7.699319287064969 7.700714506150263 7.701970690184006 7.703188452331548 7.704234610301868 
# BH_mass_list
-10.0 -10.0 5.93204337602581 6.233073371689791 6.4091646307454715 6.534103367353772 6.631013380361828 6.710194626409453 6.776908635653861 6.834430121736957 6.884950056815006 6.929956998857394 6.970512273554148 7.007396697501872 7.041199998877916 7.0723797719495325 7.101300876103873 7.1282556481072215 7.153481745930346 7.177175845543733 7.199505682434983 7.220610063582446 7.220610063582446 7.220610063582446 7.220610063582446 7.220610063582446 7.220610063582446 7.220610063582446 7.220610063582446 7.220610063582446 7.220610063582446 7.220610063582446 7.220610063582446 7.220610063582446 7.220610063582446 7.220610063582446 7.220610063582446 7.220610063582446 7.220610063582446 7.220610063582446 7.220610063582446 7.220610063582446 7.220610063582446 7.220610063582446 7.220610063582446 7.220610063582446 7.220610063582446 7.220610063582446 7.220610063582446 7.220610063582446 7.220610063582446 7.220610063582446 7.220610063582446 7.220610063582446 7.220610063582446 7.220610063582446 7.220610063582446 7.220610063582446 7.220610063582446 7.220610063582446 7.220610063582446 7.220610063582446 7.220610063582446 
# NS_mass_list
-10.0 -10.0 5.639120075424626 6.065061662050109 6.305001568597473 6.470017341707091 6.58931058372185 6.682797734980879 6.7595777318785775 6.824632564046374 6.881024041326676 6.930774940707344 6.975272986402439 7.01550819087547 7.052214122043584 7.085949973670417 7.1171517815094845 7.146165833940649 7.173271465894902 7.198697416191458 7.222634223236362 7.263886815588122 7.263886815588122 7.263886815588122 7.263886815588122 7.263886815588122 7.263886815588122 7.263886815588122 7.263886815588122 7.263886815588122 7.263886815588122 7.263886815588122 7.263886815588122 7.263886815588122 7.263886815588122 7.263886815588122 7.263886815588122 7.263886815588122 7.263886815588122 7.263886815588122 7.263886815588122 7.263886815588122 7.263886815588122 7.263886815588122 7.263886815588122 7.263886815588122 7.263886815588122 7.263886815588122 7.263886815588122 7.263886815588122 7.263886815588122 7.263886815588122 7.263886815588122 7.263886815588122 7.263886815588122 7.263886815588122 7.263886815588122 7.263886815588122 7.263886815588122 7.263886815588122 7.263886815588122 7.263886815588122 7.263886815588122 
# WD_mass_list
-10.0 -10.0 -10.0 -10.0 -10.0 3.7050331070591738 4.816214490668951 5.225775613640359 5.483938350751111 5.671519502362011 5.818133171970824 5.937861638786677 6.038680318505992 6.125538855512506 6.2016847746329535 6.269371794881636 6.3302177098498795 6.385421863802597 6.43589233027351 6.482344198861121 6.5253347836306475 6.796465020251471 6.883654093065773 6.929858572874535 6.960197224024596 6.982284650872926 6.999403961078978 7.01323338356185 7.024751154318712 7.025799257049133 7.026832039209691 7.0278494224849135 7.02885022134695 7.029832304349932 7.030804922878366 7.031766150772799 7.032711512917108 7.034556581217958 7.043050336997627 7.057173122125423 7.068539197730916 7.078000577194155 7.0860454877100905 7.096146636509 7.1045576758439575 7.11172081515225 7.113909211267197 7.117933508519279 7.123418381264006 7.128263027439477 7.131235534878356 7.1326298438670825 7.137854602132028 7.143511840944785 7.152945785775503 7.160518079134431 7.166975582855736 7.172767288330395 7.1778374596502585 7.182456063186685 7.186585337006948 7.19056243945434 7.193959060121543 
