# time_axis
1000000 10000000 20000000 30000000 40000000 50000000 60000000 70000000 80000000 90000000 100000000 200000000 300000000 400000000 500000000 600000000 700000000 800000000 900000000 1000000000 1010000000 1020000000 1030000000 1040000000 1050000000 1060000000 1070000000 1080000000 1100000000 1200000000 1400000000 1600000000 1800000000 2000000000 2300000000 2600000000 2900000000 3000000000 3200000000 3500000000 3800000000 4000000000 4100000000 4500000000 5000000000 6000000000 7000000000 8000000000 9000000000 10000000000 11000000000 12000000000 13000000000 14000000000 
# SNIa_energy_release_list
0 0.0 0.0 0.0 0.0 0.0 4.867855123740087e+56 1.3518323285065709e+57 2.51961231807573e+57 3.9353189230715644e+57 5.557690133762657e+57 2.421973808522568e+58 3.422984894057993e+58 4.069463892187014e+58 4.54903456549335e+58 4.9306861967479856e+58 5.247786829449101e+58 5.519067779071129e+58 5.756144198511213e+58 5.966687683146782e+58 5.986505293270993e+58 6.006113219355414e+58 6.025520218175565e+58 6.04473026532553e+58 6.063745572667959e+58 6.082569051249523e+58 6.101207665657132e+58 6.119663069675524e+58 6.156045113181214e+58 6.328090274017187e+58 6.631222927011459e+58 6.892278589413149e+58 7.12153273204178e+58 7.325908635770707e+58 7.596116617608899e+58 7.832414596764437e+58 8.0423568017891e+58 8.107464414222984e+58 8.231248953928535e+58 8.402926415360766e+58 8.560261348357843e+58 8.658308560549298e+58 8.705484254800742e+58 8.883204296621344e+58 9.08409571526636e+58 9.431235067874566e+58 9.724253023369959e+58 9.977832597181852e+58 1.0201319946600026e+59 1.040106243014595e+59 1.0581700360961166e+59 1.074653372317947e+59 1.089808631897323e+59 1.103836847049422e+59 
# SNII_energy_release_list
0 0.0 1.1765822397075856e+57 2.8878821190609585e+57 4.887461980941129e+57 7.052720937902012e+57 9.135515346910471e+57 1.1141398441391722e+58 1.3091008727283418e+58 1.4990641231996743e+58 1.6854189327001944e+58 2.0357623628399092e+58 2.0357623628399092e+58 2.0357623628399092e+58 2.0357623628399092e+58 2.0357623628399092e+58 2.0357623628399092e+58 2.0357623628399092e+58 2.0357623628399092e+58 2.0357623628399092e+58 2.0357623628399092e+58 2.0357623628399092e+58 2.0357623628399092e+58 2.0357623628399092e+58 2.0357623628399092e+58 2.0357623628399092e+58 2.0357623628399092e+58 2.0357623628399092e+58 2.0357623628399092e+58 2.0357623628399092e+58 2.0357623628399092e+58 2.0357623628399092e+58 2.0357623628399092e+58 2.0357623628399092e+58 2.0357623628399092e+58 2.0357623628399092e+58 2.0357623628399092e+58 2.0357623628399092e+58 2.0357623628399092e+58 2.0357623628399092e+58 2.0357623628399092e+58 2.0357623628399092e+58 2.0357623628399092e+58 2.0357623628399092e+58 2.0357623628399092e+58 2.0357623628399092e+58 2.0357623628399092e+58 2.0357623628399092e+58 2.0357623628399092e+58 2.0357623628399092e+58 2.0357623628399092e+58 2.0357623628399092e+58 2.0357623628399092e+58 2.0357623628399092e+58 
# SN_energy_per_current_crossing_time_list
0.0 0.0 1.6750231905806078e+57 2.4024521480942274e+57 2.9203488603146728e+57 3.410371385771013e+57 3.668784709187565e+57 4.0395158306721795e+57 4.501780153298392e+57 5.0326417464160856e+57 5.6854438526515084e+57 2.3424618097640448e+57 2.30746947172812e+56 1.5743188800626352e+56 1.212361853106568e+56 9.92049603192065e+55 8.424458750344558e+55 7.336845133789003e+55 6.508285313984507e+55 5.854223066533874e+55 5.516827148995714e+55 5.464751849501096e+55 5.415028826293042e+55 5.366128933242788e+55 5.317655268673697e+55 5.269289717336433e+55 5.22335753588604e+55 5.177745894324796e+55 5.114209526789708e+55 4.8845042685276895e+55 4.375348500551489e+55 3.820087077395229e+55 3.3935374094616325e+55 3.05507013770311e+55 2.7262007152067426e+55 2.4087269791678376e+55 2.1587694629827343e+55 2.0137926531304874e+55 1.9234714134116632e+55 1.7902899625436054e+55 1.650521817702391e+55 1.5483037244108563e+55 1.4923998396418245e+55 1.41425561828103e+55 1.2873882948267156e+55 1.1243328709146582e+55 9.570991496661827e+54 8.341044927536446e+54 7.396361480076583e+54 6.647570895758847e+54 6.042144072545695e+54 5.5384356267459354e+54 5.1145348950656896e+54 4.752221637997653e+54 
# SN_energy_per_final_crossing_time_list
0.0 0.0 1.0628825820530443e+58 1.5459274949503123e+58 1.8063493862908103e+58 1.9560179928944287e+58 1.898012878363471e+58 1.841347973308272e+58 1.8007685574866218e+58 1.7640192095861882e+58 1.7384228409843646e+58 3.797076702153727e+57 3.3910419030357245e+56 2.190023071438286e+56 1.6246016374324078e+56 1.2928894521224596e+56 1.0742154093063495e+56 9.189958842179686e+55 8.031240454374987e+55 7.132406315245648e+55 6.713446766004607e+55 6.642413849826718e+55 6.574347393574818e+55 6.507627716228379e+55 6.44165733317388e+55 6.376673101161329e+55 6.314048204263278e+55 6.251983546251386e+55 6.162420967589668e+55 5.82823065637927e+55 5.134486237643135e+55 4.4217826506654617e+55 3.8831258481138104e+55 3.461736156222947e+55 3.0512036019991175e+55 2.668289960347094e+55 2.3706790888452757e+55 2.2055963731093137e+55 2.096672889816169e+55 1.9385914699505988e+55 1.7766348388940248e+55 1.660731883100101e+55 1.5981317122565275e+55 1.5051184685446547e+55 1.3610862625385568e+55 1.1759750794942249e+55 9.92632529034637e+54 8.590304073307293e+54 7.570894844486626e+54 6.766509795027514e+54 6.119320770003373e+54 5.583922559674398e+54 5.1340210940379256e+54 4.752221637997653e+54 
# total_energy_release_list
0 0 1.1765822397075856e+57 2.8878821190609585e+57 4.887461980941129e+57 7.052720937902012e+57 9.62230085928448e+57 1.2493230769898294e+58 1.5610621045359148e+58 1.892596015506831e+58 2.24118794607646e+58 4.457736171362477e+58 5.458747256897902e+58 6.105226255026923e+58 6.584796928333259e+58 6.966448559587894e+58 7.283549192289011e+58 7.554830141911039e+58 7.791906561351122e+58 8.002450045986691e+58 8.022267656110902e+58 8.041875582195323e+58 8.061282581015474e+58 8.080492628165439e+58 8.099507935507867e+58 8.118331414089431e+58 8.13697002849704e+58 8.155425432515434e+58 8.191807476021124e+58 8.363852636857097e+58 8.666985289851369e+58 8.928040952253058e+58 9.157295094881689e+58 9.361670998610617e+58 9.631878980448808e+58 9.868176959604346e+58 1.0078119164629008e+59 1.0143226777062894e+59 1.0267011316768443e+59 1.0438688778200675e+59 1.0596023711197752e+59 1.0694070923389208e+59 1.0741246617640652e+59 1.0918966659461253e+59 1.111985807810627e+59 1.1466997430714474e+59 1.1760015386209869e+59 1.2013594960021761e+59 1.2237082309439934e+59 1.2436824792985858e+59 1.2617462723801074e+59 1.2782296086019379e+59 1.2933848681813138e+59 1.307413083333413e+59 
# binding_energy_list
6.353309318517397e+59 6.353309318517397e+59 6.123503917247721e+59 5.714786366718643e+59 5.26017266390702e+59 4.775292736576931e+59 4.295364267648899e+59 3.8282474331682124e+59 3.4119291162192953e+59 3.0478949896279955e+59 2.7289777828080404e+59 1.967886289706831e+59 1.870682140365794e+59 1.815515662773137e+59 1.78237876744808e+59 1.7579236139586823e+59 1.7378008287493834e+59 1.7218685749859955e+59 1.7100153150902757e+59 1.698243652461732e+59 1.698243652461732e+59 1.6943378004473253e+59 1.6943378004473253e+59 1.6943378004473253e+59 1.6943378004473253e+59 1.6904409316432701e+59 1.6904409316432701e+59 1.6904409316432701e+59 1.6904409316432701e+59 1.6788040181225657e+59 1.6672472125510678e+59 1.6557699634695327e+59 1.6443717232149357e+59 1.6368165214278034e+59 1.6255487557504784e+59 1.6180800376430776e+59 1.6106456351782732e+59 1.6106456351782732e+59 1.6069412530128886e+59 1.6032453906900353e+59 1.5958791472367434e+59 1.5958791472367434e+59 1.5922087270511635e+59 1.5885467485977806e+59 1.584893192461124e+59 1.5739828644662295e+59 1.5703628043335451e+59 1.5631476426409634e+59 1.5595525028269458e+59 1.555965631605075e+59 1.552387009958091e+59 1.5488166189124732e+59 1.5488166189124732e+59 1.5452544395384141e+59 
# total_gas_kinetic_energy_list
5.7244888825247185e+59 5.495509327223735e+59 5.285199808419668e+59 5.096913088511662e+59 4.927887851512593e+59 4.776107854958836e+59 4.64118688824407e+59 4.523067975260511e+59 4.412945147992182e+59 4.309909077262768e+59 4.214529284824687e+59 4.386763514712551e+59 4.417068070298102e+59 4.433512964851627e+59 4.444266639896736e+59 4.4520686183169395e+59 4.458101886766043e+59 4.462995891656263e+59 4.467085323177929e+59 4.470558936630033e+59 4.470877212267207e+59 4.47119131678452e+59 4.471509745176969e+59 4.471816651396513e+59 4.472120252092131e+59 4.472405557169972e+59 4.472713071579011e+59 4.473018111315528e+59 4.47357494706505e+59 4.476206830660443e+59 4.480637357931752e+59 4.484252005987344e+59 4.487256744056382e+59 4.489804945087715e+59 4.49296410883316e+59 4.495562914987712e+59 4.497727393912765e+59 4.498383605487262e+59 4.499531112381872e+59 4.501145851255008e+59 4.502604423606802e+59 4.503444518155529e+59 4.503833079491337e+59 4.505279498622153e+59 4.506802129237379e+59 4.509213898872657e+59 4.511054281546013e+59 4.512551892937052e+59 4.513839868934981e+59 4.515029827242487e+59 4.516116120113041e+59 4.517044307639076e+59 4.517980777215963e+59 4.5187816605323365e+59 
