# time_axis
5.999999999999999 7.0 7.30102999566398 7.477121254719661 7.602059991327962 7.698970004336018 7.778151250383643 7.845098040014256 7.903089986991943 7.954242509439324 8.0 8.301029995663981 8.47712125471966 8.60205999132796 8.698970004336019 8.778151250383644 8.845098040014257 8.903089986991942 8.954242509439323 8.999999999999998 9.004321373782641 9.008600171761916 9.012837224705171 9.017033339298779 9.021189299069936 9.02530586526477 9.02938377768521 9.033423755486949 9.041392685158224 9.079181246047623 9.146128035678236 9.204119982655923 9.255272505103305 9.301029995663981 9.361727836017593 9.414973347970816 9.462397997898954 9.477121254719663 9.505149978319904 9.544068044350274 9.57978359661681 9.60205999132796 9.612783856719734 9.653212513775342 9.698970004336017 9.778151250383642 9.845098040014257 9.903089986991944 9.954242509439325 10.0 10.041392685158225 10.079181246047623 10.113943352306835 10.146128035678236 
# total_gas_mass_list
10.948847477552619 10.931118710592186 10.914410910551732 10.899168537144229 10.885170302678059 10.872470334242461 10.861148799119706 10.851310739701042 10.84221168668487 10.833712736797231 10.825961486852378 10.846565123515786 10.849641518929063 10.851306792057919 10.852417283754257 10.853229519895413 10.85385711659264 10.854363704027818 10.854783583025513 10.855139004375204 10.855171638635236 10.8552035870048 10.855235890009903 10.855267161500068 10.85529795286287 10.855324688318978 10.855355597216445 10.855386437755469 10.855443721985216 10.855712119696655 10.856162806441231 10.856530264001808 10.856834452945993 10.85709069074731 10.857408783858796 10.857670662519032 10.8578890679233 10.857955427632069 10.858072362018179 10.858235487470818 10.858381709493406 10.858466761985362 10.858506378224684 10.858653426054662 10.858808306958972 10.859054820078448 10.859244232987683 10.859398541152148 10.85953220815243 10.859654571249665 10.859765361942426 10.859862488826357 10.859958896884294 10.86004073418051 
# ejected_gas_mass_list
-10.0 -10.0 8.285127886675921 8.809833048470733 9.114608980594472 9.334512529751851 9.508399312651509 9.653457428415448 9.768684918590818 9.863591643989121 9.945755995795688 10.08207354892237 10.099662846822511 10.108944978330987 10.115045663033788 10.119463901171 10.122852846243092 10.125572736289767 10.127816631880114 10.129708721909738 10.129882115751716 10.13005181086901 10.130223334945176 10.130389329471717 10.13055272510213 10.1306945574444 10.130858483177226 10.131021996346089 10.131325578586539 10.13274568507208 10.135121857512654 10.137051454988207 10.138643583172971 10.13998108157952 10.141636831685952 10.14299615626229 10.14412720533156 10.144470390025939 10.145074594044008 10.14591633822532 10.146669742868555 10.147107489330377 10.147311264111886 10.148066963995388 10.14886177580976 10.150124412368253 10.151092579909614 10.151880031617644 10.152561222625815 10.153184054996693 10.153747365054128 10.154240719806744 10.154729978618247 10.155144945664999 
# stellar_mass_list
-10.0 9.55090746888058 9.684884566899667 9.761803185269834 9.817349970450422 9.861337775629714 9.898047445094342 9.929803613311442 9.957900842836988 9.982907738041252 10.005436228519443 9.776722782768509 9.728985495675085 9.699765899696052 9.678760440154742 9.66240469507479 9.64905199835322 9.637768119367136 9.628030387559145 9.619449950491031 9.618649815168025 9.61786189421558 9.61708268846846 9.616310574602105 9.615540878018143 9.614773655908866 9.614014944990823 9.61327058029902 9.611819274134547 9.604934942559293 9.592900366695897 9.582649184304945 9.573724908165575 9.56585226652013 9.555531643016366 9.54658751888681 9.538696134474694 9.536225803575604 9.531637902217176 9.525226029080033 9.519439108028026 9.515817776908818 9.514114452530059 9.50756008204086 9.500303069136939 9.48774095714252 9.477255221539611 9.46813626620159 9.459930104094841 9.452389232488397 9.445573875244555 9.43914426427018 9.43313843559738 9.427627233940914 
# remnant_mass_list
-10.0 -10.0 8.579906697593245 8.913343320086238 9.10538893379804 9.235593604775625 9.331885256206592 9.40685956931785 9.466787247031622 9.51513712053485 9.553526459364177 9.634276231835903 9.65217207084982 9.662358590181258 9.669327126003232 9.67455341591873 9.678693935951841 9.682107003031785 9.684989786449922 9.687483603814439 9.687713850125606 9.687940069133772 9.688163502335192 9.688384538772686 9.68860477728165 9.688824067256228 9.689040607998233 9.689252535429043 9.689664423570413 9.691603072842913 9.69492792237441 9.697696488650685 9.700060085182995 9.702109128704253 9.704745868801789 9.706986367907374 9.708929563565208 9.709532446954038 9.710641452960378 9.712176231147437 9.713542590789325 9.714390316973445 9.714785851407862 9.716299759638328 9.71794942816567 9.72075097471551 9.723034325411255 9.724983422294939 9.726711779494726 9.728280266607937 9.729678100749831 9.73098352366401 9.732190321973519 9.733283286560674 
# BH_mass_list
-10.0 -10.0 8.429636920478575 8.721892991835054 8.889549924660903 9.001880865316595 9.084101091480855 9.147283493243219 9.196642108491343 9.234958680816721 9.263222262562294 9.282867134285635 9.282867134285635 9.282867134285635 9.282867134285635 9.282867134285635 9.282867134285635 9.282867134285635 9.282867134285635 9.282867134285635 9.282867134285635 9.282867134285635 9.282867134285635 9.282867134285635 9.282867134285635 9.282867134285635 9.282867134285635 9.282867134285635 9.282867134285635 9.282867134285635 9.282867134285635 9.282867134285635 9.282867134285635 9.282867134285635 9.282867134285635 9.282867134285635 9.282867134285635 9.282867134285635 9.282867134285635 9.282867134285635 9.282867134285635 9.282867134285635 9.282867134285635 9.282867134285635 9.282867134285635 9.282867134285635 9.282867134285635 9.282867134285635 9.282867134285635 9.282867134285635 9.282867134285635 9.282867134285635 9.282867134285635 9.282867134285635 
# NS_mass_list
-10.0 -10.0 8.046023427969622 8.465400831694119 8.698275448106475 8.854077489907297 8.962334775221445 9.043733000818028 9.10795979614246 9.159654626255783 9.201349686675046 9.263183931576998 9.263183931576998 9.263183931576998 9.263183931576998 9.263183931576998 9.263183931576998 9.263183931576998 9.263183931576998 9.263183931576998 9.263183931576998 9.263183931576998 9.263183931576998 9.263183931576998 9.263183931576998 9.263183931576998 9.263183931576998 9.263183931576998 9.263183931576998 9.263183931576998 9.263183931576998 9.263183931576998 9.263183931576998 9.263183931576998 9.263183931576998 9.263183931576998 9.263183931576998 9.263183931576998 9.263183931576998 9.263183931576998 9.263183931576998 9.263183931576998 9.263183931576998 9.263183931576998 9.263183931576998 9.263183931576998 9.263183931576998 9.263183931576998 9.263183931576998 9.263183931576998 9.263183931576998 9.263183931576998 9.263183931576998 9.263183931576998 
# WD_mass_list
-10.0 -10.0 -10.0 -10.0 -10.0 6.111936459604172 7.221798046866409 7.625339648534905 7.872503619267261 8.05078540039658 8.18747332640215 8.74572487210895 8.868091532006657 8.926651474131553 8.963286079917726 8.98921713981625 9.008922001415094 9.024652248578532 9.037600723961253 9.0485656875957 9.049567357889035 9.05054977834723 9.051518424832974 9.052475048394193 9.053426610206289 9.054372484822457 9.05530495115741 9.056216066082602 9.057982665646536 9.066224488226968 9.08008770514314 9.09138101564255 9.100850531816262 9.108936580714913 9.119179584677665 9.127744875358 9.135074136563018 9.137329735773022 9.141456656588725 9.147121171103322 9.152119237427994 9.155199316976498 9.15663103346172 9.16207962682562 9.167961257936982 9.177820613647176 9.185739781622853 9.192419509024399 9.198282605430926 9.203555577307258 9.208217300596493 9.212539472427045 9.216508610463135 9.220081722371114 
