# time_axis
1000000 10000000 20000000 30000000 40000000 50000000 60000000 70000000 80000000 90000000 100000000 110000000 120000000 130000000 140000000 150000000 200000000 300000000 400000000 500000000 600000000 700000000 800000000 900000000 1000000000 1010000000 1020000000 1030000000 1040000000 1050000000 1060000000 1070000000 1080000000 1100000000 1200000000 1400000000 1600000000 1800000000 2000000000 2300000000 2600000000 2900000000 3000000000 3200000000 3500000000 3800000000 4000000000 4100000000 4500000000 5000000000 6000000000 7000000000 8000000000 9000000000 10000000000 11000000000 12000000000 13000000000 14000000000 
# SNIa_energy_release_list
0 0.0 0.0 0.0 0.0 0.0 nan nan nan nan nan nan nan nan nan nan nan nan nan nan nan nan nan nan nan nan nan nan nan nan nan nan nan nan nan nan nan nan nan nan nan nan nan nan nan nan nan nan nan nan nan nan nan nan nan nan nan nan nan 
# SNII_energy_release_list
0 0.0 2.169813994293071e+55 1.3236796567635042e+56 1.8188686802041443e+56 2.1295656349853894e+56 2.308570314030474e+56 2.317669124914309e+56 2.317876388963659e+56 2.3178954246591437e+56 2.3178954274018697e+56 2.3178954274018697e+56 2.3178954274018697e+56 2.3178954274018697e+56 2.3178954274018697e+56 2.3178954274018697e+56 2.3178954274018697e+56 2.3178954274018697e+56 2.3178954274018697e+56 2.3178954274018697e+56 2.3178954274018697e+56 2.3178954274018697e+56 2.3178954274018697e+56 2.3178954274018697e+56 2.3178954274018697e+56 2.3178954274018697e+56 2.3178954274018697e+56 2.3178954274018697e+56 2.3178954274018697e+56 2.3178954274018697e+56 2.3178954274018697e+56 2.3178954274018697e+56 2.3178954274018697e+56 2.3178954274018697e+56 2.3178954274018697e+56 2.3178954274018697e+56 2.3178954274018697e+56 2.3178954274018697e+56 2.3178954274018697e+56 2.3178954274018697e+56 2.3178954274018697e+56 2.3178954274018697e+56 2.3178954274018697e+56 2.3178954274018697e+56 2.3178954274018697e+56 2.3178954274018697e+56 2.3178954274018697e+56 2.3178954274018697e+56 2.3178954274018697e+56 2.3178954274018697e+56 2.3178954274018697e+56 2.3178954274018697e+56 2.3178954274018697e+56 2.3178954274018697e+56 2.3178954274018697e+56 2.3178954274018697e+56 2.3178954274018697e+56 2.3178954274018697e+56 2.3178954274018697e+56 
# SN_energy_per_current_crossing_time_list
nan nan nan nan nan nan nan nan nan nan nan nan nan nan nan nan nan nan nan nan nan nan nan nan nan nan nan nan nan nan nan nan nan nan nan nan nan nan nan nan nan nan nan nan nan nan nan nan nan nan nan nan nan nan nan nan nan nan nan 
# SN_energy_per_final_crossing_time_list
nan nan nan nan nan nan nan nan nan nan nan nan nan nan nan nan nan nan nan nan nan nan nan nan nan nan nan nan nan nan nan nan nan nan nan nan nan nan nan nan nan nan nan nan nan nan nan nan nan nan nan nan nan nan nan nan nan nan nan 
# total_energy_release_list
0 0 2.169813994293071e+55 1.3236796567635042e+56 1.8188686802041443e+56 2.1295656349853894e+56 nan nan nan nan nan nan nan nan nan nan nan nan nan nan nan nan nan nan nan nan nan nan nan nan nan nan nan nan nan nan nan nan nan nan nan nan nan nan nan nan nan nan nan nan nan nan nan nan nan nan nan nan nan 
# binding_energy_list
nan nan nan nan nan nan nan nan nan nan nan nan nan nan nan nan nan nan nan nan nan nan nan nan nan nan nan nan nan nan nan nan nan nan nan nan nan nan nan nan nan nan nan nan nan nan nan nan nan nan nan nan nan nan nan nan nan nan nan 
# total_gas_kinetic_energy_list
5.684631899057586e+58 2.138962885921069e+59 8.665611341957964e+57 3.6107876990302386e+56 2.2138961046770425e+55 5.493069412143916e+54 nan nan nan nan nan nan nan nan nan nan nan nan nan nan nan nan nan nan nan nan nan nan nan nan nan nan nan nan nan nan nan nan nan nan nan nan nan nan nan nan nan nan nan nan nan nan nan nan nan nan nan nan nan 
