# time_axis
5.999999999999999 7.0 7.30102999566398 7.477121254719661 7.602059991327962 7.698970004336018 7.778151250383643 7.845098040014256 7.903089986991943 7.954242509439324 8.0 8.041392685158224 8.079181246047623 8.113943352306837 8.146128035678238 8.176091259055681 8.301029995663981 8.47712125471966 8.60205999132796 8.698970004336019 8.778151250383644 8.845098040014257 8.903089986991942 8.954242509439323 8.999999999999998 9.004321373782641 9.008600171761916 9.012837224705171 9.017033339298779 9.021189299069936 9.02530586526477 9.02938377768521 9.033423755486949 9.041392685158224 9.079181246047623 9.146128035678236 9.204119982655923 9.255272505103305 9.301029995663981 9.361727836017593 9.414973347970816 9.462397997898954 9.477121254719663 9.505149978319904 9.544068044350274 9.57978359661681 9.60205999132796 9.612783856719734 9.653212513775342 9.698970004336017 9.778151250383642 9.845098040014257 9.903089986991944 9.954242509439325 10.0 10.041392685158225 10.079181246047623 10.113943352306835 10.146128035678236 
# total_gas_mass_list
9.997672116975588 10.573326562416938 9.180958039587422 7.804676690865685 6.602278553107863 6.021424958705952 nan nan nan nan nan nan nan nan nan nan nan nan nan nan nan nan nan nan nan nan nan nan nan nan nan nan nan nan nan nan nan nan nan nan nan nan nan nan nan nan nan nan nan nan nan nan nan nan nan nan nan nan nan 
# ejected_gas_mass_list
-10.0 -10.0 5.78529098245613 6.569493449389908 6.712807963609468 6.781925475504379 nan nan nan nan nan nan nan nan nan nan nan nan nan nan nan nan nan nan nan nan nan nan nan nan nan nan nan nan nan nan nan nan nan nan nan nan nan nan nan nan nan nan nan nan nan nan nan nan nan nan nan nan nan 
# stellar_mass_list
-10.0 7.900762103967532 8.53153951421188 8.187687563724856 8.108265913870984 8.069399871942407 8.043689745263599 8.024503986234699 8.00916524278102 7.996340487683062 7.985329889339687 7.9756450950301145 7.967000817657591 7.959206254913949 7.952103554036111 7.945557738952278 7.918829990449045 7.881937833054284 7.855627480054971 7.834905358868346 7.817615281500931 7.8027383312366 7.789546777936674 7.777705324221389 7.766851270631854 7.765853835360557 7.764868620155923 7.7638873742714445 7.762890380516431 7.761888688098252 7.760883566608668 7.759875547312818 7.758908015975744 7.757061633974705 7.747996394376445 7.731623543628868 7.717128514865836 7.70409969819283 7.692321544433359 7.676405842354348 7.662016541964766 7.6489458475798875 7.644647221703365 7.636926696743092 7.625589408525782 7.615181109238807 7.608542644406456 7.605482574730425 7.592863508275037 7.578873638732617 7.5529769580843515 7.53066497667403 7.511486495870989 7.494032196626182 7.477654150080778 7.46387332715254 7.450142384002834 7.437945345026366 7.426770877351349 
# remnant_mass_list
-10.0 -10.0 6.844339284212112 7.625807341893763 7.686442846223064 7.711866221137546 nan nan nan nan nan nan nan nan nan nan nan nan nan nan nan nan nan nan nan nan nan nan nan nan nan nan nan nan nan nan nan nan nan nan nan nan nan nan nan nan nan nan nan nan nan nan nan nan nan nan nan nan nan 
# BH_mass_list
-10.0 -10.0 6.693643812096418 7.482432550839722 7.486395416098536 7.486401851463776 7.486401851463776 7.486401851463776 7.486401851463776 7.486401851463776 7.486401851463776 7.486401851463776 7.486401851463776 7.486401851463776 7.486401851463776 7.486401851463776 7.486401851463776 7.486401851463776 7.486401851463776 7.486401851463776 7.486401851463776 7.486401851463776 7.486401851463776 7.486401851463776 7.486401851463776 7.486401851463776 7.486401851463776 7.486401851463776 7.486401851463776 7.486401851463776 7.486401851463776 7.486401851463776 7.486401851463776 7.486401851463776 7.486401851463776 7.486401851463776 7.486401851463776 7.486401851463776 7.486401851463776 7.486401851463776 7.486401851463776 7.486401851463776 7.486401851463776 7.486401851463776 7.486401851463776 7.486401851463776 7.486401851463776 7.486401851463776 7.486401851463776 7.486401851463776 7.486401851463776 7.486401851463776 7.486401851463776 7.486401851463776 7.486401851463776 7.486401851463776 7.486401851463776 7.486401851463776 7.486401851463776 
# NS_mass_list
-10.0 -10.0 6.311483995666547 7.074778840807068 7.253600492831321 7.31868802074816 7.347901836756742 7.349307851216104 7.349327856896299 7.349329608567173 7.349329608817807 7.349329608817807 7.349329608817807 7.349329608817807 7.349329608817807 7.349329608817807 7.349329608817807 7.349329608817807 7.349329608817807 7.349329608817807 7.349329608817807 7.349329608817807 7.349329608817807 7.349329608817807 7.349329608817807 7.349329608817807 7.349329608817807 7.349329608817807 7.349329608817807 7.349329608817807 7.349329608817807 7.349329608817807 7.349329608817807 7.349329608817807 7.349329608817807 7.349329608817807 7.349329608817807 7.349329608817807 7.349329608817807 7.349329608817807 7.349329608817807 7.349329608817807 7.349329608817807 7.349329608817807 7.349329608817807 7.349329608817807 7.349329608817807 7.349329608817807 7.349329608817807 7.349329608817807 7.349329608817807 7.349329608817807 7.349329608817807 7.349329608817807 7.349329608817807 7.349329608817807 7.349329608817807 7.349329608817807 7.349329608817807 
# WD_mass_list
-10.0 -10.0 -10.0 -10.0 -10.0 4.4635368608946075 nan nan nan nan nan nan nan nan nan nan nan nan nan nan nan nan nan nan nan nan nan nan nan nan nan nan nan nan nan nan nan nan nan nan nan nan nan nan nan nan nan nan nan nan nan nan nan nan nan nan nan nan nan 
