# time_axis
1000000 10000000 20000000 30000000 40000000 50000000 60000000 70000000 80000000 90000000 100000000 200000000 300000000 400000000 500000000 600000000 700000000 800000000 900000000 1000000000 1010000000 1020000000 1030000000 1040000000 1050000000 1060000000 1070000000 1080000000 1100000000 1200000000 1400000000 1600000000 1800000000 2000000000 2300000000 2600000000 2900000000 3000000000 3200000000 3500000000 3800000000 4000000000 4100000000 4500000000 5000000000 6000000000 7000000000 8000000000 9000000000 10000000000 11000000000 12000000000 13000000000 14000000000 
# SNIa_energy_release_list
0 0.0 0.0 0.0 0.0 0.0 1.0020451166590748e+56 2.822820708943997e+56 5.3358249710210735e+56 8.44846140487156e+56 1.2090012685947934e+57 5.691867742762591e+57 8.107404866835898e+57 9.660042193964478e+57 1.0809298622262719e+58 1.1722729630568471e+58 1.2481035066249047e+58 1.3129380960344608e+58 1.36957305800727e+58 1.4198520800269864e+58 1.424583910121418e+58 1.4292654801201908e+58 1.4338989938238023e+58 1.438485323923047e+58 1.4430250725948515e+58 1.4475189103626604e+58 1.4519685301116534e+58 1.4563743061654776e+58 1.4650593828092046e+58 1.506124080729907e+58 1.578459324913722e+58 1.6407367777700273e+58 1.695416387442916e+58 1.7441542937567e+58 1.8085809971973378e+58 1.8649145888468808e+58 1.9149590419042633e+58 1.9304777106273283e+58 1.959981709586924e+58 2.000898293029963e+58 2.0383939044679556e+58 2.0617593201082903e+58 2.0730014353553884e+58 2.1153505599341158e+58 2.1632195915464553e+58 2.2459305071481333e+58 2.315741003036433e+58 2.3761529805316437e+58 2.4293931150920864e+58 2.476975751625944e+58 2.5200060265143355e+58 2.5592708445865885e+58 2.595370986090042e+58 2.6287862419323853e+58 
# SNII_energy_release_list
0 -1.983750474610368e+56 -1.5986568205458932e+56 -4.224824102960351e+54 2.2273066651154094e+56 4.984132234567752e+56 7.735488595908575e+56 1.0479299200774567e+57 1.3217383977514854e+57 1.5956924821107438e+57 1.8695708035420886e+57 2.758177954909623e+57 2.758177954909623e+57 2.758177954909623e+57 2.758177954909623e+57 2.758177954909623e+57 2.758177954909623e+57 2.758177954909623e+57 2.758177954909623e+57 2.758177954909623e+57 2.758177954909623e+57 2.758177954909623e+57 2.758177954909623e+57 2.758177954909623e+57 2.758177954909623e+57 2.758177954909623e+57 2.758177954909623e+57 2.758177954909623e+57 2.758177954909623e+57 2.758177954909623e+57 2.758177954909623e+57 2.758177954909623e+57 2.758177954909623e+57 2.758177954909623e+57 2.758177954909623e+57 2.758177954909623e+57 2.758177954909623e+57 2.758177954909623e+57 2.758177954909623e+57 2.758177954909623e+57 2.758177954909623e+57 2.758177954909623e+57 2.758177954909623e+57 2.758177954909623e+57 2.758177954909623e+57 2.758177954909623e+57 2.758177954909623e+57 2.758177954909623e+57 2.758177954909623e+57 2.758177954909623e+57 2.758177954909623e+57 2.758177954909623e+57 2.758177954909623e+57 2.758177954909623e+57 
# SN_energy_per_current_crossing_time_list
0.0 -4.151888099886611e+56 6.354075702144827e+55 2.53673162169005e+56 3.776541553974229e+56 4.740217552910909e+56 4.94987629370778e+56 5.1447554059671195e+56 5.333902563863433e+56 5.529833557504144e+56 5.715760852545354e+56 3.8262768876199935e+56 3.3850714466003713e+55 2.216104537968359e+55 1.6612984299753586e+55 1.3332230107590542e+55 1.1154077318472269e+55 9.598178707381317e+54 8.430384633705886e+54 7.520051238699987e+54 7.080354354229564e+54 7.008212186549034e+54 6.939255116939574e+54 6.871516382547842e+54 6.804608026306322e+54 6.73861230660111e+54 6.675088928457647e+54 6.612010290410204e+54 6.522314607546336e+54 6.190951232260824e+54 5.48812546405432e+54 4.750813520273599e+54 4.1908032073923095e+54 3.7507322762679845e+54 3.322927838496414e+54 2.9187476832645444e+54 2.60318713050247e+54 2.4247032276098236e+54 2.3101743283316723e+54 2.1426026191178098e+54 1.9690469250502195e+54 1.8437527205008772e+54 1.7756970091751346e+54 1.677544221542975e+54 1.5222480611342362e+54 1.3229373852496662e+54 1.1220722418495483e+54 9.751199600360785e+53 8.625975113317756e+53 7.735371508354968e+53 7.016717982239231e+53 6.420566447480892e+53 5.918550198414001e+53 5.491341337271199e+53 
# SN_energy_per_final_crossing_time_list
0.0 -9.659328049710293e+56 1.687596995625629e+56 6.820653664466469e+56 9.945876803195702e+56 1.208124439176749e+57 1.2221949107526832e+57 1.2323428499719842e+57 1.2412094523363004e+57 1.251701681448003e+57 1.2600616591526317e+57 4.630843536052122e+56 3.9696056566856996e+55 2.5515475854735554e+55 1.8886461206864268e+55 1.5010992219602937e+55 1.2461715106647086e+55 1.0654680083536542e+55 9.307183200493936e+54 8.262671197763475e+54 7.776117088879919e+54 7.693521479794713e+54 7.614547516111739e+54 7.537007700667904e+54 7.460457480833958e+54 7.385009174787593e+54 7.31234289453539e+54 7.24029176411957e+54 7.136369180604285e+54 6.748422764094221e+54 5.94365517358741e+54 5.117224791923006e+54 4.492923865662686e+54 4.004704930222099e+54 3.5292165300872564e+54 3.085885700048838e+54 2.741374329854134e+54 2.5502814481041538e+54 2.4242898193873187e+54 2.2413607235844197e+54 2.053964033944721e+54 1.9198936164615688e+54 1.847488239085251e+54 1.7398751897458025e+54 1.5733244318595146e+54 1.3592410365791183e+54 1.1472402415696501e+54 9.92788416317781e+53 8.749289638631352e+53 7.819557036089293e+53 7.071438517892014e+53 6.452637070860427e+53 5.932565659666136e+53 5.491341337271199e+53 
# total_energy_release_list
0 -1.983750474610368e+56 -1.5986568205458932e+56 -4.224824102960351e+54 2.2273066651154094e+56 4.984132234567752e+56 8.73753371256765e+56 1.3302119909718564e+57 1.8553208948535928e+57 2.4405386225978998e+57 3.078572072136882e+57 8.450045697672214e+57 1.0865582821745521e+58 1.2418220148874101e+58 1.356747657717234e+58 1.4480907585478093e+58 1.523921302115867e+58 1.588755891525423e+58 1.6453908534982323e+58 1.6956698755179486e+58 1.7004017056123802e+58 1.705083275611153e+58 1.7097167893147645e+58 1.7143031194140092e+58 1.7188428680858137e+58 1.7233367058536226e+58 1.7277863256026156e+58 1.7321921016564398e+58 1.7408771783001668e+58 1.781941876220869e+58 1.854277120404684e+58 1.9165545732609895e+58 1.971234182933878e+58 2.0199720892476622e+58 2.0843987926883e+58 2.140732384337843e+58 2.1907768373952255e+58 2.2062955061182905e+58 2.2357995050778863e+58 2.2767160885209253e+58 2.3142116999589178e+58 2.3375771155992525e+58 2.3488192308463506e+58 2.391168355425078e+58 2.4390373870374175e+58 2.521748302639096e+58 2.5915587985273953e+58 2.651970776022606e+58 2.705210910583049e+58 2.752793547116906e+58 2.795823822005298e+58 2.835088640077551e+58 2.871188781581004e+58 2.904604037423348e+58 
# binding_energy_list
6.516283940608428e+58 9.057326008982016e+58 8.810488730080147e+58 8.260379495771818e+58 7.709034690644309e+58 7.194489780036983e+58 6.776415076106799e+58 6.426877173170194e+58 6.109420249055739e+58 5.834451042737424e+58 5.59757601495107e+58 4.2756288615158645e+58 4.265795188015952e+58 4.255984131337409e+58 4.255984131337409e+58 4.255984131337409e+58 4.24619563946313e+58 4.24619563946313e+58 4.24619563946313e+58 4.24619563946313e+58 4.24619563946313e+58 4.24619563946313e+58 4.24619563946313e+58 4.24619563946313e+58 4.24619563946313e+58 4.24619563946313e+58 4.24619563946313e+58 4.24619563946313e+58 4.24619563946313e+58 4.236429660495435e+58 4.236429660495435e+58 4.236429660495435e+58 4.236429660495435e+58 4.236429660495435e+58 4.226686142656007e+58 4.226686142656007e+58 4.226686142656007e+58 4.226686142656007e+58 4.226686142656007e+58 4.2169650342858225e+58 4.2169650342858225e+58 4.2169650342858225e+58 4.2169650342858225e+58 4.2169650342858225e+58 4.2169650342858225e+58 4.2072662838444635e+58 4.2072662838444635e+58 4.2072662838444635e+58 4.2072662838444635e+58 4.1975898399100517e+58 4.1975898399100517e+58 4.1975898399100517e+58 4.1975898399100517e+58 4.1975898399100517e+58 
# total_gas_kinetic_energy_list
2.26280291363627e+59 2.2336322171995897e+59 2.2145167642848205e+59 2.1983186802225836e+59 2.1833929699150345e+59 2.169235483978322e+59 2.1550449484250864e+59 2.140848070187253e+59 2.1266429863478526e+59 2.1124481132698416e+59 2.098257733444471e+59 2.1211649865286457e+59 2.121247473967006e+59 2.1213005568489813e+59 2.1213398794844216e+59 2.1213710533671687e+59 2.1213970319279335e+59 2.1214191626113007e+59 2.1214385636927688e+59 2.1214557631302524e+59 2.121457377691269e+59 2.1214589768590183e+59 2.1214605498923793e+59 2.121462132047371e+59 2.121463675739013e+59 2.121465232971889e+59 2.1214667585828834e+59 2.1214682506314156e+59 2.121471211886532e+59 2.1214852876797543e+59 2.1215100048258437e+59 2.1215312737363435e+59 2.1215499942890396e+59 2.1215666635072935e+59 2.121588472677476e+59 2.1216079491471164e+59 2.1216250481539884e+59 2.1216303567433775e+59 2.121640432951407e+59 2.1216544315886885e+59 2.1216672491129917e+59 2.121675232663088e+59 2.1216790838920576e+59 2.1216935605359915e+59 2.1217098986723515e+59 2.1217382111707e+59 2.121762084651179e+59 2.1217827266454524e+59 2.121800863940533e+59 2.12181720302906e+59 2.121831881952676e+59 2.121845301604408e+59 2.1218576617801665e+59 2.1218690791306506e+59 
