# time_axis
5.999999999999999 7.0 7.30102999566398 7.477121254719661 7.602059991327962 7.698970004336018 7.778151250383643 7.845098040014256 7.903089986991943 7.954242509439324 8.0 8.301029995663981 8.47712125471966 8.60205999132796 8.698970004336019 8.778151250383644 8.845098040014257 8.903089986991942 8.954242509439323 8.999999999999998 9.004321373782641 9.008600171761916 9.012837224705171 9.017033339298779 9.021189299069936 9.02530586526477 9.02938377768521 9.033423755486949 9.041392685158224 9.079181246047623 9.146128035678236 9.204119982655923 9.255272505103305 9.301029995663981 9.361727836017593 9.414973347970816 9.462397997898954 9.477121254719663 9.505149978319904 9.544068044350274 9.57978359661681 9.60205999132796 9.612783856719734 9.653212513775342 9.698970004336017 9.778151250383642 9.845098040014257 9.903089986991944 9.954242509439325 10.0 10.041392685158225 10.079181246047623 10.113943352306835 10.146128035678236 
# total_gas_mass_list
10.545757490560675 10.538994310121284 10.535343030256401 10.532361678795905 10.529639332975751 10.527050023296653 10.524443671294275 10.521820789784957 10.519181418094192 10.516527226222932 10.513857171959101 10.520255387511668 10.52029765546101 10.520324808113394 10.520344916866282 10.52036087723425 10.520374146127219 10.520385477833091 10.520395388580033 10.520404181848328 10.520405009812826 10.520405827513901 10.520406636598091 10.52040744024678 10.520408232576456 10.52040902260071 10.52040980140893 10.520410569271053 10.520412086380063 10.52041927266107 10.520431918694772 10.520442802913776 10.520452368715672 10.520460891953594 10.52047211714157 10.520482004694593 10.520490753190725 10.52049346809085 10.520498623427702 10.52050577905144 10.520512333685296 10.520516418223899 10.520518385823342 10.520525789994604 10.52053415207793 10.520548617175665 10.520560825274595 10.520571381080675 10.520580676041826 10.520589008458435 10.52059652166253 10.520603385227883 10.520609701073946 10.520615540518435 
# ejected_gas_mass_list
-10.0 -10.0 -10.0 -10.0 -10.0 7.998928500812965 8.331651287906384 8.517732808036818 8.647540632444029 8.747423589064413 8.828597764519015 9.063877032625207 9.065084309519774 9.065858151353094 9.066430388041336 9.06688405646761 9.06726087280536 9.067582426456925 9.067863470163434 9.068112678191858 9.068136136241685 9.068159302306539 9.06818222307553 9.06820498870554 9.068227432565388 9.068249810006849 9.06827186866543 9.068293616233035 9.068336581054979 9.068540042235204 9.068897859233045 9.06920559848558 9.069475887390382 9.069716581245055 9.070033381218144 9.070312245611808 9.070558840593382 9.07063533838154 9.070780564637055 9.070982061542358 9.071166555939271 9.071281485926557 9.071336839406666 9.07154507625471 9.071780137942163 9.072186468456577 9.07252911389834 9.07282517432037 9.073085710570766 9.073319138806891 9.073529513560853 9.073721612143427 9.073898308712161 9.07406161548268 
# stellar_mass_list
-10.0 8.854821665207645 9.001375376964093 9.089704322176413 9.155464917355557 9.20857528605861 9.253466594981628 9.292493463871402 9.327108108377761 9.358267181604889 9.386639499147789 9.142108701839625 9.09309710552105 9.063229340533866 9.041889230921985 9.025266301099363 9.011700447559086 9.000257181728365 8.990374558145636 8.981675082868806 8.980864988127557 8.980061884865034 8.979272376598226 8.97848978713783 8.977708265243516 8.976936550916976 8.976165090671692 8.97541200421497 8.973934738768227 8.966956115125582 8.95476484725544 8.944388526350352 8.935343591825248 8.92736223350489 8.91693210167786 8.90786515233302 8.899875909195881 8.897373666250369 8.892734013012866 8.886253326202873 8.880381261540855 8.876728378947888 8.874994550113781 8.868372434143284 8.861020286573597 8.848319550162985 8.837697903868536 8.828341545809094 8.819826948583849 8.812078426748881 8.804933471838908 8.798337765168078 8.792010833081816 8.78627427901856 
# remnant_mass_list
-10.0 -10.0 6.8146839612422045 7.446724172818894 7.749251615246997 7.946611874186109 8.091210863088097 8.204604842922436 8.297546257877539 8.376060174083468 8.443876256531807 8.654355210567543 8.695860549531641 8.71806433985642 8.732762282477182 8.74354236891533 8.751951258058865 8.758787738351767 8.764510993693335 8.769416385693024 8.769866670109145 8.77031223928672 8.77074895038826 8.771181000574018 8.771611857211468 8.772036323286834 8.772460218562285 8.772872486950707 8.77367841084592 8.777441477003359 8.783840813595937 8.789117776715658 8.793596225052148 8.797455493363794 8.802371652768967 8.80653477195355 8.810119095509984 8.81122777963873 8.813258783928065 8.816057668558061 8.818550440664929 8.82008195634871 8.82080272474965 8.823531055668315 8.826500212467867 8.83150089250852 8.835557049972342 8.839050190917956 8.842171144852173 8.844959608315657 8.847489585853847 8.849787093759959 8.851966893856735 8.853908080005171 
# BH_mass_list
-10.0 -10.0 -10.0 -10.0 -10.0 -10.0 -10.0 -10.0 -10.0 -10.0 -10.0 -10.0 -10.0 -10.0 -10.0 -10.0 -10.0 -10.0 -10.0 -10.0 -10.0 -10.0 -10.0 -10.0 -10.0 -10.0 -10.0 -10.0 -10.0 -10.0 -10.0 -10.0 -10.0 -10.0 -10.0 -10.0 -10.0 -10.0 -10.0 -10.0 -10.0 -10.0 -10.0 -10.0 -10.0 -10.0 -10.0 -10.0 -10.0 -10.0 -10.0 -10.0 -10.0 -10.0 
# NS_mass_list
-10.0 -10.0 7.34993762429669 7.775879210922172 8.015819117469537 8.180502530687063 8.298682814166915 8.39063585761338 8.465744019154112 8.529178686312816 8.583988165636036 8.670363549333853 8.670363549333853 8.670363549333853 8.670363549333853 8.670363549333853 8.670363549333853 8.670363549333853 8.670363549333853 8.670363549333853 8.670363549333853 8.670363549333853 8.670363549333853 8.670363549333853 8.670363549333853 8.670363549333853 8.670363549333853 8.670363549333853 8.670363549333853 8.670363549333853 8.670363549333853 8.670363549333853 8.670363549333853 8.670363549333853 8.670363549333853 8.670363549333853 8.670363549333853 8.670363549333853 8.670363549333853 8.670363549333853 8.670363549333853 8.670363549333853 8.670363549333853 8.670363549333853 8.670363549333853 8.670363549333853 8.670363549333853 8.670363549333853 8.670363549333853 8.670363549333853 8.670363549333853 8.670363549333853 8.670363549333853 8.670363549333853 
# WD_mass_list
-10.0 -10.0 -10.0 -10.0 -10.0 5.415850655931236 6.526704266346766 6.936233558737003 7.193631475389598 7.37927972124135 7.523876256601271 8.136269498265632 8.2603220986188 8.318367630101267 8.354359367418073 8.379693028008482 8.39888708684928 8.414150974648752 8.42670698103013 8.437314605297571 8.438281391349484 8.439236923643328 8.440172372639331 8.441096782416194 8.442017596522142 8.442923738702394 8.44382766097199 8.44470583296783 8.44641981568173 8.454375897243997 8.46773288477046 8.478589477260792 8.487695651867957 8.49546609161154 8.505264763355642 8.513477653986758 8.520488134130161 8.522645452027232 8.526584019538062 8.531983567267336 8.536765577059752 8.539691134941817 8.541064734091885 8.546245654013918 8.551850946745178 8.561215570799158 8.568743239795428 8.575178352116154 8.580891309686852 8.585967050406081 8.590549330914916 8.594691936445427 8.598606141813057 8.602078794953588 
