# time_axis
5.999999999999999 7.0 7.30102999566398 7.477121254719661 7.602059991327962 7.698970004336018 7.778151250383643 7.845098040014256 7.903089986991943 7.954242509439324 8.0 8.041392685158224 8.079181246047623 8.113943352306837 8.146128035678238 8.176091259055681 8.301029995663981 8.47712125471966 8.60205999132796 8.698970004336019 8.778151250383644 8.845098040014257 8.903089986991942 8.954242509439323 8.999999999999998 9.004321373782641 9.008600171761916 9.012837224705171 9.017033339298779 9.021189299069936 9.02530586526477 9.02938377768521 9.033423755486949 9.041392685158224 9.079181246047623 9.146128035678236 9.204119982655923 9.255272505103305 9.301029995663981 9.361727836017593 9.414973347970816 9.462397997898954 9.477121254719663 9.505149978319904 9.544068044350274 9.57978359661681 9.60205999132796 9.612783856719734 9.653212513775342 9.698970004336017 9.778151250383642 9.845098040014257 9.903089986991944 9.954242509439325 10.0 10.041392685158225 10.079181246047623 10.113943352306835 10.146128035678236 
# total_gas_mass_list
8.40231034070977 10.059728783226301 10.386485070802413 10.149710153744998 9.866514144661265 9.545081769357944 9.195414614651018 8.824955740501757 8.439118402236023 8.042259573939418 7.638958321129064 7.235869283564098 6.845118247152666 6.488927804171461 6.198902382034212 5.997042388794614 6.481011255166965 6.769160125257183 6.90192087329257 6.986026028622649 7.046516512811456 7.093103845295179 7.130403048475074 7.161637032695286 7.188153979790648 7.190558097694107 7.193009019884454 7.195358818528954 7.197711372308422 7.199965303658272 7.20229308829894 7.204574775050392 7.206907584092153 7.211275176946732 7.2315083973963645 7.265765049741665 7.293471544774472 7.31685140828046 7.3366533962924825 7.361249173685438 7.381662256238797 7.398903825121657 7.404246468357263 7.413957817097811 7.426970848207446 7.438045903300998 7.444723742817427 7.447630302954952 7.459190668306284 7.471265482398733 7.489562922925751 7.503628768694971 7.515667199055544 7.526361351815541 7.536064484216651 7.544259302901318 7.552343325677351 7.559592052506964 7.5660851545926855 
# ejected_gas_mass_list
-10.0 -10.0 3.74886440125049 5.863062526037102 6.437147020136495 6.658479242106269 6.779773237613601 6.857845702797446 6.913629125428225 6.956124714769882 6.990550213967603 7.0194020694911075 7.044088997943058 7.06555526395261 7.084478482572167 7.101305028568516 7.165031632301551 7.242360278872563 7.291682767406392 7.3279514041357565 7.356526776869509 7.3799683077563465 7.399635725488659 7.416717632219528 7.431655158577023 7.433029105774707 7.434433155016959 7.43578245066739 7.437136441004218 7.438436589124207 7.4397823344454554 7.44110438154033 7.44245906862536 7.445003574247997 7.456930144488499 7.4776395779773805 7.494858114771712 7.509708960705624 7.52251372945137 7.538703332476016 7.5523757963666425 7.564088124231491 7.567747566746443 7.574435545635624 7.58346992825229 7.591223707863464 7.595927491713061 7.597981500256678 7.606190727682928 7.614832518085049 7.6280568939007045 7.638327086048496 7.647187760833247 7.655113051492797 7.662347387360036 7.668489048466677 7.674575988725139 7.6800576821793065 7.684986812505826 
# stellar_mass_list
-10.0 6.3054003277017125 7.970980405951546 8.383476779705072 8.382093896595189 8.37159162251916 8.357808029201589 8.343644914029014 8.330424551893522 8.318452649638237 8.30774666868187 8.298304250964398 8.289925646434769 8.282483371012452 8.27582182970072 8.269751756141313 8.245901826285351 8.214445966430437 8.192697051052063 8.175863252358218 8.161981746962375 8.15011358928675 8.139721647487173 8.130401720187182 8.121934611048633 8.12113744060746 8.120344793103559 8.119560116064982 8.118795098991999 8.11803641067854 8.117265101637566 8.116492704432861 8.115718204382482 8.114217831721565 8.107100642791757 8.094276169698075 8.08300973121367 8.072830696252034 8.063679809929459 8.05143002168894 8.040428235123798 8.030482719658202 8.027242674056685 8.021340394062364 8.012776016763892 8.005026508959746 7.999991566876928 7.997741615836956 7.988362403006887 7.978091004657369 7.95917513610731 7.9429897745231335 7.928956951673254 7.91617475289593 7.90421643870572 7.893992553296555 7.883891798925895 7.8747916498563235 7.866504518903167 
# remnant_mass_list
-10.0 -10.0 4.7327006281953095 6.92272704598854 7.4630128294629605 7.621886327485264 7.694978793979901 7.734174762676917 7.757753507746294 7.773696043235314 7.785534421929817 7.79492794851561 7.802718765117726 7.809375605867894 7.815187905242132 7.8203435195673645 7.839829759390848 7.863643852853069 7.87894275778178 7.89019640622822 7.8990830274170145 7.906426671104353 7.912680493468991 7.918129283788361 7.922954710856981 7.923414378707598 7.923862458169869 7.9243000198252895 7.924731079240714 7.92516085999904 7.925590024508951 7.926020935611194 7.926450587910347 7.927282103699742 7.931180741703659 7.93802845015689 7.943847531690882 7.948965130225237 7.953445859029353 7.95926464307244 7.964338088384861 7.968809232629013 7.970234051128641 7.972803038971517 7.976465822685745 7.979705084736368 7.98176989214517 7.9826974810446245 7.986465595825635 7.99048351679804 7.997612778998229 8.003436802053315 8.008284743489657 8.012555421969237 8.01643704787369 8.019644635366852 8.022748901792776 8.025477591234143 8.027884097203014 
# BH_mass_list
-10.0 -10.0 4.485397107862934 6.773552482545898 7.294444042009518 7.407188947715144 7.444823024175935 7.457383994633418 7.461213918066779 7.462256235283352 7.462505628941898 7.462558776184757 7.462568160970079 7.462569181764372 7.462569293099133 7.462569302911981 7.462569302911981 7.462569302911981 7.462569302911981 7.462569302911981 7.462569302911981 7.462569302911981 7.462569302911981 7.462569302911981 7.462569302911981 7.462569302911981 7.462569302911981 7.462569302911981 7.462569302911981 7.462569302911981 7.462569302911981 7.462569302911981 7.462569302911981 7.462569302911981 7.462569302911981 7.462569302911981 7.462569302911981 7.462569302911981 7.462569302911981 7.462569302911981 7.462569302911981 7.462569302911981 7.462569302911981 7.462569302911981 7.462569302911981 7.462569302911981 7.462569302911981 7.462569302911981 7.462569302911981 7.462569302911981 7.462569302911981 7.462569302911981 7.462569302911981 7.462569302911981 7.462569302911981 7.462569302911981 7.462569302911981 7.462569302911981 7.462569302911981 
# NS_mass_list
-10.0 -10.0 4.37034674241835 6.386183114267241 6.970444079455947 7.2129747945564295 7.335480617907453 7.399362968178242 7.428083654710563 7.4403931903906475 7.4453617928157705 7.447240673930885 7.447910245032654 7.448138713498154 7.448210519281322 7.448234328078109 7.448245535665132 7.448245535665132 7.448245535665132 7.448245535665132 7.448245535665132 7.448245535665132 7.448245535665132 7.448245535665132 7.448245535665132 7.448245535665132 7.448245535665132 7.448245535665132 7.448245535665132 7.448245535665132 7.448245535665132 7.448245535665132 7.448245535665132 7.448245535665132 7.448245535665132 7.448245535665132 7.448245535665132 7.448245535665132 7.448245535665132 7.448245535665132 7.448245535665132 7.448245535665132 7.448245535665132 7.448245535665132 7.448245535665132 7.448245535665132 7.448245535665132 7.448245535665132 7.448245535665132 7.448245535665132 7.448245535665132 7.448245535665132 7.448245535665132 7.448245535665132 7.448245535665132 7.448245535665132 7.448245535665132 7.448245535665132 7.448245535665132 
# WD_mass_list
-10.0 -10.0 -10.0 -10.0 -10.0 2.8471167845483696 4.619165512743128 5.674624186629718 6.184469106778816 6.451766103702498 6.616698458514169 6.728115847697067 6.808350131594882 6.869110285501906 6.917082092084215 6.956202374795532 7.081863404053205 7.203368334356889 7.269318442309009 7.313406998976965 7.346032854976034 7.371720921910648 7.392778604291013 7.410561698992331 7.425901711228659 7.427343845564732 7.428746491697911 7.430113246051663 7.431456838293914 7.43279364170088 7.434125749572146 7.435460499438641 7.436788591573853 7.439351106674574 7.451231773334556 7.471588340530032 7.488406221152402 7.5028547798924805 7.515256605808957 7.531033510430074 7.544502084449698 7.556160775363578 7.5598359815391865 7.566414856854987 7.575691388147301 7.583796930527724 7.588916790367458 7.591205168715489 7.600428378544958 7.610137623328677 7.627060380954521 7.640609116622961 7.651707261416286 7.661353970134058 7.670019940460643 7.677110010765964 7.683912082308003 7.689843885203899 7.695039346780657 
