# time_axis
5.999999999999999 7.0 7.30102999566398 7.477121254719661 7.602059991327962 7.698970004336018 7.778151250383643 7.845098040014256 7.903089986991943 7.954242509439324 8.0 8.041392685158224 8.079181246047623 8.113943352306837 8.146128035678238 8.176091259055681 8.204119982655925 8.230448921378272 8.255272505103306 8.278753600952827 8.301029995663981 8.47712125471966 8.60205999132796 8.698970004336019 8.778151250383644 8.845098040014257 8.903089986991942 8.954242509439323 8.999999999999998 9.004321373782641 9.008600171761916 9.012837224705171 9.017033339298779 9.021189299069936 9.02530586526477 9.02938377768521 9.033423755486949 9.041392685158224 9.079181246047623 9.146128035678236 9.204119982655923 9.255272505103305 9.301029995663981 9.361727836017593 9.414973347970816 9.462397997898954 9.477121254719663 9.505149978319904 9.544068044350274 9.57978359661681 9.60205999132796 9.612783856719734 9.653212513775342 9.698970004336017 9.778151250383642 9.845098040014257 9.903089986991944 9.954242509439325 10.0 10.041392685158225 10.079181246047623 10.113943352306835 10.146128035678236 
# total_gas_mass_list
9.020818753952373 9.01177757098497 9.006876559709877 9.002864250134198 8.999192219962806 8.995689803113851 8.992156333728438 8.988591750053804 8.984998086239436 8.9813758488858 8.977723595242415 8.974038894181597 8.970320908069759 8.966569650006289 8.96278900011595 8.958983458878448 8.955151382037847 8.951291511942983 8.947400609252227 8.943475735677843 8.939516339442168 8.949233728628823 8.949336619452655 8.94940669651924 8.949460143116145 8.94950351660808 8.94953988243818 8.949571401759606 8.94959914986707 8.949601689406405 8.949604280728607 8.94960680858573 8.949609343632398 8.949611887656598 8.949614261335583 8.949616740290434 8.949619102117836 8.949623844807611 8.94964621193358 8.949685341450133 8.949718793005685 8.949748047929265 8.949774035651204 8.949808231276434 8.949838069662453 8.949864497563114 8.949872675733973 8.949888226894172 8.94990974237164 8.949929450388696 8.949941711247437 8.94994756282807 8.949969828772419 8.949994869177392 8.95003808499595 8.950074521959095 8.950106001567189 8.950133694439463 8.950158496409928 8.950180832481077 8.950201275381602 8.950220025803262 8.950237435869902 
# ejected_gas_mass_list
-10.0 -10.0 -10.0 -10.0 -10.0 6.5983802970859085 6.931072377847899 7.1170662872745805 7.246895889682109 7.346775049118674 7.427940442251262 7.496254705055512 7.555223795296474 7.607108093522821 7.65351723525085 7.695594780210038 7.734071468893255 7.769511062100566 7.802325617587302 7.832849520263349 7.861383467191258 7.965485661666012 7.966475766114302 7.96714895226047 7.9676617523593105 7.968077506489239 7.968425814556081 7.9687275010269785 7.968992936167786 7.9690172218486985 7.969042001477101 7.969066172998172 7.969090412056412 7.9691147357363645 7.9691374296279855 7.9691611288908755 7.969183707316742 7.9692290429635255 7.96944279452152 7.969816509576495 7.970135767905926 7.970414801887511 7.970662538717978 7.970988327584724 7.971272425531086 7.971523912666594 7.971601709506169 7.971749609305635 7.971954158646774 7.972141448702497 7.972257930155364 7.9723135118916915 7.972524948693245 7.972762621725375 7.973172534663698 7.9735178797318795 7.973816041949203 7.974078186436898 7.9743128451909415 7.974524076350819 7.974717323397673 7.974894503836342 7.975058960861225 
# stellar_mass_list
-10.0 7.454821665207646 7.601375376964093 7.689704322176413 7.755464917355557 7.808615144702678 7.853549350417245 7.892626208575347 7.927296095076083 7.95851524313018 7.98695051310684 8.013088906049767 8.037294718603047 8.059852788693739 8.080948071861773 8.100739991796333 8.119392274700266 8.137041927729454 8.153795114547664 8.169747842974333 8.184974433331197 8.02389201870213 7.984479994364914 7.959020399299127 7.940164842141628 7.925203315825531 7.912809741387352 7.902248640281543 7.8930490380376455 7.892189448466013 7.891348068496213 7.890511007376996 7.889686299453422 7.888866537772266 7.888056269275333 7.887253198705197 7.8864662001438415 7.88491621303067 7.87762229467822 7.864986932650157 7.854300663540431 7.8450505486136155 7.836911459125346 7.826288138705455 7.817114100489193 7.809044567217102 7.8065392155408295 7.801847965537034 7.79534648066034 7.789444939519315 7.785778480838265 7.78402803013356 7.777423742492174 7.7700537671252015 7.757371831139428 7.746795498582481 7.737638096130396 7.729418882898444 7.721902686021564 7.715047763106222 7.70862614409121 7.702635519413592 7.697044686010694 
# remnant_mass_list
-10.0 -10.0 5.414683961242206 6.0467241728188945 6.349251615246998 6.546249426032134 6.6903444952480475 6.803258268772197 6.895727499287835 6.973776111108483 7.041136648134259 7.100266761432594 7.152878621708763 7.200198694576433 7.2431719053834005 7.282437049569948 7.318438686814408 7.351567993115436 7.382177238699626 7.41054775004699 7.43692889687157 7.545119025139132 7.5774107192807705 7.596475869967277 7.609739640615839 7.619774845518327 7.627775730978262 7.6343793943354425 7.639977114446611 7.640492989607618 7.640996383896599 7.641496354090464 7.6419876761394345 7.642475178493594 7.642956039020547 7.643431717317226 7.643896429922979 7.644808754420475 7.649051920820506 7.656206289227406 7.662069657697344 7.6670113999602165 7.671259731883109 7.6766684098333355 7.681219166707567 7.685132815359469 7.68633233957993 7.6885544269774915 7.691591955840999 7.694304258730023 7.695968666599373 7.696758027546639 7.699704758645192 7.702932438569481 7.70835047451155 7.712736990572504 7.7164459297266825 7.7197132869828105 7.7226533442448195 7.725291033213285 7.72773015853802 7.7299747228942985 7.732042524030159 
# BH_mass_list
-10.0 -10.0 -10.0 -10.0 -10.0 -10.0 -10.0 -10.0 -10.0 -10.0 -10.0 -10.0 -10.0 -10.0 -10.0 -10.0 -10.0 -10.0 -10.0 -10.0 -10.0 -10.0 -10.0 -10.0 -10.0 -10.0 -10.0 -10.0 -10.0 -10.0 -10.0 -10.0 -10.0 -10.0 -10.0 -10.0 -10.0 -10.0 -10.0 -10.0 -10.0 -10.0 -10.0 -10.0 -10.0 -10.0 -10.0 -10.0 -10.0 -10.0 -10.0 -10.0 -10.0 -10.0 -10.0 -10.0 -10.0 -10.0 -10.0 -10.0 -10.0 -10.0 -10.0 
# NS_mass_list
-10.0 -10.0 5.949937624296689 6.3758792109221725 6.615819117469536 6.7799629063031395 6.897584432440414 6.9889698685468735 7.063563164452907 7.126483265687866 7.1807842126068815 7.228385338624483 7.270768880449186 7.308921867897745 7.343537494041827 7.375060957762498 7.403838151241986 7.430194967241382 7.454388400794727 7.476644300742544 7.497171563335676 7.533366879825698 7.533366879825698 7.533366879825698 7.533366879825698 7.533366879825698 7.533366879825698 7.533366879825698 7.533366879825698 7.533366879825698 7.533366879825698 7.533366879825698 7.533366879825698 7.533366879825698 7.533366879825698 7.533366879825698 7.533366879825698 7.533366879825698 7.533366879825698 7.533366879825698 7.533366879825698 7.533366879825698 7.533366879825698 7.533366879825698 7.533366879825698 7.533366879825698 7.533366879825698 7.533366879825698 7.533366879825698 7.533366879825698 7.533366879825698 7.533366879825698 7.533366879825698 7.533366879825698 7.533366879825698 7.533366879825698 7.533366879825698 7.533366879825698 7.533366879825698 7.533366879825698 7.533366879825698 7.533366879825698 7.533366879825698 
# WD_mass_list
-10.0 -10.0 -10.0 -10.0 -10.0 4.015850655931237 5.126704266346766 5.5362335587370035 5.792426300478685 5.977325186537384 6.1213111695713485 6.239481484542294 6.338628927520524 6.423751034655594 6.498163932114911 6.564120765341032 6.623275640000863 6.676801715759326 6.725746384338182 6.770794612457815 6.812444375890006 7.076004802548871 7.164967981582257 7.21263302091083 7.244063332616754 7.267009297304078 7.28483179078348 7.2992465556933155 7.31126703492543 7.312365947360975 7.31343685368859 7.314499093136526 7.315541621383954 7.316574739280058 7.3175925125335475 7.318598081455483 7.319579286497643 7.321502205131924 7.330387456592145 7.345158507705035 7.357075261049613 7.3669922487009645 7.375428288924032 7.386052743753379 7.394894696470749 7.402429840860362 7.404726850855605 7.408966759153064 7.414731004009056 7.419847764674005 7.42297373464513 7.424452589907668 7.429952647179934 7.4359403484028705 7.445907083338837 7.453900918175763 7.460608767963853 7.466480004300295 7.471733285414159 7.4764226753718965 7.480739480226565 7.484695568378708 7.488326395380706 
