# time_axis
1000000 10000000 20000000 30000000 40000000 50000000 60000000 70000000 80000000 90000000 100000000 110000000 120000000 130000000 140000000 150000000 200000000 300000000 400000000 500000000 600000000 700000000 800000000 900000000 1000000000 1010000000 1020000000 1030000000 1040000000 1050000000 1060000000 1070000000 1080000000 1100000000 1200000000 1400000000 1600000000 1800000000 2000000000 2300000000 2600000000 2900000000 3000000000 3200000000 3500000000 3800000000 4000000000 4100000000 4500000000 5000000000 6000000000 7000000000 8000000000 9000000000 10000000000 11000000000 12000000000 13000000000 14000000000 
# SNIa_energy_release_list
0 0.0 0.0 0.0 0.0 0.0 1.6790742791486028e+54 7.934462061990967e+55 2.504191733957108e+56 4.706746679561692e+56 7.004271549730461e+56 9.18799506317999e+56 1.1184000162402444e+57 1.2985491458276415e+57 1.4611229031360564e+57 1.6085952031769732e+57 2.1882903309516038e+57 2.9391878738073653e+57 3.4433397246120296e+57 3.823641251921955e+57 4.129147002500959e+57 4.384519795603418e+57 4.603920381837556e+57 4.796244983119607e+57 4.967456125872444e+57 4.9835819530500964e+57 4.999547091394088e+57 5.015353767066172e+57 5.031001690134515e+57 5.0464953285963356e+57 5.061836049201263e+57 5.0770249755452354e+57 5.092066821045088e+57 5.121724056286498e+57 5.262117554137366e+57 5.5098969403998266e+57 5.7236825302019726e+57 5.9116816594751305e+57 6.079468211505627e+57 6.301540496385698e+57 6.49591875490453e+57 6.668751851484695e+57 6.722379019201041e+57 6.824342545245236e+57 6.965821723324551e+57 7.095551730665737e+57 7.176412727026345e+57 7.215321956503069e+57 7.361941286999021e+57 7.52774368697071e+57 7.814394087400099e+57 8.056452597964792e+57 8.265987205956002e+57 8.450725092026453e+57 8.615819989640899e+57 8.765213016908193e+57 8.901518637984797e+57 9.026872455051245e+57 9.142907351059615e+57 
# SNII_energy_release_list
0 0.0 9.344513658723749e+53 4.3995660665080687e+55 1.3160751857182692e+56 2.3250158826912244e+56 3.244895142753971e+56 3.9023852184471193e+56 4.280742531527639e+56 4.4712549403893524e+56 4.559183504855748e+56 4.597361029052138e+56 4.613432791325567e+56 4.620054398262211e+56 4.622755801723253e+56 4.624019123973525e+56 4.624810448591302e+56 4.624810448591302e+56 4.624810448591302e+56 4.624810448591302e+56 4.624810448591302e+56 4.624810448591302e+56 4.624810448591302e+56 4.624810448591302e+56 4.624810448591302e+56 4.624810448591302e+56 4.624810448591302e+56 4.624810448591302e+56 4.624810448591302e+56 4.624810448591302e+56 4.624810448591302e+56 4.624810448591302e+56 4.624810448591302e+56 4.624810448591302e+56 4.624810448591302e+56 4.624810448591302e+56 4.624810448591302e+56 4.624810448591302e+56 4.624810448591302e+56 4.624810448591302e+56 4.624810448591302e+56 4.624810448591302e+56 4.624810448591302e+56 4.624810448591302e+56 4.624810448591302e+56 4.624810448591302e+56 4.624810448591302e+56 4.624810448591302e+56 4.624810448591302e+56 4.624810448591302e+56 4.624810448591302e+56 4.624810448591302e+56 4.624810448591302e+56 4.624810448591302e+56 4.624810448591302e+56 4.624810448591302e+56 4.624810448591302e+56 4.624810448591302e+56 4.624810448591302e+56 
# SN_energy_per_current_crossing_time_list
0.0 0.0 1.2359015907253424e+54 4.055146358079829e+55 7.627689972032122e+55 8.822930365331844e+55 8.288447371269285e+55 6.388906583145553e+55 4.241483868681637e+55 2.684458407309063e+55 1.747749542560847e+55 1.227333892904366e+55 9.440273248612194e+54 7.808057405211717e+54 6.784140394194179e+54 6.094466236072789e+54 4.912940533034255e+54 3.360381659335576e+54 2.3479462760666893e+54 1.8264017441610518e+54 1.504460873207978e+54 1.2845143861258973e+54 1.124036186901614e+54 1.0014529442218341e+54 9.045858170701006e+53 8.53182962909536e+53 8.458266963288035e+53 8.38545801370338e+53 8.312168608912839e+53 8.241007756645777e+53 8.17036561779805e+53 8.100143597431892e+53 8.032215999693692e+53 7.938472300147433e+53 7.606986343254194e+53 6.8584849139506205e+53 6.0279305979947585e+53 5.388586100893044e+53 4.879696978370487e+53 4.388477739781768e+53 3.905806719497066e+53 3.5244049118213315e+53 3.2960755268631293e+53 3.1602597157050856e+53 2.958647126363042e+53 2.7417147466896414e+53 2.5803402087667963e+53 2.490634558628113e+53 2.3742653163284292e+53 2.1749946372808126e+53 1.9209605545391746e+53 1.650102133346835e+53 1.4487498642194793e+53 1.2931279747836142e+53 1.1684579493258386e+53 1.0671462320635156e+53 9.821832134800959e+52 9.102660835673369e+52 8.483988514969594e+52 
# SN_energy_per_final_crossing_time_list
0.0 0.0 1.8219518273852054e+54 8.395883599449375e+55 1.708217146911532e+56 1.9671878213341296e+56 1.7947674510043286e+56 1.338730801959983e+56 8.627868984784491e+55 5.32494292844114e+55 3.394246684527155e+55 2.3410161532503393e+55 1.7727559225478718e+55 1.4462805902945812e+55 1.2413423966041492e+55 1.1028877585495711e+55 8.507836659386667e+54 5.490250216665501e+54 3.686148442550307e+54 2.780606439023349e+54 2.2337308588464874e+54 1.8671795453332317e+54 1.6041657448064258e+54 1.4061974152200676e+54 1.2518245964947567e+54 1.1790533475353332e+54 1.1673044490044693e+54 1.1557183181524215e+54 1.1441109886924005e+54 1.132830340587335e+54 1.1216496235252257e+54 1.1105510591200913e+54 1.0997971201307853e+54 1.0842067853265068e+54 1.0264988070978644e+54 9.05829857918467e+53 7.815556142768302e+53 6.872856823445177e+53 6.133927074362125e+53 5.412333643377079e+53 4.7373763398284854e+53 4.212278825406056e+53 3.920995240629907e+53 3.727574262842201e+53 3.448122829778407e+53 3.1617726798615002e+53 2.9561097050617593e+53 2.8448808708638098e+53 2.680048758587356e+53 2.4245562421372214e+53 2.095868388488002e+53 1.7698310544729335e+53 1.5320298193379883e+53 1.35072651212479e+53 1.207105158382687e+53 1.0922996194703568e+53 9.966099540057975e+52 9.165349225827987e+52 8.483988514969594e+52 
# total_energy_release_list
0 0 9.344513658723749e+53 4.3995660665080687e+55 1.3160751857182692e+56 2.3250158826912244e+56 3.261685885545457e+56 4.695831424646216e+56 6.784934265484747e+56 9.178001619951044e+56 1.1563455054586209e+57 1.3785356092232128e+57 1.579743295372801e+57 1.7605545856538627e+57 1.923398483308382e+57 2.0709971155743256e+57 2.650771375810734e+57 3.4016689186664956e+57 3.90582076947116e+57 4.286122296781086e+57 4.591628047360089e+57 4.8470008404625476e+57 5.0664014266966864e+57 5.258726027978737e+57 5.429937170731574e+57 5.446062997909226e+57 5.462028136253219e+57 5.477834811925302e+57 5.4934827349936446e+57 5.5089763734554655e+57 5.524317094060394e+57 5.539506020404366e+57 5.5545478659042186e+57 5.5842051011456276e+57 5.724598598996496e+57 5.9723779852589565e+57 6.186163575061103e+57 6.374162704334261e+57 6.541949256364757e+57 6.764021541244828e+57 6.95839979976366e+57 7.131232896343825e+57 7.184860064060171e+57 7.286823590104365e+57 7.428302768183681e+57 7.558032775524867e+57 7.638893771885475e+57 7.677803001362199e+57 7.824422331858151e+57 7.99022473182984e+57 8.276875132259229e+57 8.518933642823922e+57 8.728468250815132e+57 8.913206136885583e+57 9.078301034500029e+57 9.227694061767323e+57 9.363999682843927e+57 9.489353499910375e+57 9.605388395918745e+57 
# binding_energy_list
7.396052750582375e+54 7.396052750582375e+54 7.396052750582375e+54 7.362070974947316e+54 7.311390834834127e+54 7.244359600749891e+54 7.194489780036983e+54 7.144963260755121e+54 7.095777679633873e+54 7.046930689671452e+54 7.014552984199657e+54 6.982324040771733e+54 6.950243175887948e+54 6.91830970918942e+54 6.902398038402398e+54 6.870684400142374e+54 6.776415076106799e+54 6.63743070401913e+54 6.546361740672787e+54 6.45654229034659e+54 6.397348354826442e+54 6.338697112569264e+54 6.295061828571968e+54 6.251726927756848e+54 6.208690342300624e+54 6.208690342300624e+54 6.208690342300624e+54 6.194410750767837e+54 6.194410750767837e+54 6.194410750767837e+54 6.194410750767837e+54 6.180164001384114e+54 6.180164001384114e+54 6.180164001384114e+54 6.137620051647895e+54 6.081350012787164e+54 6.039486293763782e+54 5.997910762555076e+54 5.956621435290085e+54 5.902010801718454e+54 5.861381645140297e+54 5.8210321777087214e+54 5.807644175213159e+54 5.7942869642687856e+54 5.754399373371543e+54 5.727960309858327e+54 5.7147863667186424e+54 5.701642722807478e+54 5.675446054085442e+54 5.6493697481230574e+54 5.59757601495107e+54 5.559042572704003e+54 5.5207743928075396e+54 5.495408738576271e+54 5.47015962893971e+54 5.445026528424176e+54 5.4200089040162604e+54 5.407543229455771e+54 5.382697825162903e+54 
# total_gas_kinetic_energy_list
2.3295382953416163e+57 1.0392733993267531e+59 1.4649468145761244e+59 1.0709233340821316e+59 6.077453469360055e+58 3.013453097332894e+58 1.374290102120888e+58 5.923687984883825e+57 2.454155073147645e+57 9.89504171046925e+56 3.931310469064532e+56 1.5665669008281486e+56 6.460829185360395e+55 2.911619530335206e+55 1.536996339959869e+55 9.89855715965149e+54 3.0709442191733216e+55 5.894641109091205e+55 7.890779096940111e+55 9.412779785665107e+55 1.0641067758621512e+56 1.1670714320092615e+56 1.2567913322757485e+56 1.336666292201953e+56 1.4086710756134936e+56 1.41558705486711e+56 1.4223298876426259e+56 1.4289453634202166e+56 1.4354919226748443e+56 1.4420195951142397e+56 1.4485471789334304e+56 1.4550961799224036e+56 1.4616364102494788e+56 1.4742939116282645e+56 1.5343117826156756e+56 1.6415165521908724e+56 1.7340213804439469e+56 1.816423948511232e+56 1.8894732598615643e+56 1.984355669377804e+56 2.0668333927631922e+56 2.1391621018320623e+56 2.1621621423297696e+56 2.2036512063520606e+56 2.2616647524074822e+56 2.3117053743934388e+56 2.3426714898259197e+56 2.35634158577316e+56 2.410816352111428e+56 2.4669127760305665e+56 2.560051970537015e+56 2.6317888193991366e+56 2.6911160550460667e+56 2.742890975819977e+56 2.7895405911561175e+56 2.828324339162036e+56 2.8652183085909358e+56 2.8977531735705887e+56 2.926585964422279e+56 
