# time_axis
5.999999999999999 7.0 7.30102999566398 7.477121254719661 7.602059991327962 7.698970004336018 7.778151250383643 7.845098040014256 7.903089986991943 7.954242509439324 8.0 8.041392685158224 8.079181246047623 8.113943352306837 8.146128035678238 8.176091259055681 8.301029995663981 8.47712125471966 8.60205999132796 8.698970004336019 8.778151250383644 8.845098040014257 8.903089986991942 8.954242509439323 8.999999999999998 9.004321373782641 9.008600171761916 9.012837224705171 9.017033339298779 9.021189299069936 9.02530586526477 9.02938377768521 9.033423755486949 9.041392685158224 9.079181246047623 9.146128035678236 9.204119982655923 9.255272505103305 9.301029995663981 9.361727836017593 9.414973347970816 9.462397997898954 9.477121254719663 9.505149978319904 9.544068044350274 9.57978359661681 9.60205999132796 9.612783856719734 9.653212513775342 9.698970004336017 9.778151250383642 9.845098040014257 9.903089986991944 9.954242509439325 10.0 10.041392685158225 10.079181246047623 10.113943352306835 10.146128035678236 
# total_gas_mass_list
8.602310340709769 10.259728783226302 10.408964610249063 10.272928627356896 10.026911848056166 9.722279429280766 9.381335387951124 9.015944326399927 8.633467429549379 8.239415782206487 7.839381364503954 7.4414341607337215 7.059896288838574 6.719210434560702 6.449671574328875 6.266583894502042 6.757960678924872 7.037222190622389 7.161765282951456 7.238995542868492 7.293583639054289 7.334977427089143 7.367953058162961 7.395153176100993 7.418155048439805 7.420288988359399 7.422364290485898 7.4243918311272425 7.4263883347293005 7.428368007876856 7.430336140619716 7.432298330542442 7.4342466316006695 7.437998170192389 7.455323975508592 7.484463683154191 7.507940432068093 7.52767714603111 7.544370968806974 7.565114513868662 7.582333365537179 7.596871848690901 7.601373945470928 7.609417161286669 7.620393250107151 7.629688986423541 7.635341263991734 7.637843414047221 7.647565182698904 7.657450639505191 7.67340279507489 7.685421259796082 7.695187274704002 7.7035495618650165 7.710939089339913 7.717073584473886 7.722779409539219 7.727807096617432 7.732239684023683 
# ejected_gas_mass_list
-10.0 -10.0 4.423284538206884 6.096375494618527 6.575679480021536 6.823972568919382 6.970359759158633 7.067047429528819 7.136520980910495 7.189373397399245 7.23132023918894 7.265581111375746 7.2941849705072155 7.3185103465296475 7.339534522296147 7.357955739627696 7.4252191994027505 7.502260564892503 7.549079362494585 7.5824133334205035 7.608022334593484 7.628582985732144 7.645667762200699 7.660229918841546 7.672874387048814 7.674062714027622 7.675220868433835 7.676354730173081 7.677473514364433 7.678585099202221 7.679692405990135 7.680798553507125 7.681899028060549 7.684024087970562 7.6939413355375885 7.711000649776724 7.725088006827748 7.737165594886817 7.747546617749994 7.760655018168583 7.77171010813151 7.78116584608344 7.7841163604244175 7.789413772087347 7.796696667418017 7.802912863877481 7.806714117038752 7.808402021837742 7.814990095180429 7.821737640243242 7.832728354601241 7.841091282449715 7.847938457524388 7.853837869180939 7.859078762045589 7.863449179984468 7.867530088331391 7.871138601740103 7.874329753285811 
# stellar_mass_list
-10.0 6.505400327701712 8.167697852415525 8.448951470432437 8.501039979257984 8.480828270405299 8.440133121004367 8.398973951572694 8.363798111613743 8.335296643085915 8.312275600884156 8.293309867546116 8.277252536157542 8.263333126252 8.251013974317043 8.239934099217164 8.196347115343936 8.138890909137308 8.099135938748251 8.068326278536711 8.04296475580583 8.021289776636493 8.002283987385985 7.985282647389912 7.9698707713380665 7.968385715755731 7.966937302470492 7.965516975858639 7.9641104272379275 7.962706646716357 7.96130004348625 7.959886630628624 7.958473328720582 7.95573886038869 7.942718794057577 7.9191349791931875 7.898293653355773 7.879285117718969 7.862056800629725 7.83876755810682 7.8175521201393305 7.798138445924212 7.7917810626407755 7.780137368966944 7.763063794166045 7.747424821964568 7.737239788934124 7.732575338265702 7.713232903814624 7.691708199518508 7.651139293393616 7.61580326873689 7.58572263258043 7.558793047494515 7.533916167960492 7.513019774761814 7.492570279594924 7.474411090282031 7.4580942666682715 
# remnant_mass_list
-10.0 -10.0 5.452957464852463 7.122337688176935 7.543314670479993 7.739298516931156 7.842316819832605 7.90000739775905 7.934188073076834 7.9558280777265145 7.970596818073644 7.981455736816614 7.989938423030092 7.99694695289257 8.002930427981255 8.008147987486073 8.027223034823386 8.04925886203953 8.062688873996574 8.07219385819695 8.079478218585914 8.085344496411718 8.090232193677721 8.094413131718472 8.098053781996596 8.098398355937878 8.098731753301195 8.09905672827903 8.099377392080223 8.099696783402592 8.100016400762712 8.100337396815771 8.10065778070102 8.101271777988025 8.104136649209174 8.10910195005769 8.113253098822975 8.116867157697408 8.119995137478112 8.12401398308029 8.12748940759557 8.13051657135526 8.131484943966758 8.133200587047805 8.135649658310166 8.137793175605971 8.139154177951019 8.13975730979307 8.142233366479537 8.144826724558555 8.149405734442741 8.153019126226205 8.155809742457096 8.158122302081688 8.160125020911849 8.161659185040472 8.163106950341758 8.164304971307681 8.165313797069876 
# BH_mass_list
-10.0 -10.0 5.267705804405222 6.934578563378173 7.311098945520295 7.464567042473726 7.532360386823754 7.562419928868947 7.575468253027678 7.580873228202543 7.582947565588551 7.583647171943752 7.583774938848593 7.583811077199694 7.583826088035915 7.583832938312421 7.583836620992351 7.583836620992351 7.583836620992351 7.583836620992351 7.583836620992351 7.583836620992351 7.583836620992351 7.583836620992351 7.583836620992351 7.583836620992351 7.583836620992351 7.583836620992351 7.583836620992351 7.583836620992351 7.583836620992351 7.583836620992351 7.583836620992351 7.583836620992351 7.583836620992351 7.583836620992351 7.583836620992351 7.583836620992351 7.583836620992351 7.583836620992351 7.583836620992351 7.583836620992351 7.583836620992351 7.583836620992351 7.583836620992351 7.583836620992351 7.583836620992351 7.583836620992351 7.583836620992351 7.583836620992351 7.583836620992351 7.583836620992351 7.583836620992351 7.583836620992351 7.583836620992351 7.583836620992351 7.583836620992351 7.583836620992351 7.583836620992351 
# NS_mass_list
-10.0 -10.0 4.993596976556369 6.667651870701867 7.160475390551938 7.410247605060325 7.548936531349761 7.623090701517906 7.659708333714249 7.676742139087419 7.684248718025168 7.6873801878091275 7.688601003470593 7.689047747076066 7.689205881427228 7.689269199413809 7.689305184602307 7.689305184602307 7.689305184602307 7.689305184602307 7.689305184602307 7.689305184602307 7.689305184602307 7.689305184602307 7.689305184602307 7.689305184602307 7.689305184602307 7.689305184602307 7.689305184602307 7.689305184602307 7.689305184602307 7.689305184602307 7.689305184602307 7.689305184602307 7.689305184602307 7.689305184602307 7.689305184602307 7.689305184602307 7.689305184602307 7.689305184602307 7.689305184602307 7.689305184602307 7.689305184602307 7.689305184602307 7.689305184602307 7.689305184602307 7.689305184602307 7.689305184602307 7.689305184602307 7.689305184602307 7.689305184602307 7.689305184602307 7.689305184602307 7.689305184602307 7.689305184602307 7.689305184602307 7.689305184602307 7.689305184602307 7.689305184602307 
# WD_mass_list
-10.0 -10.0 -10.0 -10.0 -10.0 3.198389155505167 4.951886169369415 5.972586975399418 6.420969051277831 6.674715442167698 6.8352061170897755 6.944335627726874 7.022785358838501 7.0818810273786985 7.128181709926565 7.165610836079625 7.283597148007771 7.3936568579068265 7.451365011384418 7.488957792341448 7.516220689482464 7.537305587080335 7.55432912322615 7.568524660882232 7.580625749370331 7.581758974054549 7.582853486944889 7.583918507690689 7.584967624474194 7.586010832398104 7.587053041641871 7.588098004785871 7.589139241648877 7.591129898109069 7.600335858385918 7.6159812059858645 7.628773673858068 7.639708305155796 7.649026255953592 7.660807127595538 7.670828638331887 7.679436594734339 7.6821670859881115 7.686977643444298 7.693785977596274 7.6996894534433995 7.703411492499023 7.705054482006662 7.711758661381464 7.718711361974882 7.730820406338616 7.740230518023496 7.747413230358396 7.753311083848237 7.758379778525583 7.76223858981114 7.765861272054405 7.768845392377738 7.771348779183892 
