# time_axis
1000000 10000000 20000000 30000000 40000000 50000000 60000000 70000000 80000000 90000000 100000000 110000000 120000000 130000000 140000000 150000000 200000000 300000000 400000000 500000000 600000000 700000000 800000000 900000000 1000000000 1010000000 1020000000 1030000000 1040000000 1050000000 1060000000 1070000000 1080000000 1100000000 1200000000 1400000000 1600000000 1800000000 2000000000 2300000000 2600000000 2900000000 3000000000 3200000000 3500000000 3800000000 4000000000 4100000000 4500000000 5000000000 6000000000 7000000000 8000000000 9000000000 10000000000 11000000000 12000000000 13000000000 14000000000 
# SNIa_energy_release_list
0 0.0 0.0 0.0 0.0 0.0 5.770057653957775e+52 7.120820972673548e+53 1.3826546532345554e+54 1.9711546652405318e+54 2.482416352722327e+54 2.9320703319522705e+54 3.3329997824628434e+54 3.69470445626364e+54 4.024196191822318e+54 4.326763665150154e+54 5.5526576713941805e+54 7.20938026991241e+54 8.351090010071443e+54 9.223233321806216e+54 9.929168811197599e+54 1.052209510672045e+55 1.1033365078568533e+55 1.1482721886546129e+55 1.1883573702892069e+55 1.192135753045589e+55 1.195881492368617e+55 1.1995868620451777e+55 1.2032555838740521e+55 1.2068897234108896e+55 1.2104868002386357e+55 1.2140488448386538e+55 1.2175781646195923e+55 1.2245384933636209e+55 1.2575106509565353e+55 1.3157899840592716e+55 1.366155273526055e+55 1.4105043452613945e+55 1.4501266112092465e+55 1.5026155693686886e+55 1.5485996004039818e+55 1.5895157354856404e+55 1.6022287905685505e+55 1.6263718366935718e+55 1.6598973737354656e+55 1.6906535649606942e+55 1.709827444192071e+55 1.719055020385878e+55 1.753837235517241e+55 1.7931809784438447e+55 1.8612255626111274e+55 1.918721832624487e+55 1.968499796636371e+55 2.012410547307364e+55 2.0516493986197227e+55 2.0871525060626756e+55 2.119559576189611e+55 2.149365873662071e+55 2.176958014047388e+55 
# SNII_energy_release_list
0 0.0 4.668932981887431e+52 6.246104806940316e+53 1.7340785657243233e+54 2.9806678834141105e+54 4.0953463270667405e+54 4.33248662210683e+54 4.375625955956183e+54 4.383391196260238e+54 4.38483081946826e+54 4.385099627473418e+54 4.385211577129422e+54 4.385248015653362e+54 4.385275158953204e+54 4.385300210040573e+54 4.385364305373124e+54 4.385364305373124e+54 4.385364305373124e+54 4.385364305373124e+54 4.385364305373124e+54 4.385364305373124e+54 4.385364305373124e+54 4.385364305373124e+54 4.385364305373124e+54 4.385364305373124e+54 4.385364305373124e+54 4.385364305373124e+54 4.385364305373124e+54 4.385364305373124e+54 4.385364305373124e+54 4.385364305373124e+54 4.385364305373124e+54 4.385364305373124e+54 4.385364305373124e+54 4.385364305373124e+54 4.385364305373124e+54 4.385364305373124e+54 4.385364305373124e+54 4.385364305373124e+54 4.385364305373124e+54 4.385364305373124e+54 4.385364305373124e+54 4.385364305373124e+54 4.385364305373124e+54 4.385364305373124e+54 4.385364305373124e+54 4.385364305373124e+54 4.385364305373124e+54 4.385364305373124e+54 4.385364305373124e+54 4.385364305373124e+54 4.385364305373124e+54 4.385364305373124e+54 4.385364305373124e+54 4.385364305373124e+54 4.385364305373124e+54 4.385364305373124e+54 4.385364305373124e+54 
# SN_energy_per_current_crossing_time_list
0.0 0.0 4.0210816619099284e+52 4.561823576509293e+53 8.669243651967125e+53 9.754771871793532e+53 8.765746447836817e+53 2.0598769972442197e+53 5.389783721629849e+52 2.36072919707944e+52 1.6348505493110587e+52 1.3617582476766688e+52 1.206567364353666e+52 1.0855363338748794e+52 9.902535440936283e+51 9.109983706209023e+51 7.436610819369294e+51 5.085423807817662e+51 3.543401378225876e+51 2.7329666241499966e+51 2.2313356279842047e+51 1.888901601303447e+51 1.640636276011985e+51 1.451735936645987e+51 1.3033392571372451e+51 1.2292544665873462e+51 1.2193565200279312e+51 1.2069327560651068e+51 1.195712502827502e+51 1.1851582250358752e+51 1.1737868674430956e+51 1.163069963228628e+51 1.1530832183091985e+51 1.1383165435505364e+51 1.0846293482783335e+51 9.68810012826716e+50 8.454347731135728e+50 7.511980940076815e+50 6.767549498267507e+50 6.045738562340318e+50 5.352620529896587e+50 4.80912508253338e+50 4.497139465422891e+50 4.29509295662489e+50 4.010074247983586e+50 3.707237761973383e+50 3.4836415302781885e+50 3.3605509920629685e+50 3.195739808416581e+50 2.9205952611365133e+50 2.570844062432634e+50 2.2050320696406248e+50 1.9344348727235145e+50 1.727514223653156e+50 1.5620242448761035e+50 1.4277099348771519e+50 1.316636670100318e+50 1.222260899908862e+50 1.1411961963728188e+50 
# SN_energy_per_final_crossing_time_list
0.0 0.0 5.149455350345316e+52 6.374002741090432e+53 1.223653538969207e+54 1.3748871651325324e+54 1.2317866080406766e+54 2.8861143052804884e+53 7.531371808494735e+52 3.290447815544979e+52 2.2733298388284317e+52 1.8893922017236933e+52 1.6705699451944696e+52 1.5000100957610926e+52 1.365753914850349e+52 1.2541658494963407e+52 1.0154602725103364e+52 6.852116223937188e+51 4.722050535537953e+51 3.607138178281091e+51 2.919711498013066e+51 2.452311505127557e+51 2.1145853096019226e+51 1.8585157690453423e+51 1.6579017130781954e+51 1.5627189372804425e+51 1.5492177875109715e+51 1.5325211172441092e+51 1.517363763084158e+51 1.5030607117141104e+51 1.4877317730918314e+51 1.4732426307216527e+51 1.4597078202508314e+51 1.4393774055340578e+51 1.3637108359763772e+51 1.205201052459433e+51 1.0415407425096267e+51 9.171269656913983e+50 8.193778837001952e+50 7.236384294782882e+50 6.3395832507058816e+50 5.640898346824329e+50 5.258051714108631e+50 4.9927174952672256e+50 4.6219943818883005e+50 4.240198833314951e+50 3.965107045519687e+50 3.816476252678165e+50 3.596434623684997e+50 3.2544724078601432e+50 2.814287675804682e+50 2.3780150335776214e+50 2.0587900177462232e+50 1.816125206157521e+50 1.6228979427608639e+50 1.4683895706355887e+50 1.3403391200533526e+50 1.232772551477278e+50 1.1411961963728188e+50 
# total_energy_release_list
0 0 4.668932981887431e+52 6.246104806940316e+53 1.7340785657243233e+54 2.9806678834141105e+54 4.153046903606318e+54 5.044568719374185e+54 5.758280609190739e+54 6.35454586150077e+54 6.867247172190588e+54 7.317169959425688e+54 7.718211359592266e+54 8.079952471917003e+54 8.409471350775522e+54 8.712063875190727e+54 9.938021976767304e+54 1.1594744575285533e+55 1.2736454315444566e+55 1.360859762717934e+55 1.4314533116570722e+55 1.4907459412093573e+55 1.5418729383941657e+55 1.5868086191919254e+55 1.6268938008265192e+55 1.6306721835829013e+55 1.6344179229059293e+55 1.63812329258249e+55 1.6417920144113646e+55 1.645426153948202e+55 1.649023230775948e+55 1.6525852753759663e+55 1.6561145951569048e+55 1.6630749239009332e+55 1.6960470814938476e+55 1.754326414596584e+55 1.8046917040633672e+55 1.8490407757987068e+55 1.8886630417465588e+55 1.941151999906001e+55 1.9871360309412942e+55 2.0280521660229527e+55 2.0407652211058628e+55 2.064908267230884e+55 2.098433804272778e+55 2.1291899954980065e+55 2.1483638747293834e+55 2.1575914509231903e+55 2.1923736660545534e+55 2.231717408981157e+55 2.2997619931484398e+55 2.3572582631617992e+55 2.4070362271736833e+55 2.4509469778446764e+55 2.490185829157035e+55 2.525688936599988e+55 2.5580960067269236e+55 2.5879023041993836e+55 2.6154944445847003e+55 
# binding_energy_list
2.074913517454911e+53 2.074913517454911e+53 2.074913517454911e+53 2.074913517454911e+53 2.074913517454911e+53 2.074913517454911e+53 2.0701413487910543e+53 2.0701413487910543e+53 2.0701413487910543e+53 2.0701413487910543e+53 2.0653801558105185e+53 2.0653801558105185e+53 2.0653801558105185e+53 2.0606299132700006e+53 2.0606299132700006e+53 2.0606299132700006e+53 2.0558905959841533e+53 2.046444636724674e+53 2.0370420777057063e+53 2.0323570109362208e+53 2.0230191786782596e+53 2.0183663636815596e+53 2.0137242498623976e+53 2.0044720273651593e+53 1.999861869632753e+53 1.999861869632753e+53 1.999861869632753e+53 1.999861869632753e+53 1.999861869632753e+53 1.999861869632753e+53 1.999861869632753e+53 1.999861869632753e+53 1.9952623149688667e+53 1.9952623149688667e+53 1.990673338987184e+53 1.981527025805085e+53 1.9724227361148613e+53 1.9678862897068307e+53 1.958844673505997e+53 1.9498445997580415e+53 1.9408858775927632e+53 1.93196831701693e+53 1.93196831701693e+53 1.9230917289101536e+53 1.918668740670295e+53 1.9098532585662328e+53 1.9098532585662328e+53 1.9054607179632522e+53 1.8967059212111406e+53 1.8923436186449799e+53 1.8793168168032724e+53 1.8663796908346733e+53 1.8578044550916913e+53 1.8450154191794662e+53 1.8365383433483587e+53 1.8281002161427446e+53 1.8238957023196497e+53 1.815515662773137e+53 1.8071741260109183e+53 
# total_gas_kinetic_energy_list
2.7635862844463932e+57 2.904704494951978e+58 6.436659909719691e+57 1.1736419357879721e+57 2.11574340533897e+56 3.8270185218710634e+55 7.06878303631098e+54 1.4523433300567065e+54 4.478857135697665e+53 2.7578784423653512e+53 2.4567335522443976e+53 2.368778606158305e+53 2.310063162370447e+53 2.2570591115627565e+53 2.2076915097238076e+53 2.158824287298817e+53 1.0434178818305122e+54 2.506108372116928e+54 3.778034117961793e+54 4.895756358630495e+54 5.9015758401079695e+54 6.819493812395055e+54 7.68277153928616e+54 8.498474704245997e+54 9.280481491995962e+54 9.354874075918018e+54 9.427938216162938e+54 9.501384860356315e+54 9.575492821569516e+54 9.650320863127382e+54 9.725811779151147e+54 9.801989529249656e+54 9.877151328623576e+54 1.0018410085187785e+55 1.0727628687059331e+55 1.2066263986422896e+55 1.3303589972702167e+55 1.4462453628756755e+55 1.5539781201091914e+55 1.7018709963288157e+55 1.8375713787035736e+55 1.9622136119644804e+55 2.0034634008513295e+55 2.0780547013192954e+55 2.1861197577659075e+55 2.2827926677567552e+55 2.3433714178290153e+55 2.3709714169455325e+55 2.482255875015081e+55 2.600966400419872e+55 2.808095744788748e+55 2.978432800783189e+55 3.130340561716998e+55 3.2725428230465407e+55 3.409957649250356e+55 3.528679898709841e+55 3.649291612263502e+55 3.7588634352420127e+55 3.8603012228091383e+55 
