# time_axis
5.999999999999999 7.0 7.30102999566398 7.477121254719661 7.602059991327962 7.698970004336018 7.778151250383643 7.845098040014256 7.903089986991943 7.954242509439324 8.0 8.041392685158224 8.079181246047623 8.113943352306837 8.146128035678238 8.176091259055681 8.301029995663981 8.47712125471966 8.60205999132796 8.698970004336019 8.778151250383644 8.845098040014257 8.903089986991942 8.954242509439323 8.999999999999998 9.004321373782641 9.008600171761916 9.012837224705171 9.017033339298779 9.021189299069936 9.02530586526477 9.02938377768521 9.033423755486949 9.041392685158224 9.079181246047623 9.146128035678236 9.204119982655923 9.255272505103305 9.301029995663981 9.361727836017593 9.414973347970816 9.462397997898954 9.477121254719663 9.505149978319904 9.544068044350274 9.57978359661681 9.60205999132796 9.612783856719734 9.653212513775342 9.698970004336017 9.778151250383642 9.845098040014257 9.903089986991944 9.954242509439325 10.0 10.041392685158225 10.079181246047623 10.113943352306835 10.146128035678236 
# total_gas_mass_list
8.684045203312506 9.706223074217549 9.051792510979748 8.312674323955143 7.5686300529698585 6.826231929612771 6.094234898174595 5.410878235682497 4.898263606339488 4.67721123472141 4.619042050838116 4.598892897739883 4.585403519192831 4.573251299594301 4.561849886408917 4.550749848866616 5.232792165569538 5.608744077443217 5.786548785626547 5.902010842133952 5.986405563188125 6.051930610006974 6.105411338088428 6.1502468176360985 6.189061406719904 6.1925694346835645 6.195986295816168 6.1993922172952045 6.20280034602222 6.2062133342857235 6.209627557318062 6.213044411799016 6.216388155372021 6.222590224941317 6.252443280914374 6.303408180883755 6.345343395465423 6.3809691289659405 6.411459546949233 6.449965039643182 6.482401151431809 6.510102706751292 6.518877157439995 6.534281706728922 6.555627106990614 6.573830225747486 6.584838539083777 6.58975918749103 6.609007230982642 6.628577854631407 6.660563202647268 6.685072497890351 6.705814620721369 6.724371068809764 6.741576918590656 6.755914346808944 6.770008521290008 6.78242776212592 6.793617191045391 
# ejected_gas_mass_list
-10.0 -10.0 3.1352713550633577 4.262045130938625 4.705911604220018 4.936669370523328 5.087485853175854 5.193843020750207 5.2764925072008975 5.346996414239139 5.407159749183701 5.458768178443605 5.503700184951213 5.543369086110308 5.578824874328284 5.610810662316519 5.735214311238032 5.891427419213874 5.993133341388447 6.068413479120262 6.127681721011673 6.175980102841997 6.216774965055052 6.251866694676967 6.282864838331959 6.285693621442686 6.288453132929651 6.291207956107505 6.293968688636164 6.296737471745149 6.299511355773583 6.302291462300178 6.3050160191109885 6.310079849138941 6.334636823477608 6.377229868800226 6.412870967143434 6.44354313900457 6.470064488018717 6.503893434090161 6.532664402917373 6.557423064285488 6.565299864663645 6.579167394693125 6.5984627000429095 6.614988200034511 6.625012562673548 6.629500687870751 6.647099189510177 6.665059897881302 6.6945536174568945 6.71726520061406 6.7365578035598634 6.753871012337711 6.769967619626099 6.783411654592901 6.796654167359971 6.808344199203793 6.818893241019481 
# stellar_mass_list
-10.0 6.597859055696223 7.658930055094715 7.734045784553429 7.7424833731756015 7.741077642542002 7.738467952091147 7.735981382925943 7.733754160696365 7.731749815934126 7.7299244131570735 7.728241869584819 7.726676884405654 7.725210504358144 7.723828139684376 7.7225190664746375 7.716785745136526 7.707878067307493 7.700854889822491 7.694949434423129 7.689788276079654 7.685187641238394 7.680995425331577 7.677141952697468 7.6735324577406105 7.6731930335490075 7.672860301254931 7.672526442414805 7.672190160252385 7.6718512156960275 7.671509857378584 7.671166018687769 7.6708273622145695 7.67019206797042 7.66703600080241 7.6611803177651385 7.655840462579635 7.650895473728921 7.646330140413498 7.640014313034666 7.634157636816783 7.628725022875434 7.626916232962591 7.6236299567217065 7.618749984001594 7.6142095336116595 7.611273308477692 7.6099089245274385 7.604247178645724 7.597884611724301 7.58583358884357 7.5752195278871 7.56593159095063 7.557398618887292 7.549289991265799 7.542376139819733 7.535439248019402 7.529205363426487 7.523488466646605 
# remnant_mass_list
-10.0 -10.0 4.043755837251291 5.140533175481652 5.455688411313106 5.613495808340205 5.712767935115101 5.783235948891732 5.837616881230656 5.8817658140903 5.9188034111475085 5.950651129430204 5.978535142350035 6.003299221645984 6.025549054514855 6.045721271133908 6.1251702870189435 6.227101544390031 6.294227535258994 6.343929621496585 6.3832893735495135 6.415660938602693 6.443218154102908 6.467096445887749 6.4883245006450485 6.490267515495289 6.492163393760928 6.4940575482435765 6.495957029961201 6.49786291413326 6.499774162683118 6.501690639064485 6.503569763802727 6.5070718960873615 6.524054544841613 6.553851578459971 6.579276161487575 6.601491058830122 6.620972306252793 6.6464464057840456 6.6686837754023465 6.688232230777519 6.6945273408659896 6.705703783354267 6.721716203707684 6.736023442730335 6.744990842372176 6.7490841250482 6.7655996588711185 6.783300757491454 6.814589819290494 6.839990822286797 6.860757948622199 6.878759963248578 6.894996236535335 6.908220398316793 6.920958250554049 6.931978860314471 6.9417503143956765 
# BH_mass_list
-10.0 -10.0 3.6238943656630154 4.68549490435717 4.765533143371741 4.778661010911197 4.7809860992226 4.781391509839372 4.78143533338864 4.781439670964932 4.781441003349709 4.781441804245892 4.781442504742907 4.7814431734816 4.781443821767259 4.781444452163414 4.78144506622442 4.78144506622442 4.78144506622442 4.78144506622442 4.78144506622442 4.78144506622442 4.78144506622442 4.78144506622442 4.78144506622442 4.78144506622442 4.78144506622442 4.78144506622442 4.78144506622442 4.78144506622442 4.78144506622442 4.78144506622442 4.78144506622442 4.78144506622442 4.78144506622442 4.78144506622442 4.78144506622442 4.78144506622442 4.78144506622442 4.78144506622442 4.78144506622442 4.78144506622442 4.78144506622442 4.78144506622442 4.78144506622442 4.78144506622442 4.78144506622442 4.78144506622442 4.78144506622442 4.78144506622442 4.78144506622442 4.78144506622442 4.78144506622442 4.78144506622442 4.78144506622442 4.78144506622442 4.78144506622442 4.78144506622442 4.78144506622442 
# NS_mass_list
-10.0 -10.0 3.8359298444447543 4.9529645545731285 5.356546473055557 5.5442034383573375 5.647329449174517 5.66629153458227 5.669645267113754 5.670238107116646 5.670341943069714 5.670357609927516 5.670363364198315 5.670365156725585 5.670366524106876 5.670367792947078 5.670370941495413 5.670370941495413 5.670370941495413 5.670370941495413 5.670370941495413 5.670370941495413 5.670370941495413 5.670370941495413 5.670370941495413 5.670370941495413 5.670370941495413 5.670370941495413 5.670370941495413 5.670370941495413 5.670370941495413 5.670370941495413 5.670370941495413 5.670370941495413 5.670370941495413 5.670370941495413 5.670370941495413 5.670370941495413 5.670370941495413 5.670370941495413 5.670370941495413 5.670370941495413 5.670370941495413 5.670370941495413 5.670370941495413 5.670370941495413 5.670370941495413 5.670370941495413 5.670370941495413 5.670370941495413 5.670370941495413 5.670370941495413 5.670370941495413 5.670370941495413 5.670370941495413 5.670370941495413 5.670370941495413 5.670370941495413 5.670370941495413 
# WD_mass_list
-10.0 -10.0 -10.0 -10.0 -10.0 2.6929148591609966 4.071965917999335 4.918337557275355 5.204761118644286 5.367766709564531 5.47844445649599 5.5611149809998075 5.626539277894657 5.680372288668157 5.725917395136403 5.765243979842012 5.906040098554336 6.063841980861007 6.1584607913732565 6.225065011821434 6.276112207260661 6.317128611347605 6.351433330199863 6.380745202634747 6.406506883259186 6.4088516125824535 6.411137375863442 6.413419017928242 6.415705038968613 6.417996726686568 6.4202928265636965 6.422593170203861 6.424846712541199 6.429041488443577 6.449289914998635 6.484463440804267 6.514145282263202 6.539850080282865 6.562226898179759 6.591269876101091 6.616434081234457 6.638419460856332 6.645473464515681 6.657967299797353 6.67580242630398 6.691676258226251 6.701596800475096 6.706117977152994 6.724315495660146 6.743742913287384 6.777901326987151 6.805471761925736 6.827913234511662 6.847298390172267 6.864730350154628 6.878893571513247 6.89250747887539 6.9042642137564565 6.914671907174672 
