# time_axis
1000000 10000000 20000000 30000000 40000000 50000000 60000000 70000000 80000000 90000000 100000000 110000000 120000000 130000000 140000000 150000000 200000000 300000000 400000000 500000000 600000000 700000000 800000000 900000000 1000000000 1010000000 1020000000 1030000000 1040000000 1050000000 1060000000 1070000000 1080000000 1100000000 1200000000 1400000000 1600000000 1800000000 2000000000 2300000000 2600000000 2900000000 3000000000 3200000000 3500000000 3800000000 4000000000 4100000000 4500000000 5000000000 6000000000 7000000000 8000000000 9000000000 10000000000 11000000000 12000000000 13000000000 14000000000 
# SNIa_energy_release_list
0 0.0 0.0 0.0 0.0 0.0 1.6894544704263314e+54 7.438963097998883e+55 2.004480904516929e+56 3.3533968973031365e+56 4.60880468492615e+56 5.73124629430339e+56 6.729570644475862e+56 7.6231404133283855e+56 8.430272906108452e+56 9.165840446329966e+56 1.2100423910592309e+57 1.598395472345689e+57 1.8624747965142058e+57 2.062880324678713e+57 2.2244455007506986e+57 2.3598045853719917e+57 2.4762950769941795e+57 2.578534601217145e+57 2.6696386373526602e+57 2.6782220814947528e+57 2.686723799240369e+57 2.6951409163873566e+57 2.7034728814270543e+57 2.7117238832664303e+57 2.719893239905059e+57 2.7279816724357345e+57 2.7359930900044696e+57 2.7517913202525933e+57 2.8266039136418856e+57 2.958731320829466e+57 3.0728180313823763e+57 3.173203888672115e+57 3.262840998276632e+57 3.3815271748502496e+57 3.4854558448361964e+57 3.57789475091718e+57 3.6065904830198784e+57 3.661133598782278e+57 3.736835287508473e+57 3.80626885818918e+57 3.849548706714462e+57 3.8703752726227975e+57 3.94886808463465e+57 4.037642308127012e+57 4.191149039362955e+57 4.320812942845771e+57 4.433058168138008e+57 4.5320440550226765e+57 4.620497276873632e+57 4.7005508726260095e+57 4.773596522783817e+57 4.840776269184114e+57 4.9029636825039846e+57 
# SNII_energy_release_list
0 0.0 2.5270699561726468e+54 1.113909652038834e+56 3.0488670316369222e+56 5.063527925379141e+56 6.7947469177059836e+56 7.7835986453151185e+56 8.184981942770775e+56 8.328115813449102e+56 8.37585114601708e+56 8.391236871095927e+56 8.396308192174146e+56 8.398057810842935e+56 8.398879954309605e+56 8.399342986152924e+56 8.39997618972909e+56 8.39997618972909e+56 8.39997618972909e+56 8.39997618972909e+56 8.39997618972909e+56 8.39997618972909e+56 8.39997618972909e+56 8.39997618972909e+56 8.39997618972909e+56 8.39997618972909e+56 8.39997618972909e+56 8.39997618972909e+56 8.39997618972909e+56 8.39997618972909e+56 8.39997618972909e+56 8.39997618972909e+56 8.39997618972909e+56 8.39997618972909e+56 8.39997618972909e+56 8.39997618972909e+56 8.39997618972909e+56 8.39997618972909e+56 8.39997618972909e+56 8.39997618972909e+56 8.39997618972909e+56 8.39997618972909e+56 8.39997618972909e+56 8.39997618972909e+56 8.39997618972909e+56 8.39997618972909e+56 8.39997618972909e+56 8.39997618972909e+56 8.39997618972909e+56 8.39997618972909e+56 8.39997618972909e+56 8.39997618972909e+56 8.39997618972909e+56 8.39997618972909e+56 8.39997618972909e+56 8.39997618972909e+56 8.39997618972909e+56 8.39997618972909e+56 8.39997618972909e+56 
# SN_energy_per_current_crossing_time_list
0.0 0.0 8.273375516257015e+54 2.711113447510445e+56 4.585999838162067e+56 4.788838740176376e+56 4.174118581150711e+56 2.4840955658817028e+56 1.1105709892317089e+56 4.8466256967216656e+55 2.394122169391112e+55 1.4631615605439917e+55 1.0899467979647929e+55 9.09956671059876e+54 8.07146651024606e+54 7.321414475229828e+54 5.9102129966186104e+54 4.012374205300921e+54 2.7905011776344104e+54 2.1557615836532354e+54 1.763966920152786e+54 1.4967661012859524e+54 1.3026358049700294e+54 1.1547661120992824e+54 1.0383667265094106e+54 9.791513821103066e+53 9.706409315570629e+53 9.617757734577263e+53 9.52830462536861e+53 9.443505999639244e+53 9.35780813242073e+53 9.272822246769896e+53 9.192172394634337e+53 9.077606447408993e+53 8.662949848832026e+53 7.755224952688902e+53 6.776504842542469e+53 6.026518455433779e+53 5.432917403600837e+53 4.855895063755761e+53 4.29935890042367e+53 3.861876485585777e+53 3.6080173354254713e+53 3.4484224165528246e+53 3.2167095816299137e+53 2.971485876054882e+53 2.7906989862129104e+53 2.6911973400065096e+53 2.5561740773420634e+53 2.3324815184741297e+53 2.0462857190597767e+53 1.749005689226351e+53 1.5299116872884125e+53 1.3622981756091799e+53 1.2284018368769444e+53 1.1206753671340553e+53 1.0307596207950444e+53 9.548926394543642e+52 8.899256214362286e+52 
# SN_energy_per_final_crossing_time_list
0.0 0.0 9.643556173624909e+54 4.154357051084314e+56 7.38399431252207e+56 7.688151035214598e+56 6.608925562770354e+56 3.877595571563266e+56 1.712113985508652e+56 7.392484469194271e+55 3.618165341567418e+55 2.1933917159773176e+55 1.6221670252161396e+55 1.3454996759041559e+55 1.1864112367937494e+55 1.0702949929871366e+55 8.44732928577364e+54 5.557480826913466e+54 3.779075927476034e+54 2.867879602480069e+54 2.3120593387403814e+54 1.937040167260863e+54 1.6670233993341425e+54 1.4630866162814633e+54 1.3037335313533732e+54 1.228323619592265e+54 1.2166282603083355e+54 1.2045215917255193e+54 1.192336000148217e+54 1.1807498571471828e+54 1.1690661172816553e+54 1.1574855685478407e+54 1.1464644335291124e+54 1.1303935250401496e+54 1.0705967672391938e+54 9.4539681482935e+53 8.163121873568259e+53 7.182799674627609e+53 6.413706263857229e+53 5.661481630260839e+53 4.95752978964601e+53 4.409453432635234e+53 4.106468795012561e+53 3.902664027867788e+53 3.6110668695882497e+53 3.3120696637187524e+53 3.0967557612031337e+53 2.9803610761272016e+53 2.808155251152959e+53 2.5407860462887196e+53 2.1967399172420792e+53 1.8555399513283945e+53 1.6062720177416509e+53 1.4165258240626635e+53 1.2657993671300526e+53 1.145597511536569e+53 1.0453111351574403e+53 9.613678133820869e+52 8.899256214362286e+52 
# total_energy_release_list
0 0 2.5270699561726468e+54 1.113909652038834e+56 3.0488670316369222e+56 5.063527925379141e+56 6.811641462410247e+56 8.527494955115006e+56 1.0189462847287704e+57 1.168151271075224e+57 1.298465583094323e+57 1.4122483165399316e+57 1.5125878836650007e+57 1.602119822417132e+57 1.6829152860418057e+57 1.756518343248289e+57 2.05004001003214e+57 2.438393091318598e+57 2.7024724154871148e+57 2.902877943651622e+57 3.0644431197236076e+57 3.199802204344901e+57 3.316292695967089e+57 3.418532220190054e+57 3.5096362563255696e+57 3.518219700467662e+57 3.526721418213278e+57 3.5351385353602656e+57 3.5434705003999634e+57 3.551721502239339e+57 3.559890858877968e+57 3.567979291408644e+57 3.5759907089773786e+57 3.5917889392255026e+57 3.666601532614795e+57 3.798728939802375e+57 3.912815650355285e+57 4.013201507645024e+57 4.102838617249541e+57 4.221524793823159e+57 4.3254534638091054e+57 4.417892369890089e+57 4.4465881019927874e+57 4.501131217755187e+57 4.576832906481382e+57 4.646266477162089e+57 4.689546325687371e+57 4.7103728915957065e+57 4.788865703607559e+57 4.877639927099921e+57 5.031146658335864e+57 5.16081056181868e+57 5.273055787110917e+57 5.3720416739955855e+57 5.460494895846541e+57 5.5405484915989185e+57 5.613594141756726e+57 5.680773888157023e+57 5.7429613014768936e+57 
# binding_energy_list
8.933054837332963e+54 8.933054837332963e+54 8.933054837332963e+54 8.933054837332963e+54 8.892011178579445e+54 8.871560120379617e+54 8.830799004185586e+54 8.810488730080146e+54 8.790225168308896e+54 8.770008211436303e+54 8.749837752274363e+54 8.729713683881166e+54 8.709635899560761e+54 8.68960429286302e+54 8.68960429286302e+54 8.669618757582214e+54 8.609937521846052e+54 8.51138038202376e+54 8.452788451602891e+54 8.394599865193965e+54 8.336811846196331e+54 8.298507675144166e+54 8.260379495771817e+54 8.222426499470695e+54 8.20351544329821e+54 8.20351544329821e+54 8.184647881347836e+54 8.184647881347836e+54 8.184647881347836e+54 8.184647881347836e+54 8.184647881347836e+54 8.184647881347836e+54 8.184647881347836e+54 8.165823713585906e+54 8.147042840208421e+54 8.090958991783846e+54 8.053784411990643e+54 8.016780633876855e+54 7.979946872679785e+54 7.94328234724279e+54 7.90678627999831e+54 7.870457896951001e+54 7.852356346100775e+54 7.834296427662088e+54 7.816278045883308e+54 7.798301105232642e+54 7.780365510398008e+54 7.762471166286928e+54 7.744617978025239e+54 7.709034690644309e+54 7.673614893618154e+54 7.638357835776954e+54 7.603262769401822e+54 7.568328950209705e+54 7.533555637337217e+54 7.516228940182015e+54 7.481695005111584e+54 7.464487584100623e+54 7.447319739059888e+54 
# total_gas_kinetic_energy_list
3.959720777839278e+57 1.6491322674161987e+59 1.5399337253970805e+59 6.975459500989641e+58 2.6076098680728137e+58 8.901957135731178e+57 2.8818175950116836e+57 9.02161558750178e+56 2.755958726944082e+56 8.411736520256852e+55 2.490317237659005e+55 9.075343896915169e+54 5.682043439742026e+54 7.306495982611666e+54 4.670218378092072e+54 6.365921855669478e+54 5.834943882181547e+55 1.3565788653898144e+56 1.9362078616661772e+56 2.395560786213295e+56 2.7771004567558345e+56 3.1032974510897825e+56 3.3952267697608263e+56 3.6589351828300425e+56 3.9004449242131023e+56 3.92359558352656e+56 3.9460737712571e+56 3.968272972179661e+56 3.990458843606137e+56 4.012684275994123e+56 4.034997194494163e+56 4.057425681300377e+56 4.079967557505445e+56 4.122456546116219e+56 4.328046202209377e+56 4.701195156931342e+56 5.028476149993918e+56 5.323898282698475e+56 5.592244029838592e+56 5.937390473388049e+56 6.24433415478192e+56 6.516843776936442e+56 6.605025429371781e+56 6.761964183626957e+56 6.984147169429724e+56 7.1777118107885306e+56 7.297045857885539e+56 7.350421253055226e+56 7.5627770678273326e+56 7.782917737260553e+56 8.151450604214857e+56 8.443711485451972e+56 8.70403439511054e+56 8.948677223040016e+56 9.179722072354966e+56 9.384295221037145e+56 9.588378997095794e+56 9.776665310344025e+56 9.953813240787086e+56 
