# time_axis
5.999999999999999 7.0 7.30102999566398 7.477121254719661 7.602059991327962 7.698970004336018 7.778151250383643 7.845098040014256 7.903089986991943 7.954242509439324 8.0 8.041392685158224 8.079181246047623 8.113943352306837 8.146128035678238 8.176091259055681 8.301029995663981 8.47712125471966 8.60205999132796 8.698970004336019 8.778151250383644 8.845098040014257 8.903089986991942 8.954242509439323 8.999999999999998 9.004321373782641 9.008600171761916 9.012837224705171 9.017033339298779 9.021189299069936 9.02530586526477 9.02938377768521 9.033423755486949 9.041392685158224 9.079181246047623 9.146128035678236 9.204119982655923 9.255272505103305 9.301029995663981 9.361727836017593 9.414973347970816 9.462397997898954 9.477121254719663 9.505149978319904 9.544068044350274 9.57978359661681 9.60205999132796 9.612783856719734 9.653212513775342 9.698970004336017 9.778151250383642 9.845098040014257 9.903089986991944 9.954242509439325 10.0 10.041392685158225 10.079181246047623 10.113943352306835 10.146128035678236 
# total_gas_mass_list
8.83483038115621 10.460293954865177 10.430680985206969 10.086806177108064 9.65978866204119 9.19392736950566 8.706437845688429 8.208155728670553 7.712525987374756 7.2463970704332 6.859810342111319 6.601338013623686 6.461766510778202 6.389540137275946 6.345990187725523 6.313097617290318 7.030917081769904 7.3700523108088705 7.518009612775454 7.609863622845104 7.674988628924146 7.724365181672983 7.764022623975333 7.79676140951613 7.82457504663926 7.827142201734371 7.829620314822849 7.832051949586643 7.834465644404601 7.836869741635603 7.8392693798508 7.841665995035147 7.844055002079167 7.848531127469508 7.8695223104650065 7.904971280291344 7.933609150434377 7.95768457447984 7.978284454511683 8.003454689265604 8.02452274624703 8.042400847012049 8.048055025582006 8.057805211997247 8.07128269142162 8.08266595729656 8.0895336909637 8.092573203703065 8.104417644940584 8.11634078098136 8.13550272375996 8.15005722301378 8.162625057664851 8.174085861359822 8.18448858179648 8.19367506974929 8.202659691937749 8.210737977576974 8.218199672497022 
# ejected_gas_mass_list
-10.0 -10.0 4.651604146837288 6.300808909482102 6.806617290489604 7.059936554971418 7.204710034730389 7.300665127541067 7.3719370599898815 7.4283328356483995 7.474419467031609 7.512828479810227 7.545422032694015 7.573555585258227 7.598220298265966 7.620094343346437 7.702208618810347 7.799902119860396 7.860925281898499 7.905048796462079 7.939271038905489 7.966832787217273 7.989965107485092 8.009720121999933 8.026963793654776 8.028576446897215 8.03013652467132 8.0316705455911 8.033196382186464 8.034719250102913 8.036242372656163 8.037766642349194 8.03928911806377 8.042149848670428 8.055706735863051 8.079122259286107 8.098506953504302 8.115119518868058 8.129558315493783 8.147475505902218 8.16270010077213 8.175778605056276 8.179944776785593 8.187162389545104 8.197207973618598 8.20575402753125 8.210936890870776 8.213237118360889 8.222237858034408 8.231357498017132 8.246135946518697 8.257459623645198 8.267304839031183 8.276336232713046 8.284577258441036 8.291888671807733 8.299069768544992 8.305551775577158 8.311560084602375 
# stellar_mass_list
-10.0 7.232770389828249 8.866141925874729 9.095430918044753 9.130927732785993 9.12336011713639 9.108080454808855 9.093824416869737 9.08201449717995 9.072325502496529 9.06422070136534 9.057274011068024 9.051191620810485 9.045775737208544 9.040888393122932 9.03643213934549 9.018495357687963 8.994454176338005 8.97780091629176 8.964969019507164 8.954485320924828 8.945604237945735 8.937877362393479 8.931026206546308 8.924849447885935 8.924260996424875 8.92369211204083 8.923132110638052 8.92257368829626 8.922013917225964 8.92145195178414 8.920887195162207 8.920324856753917 8.919255855723101 8.914135261273028 8.904956294908159 8.896949120069852 8.889762509458938 8.88334292377303 8.874783312242485 8.867128638406369 8.860251008227797 8.858016898053723 8.853983380989803 8.848136717256267 8.842850697627147 8.839470846657644 8.83792732114953 8.831612667728756 8.824734030796487 8.812214671506617 8.80157495486591 8.792273888669381 8.783728729256199 8.775625573451466 8.768698817619624 8.761765903751321 8.755520301362687 8.74980485679426 
# remnant_mass_list
-10.0 -10.0 5.854152645524642 7.4936415190302315 7.852076737403795 8.005849007986424 8.085332222654221 8.132296193038407 8.163440407760241 8.186147825047161 8.203883724069401 8.218409061849176 8.230696657113757 8.241335407957818 8.250703887832453 8.259060964357616 8.290886581528614 8.329759277095595 8.354439301884813 8.372334126645685 8.38628498037034 8.397660628266499 8.407244266431865 8.415507990286864 8.422777497268607 8.423461419477391 8.424120704457515 8.424768198735089 8.425412658487256 8.42605748704704 8.426703696922138 8.42735209921002 8.427996426474817 8.429216306652817 8.434994161955872 8.445083745670797 8.453613641607417 8.461064475368673 8.467558889440719 8.47599142148938 8.48332303281992 8.489746816847813 8.4918027346746 8.495469993640446 8.500701767266982 8.505340601822011 8.508265083414246 8.509587670388742 8.51493821200972 8.520633312253132 8.530681661960244 8.538901661316073 8.545857863851058 8.552072031253616 8.557816023698996 8.56260217913449 8.56729764114096 8.571437823669369 8.575154063913205 
# BH_mass_list
-10.0 -10.0 5.620238103638759 7.255869475583709 7.537464411000998 7.622450532957113 7.650406667125024 7.659571452211545 7.662507791207612 7.663401804441257 7.6636558829209065 7.663719778014332 7.663730375209966 7.663736219212597 7.6637404569482195 7.6637440453707315 7.663747291383364 7.663747291383364 7.663747291383364 7.663747291383364 7.663747291383364 7.663747291383364 7.663747291383364 7.663747291383364 7.663747291383364 7.663747291383364 7.663747291383364 7.663747291383364 7.663747291383364 7.663747291383364 7.663747291383364 7.663747291383364 7.663747291383364 7.663747291383364 7.663747291383364 7.663747291383364 7.663747291383364 7.663747291383364 7.663747291383364 7.663747291383364 7.663747291383364 7.663747291383364 7.663747291383364 7.663747291383364 7.663747291383364 7.663747291383364 7.663747291383364 7.663747291383364 7.663747291383364 7.663747291383364 7.663747291383364 7.663747291383364 7.663747291383364 7.663747291383364 7.663747291383364 7.663747291383364 7.663747291383364 7.663747291383364 7.663747291383364 
# NS_mass_list
-10.0 -10.0 5.473705163907341 7.118542570856627 7.564217142586701 7.773977162137578 7.884339519357973 7.933656924247064 7.951822150032843 7.958052110865732 7.960086781305895 7.960726908669859 7.960925018875902 7.960985582915767 7.961009780981909 7.96102156617144 7.9610373188287085 7.9610373188287085 7.9610373188287085 7.9610373188287085 7.9610373188287085 7.9610373188287085 7.9610373188287085 7.9610373188287085 7.9610373188287085 7.9610373188287085 7.9610373188287085 7.9610373188287085 7.9610373188287085 7.9610373188287085 7.9610373188287085 7.9610373188287085 7.9610373188287085 7.9610373188287085 7.9610373188287085 7.9610373188287085 7.9610373188287085 7.9610373188287085 7.9610373188287085 7.9610373188287085 7.9610373188287085 7.9610373188287085 7.9610373188287085 7.9610373188287085 7.9610373188287085 7.9610373188287085 7.9610373188287085 7.9610373188287085 7.9610373188287085 7.9610373188287085 7.9610373188287085 7.9610373188287085 7.9610373188287085 7.9610373188287085 7.9610373188287085 7.9610373188287085 7.9610373188287085 7.9610373188287085 7.9610373188287085 
# WD_mass_list
-10.0 -10.0 -10.0 -10.0 -10.0 3.8437778543210848 5.581981986100942 6.6142791243689505 7.009460942039734 7.221485606300235 7.354078730940348 7.445541760246282 7.513195374833868 7.565885862138679 7.608513326228331 7.6440111017594266 7.762369513215157 7.881690645791476 7.94766962744172 7.991943768176716 8.024715278337307 8.050438248712815 8.07147565789461 8.08918482542598 8.104453842133536 8.105876043439396 8.107244729106682 8.108586766157494 8.10992038745056 8.111252658785055 8.112585673323188 8.113921096535789 8.11524603917076 8.117748836282294 8.129504180014257 8.149655485069582 8.166338544235671 8.18066139955421 8.192964881613626 8.208700489923794 8.222171752031691 8.233821596302331 8.237520801493197 8.244084857383632 8.253374510287923 8.261539743796435 8.266653656919948 8.268957985759275 8.278227615558137 8.288003710584507 8.305033738741907 8.318766308423193 8.330254027177855 8.340416662634293 8.349729449763286 8.357431598168665 8.364938142945348 8.37151710059722 8.377391230881171 
