# time_axis
1000000 10000000 20000000 30000000 40000000 50000000 60000000 70000000 80000000 90000000 100000000 110000000 120000000 130000000 140000000 150000000 200000000 300000000 400000000 500000000 600000000 700000000 800000000 900000000 1000000000 1010000000 1020000000 1030000000 1040000000 1050000000 1060000000 1070000000 1080000000 1100000000 1200000000 1400000000 1600000000 1800000000 2000000000 2300000000 2600000000 2900000000 3000000000 3200000000 3500000000 3800000000 4000000000 4100000000 4500000000 5000000000 6000000000 7000000000 8000000000 9000000000 10000000000 11000000000 12000000000 13000000000 14000000000 
# SNIa_energy_release_list
0 0.0 0.0 0.0 0.0 0.0 1.0013114554096086e+54 4.731695228642924e+55 1.4933678601952897e+56 2.8068470038211556e+56 4.176943349754557e+56 5.479152269810967e+56 6.669393323363088e+56 7.743616616640028e+56 8.71301333032909e+56 9.592340323718855e+56 1.3048636818478031e+57 1.7525674672355686e+57 2.053164641844392e+57 2.2799193651233534e+57 2.462078160585557e+57 2.6143455557559465e+57 2.745164646485814e+57 2.859839697380183e+57 2.9619258196021682e+57 2.9715409887312527e+57 2.9810603470021313e+57 2.990485221700398e+57 2.999815439658865e+57 3.009053664779992e+57 3.018200712085427e+57 3.027257251367251e+57 3.0362260929755658e+57 3.0539095004279745e+57 3.1376204946784235e+57 3.2853615145492574e+57 3.4128335094183744e+57 3.524930130272812e+57 3.624974830789339e+57 3.757388109757331e+57 3.873288550959181e+57 3.976342463649596e+57 4.0083183475489354e+57 4.069115399675598e+57 4.153474198091888e+57 4.2308274132964025e+57 4.2790418479820925e+57 4.302241990495009e+57 4.389665720046996e+57 4.488527620041896e+57 4.6594468058555816e+57 4.8037775104608144e+57 4.928715410725821e+57 5.038867941569312e+57 5.137308071786576e+57 5.226385757892606e+57 5.307659896860519e+57 5.382403874862005e+57 5.4515913177256254e+57 
# SNII_energy_release_list
0 0.0 1.2504311666289044e+54 5.853366591217086e+55 1.600919664009116e+56 2.6043133385034804e+56 3.3968304104491092e+56 3.9141422089109092e+56 4.198059850344822e+56 4.337139609821052e+56 4.400239082488978e+56 4.427345640929532e+56 4.4385407671656725e+56 4.443116195334076e+56 4.444938233952212e+56 4.445689185139709e+56 4.446173135540036e+56 4.446173135540036e+56 4.446173135540036e+56 4.446173135540036e+56 4.446173135540036e+56 4.446173135540036e+56 4.446173135540036e+56 4.446173135540036e+56 4.446173135540036e+56 4.446173135540036e+56 4.446173135540036e+56 4.446173135540036e+56 4.446173135540036e+56 4.446173135540036e+56 4.446173135540036e+56 4.446173135540036e+56 4.446173135540036e+56 4.446173135540036e+56 4.446173135540036e+56 4.446173135540036e+56 4.446173135540036e+56 4.446173135540036e+56 4.446173135540036e+56 4.446173135540036e+56 4.446173135540036e+56 4.446173135540036e+56 4.446173135540036e+56 4.446173135540036e+56 4.446173135540036e+56 4.446173135540036e+56 4.446173135540036e+56 4.446173135540036e+56 4.446173135540036e+56 4.446173135540036e+56 4.446173135540036e+56 4.446173135540036e+56 4.446173135540036e+56 4.446173135540036e+56 4.446173135540036e+56 4.446173135540036e+56 4.446173135540036e+56 4.446173135540036e+56 4.446173135540036e+56 
# SN_energy_per_current_crossing_time_list
0.0 0.0 1.551243176580423e+54 5.368634014633179e+55 9.404116114214019e+55 9.866443971001156e+55 8.347388532215283e+55 5.952171731279158e+55 3.736295044116257e+55 2.2492284012341713e+55 1.3971069961772545e+55 9.423880010627888e+54 7.022295930228465e+54 5.706500913046772e+54 4.9034177615456565e+54 4.368915280283167e+54 3.479413723277639e+54 2.3323337209060766e+54 1.6040463257018475e+54 1.231335803128163e+54 1.0027801884791606e+54 8.47629321411774e+53 7.351071880199706e+53 6.4963294707134045e+53 5.824430055428581e+53 5.489524648612162e+53 5.438381487261505e+53 5.387861246707964e+53 5.337133738341746e+53 5.2878432585974135e+53 5.238942940343955e+53 5.19035614483125e+53 5.143303122397315e+53 5.076532276707215e+53 4.833680845178002e+53 4.307847748007346e+53 3.7478420079724316e+53 3.3196350872024617e+53 2.9813967085753745e+53 2.651991922773655e+53 2.3373920004973276e+53 2.0908891599507424e+53 1.949972338657331e+53 1.8601514862527265e+53 1.7289212268968436e+53 1.5919751344387378e+53 1.4922736078230421e+53 1.437821433375611e+53 1.3607369831529711e+53 1.2370214258111477e+53 1.0781274749459844e+53 9.163748544040961e+52 7.975812934752108e+52 7.065317520334844e+52 6.340972994270432e+52 5.758373321568035e+52 5.272096102944206e+52 4.863151887143456e+52 4.5138972781626257e+52 
# SN_energy_per_final_crossing_time_list
0.0 0.0 2.1754690758751595e+54 9.96599485687702e+55 1.7668860790420548e+56 1.7456793848765675e+56 1.3794547824340304e+56 9.302232644351309e+55 5.605121979277221e+55 3.2766094924598104e+55 1.9916612911012744e+55 1.3211746907500106e+55 9.713019544783516e+54 7.80442285911035e+54 6.641489941098362e+54 5.867515830359745e+54 4.526723373279785e+54 2.9208897086547304e+54 1.961143109400204e+54 1.4793833763114514e+54 1.1884325493153007e+54 9.934163659832392e+53 8.534842641044151e+53 7.481580163694907e+53 6.660258714060342e+53 6.273087133223179e+53 6.210578626742622e+53 6.14893606219664e+53 6.087180520662358e+53 6.027162950869902e+53 5.967677113983862e+53 5.908628259954294e+53 5.851412922405736e+53 5.768466174230974e+53 5.461436547730254e+53 4.819427918317786e+53 4.158236428941614e+53 3.6566796720862554e+53 3.2635365802308898e+53 2.8796166606145505e+53 2.5205088497059893e+53 2.2411329606645573e+53 2.0861568129432883e+53 1.983247513972884e+53 1.8345667691507944e+53 1.6822150239845567e+53 1.5727926664732908e+53 1.513613682015275e+53 1.4259153053589357e+53 1.2899810798921228e+53 1.1151035732754543e+53 9.416361520356079e+52 8.151144551724592e+52 7.186523862967861e+52 6.422388477711882e+52 5.811567940899291e+52 5.302452287410074e+52 4.876414344796414e+52 4.5138972781626257e+52 
# total_energy_release_list
0 0 1.2504311666289044e+54 5.853366591217086e+55 1.600919664009116e+56 2.6043133385034804e+56 3.406843525003205e+56 4.387311731775201e+56 5.691427710540111e+56 7.143986613642208e+56 8.577182432243535e+56 9.9064979107405e+56 1.110793409052876e+57 1.2186732811974104e+57 1.3157951564281303e+57 1.4038029508858563e+57 1.7494809954018066e+57 2.197184780789572e+57 2.4977819553983958e+57 2.724536678677357e+57 2.9066954741395605e+57 3.05896286930995e+57 3.189781960039818e+57 3.304457010934187e+57 3.4065431331561716e+57 3.416158302285256e+57 3.425677660556135e+57 3.435102535254401e+57 3.444432753212868e+57 3.453670978333995e+57 3.4628180256394306e+57 3.471874564921255e+57 3.4808434065295696e+57 3.498526813981978e+57 3.582237808232427e+57 3.729978828103261e+57 3.857450822972378e+57 3.9695474438268154e+57 4.0695921443433424e+57 4.202005423311335e+57 4.3179058645131846e+57 4.4209597772035995e+57 4.452935661102939e+57 4.513732713229602e+57 4.598091511645892e+57 4.675444726850406e+57 4.723659161536096e+57 4.746859304049013e+57 4.8342830336009995e+57 4.9331449335959e+57 5.1040641194095854e+57 5.248394824014818e+57 5.373332724279825e+57 5.483485255123316e+57 5.5819253853405795e+57 5.67100307144661e+57 5.752277210414523e+57 5.8270211884160086e+57 5.896208631279629e+57 
# binding_energy_list
6.516283940608428e+54 6.516283940608428e+54 6.516283940608428e+54 6.486344335482348e+54 6.441692655151735e+54 6.397348354826442e+54 6.338697112569264e+54 6.295061828571968e+54 6.251726927756848e+54 6.22300285169155e+54 6.194410750767837e+54 6.165950018614809e+54 6.151768727098702e+54 6.1235039172477214e+54 6.1094202490557394e+54 6.095368972401644e+54 6.025595860743593e+54 5.942921586155739e+54 5.888436553555932e+54 5.8479008414448476e+54 5.807644175213159e+54 5.780960474057187e+54 5.7676646339225445e+54 5.74116462207328e+54 5.727960309858327e+54 5.727960309858327e+54 5.727960309858327e+54 5.7147863667186424e+54 5.7147863667186424e+54 5.7147863667186424e+54 5.7147863667186424e+54 5.7147863667186424e+54 5.7147863667186424e+54 5.7147863667186424e+54 5.688529308438448e+54 5.675446054085442e+54 5.6493697481230574e+54 5.636376558259514e+54 5.610479760324735e+54 5.59757601495107e+54 5.571857489319327e+54 5.559042572704003e+54 5.559042572704003e+54 5.546257129579105e+54 5.533501092157394e+54 5.5207743928075396e+54 5.5207743928075396e+54 5.5207743928075396e+54 5.50807696405403e+54 5.495408738576271e+54 5.47015962893971e+54 5.457578610912733e+54 5.445026528424176e+54 5.432503314924325e+54 5.4200089040162604e+54 5.407543229455771e+54 5.407543229455771e+54 5.3951062251512674e+54 5.382697825162903e+54 
# total_gas_kinetic_energy_list
2.3295382953416163e+57 1.0392733993267531e+59 1.4649466481468643e+59 1.070915371732913e+59 6.077161370598599e+58 3.0129500733998567e+58 1.373689179361791e+58 5.917612419959539e+57 2.448339009331168e+57 9.83973083161829e+56 3.8784985253401473e+56 1.5163288826244896e+56 5.986405705534091e+55 2.4665194037218725e+55 1.1207632333176577e+55 5.992651458983275e+54 1.5031003320209092e+55 2.5944754365892534e+55 3.3088845388451773e+55 3.8266126280956335e+55 4.228845620993833e+55 4.5558175566213206e+55 4.833386655857355e+55 5.074973912303673e+55 5.288499311501244e+55 5.308098642251079e+55 5.327961648698733e+55 5.34731966821887e+55 5.366470866641961e+55 5.385527224224285e+55 5.404539932230151e+55 5.423552013811307e+55 5.442506775729894e+55 5.479256209773773e+55 5.651992214398395e+55 5.953908677335265e+55 6.207966515475276e+55 6.429682922036603e+55 6.622994073516774e+55 6.870170279446168e+55 7.080372517112938e+55 7.262477968903965e+55 7.318967454862963e+55 7.422068000210046e+55 7.564239219981942e+55 7.685945734646171e+55 7.760268176266336e+55 7.793510047236245e+55 7.924249246798447e+55 8.058147522337603e+55 8.278147721944996e+55 8.446260919065409e+55 8.586083647199982e+55 8.70814316343193e+55 8.818445845364868e+55 8.909448231275815e+55 8.998821807892494e+55 9.076488921213622e+55 9.1459465003919e+55 
