# time_axis
5.999999999999999 7.0 7.30102999566398 7.477121254719661 7.602059991327962 7.698970004336018 7.778151250383643 7.845098040014256 7.903089986991943 7.954242509439324 8.0 8.041392685158224 8.079181246047623 8.113943352306837 8.146128035678238 8.176091259055681 8.301029995663981 8.47712125471966 8.60205999132796 8.698970004336019 8.778151250383644 8.845098040014257 8.903089986991942 8.954242509439323 8.999999999999998 9.004321373782641 9.008600171761916 9.012837224705171 9.017033339298779 9.021189299069936 9.02530586526477 9.02938377768521 9.033423755486949 9.041392685158224 9.079181246047623 9.146128035678236 9.204119982655923 9.255272505103305 9.301029995663981 9.361727836017593 9.414973347970816 9.462397997898954 9.477121254719663 9.505149978319904 9.544068044350274 9.57978359661681 9.60205999132796 9.612783856719734 9.653212513775342 9.698970004336017 9.778151250383642 9.845098040014257 9.903089986991944 9.954242509439325 10.0 10.041392685158225 10.079181246047623 10.113943352306835 10.146128035678236 
# total_gas_mass_list
8.7873673767305 10.425843483324162 10.725725980547203 10.356216369621272 9.974132767718356 9.565196842457581 9.132828020317053 8.68256387746135 8.219589157398817 7.749604225552338 7.282157101056656 6.837768027563969 6.45739320221542 6.1905360701325405 6.044247998928945 5.97500677823894 6.6234413940522545 6.97766647494291 7.142102712301964 7.247691787692589 7.3242339936809335 7.383475897810102 7.431469312652648 7.4716363517660875 7.506072025078408 7.5093096814953215 7.512409996386619 7.51543684885623 7.518437029655073 7.5214288022791616 7.524419020840955 7.527410532807988 7.530389443466994 7.536059627108645 7.562492318540402 7.607546166189483 7.644344484111893 7.67566954432612 7.702373188759317 7.735889806815434 7.76404619513549 7.788038358764892 7.795583337811589 7.808938781000338 7.827366081996877 7.842955227092083 7.852453090485004 7.856661188595766 7.873129299427809 7.889768614352355 7.916884748385029 7.93759068279482 7.955276475815366 7.971186847891836 7.985981874298019 7.998410265682314 8.010595054047146 8.021496147359825 8.031281968400698 
# ejected_gas_mass_list
-10.0 -10.0 3.464991996575864 5.133478789912785 5.821075081771681 6.18611288034365 6.391107958865251 6.527594575769218 6.6308167219336855 6.713351483894042 6.781544164014616 6.838663259530203 6.887210487573339 6.929132099588177 6.965867048951766 6.998468343295514 7.120967676727503 7.267379157121149 7.359473599358895 7.426488807305725 7.478678061571881 7.521022680737541 7.55650332116413 7.586965028034511 7.613610335426612 7.616139906482316 7.618566030706142 7.6209382938040475 7.623293174793569 7.625644933571969 7.62799892697027 7.630357382498832 7.6327093127577434 7.637195428180491 7.6582676462399695 7.694768253739037 7.72509887988774 7.7512653573470205 7.773811543882414 7.802407937445127 7.8266753167857805 7.847521512454781 7.85410802340011 7.8658021627091 7.882009647846954 7.895784626279188 7.904205110404219 7.9079425100907965 7.922607089521277 7.937485058546568 7.96185737398263 7.980569648398028 7.996619420789032 8.011108873931118 8.024624522243228 8.036008573156241 8.047195755653338 8.057225886208979 8.066246817098165 
# stellar_mass_list
-10.0 6.701181229114218 8.349155525133867 8.81360194358934 8.911521322513737 8.941007133130293 8.948119744695326 8.94759617141985 8.944758777737245 8.941459947909644 8.938276463200978 8.935346286489933 8.932670328661603 8.930216749547107 8.927951079524428 8.925844199820512 8.916994733263268 8.904129743257885 8.894525670286402 8.886726795296404 8.880096671865589 8.874287277031955 8.869094598594646 8.864375847290027 8.860037799977995 8.859615329058531 8.859208355730985 8.858808743448993 8.858410372071514 8.858010801649543 8.85760913680647 8.857205009279806 8.856800239837167 8.856023158922158 8.852290676734755 8.845446886221756 8.83932121715178 8.833684387731841 8.828545777815862 8.821543802694276 8.815127374511542 8.809235620595688 8.807298892673803 8.803761162384053 8.798562201106376 8.793793575917384 8.790697553671531 8.789277572495235 8.783394319709165 8.776870509540725 8.764657410277373 8.75402257535429 8.744715870141858 8.73616552017137 8.728062441185621 8.721130923700205 8.714197907251963 8.707948019968498 8.702232046682093 
# remnant_mass_list
-10.0 -10.0 4.573015334222375 6.22844580162916 6.788753478161186 7.031672311132682 7.1665871369279 7.252766090041243 7.313143504590315 7.358684571043931 7.394923756949032 7.424896239637759 7.4504043722570685 7.47257582991663 7.4921625654608555 7.509687389915255 7.576900742336891 7.660137208352466 7.713688543313978 7.752887240672242 7.7836502014014535 7.808905433474094 7.83027101284254 7.848782849300599 7.865099369285496 7.866654452628462 7.8681465179930745 7.869606220369823 7.871056285783584 7.872505607529424 7.873957450402921 7.8754131702692405 7.876866029663915 7.879640269066459 7.892705930793261 7.9156084301822105 7.935038219360318 7.952099846991898 7.967018085212727 7.986442667633709 8.00339664925349 8.018303546535227 8.023073930699326 8.031625486889725 8.043834162413503 8.054671195601854 8.061532313232302 8.064633061478675 8.077195865318728 8.090601582680558 8.114340725078868 8.133691038753605 8.149709268023964 8.163735559603907 8.17646208785086 8.186934614137687 8.197054820273696 8.205886158616066 8.213731709521912 
# BH_mass_list
-10.0 -10.0 4.2211302001997 5.869477356337758 6.339284060866694 6.44727023669791 6.4852273261791185 6.499175706959635 6.504218551569445 6.5059927616955076 6.506597852749084 6.506794049816489 6.506854178124003 6.506868765644533 6.506871549157609 6.506873054842141 6.506874129931658 6.506874129931658 6.506874129931658 6.506874129931658 6.506874129931658 6.506874129931658 6.506874129931658 6.506874129931658 6.506874129931658 6.506874129931658 6.506874129931658 6.506874129931658 6.506874129931658 6.506874129931658 6.506874129931658 6.506874129931658 6.506874129931658 6.506874129931658 6.506874129931658 6.506874129931658 6.506874129931658 6.506874129931658 6.506874129931658 6.506874129931658 6.506874129931658 6.506874129931658 6.506874129931658 6.506874129931658 6.506874129931658 6.506874129931658 6.506874129931658 6.506874129931658 6.506874129931658 6.506874129931658 6.506874129931658 6.506874129931658 6.506874129931658 6.506874129931658 6.506874129931658 6.506874129931658 6.506874129931658 6.506874129931658 6.506874129931658 
# NS_mass_list
-10.0 -10.0 4.317504775144286 5.97852671480588 6.598146759565275 6.900628034848862 7.062971259961876 7.147283085948909 7.177931267841928 7.18954605010893 7.193846343504544 7.19538443044107 7.195916158446165 7.196094616488815 7.196153644193925 7.196172288445625 7.196184589901377 7.196184589901377 7.196184589901377 7.196184589901377 7.196184589901377 7.196184589901377 7.196184589901377 7.196184589901377 7.196184589901377 7.196184589901377 7.196184589901377 7.196184589901377 7.196184589901377 7.196184589901377 7.196184589901377 7.196184589901377 7.196184589901377 7.196184589901377 7.196184589901377 7.196184589901377 7.196184589901377 7.196184589901377 7.196184589901377 7.196184589901377 7.196184589901377 7.196184589901377 7.196184589901377 7.196184589901377 7.196184589901377 7.196184589901377 7.196184589901377 7.196184589901377 7.196184589901377 7.196184589901377 7.196184589901377 7.196184589901377 7.196184589901377 7.196184589901377 7.196184589901377 7.196184589901377 7.196184589901377 7.196184589901377 7.196184589901377 
# WD_mass_list
-10.0 -10.0 -10.0 -10.0 -10.0 3.0136611291685504 4.766614052508705 5.846863676924638 6.363399400946371 6.619217787269599 6.777451409795726 6.886906323096479 6.9683384000807 7.032131471620407 7.084051385092592 7.127542148344453 7.274747843701883 7.428138503375132 7.515881029849421 7.57618230001289 7.621607295784785 7.657819196951016 7.687773836161216 7.713267160068533 7.7354087696897516 7.737503722021616 7.739511337944017 7.741473108880143 7.743419689012309 7.745363053324676 7.747307587879056 7.749255106467108 7.751196605465812 7.754897862749637 7.7722251500806045 7.802202307071116 7.827265335479093 7.849013989201432 7.867843332777593 7.892114074517685 7.913083096415463 7.931364222902351 7.937184806237908 7.947584175797463 7.962355582755238 7.975395726564806 7.983617922567515 7.987325388272584 8.002294117560648 8.018177608413591 8.046089044287777 8.068648175985617 8.08719981399962 8.103357546872727 8.117950720288459 8.129913021469626 8.141434478813576 8.151458645804608 8.1603410567793 
