# time_axis
1000000 10000000 20000000 30000000 40000000 50000000 60000000 70000000 80000000 90000000 100000000 110000000 120000000 130000000 140000000 150000000 200000000 300000000 400000000 500000000 600000000 700000000 800000000 900000000 1000000000 1010000000 1020000000 1030000000 1040000000 1050000000 1060000000 1070000000 1080000000 1100000000 1200000000 1400000000 1600000000 1800000000 2000000000 2300000000 2600000000 2900000000 3000000000 3200000000 3500000000 3800000000 4000000000 4100000000 4500000000 5000000000 6000000000 7000000000 8000000000 9000000000 10000000000 11000000000 12000000000 13000000000 14000000000 
# SNIa_energy_release_list
0 0.0 0.0 0.0 0.0 0.0 2.0915029405232283e+54 9.041803131075979e+55 3.17687894813221e+56 5.55552610134116e+56 7.7449147034702105e+56 9.703206464651407e+56 1.1444579142837541e+57 1.3001060280301656e+57 1.4405101782720334e+57 1.5683426459219951e+57 2.077481133141859e+57 2.7498860525025375e+57 3.206511780085254e+57 3.552788900617112e+57 3.831825818820675e+57 4.065536014144042e+57 4.266620815433273e+57 4.4430757864257174e+57 4.600293637271796e+57 4.6151052032733625e+57 4.6297715618460224e+57 4.644298513318075e+57 4.658674953446298e+57 4.672911005230957e+57 4.68700849613852e+57 4.700964821120238e+57 4.71478722145631e+57 4.7420454229521316e+57 4.871120460953295e+57 5.099062750315397e+57 5.295860764505078e+57 5.469007953512383e+57 5.623606643088628e+57 5.828290893683405e+57 6.007516272965152e+57 6.166919071871532e+57 6.216389782676983e+57 6.31045140283567e+57 6.440981348978116e+57 6.560704718034158e+57 6.635329899188093e+57 6.671237352308372e+57 6.806573736913912e+57 6.959631550901957e+57 7.224292633850122e+57 7.44784282194995e+57 7.641349156970588e+57 7.811989956101314e+57 7.964467540416596e+57 8.10249462786914e+57 8.228419380137394e+57 8.344229876806491e+57 8.451434251493447e+57 
# SNII_energy_release_list
0 0.0 5.449868362403338e+53 5.910534174768965e+55 2.1505063515942787e+56 3.306025718155865e+56 4.163940220457067e+56 4.720002059610475e+56 4.962751425536133e+56 5.064267761268901e+56 5.103778261391432e+56 5.117886891764308e+56 5.12263565902644e+56 5.124076530457363e+56 5.12465630322339e+56 5.1248386548901454e+56 5.124908406089442e+56 5.124908406089442e+56 5.124908406089442e+56 5.124908406089442e+56 5.124908406089442e+56 5.124908406089442e+56 5.124908406089442e+56 5.124908406089442e+56 5.124908406089442e+56 5.124908406089442e+56 5.124908406089442e+56 5.124908406089442e+56 5.124908406089442e+56 5.124908406089442e+56 5.124908406089442e+56 5.124908406089442e+56 5.124908406089442e+56 5.124908406089442e+56 5.124908406089442e+56 5.124908406089442e+56 5.124908406089442e+56 5.124908406089442e+56 5.124908406089442e+56 5.124908406089442e+56 5.124908406089442e+56 5.124908406089442e+56 5.124908406089442e+56 5.124908406089442e+56 5.124908406089442e+56 5.124908406089442e+56 5.124908406089442e+56 5.124908406089442e+56 5.124908406089442e+56 5.124908406089442e+56 5.124908406089442e+56 5.124908406089442e+56 5.124908406089442e+56 5.124908406089442e+56 5.124908406089442e+56 5.124908406089442e+56 5.124908406089442e+56 5.124908406089442e+56 5.124908406089442e+56 
# SN_energy_per_current_crossing_time_list
0.0 0.0 8.365136140919377e+53 5.603874217338475e+55 1.6134582401908144e+56 1.2344201126565224e+56 9.392995595247498e+55 6.579105874213969e+55 3.730353951346183e+55 2.204510207804525e+55 1.425908834911292e+55 1.0394846031587082e+55 8.411654359170982e+54 7.254857269313132e+54 6.516427456520825e+54 5.9404651823272305e+54 4.8798130914198326e+54 3.376618795159597e+54 2.371474746163563e+54 1.8471297882439042e+54 1.5220645044438051e+54 1.2995094398755765e+54 1.1370627625441479e+54 1.0129102350779049e+54 9.148468141611361e+53 8.63011860138834e+53 8.556381009341106e+53 8.485522979734516e+53 8.407979074956086e+53 8.336255163367408e+53 8.265357921666401e+53 8.192668834986769e+53 8.124115046383411e+53 8.029831065041528e+53 7.691873366937468e+53 6.9328324712396554e+53 6.093334530574344e+53 5.447611087708625e+53 4.93416771398415e+53 4.438044606753037e+53 3.951236568409069e+53 3.5670301288650036e+53 3.336799751911082e+53 3.1999139565644465e+53 2.997058531198024e+53 2.779059991469693e+53 2.6160297621817314e+53 2.5253020321633253e+53 2.4089217304934688e+53 2.208317303153357e+53 1.953263736910451e+53 1.6799683275805156e+53 1.475950190716505e+53 1.3183444135881794e+53 1.191532620622029e+53 1.0888185140270248e+53 1.0022679230797937e+53 9.290624311269771e+52 8.66136985026501e+52 
# SN_energy_per_final_crossing_time_list
0.0 0.0 1.1741641616117208e+54 1.2616721259293763e+56 3.359812797668011e+56 2.4895453211764727e+56 1.8500508786750718e+56 1.2693867607808139e+56 7.066173499852576e+55 4.108932773423366e+55 2.620120615272158e+55 1.8861317644077834e+55 1.5092196547543423e+55 1.288572104767718e+55 1.1468592405508387e+55 1.036726400743109e+55 8.229977178057415e+54 5.432565333948914e+54 3.689219139880276e+54 2.797678938354042e+54 2.2544247447890797e+54 1.888216264853207e+54 1.6246257117014272e+54 1.4256337674149566e+54 1.2702111804839622e+54 1.1966717923199048e+54 1.1849400392974978e+54 1.1736769125672137e+54 1.16151664000956e+54 1.1501742356552384e+54 1.138979477914968e+54 1.1275742503058629e+54 1.1167540679074164e+54 1.1011368020090315e+54 1.0428367739932211e+54 9.208077928005637e+53 7.949957227360747e+53 6.994545917109972e+53 6.245250871040372e+53 5.512355884426321e+53 4.8267224823181935e+53 4.29288015073116e+53 3.99689027889652e+53 3.7997632246281925e+53 3.5153047419199466e+53 3.2242725857104234e+53 3.0145984993833287e+53 2.9010731396356935e+53 2.733560278414816e+53 2.473201936571287e+53 2.1382779677409728e+53 1.8061304539883014e+53 1.563396961063492e+53 1.3786592917796125e+53 1.2319131150067705e+53 1.1151631239603987e+53 1.0173846504708458e+53 9.356684809952438e+52 8.66136985026501e+52 
# total_energy_release_list
0 0 5.449868362403338e+53 5.910534174768965e+55 2.1505063515942787e+56 3.306025718155865e+56 4.1848552498622995e+56 5.624182372718073e+56 8.139630373668343e+56 1.0619793862610062e+57 1.2848692964861642e+57 1.4821093356415715e+57 1.6567214801863982e+57 1.812513681075902e+57 1.9529758085943725e+57 2.0808265114110096e+57 2.5899719737508032e+57 3.2623768931114814e+57 3.719002620694198e+57 4.065279741226057e+57 4.3443166594296196e+57 4.578026854752987e+57 4.779111656042218e+57 4.955566627034661e+57 5.11278447788074e+57 5.127596043882306e+57 5.142262402454966e+57 5.1567893539270195e+57 5.1711657940552426e+57 5.185401845839901e+57 5.1994993367474645e+57 5.213455661729183e+57 5.2272780620652536e+57 5.2545362635610754e+57 5.3836113015622385e+57 5.611553590924341e+57 5.808351605114022e+57 5.981498794121327e+57 6.1360974836975715e+57 6.340781734292349e+57 6.520007113574096e+57 6.679409912480476e+57 6.728880623285927e+57 6.822942243444614e+57 6.95347218958706e+57 7.073195558643102e+57 7.147820739797037e+57 7.183728192917316e+57 7.319064577522855e+57 7.4721223915109e+57 7.736783474459066e+57 7.960333662558893e+57 8.153839997579532e+57 8.324480796710258e+57 8.47695838102554e+57 8.614985468478083e+57 8.740910220746338e+57 8.856720717415435e+57 8.963925092102391e+57 
# binding_energy_list
7.211074791828947e+54 7.211074791828947e+54 7.194489780036983e+54 7.177942912713644e+54 7.112135136533237e+54 7.046930689671452e+54 6.998419960022717e+54 6.966265141107743e+54 6.934258060165708e+54 6.902398038402398e+54 6.870684400142374e+54 6.854882264526593e+54 6.823386941416746e+54 6.807693586937389e+54 6.792036326171858e+54 6.776415076106799e+54 6.698846094165272e+54 6.591738952443253e+54 6.501296903430943e+54 6.441692655151735e+54 6.382634861905483e+54 6.324118513762223e+54 6.280583588133205e+54 6.251726927756848e+54 6.208690342300624e+54 6.208690342300624e+54 6.208690342300624e+54 6.208690342300624e+54 6.194410750767837e+54 6.194410750767837e+54 6.194410750767837e+54 6.194410750767837e+54 6.180164001384114e+54 6.180164001384114e+54 6.151768727098702e+54 6.095368972401644e+54 6.053408747539087e+54 6.011737374832828e+54 5.970352865838415e+54 5.915616341754719e+54 5.874893525297745e+54 5.834451042737424e+54 5.8210321777087214e+54 5.807644175213159e+54 5.7676646339225445e+54 5.74116462207328e+54 5.727960309858327e+54 5.7147863667186424e+54 5.688529308438448e+54 5.6493697481230574e+54 5.59757601495107e+54 5.559042572704003e+54 5.5207743928075396e+54 5.495408738576271e+54 5.47015962893971e+54 5.445026528424176e+54 5.4200089040162604e+54 5.407543229455771e+54 5.382697825162903e+54 
# total_gas_kinetic_energy_list
2.3295382953416163e+57 1.0392268085608352e+59 2.202784305959255e+59 8.810357136091548e+58 3.960763692547848e+58 1.7080781716716145e+58 7.012536844444131e+57 2.7754315228421074e+57 1.0718733710177475e+57 4.0857408549878175e+56 1.5620640870212664e+56 6.164113235809623e+55 2.646772711965162e+55 1.3326373422952767e+55 8.296569553854229e+54 6.275317180135664e+54 2.690283871140505e+55 5.635379057703628e+55 7.816974490774731e+55 9.542611296246128e+55 1.0970349980113029e+56 1.2189658624158807e+56 1.3270200753451821e+56 1.4242678311857027e+56 1.5130450022631233e+56 1.5216833178088347e+56 1.5300103492783829e+56 1.5380564111162262e+56 1.5460380626028994e+56 1.554330976733938e+56 1.5625407263510895e+56 1.5706512478695792e+56 1.5788245622011425e+56 1.5946969141153125e+56 1.6696021046568972e+56 1.8053213781354866e+56 1.9234685374656228e+56 2.0301539852427048e+56 2.125685993073309e+56 2.250204859266113e+56 2.3593921031443483e+56 2.4570534624959633e+56 2.48774887947171e+56 2.5442279847809385e+56 2.6237218445200732e+56 2.692939576240053e+56 2.735236023905076e+56 2.7544795507075364e+56 2.829705217306126e+56 2.9086342644839262e+56 3.041172663623139e+56 3.142751358010163e+56 3.226352921692586e+56 3.2990579994163685e+56 3.3637019925711593e+56 3.4174878512949393e+56 3.4677378102152016e+56 3.5125625933854437e+56 3.553340369728494e+56 
