# time_axis
5.999999999999999 7.0 7.30102999566398 7.477121254719661 7.602059991327962 7.698970004336018 7.778151250383643 7.845098040014256 7.903089986991943 7.954242509439324 8.0 8.041392685158224 8.079181246047623 8.113943352306837 8.146128035678238 8.176091259055681 8.301029995663981 8.47712125471966 8.60205999132796 8.698970004336019 8.778151250383644 8.845098040014257 8.903089986991942 8.954242509439323 8.999999999999998 9.004321373782641 9.008600171761916 9.012837224705171 9.017033339298779 9.021189299069936 9.02530586526477 9.02938377768521 9.033423755486949 9.041392685158224 9.079181246047623 9.146128035678236 9.204119982655923 9.255272505103305 9.301029995663981 9.361727836017593 9.414973347970816 9.462397997898954 9.477121254719663 9.505149978319904 9.544068044350274 9.57978359661681 9.60205999132796 9.612783856719734 9.653212513775342 9.698970004336017 9.778151250383642 9.845098040014257 9.903089986991944 9.954242509439325 10.0 10.041392685158225 10.079181246047623 10.113943352306835 10.146128035678236 
# total_gas_mass_list
8.602310340709769 10.259709666856528 10.58606671161518 10.188160048671916 9.84100261021858 9.47575190590016 9.089163484161347 8.686773819451888 8.274010310834882 7.855834655595223 7.439520100430582 7.038092315972008 6.675232355935669 6.383792862152131 6.184820316084516 6.066829955083937 6.694757733453279 7.010255593325106 7.149551883618183 7.236611708189664 7.298415364841543 7.345424816025042 7.382969099631865 7.413983784072355 7.440289499172976 7.442744952640021 7.445110581986437 7.4473969309260015 7.449653641099753 7.451958830761033 7.454230500202905 7.45646056904306 7.458697998782459 7.463024167640458 7.48282960226744 7.51628361239422 7.543225488037206 7.565965755783423 7.585255248400407 7.609153989505774 7.628993974559337 7.64594706278258 7.651132829588808 7.660521983431421 7.673346921593343 7.684237191675593 7.690766506535939 7.693707279534361 7.705013559888649 7.716595185094216 7.735330438348127 7.749233375534582 7.760424118206715 7.7699183496957 7.778219872195378 7.784984623689851 7.791335886517109 7.796910814401312 7.801902806669094 
# ejected_gas_mass_list
-10.0 -10.0 4.19366633300332 6.218857163046381 6.7820076564187985 6.972502155524932 7.074755369418956 7.143561319997754 7.196847972495935 7.238502470450412 7.272573609562979 7.301151836025883 7.325544755522856 7.346696793171435 7.365288544634314 7.381848073692732 7.444289271797186 7.519861590076786 7.5679013073252985 7.603215436778298 7.630870692087002 7.6533689498018855 7.672250263072227 7.6884592593955325 7.702639527981168 7.703983338098062 7.705281242040583 7.706538680263609 7.707782738479087 7.709056516133513 7.71031473015769 7.711552757938522 7.71279771331818 7.715212954205012 7.726405468684789 7.745812846806902 7.7618960573246225 7.775782248967659 7.787781968091068 7.80292658038882 7.815729508772726 7.826832855565285 7.830259021910836 7.836497523823756 7.845091691419672 7.8524548409100845 7.856898034332343 7.858906187003697 7.866666873246431 7.874681922339792 7.887785975078032 7.8976191815205965 7.905600665309808 7.912418175862098 7.91841352080299 7.9233224659614905 7.927950384758447 7.93202770614983 7.9356905859909075 
# stellar_mass_list
-10.0 6.602310340709769 8.26723907437858 8.664538132086152 8.554904125364459 8.505868827412275 8.472983226453506 8.447387283976548 8.426692072478376 8.409315130691924 8.394413840827625 8.381460340081382 8.370035460199478 8.359840812534255 8.350657545501123 8.342250079540646 8.308577658772794 8.262652331008045 8.229851465041884 8.203783024785274 8.181916228037098 8.162973788765452 8.146243127209466 8.131124699763257 8.117337957393747 8.115997631542783 8.114696338030928 8.113427142961214 8.11215181367009 8.11089197218626 8.10962812635553 8.108356132049439 8.107080447319023 8.104612986724792 8.092842306501948 8.071368549550483 8.052245900737931 8.034674622579285 8.018647797547823 7.996806310372161 7.976748675684867 7.958245755608299 7.9521635605231396 7.940956847060892 7.924463913871967 7.909251595110817 7.89927851704379 7.894710643749189 7.87565550374123 7.854252812926391 7.813390185665027 7.777440840338063 7.747122015302259 7.720176087155236 7.695453082494503 7.674740640794727 7.654575823119492 7.636703953659945 7.620685883575317 
# remnant_mass_list
-10.0 -10.0 5.186049410956963 7.2886831445635485 7.818926573571457 7.943291087330034 7.998545225173503 8.028225507759915 8.046035194367937 8.058238574910492 8.067445305837404 8.074840324172763 8.081032483712749 8.086360595273325 8.091037522244017 8.095202645898473 8.111066934279952 8.130679945318349 8.143410234544138 8.152839079122533 8.160301364151513 8.166448560409144 8.171666569852482 8.176192154603475 8.180182744218497 8.180563132722671 8.180930253938586 8.181289664786156 8.181643478255822 8.181997392832624 8.182351364343074 8.182708235809857 8.18306322234559 8.183743751040689 8.186942558834 8.192551440014682 8.197306255655329 8.201491058450156 8.205151858153721 8.209917399040915 8.214084071274073 8.217753455831973 8.218931106220465 8.221039394694658 8.224058896463427 8.226728791740975 8.228433792827605 8.229196141491078 8.232318700707463 8.235638202666633 8.241555578878247 8.246281024432763 8.249912191159272 8.252911103737706 8.25549076655894 8.257491595256614 8.259360424946102 8.260923990281224 8.262245178802978 
# BH_mass_list
-10.0 -10.0 4.951689046032219 7.149642445497719 7.661319515047579 7.738480609246631 7.761373935448247 7.768386056829157 7.770318954033357 7.770765396190414 7.770848185108361 7.7708582032863776 7.770859186236281 7.770859351708194 7.770859372826578 7.770859373479437 7.770859373479437 7.770859373479437 7.770859373479437 7.770859373479437 7.770859373479437 7.770859373479437 7.770859373479437 7.770859373479437 7.770859373479437 7.770859373479437 7.770859373479437 7.770859373479437 7.770859373479437 7.770859373479437 7.770859373479437 7.770859373479437 7.770859373479437 7.770859373479437 7.770859373479437 7.770859373479437 7.770859373479437 7.770859373479437 7.770859373479437 7.770859373479437 7.770859373479437 7.770859373479437 7.770859373479437 7.770859373479437 7.770859373479437 7.770859373479437 7.770859373479437 7.770859373479437 7.770859373479437 7.770859373479437 7.770859373479437 7.770859373479437 7.770859373479437 7.770859373479437 7.770859373479437 7.770859373479437 7.770859373479437 7.770859373479437 7.770859373479437 
# NS_mass_list
-10.0 -10.0 4.80622589477858 6.726373607313606 7.3022949607905705 7.518446595920037 7.6217149061273535 7.673549129289377 7.694115022165424 7.702267554730906 7.705317278534793 7.706363440564443 7.706694395787356 7.706785149553657 7.70681636828279 7.706824631246569 7.706827614336844 7.706827614336844 7.706827614336844 7.706827614336844 7.706827614336844 7.706827614336844 7.706827614336844 7.706827614336844 7.706827614336844 7.706827614336844 7.706827614336844 7.706827614336844 7.706827614336844 7.706827614336844 7.706827614336844 7.706827614336844 7.706827614336844 7.706827614336844 7.706827614336844 7.706827614336844 7.706827614336844 7.706827614336844 7.706827614336844 7.706827614336844 7.706827614336844 7.706827614336844 7.706827614336844 7.706827614336844 7.706827614336844 7.706827614336844 7.706827614336844 7.706827614336844 7.706827614336844 7.706827614336844 7.706827614336844 7.706827614336844 7.706827614336844 7.706827614336844 7.706827614336844 7.706827614336844 7.706827614336844 7.706827614336844 7.706827614336844 
# WD_mass_list
-10.0 -10.0 -10.0 -10.0 -10.0 3.263605955768798 4.941432196210935 5.9502406828044325 6.448767051151748 6.697343550249088 6.849115802131323 6.951687377013007 7.025894377640773 7.082473767337593 7.127382845712224 7.164234462204934 7.283933100764339 7.401293287296161 7.4655723799988705 7.508749330407349 7.540710274219453 7.565757609871476 7.586200665279516 7.6033715097832975 7.618110382142733 7.619496489012545 7.620831215153571 7.622135035829596 7.623415788813286 7.624694179967282 7.6259700617091735 7.627253661443423 7.62852777093275 7.630962799828462 7.642278960784787 7.661627017589038 7.677565395539489 7.691262953883692 7.70300520606886 7.717972343304074 7.730777970367289 7.741849000672163 7.745362596564594 7.7516060895550405 7.76044607860893 7.76816536786546 7.77304848360302 7.775220353446124 7.784043623707512 7.793298553570244 7.809490891338847 7.8221535702191245 7.831729778656665 7.839541287499359 7.8461923868755985 7.851308598133186 7.856054430511431 7.860001086047827 7.863319177531801 
