# time_axis
1000000 10000000 20000000 30000000 40000000 50000000 60000000 70000000 80000000 90000000 100000000 110000000 120000000 130000000 140000000 150000000 200000000 300000000 400000000 500000000 600000000 700000000 800000000 900000000 1000000000 1010000000 1020000000 1030000000 1040000000 1050000000 1060000000 1070000000 1080000000 1100000000 1200000000 1400000000 1600000000 1800000000 2000000000 2300000000 2600000000 2900000000 3000000000 3200000000 3500000000 3800000000 4000000000 4100000000 4500000000 5000000000 6000000000 7000000000 8000000000 9000000000 10000000000 11000000000 12000000000 13000000000 14000000000 
# SNIa_energy_release_list
0 0.0 0.0 0.0 0.0 0.0 1.6341545861796231e+55 7.549209800447327e+55 1.4160724347942589e+56 2.0386166408976835e+56 2.5983846209892936e+56 3.0972683740483525e+56 3.54362100063356e+56 3.946106790351705e+56 4.3120988760960955e+56 4.647515600048083e+56 6.000502072383116e+56 7.81854986188241e+56 9.067344405935876e+56 1.0019881889133863e+57 1.0790229021412328e+57 1.1436920089320491e+57 1.1994313399352831e+57 1.2484076391674575e+57 1.2920885365715178e+57 1.2962066458023858e+57 1.3002862261421878e+57 1.3043234991158326e+57 1.3083210008854786e+57 1.3122798129633151e+57 1.3161989179887198e+57 1.3200800766082363e+57 1.323924865838157e+57 1.3315074606098705e+57 1.3674242511937334e+57 1.4309001265990535e+57 1.4857476774964214e+57 1.5340363385495853e+57 1.5771725897943983e+57 1.6343115993288675e+57 1.6843655825518633e+57 1.7288997578746373e+57 1.742730648325836e+57 1.7690126141904127e+57 1.805499871076524e+57 1.838970529239787e+57 1.8598361871772344e+57 1.869878349971053e+57 1.9077307087354742e+57 1.950541576182794e+57 2.024583313498802e+57 2.0871420443332457e+57 2.14130307187312e+57 2.1890739055390768e+57 2.2317689737436366e+57 2.2703973894767412e+57 2.305654675469782e+57 2.3380822871301667e+57 2.368100910049832e+57 
# SNII_energy_release_list
0 0.0 2.444352914366592e+55 1.1407781019988579e+56 2.1512516424576265e+56 3.0389584589539525e+56 3.669549807297115e+56 3.909244945005511e+56 4.00037547239745e+56 4.035031863858021e+56 4.048209812679253e+56 4.0532774901184686e+56 4.055281000077793e+56 4.056066817956398e+56 4.0564429782426845e+56 4.056628767586526e+56 4.056805262154531e+56 4.056805262154531e+56 4.056805262154531e+56 4.056805262154531e+56 4.056805262154531e+56 4.056805262154531e+56 4.056805262154531e+56 4.056805262154531e+56 4.056805262154531e+56 4.056805262154531e+56 4.056805262154531e+56 4.056805262154531e+56 4.056805262154531e+56 4.056805262154531e+56 4.056805262154531e+56 4.056805262154531e+56 4.056805262154531e+56 4.056805262154531e+56 4.056805262154531e+56 4.056805262154531e+56 4.056805262154531e+56 4.056805262154531e+56 4.056805262154531e+56 4.056805262154531e+56 4.056805262154531e+56 4.056805262154531e+56 4.056805262154531e+56 4.056805262154531e+56 4.056805262154531e+56 4.056805262154531e+56 4.056805262154531e+56 4.056805262154531e+56 4.056805262154531e+56 4.056805262154531e+56 4.056805262154531e+56 4.056805262154531e+56 4.056805262154531e+56 4.056805262154531e+56 4.056805262154531e+56 4.056805262154531e+56 4.056805262154531e+56 4.056805262154531e+56 4.056805262154531e+56 
# SN_energy_per_current_crossing_time_list
0.0 0.0 4.6147097932481925e+55 1.591751888720927e+56 1.7942583121224076e+56 1.5953400611141854e+56 1.1596546266685461e+56 4.828707980807496e+55 2.1608366848401736e+55 1.0915138461222587e+55 6.484426935138363e+54 4.5459059325083115e+54 3.607615554874657e+54 3.075361069255525e+54 2.7463844092809753e+54 2.4989642075594294e+54 2.0372088416586413e+54 1.4063118660364383e+54 9.875662407186175e+53 7.6665025431248e+53 6.291949752763934e+53 5.3490116978687005e+53 4.661896573514314e+53 4.137061237509025e+53 3.723218422588046e+53 3.513098949743154e+53 3.4831082570534568e+53 3.449824492132007e+53 3.4186569752024798e+53 3.388371423011941e+53 3.357174819363523e+53 3.327437132237315e+53 3.2989430410248176e+53 3.258096064206151e+53 3.109970142964606e+53 2.7857640344877166e+53 2.4358634676918042e+53 2.167397288213995e+53 1.954530939611979e+53 1.7477143347699043e+53 1.548003442916389e+53 1.390873069195243e+53 1.300026377101182e+53 1.242161365788955e+53 1.1589834379881976e+53 1.0707697511036097e+53 1.0057206978024581e+53 9.700079661738122e+52 9.214345345829929e+52 8.408009885998062e+52 7.377652301215498e+52 6.307540359885384e+52 5.517963713554327e+52 4.91406429789157e+52 4.4325889845860764e+52 4.042277739121835e+52 3.7187653900882106e+52 3.445359343883007e+52 3.210696545406803e+52 
# SN_energy_per_final_crossing_time_list
0.0 0.0 6.971739269021716e+55 2.5565327879509998e+56 2.8820543960401557e+56 2.5319013615304483e+56 1.816039661758549e+56 7.469196974825248e+55 3.3063550486889477e+55 1.6543168488736224e+55 9.745691270477755e+54 6.781295952680731e+54 5.345483393115717e+54 4.5289897037560706e+54 4.021822840070151e+54 3.640501226769306e+54 2.904290591678056e+54 1.944526160560803e+54 1.3356709730641023e+54 1.0188038321607391e+54 8.239388205746917e+53 6.9168022238554995e+53 5.9617017734059335e+53 5.2383493797291946e+53 4.671970022436027e+53 4.404598810724734e+53 4.363389532812983e+53 4.3181389179758885e+53 4.275600901616209e+53 4.234219636337097e+53 4.1917502344555745e+53 4.15116396418436e+53 4.112264420444321e+53 4.055051243341818e+53 3.841545821682695e+53 3.3945889927386928e+53 2.933159903128704e+53 2.5824008922832296e+53 2.306858199727603e+53 2.0371356475528303e+53 1.7845383452799234e+53 1.587744639319705e+53 1.4793081051853426e+53 1.4055177886361306e+53 1.3008536950447601e+53 1.1933050895869082e+53 1.1158622438592411e+53 1.074077830845642e+53 1.012142011357984e+53 9.157828764285692e+52 7.919269010194846e+52 6.691083115728293e+52 5.792891448862496e+52 5.109416612246217e+52 4.5665288630042355e+52 4.1315726334523136e+52 3.771007305738953e+52 3.4683543283254556e+52 3.210696545406803e+52 
# total_energy_release_list
0 0 2.444352914366592e+55 1.1407781019988579e+56 2.1512516424576265e+56 3.0389584589539525e+56 3.8329652659150773e+56 4.664165925050244e+56 5.416447907191709e+56 6.073648504755705e+56 6.646594433668547e+56 7.150545864166821e+56 7.598902000711353e+56 8.002173608308103e+56 8.368541854338781e+56 8.704144367634609e+56 1.0057307334537646e+57 1.1875355124036942e+57 1.3124149668090407e+57 1.4076687151288393e+57 1.484703428356686e+57 1.5493725351475023e+57 1.605111866150736e+57 1.6540881653829107e+57 1.697769062786971e+57 1.701887172017839e+57 1.7059667523576408e+57 1.7100040253312858e+57 1.7140015271009316e+57 1.7179603391787683e+57 1.7218794442041728e+57 1.7257606028236893e+57 1.72960539205361e+57 1.7371879868253237e+57 1.7731047774091866e+57 1.8365806528145066e+57 1.8914282037118746e+57 1.9397168647650385e+57 1.9828531160098515e+57 2.0399921255443207e+57 2.0900461087673165e+57 2.1345802840900905e+57 2.148411174541289e+57 2.174693140405866e+57 2.2111803972919773e+57 2.24465105545524e+57 2.2655167133926876e+57 2.275558876186506e+57 2.3134112349509274e+57 2.356222102398247e+57 2.4302638397142552e+57 2.492822570548699e+57 2.546983598088573e+57 2.59475443175453e+57 2.6374494999590898e+57 2.6760779156921944e+57 2.7113352016852353e+57 2.74376281334562e+57 2.773781436265285e+57 
# binding_energy_list
8.933054837332963e+54 8.933054837332963e+54 8.933054837332963e+54 8.912509381337514e+54 8.871560120379617e+54 8.85115609830841e+54 8.810488730080146e+54 8.790225168308896e+54 8.770008211436303e+54 8.749837752274363e+54 8.729713683881166e+54 8.709635899560761e+54 8.709635899560761e+54 8.68960429286302e+54 8.669618757582214e+54 8.649679187756885e+54 8.609937521846052e+54 8.51138038202376e+54 8.452788451602891e+54 8.394599865193965e+54 8.336811846196331e+54 8.298507675144166e+54 8.260379495771817e+54 8.222426499470695e+54 8.20351544329821e+54 8.20351544329821e+54 8.184647881347836e+54 8.184647881347836e+54 8.184647881347836e+54 8.184647881347836e+54 8.184647881347836e+54 8.184647881347836e+54 8.165823713585906e+54 8.165823713585906e+54 8.147042840208421e+54 8.090958991783846e+54 8.053784411990643e+54 8.016780633876855e+54 7.979946872679785e+54 7.94328234724279e+54 7.90678627999831e+54 7.870457896951001e+54 7.852356346100775e+54 7.834296427662088e+54 7.816278045883308e+54 7.780365510398008e+54 7.780365510398008e+54 7.762471166286928e+54 7.744617978025239e+54 7.709034690644309e+54 7.673614893618154e+54 7.638357835776954e+54 7.603262769401822e+54 7.568328950209705e+54 7.533555637337217e+54 7.516228940182015e+54 7.481695005111584e+54 7.464487584100623e+54 7.447319739059888e+54 
# total_gas_kinetic_energy_list
1.5237098334911527e+59 4.269338393665116e+59 1.622586178713155e+59 6.166730303069245e+58 2.3445641316310511e+58 8.920739565808458e+57 3.40020746338166e+57 1.3017006201972392e+57 5.036753216344837e+56 1.998964405799398e+56 8.387978102713477e+55 3.9221499145317616e+55 2.1733982193249997e+55 1.4636743185915397e+55 1.1548691149079858e+55 1.0030748265305952e+55 3.4287607416817016e+55 7.083247865821465e+55 9.83510865337756e+55 1.202336904763862e+56 1.3846628673338831e+56 1.5412511271116897e+56 1.6809833902315146e+56 1.8072525325635628e+56 1.9234833063158387e+56 1.9343838439269005e+56 1.9451176114597503e+56 1.955809117988816e+56 1.966523995285593e+56 1.9772833720802014e+56 1.988103963259405e+56 1.9989481679925248e+56 2.0095705400140407e+56 2.029807485709192e+56 2.1286987188026415e+56 2.307908978779404e+56 2.4658433389637025e+56 2.6077126679399477e+56 2.7350922706070443e+56 2.9031105978140004e+56 3.0511106392658304e+56 3.182339331496767e+56 3.22499415918011e+56 3.300392228192345e+56 3.4074308827111816e+56 3.500728941419563e+56 3.558105209693277e+56 3.5839963544088734e+56 3.6862841687752607e+56 3.7924192112209472e+56 3.970249585662677e+56 4.111293321337115e+56 4.236901962761552e+56 4.354427483976293e+56 4.467818701829528e+56 4.565817087083162e+56 4.663816973823521e+56 4.755673461033851e+56 4.839356271566388e+56 
