# time_axis
5.999999999999999 7.0 7.30102999566398 7.477121254719661 7.602059991327962 7.698970004336018 7.778151250383643 7.845098040014256 7.903089986991943 7.954242509439324 8.0 8.041392685158224 8.079181246047623 8.113943352306837 8.146128035678238 8.176091259055681 8.301029995663981 8.47712125471966 8.60205999132796 8.698970004336019 8.778151250383644 8.845098040014257 8.903089986991942 8.954242509439323 8.999999999999998 9.004321373782641 9.008600171761916 9.012837224705171 9.017033339298779 9.021189299069936 9.02530586526477 9.02938377768521 9.033423755486949 9.041392685158224 9.079181246047623 9.146128035678236 9.204119982655923 9.255272505103305 9.301029995663981 9.361727836017593 9.414973347970816 9.462397997898954 9.477121254719663 9.505149978319904 9.544068044350274 9.57978359661681 9.60205999132796 9.612783856719734 9.653212513775342 9.698970004336017 9.778151250383642 9.845098040014257 9.903089986991944 9.954242509439325 10.0 10.041392685158225 10.079181246047623 10.113943352306835 10.146128035678236 
# total_gas_mass_list
10.425925345093205 10.873483812573902 10.453331607007373 10.033188022921301 9.613239367412989 9.193648415283668 8.774831738050285 8.357944506588739 7.94567734842001 7.5442622648405795 7.166516246144479 6.8346874027551205 6.575248577593592 6.399779161186716 6.293365524642665 6.229435983993278 6.75940499668383 7.069702891479745 7.211264631008976 7.300393809913074 7.364022847575444 7.412540945878351 7.451491023076384 7.483704750331978 7.511224398681354 7.513711513368133 7.516144205342072 7.51855306017117 7.520952878975324 7.52334841965039 7.525742282112726 7.528126786423913 7.530449251983407 7.534840353854952 7.5556250085450705 7.590701982257322 7.61917864740918 7.643039382963438 7.663282398505034 7.688508793729178 7.709520982531486 7.727287450286056 7.732927036703012 7.742614049826506 7.756026236729523 7.7673712495621094 7.774193047019857 7.777238208479756 7.789028306688117 7.800912750148769 7.820031943760964 7.834563142606345 7.847094354479156 7.858486852085291 7.869183846488948 7.878228643065982 7.887066879481856 7.8952062701705685 7.902483671123545 
# ejected_gas_mass_list
-10.0 -10.0 5.637150791600497 6.350899824553212 6.678785741106284 6.846378638283815 6.951174780113884 7.028481271145219 7.0891371043036635 7.138675521174094 7.179803602626659 7.214506324387347 7.244296688980535 7.270268808754877 7.293216268063304 7.313713645579159 7.3916970688129355 7.486254993661042 7.546074468423688 7.589585502865205 7.623440972852795 7.650807238254341 7.673734312881083 7.6933303938429765 7.710518472585068 7.712091944210501 7.7136341852530155 7.715164427846162 7.716692006331726 7.718219919108347 7.7197498084079035 7.721276740397118 7.722766841770598 7.725591981860004 7.7391018930016395 7.762409403345003 7.781790190320693 7.798338619878389 7.812594348893783 7.830631490364135 7.8458807966474815 7.858930883805159 7.863102833109388 7.870301667981241 7.880336457666593 7.888885122335585 7.894051835996681 7.896364529849294 7.905355288758464 7.914476220214005 7.929270124963018 7.9406115098534595 7.9504582551071294 7.959462634342919 7.967962045240727 7.975182023036315 7.982266241133431 7.98881546532751 7.994691301241192 
# stellar_mass_list
-10.0 8.21831703459146 8.771993884737139 8.814810075667634 8.809022413952327 8.794967858468675 8.78110747771398 8.769164599542327 8.759141649033953 8.750676422736815 8.743412481808745 8.737067176905885 8.731436614579701 8.72637419626292 8.72177250647885 8.717552291759146 8.700412083764244 8.677078925740517 8.660755287170726 8.648115492288765 8.63775205367785 8.628964043605459 8.6212982316207 8.614506995875796 8.608359680317818 8.60778670311944 8.607225784757226 8.60666729905865 8.606107974223484 8.605546677373207 8.604982770577148 8.604418203856078 8.603865917947576 8.602816312965334 8.597720640312108 8.588588519546894 8.580597029347249 8.573452481285559 8.567056470637366 8.558511450922095 8.550872203861172 8.544011131753038 8.541774443905913 8.537760335170509 8.531929818758309 8.526638989124214 8.523276469218315 8.521732259236018 8.515430831366425 8.508548160674694 8.496039300202524 8.485410250596589 8.476120148460996 8.467584859698816 8.459478944417555 8.45256229661019 8.445627631803113 8.439391762017678 8.433675456549784 
# remnant_mass_list
-10.0 -10.0 6.839699290287851 7.461719987760219 7.655846916887361 7.749035514261711 7.802881710005497 7.837878672633152 7.862931774589444 7.8821711580718965 7.897701125097884 7.910693211426666 7.921846517563516 7.93161070258868 7.94028342683905 7.948074525001499 7.978162065623854 8.015621244443762 8.039700321520844 8.057266321646559 8.071019228952906 8.08224961033688 8.091738948570582 8.099916056672752 8.107140207507136 8.107804814824688 8.108453802915168 8.109098729825456 8.109743469627668 8.110389288136867 8.111037046769628 8.111684457853112 8.112316162948455 8.11351193965058 8.119254786420813 8.129281983221109 8.137787575031357 8.145188160268706 8.151654042503294 8.160067079355418 8.167379702063858 8.173784756690385 8.175842127600559 8.179489776962003 8.1847048197525 8.189346500902623 8.192254698578653 8.193577512648996 8.19891513589655 8.204612191544468 8.214649449247892 8.222859233978207 8.229805778632707 8.236011666405803 8.24175684134274 8.246535265718453 8.251231400090274 8.255364577803391 8.259081034432072 
# BH_mass_list
-10.0 -10.0 6.605784748401969 7.185863439017573 7.2931105011867645 7.3278048379860925 7.340302093013547 7.344964997276121 7.346700809110724 7.347333931286804 7.347554991393875 7.347618125781773 7.347629152593875 7.347634288452371 7.347637114439915 7.347639001120892 7.3476404777898745 7.3476404777898745 7.3476404777898745 7.3476404777898745 7.3476404777898745 7.3476404777898745 7.3476404777898745 7.3476404777898745 7.3476404777898745 7.3476404777898745 7.3476404777898745 7.3476404777898745 7.3476404777898745 7.3476404777898745 7.3476404777898745 7.3476404777898745 7.3476404777898745 7.3476404777898745 7.3476404777898745 7.3476404777898745 7.3476404777898745 7.3476404777898745 7.3476404777898745 7.3476404777898745 7.3476404777898745 7.3476404777898745 7.3476404777898745 7.3476404777898745 7.3476404777898745 7.3476404777898745 7.3476404777898745 7.3476404777898745 7.3476404777898745 7.3476404777898745 7.3476404777898745 7.3476404777898745 7.3476404777898745 7.3476404777898745 7.3476404777898745 7.3476404777898745 7.3476404777898745 7.3476404777898745 7.3476404777898745 
# NS_mass_list
-10.0 -10.0 6.45925180867055 7.13396712008945 7.408836672978149 7.541205356169984 7.608409693148801 7.631455150440659 7.639898903269339 7.643055861134656 7.644238565542973 7.644679656742628 7.644841080872796 7.644897083309497 7.644920120958476 7.644929931626033 7.644938950521738 7.644938950521738 7.644938950521738 7.644938950521738 7.644938950521738 7.644938950521738 7.644938950521738 7.644938950521738 7.644938950521738 7.644938950521738 7.644938950521738 7.644938950521738 7.644938950521738 7.644938950521738 7.644938950521738 7.644938950521738 7.644938950521738 7.644938950521738 7.644938950521738 7.644938950521738 7.644938950521738 7.644938950521738 7.644938950521738 7.644938950521738 7.644938950521738 7.644938950521738 7.644938950521738 7.644938950521738 7.644938950521738 7.644938950521738 7.644938950521738 7.644938950521738 7.644938950521738 7.644938950521738 7.644938950521738 7.644938950521738 7.644938950521738 7.644938950521738 7.644938950521738 7.644938950521738 7.644938950521738 7.644938950521738 7.644938950521738 
# WD_mass_list
-10.0 -10.0 -10.0 -10.0 -10.0 4.8293244990842945 6.014447445334091 6.5928103571742485 6.849731476481764 7.001211067481151 7.1028535843242215 7.176775347819789 7.233619318274191 7.279162154008455 7.316778495047831 7.3485982395863685 7.457567188417799 7.571075523052096 7.635035503140476 7.6783196154605236 7.710532515248491 7.735870831723376 7.756664433907972 7.774162530104514 7.789317596581497 7.790698075101754 7.792043919667617 7.793379208048857 7.794711992295202 7.796044894519835 7.797379687626971 7.798711659576078 7.800009299167963 7.802460218069692 7.814133787721677 7.834145286329306 7.850770297579172 7.864989005700914 7.87723312227022 7.892926509770938 7.906358545876743 7.917971192124159 7.921672059341188 7.928199462902052 7.93745754561161 7.945626278918605 7.950710849608343 7.953015216023157 7.962261145811834 7.972039321417291 7.989048521223156 8.002762672525487 8.014233513287646 8.024381940176937 8.03369609254701 8.041385388000455 8.048892649397688 8.055460195741931 8.061334447666715 
