# time_axis
1000000 10000000 20000000 30000000 40000000 50000000 60000000 70000000 80000000 90000000 100000000 110000000 120000000 130000000 140000000 150000000 200000000 300000000 400000000 500000000 600000000 700000000 800000000 900000000 1000000000 1010000000 1020000000 1030000000 1040000000 1050000000 1060000000 1070000000 1080000000 1100000000 1200000000 1400000000 1600000000 1800000000 2000000000 2300000000 2600000000 2900000000 3000000000 3200000000 3500000000 3800000000 4000000000 4100000000 4500000000 5000000000 6000000000 7000000000 8000000000 9000000000 10000000000 11000000000 12000000000 13000000000 14000000000 
# SNIa_energy_release_list
0 0.0 0.0 0.0 0.0 0.0 1.2888697918538775e+54 4.967318142982026e+55 1.617754007733645e+56 2.8848700264327746e+56 4.087258593661259e+56 5.168932343057733e+56 6.131904720987473e+56 6.992447216840253e+56 7.767908099731124e+56 8.473086402971966e+56 1.1274464219607461e+57 1.4961835223441781e+57 1.7460918530090568e+57 1.9354279986162617e+57 2.0879135881687055e+57 2.215583714818613e+57 2.3254018975714446e+57 2.4217506802383253e+57 2.507581772554915e+57 2.5156677164189197e+57 2.523674291402395e+57 2.531603287430624e+57 2.5394515135975988e+57 2.5472227647278493e+57 2.5549178759208455e+57 2.5625364508488972e+57 2.5700817338658163e+57 2.584960496429001e+57 2.6554123612331503e+57 2.7798131953423398e+57 2.8872044915009727e+57 2.9816811530233192e+57 3.0660296126331536e+57 3.1776988515294535e+57 3.2754714238894076e+57 3.362426066281129e+57 3.389411958496406e+57 3.4407198670805164e+57 3.5119206133812306e+57 3.577222186855782e+57 3.61792507466911e+57 3.637511038260648e+57 3.711326181160616e+57 3.794805849890505e+57 3.939151374499226e+57 4.06106610775105e+57 4.166599913134519e+57 4.2596592642542815e+57 4.3428175189943936e+57 4.418084343203311e+57 4.486755190534615e+57 4.5499105143658116e+57 4.6083721480720506e+57 
# SNII_energy_release_list
0 0.0 2.920434020404155e+53 2.6520647438873655e+55 8.61902896676218e+55 1.3864599924501956e+56 1.8001172908178248e+56 2.072581316891321e+56 2.2049759859358614e+56 2.2616531943086437e+56 2.283919773725953e+56 2.2921659016199454e+56 2.2950527273750215e+56 2.296031531542003e+56 2.2963494620549684e+56 2.2964638783013393e+56 2.2965238341325243e+56 2.2965238341325243e+56 2.2965238341325243e+56 2.2965238341325243e+56 2.2965238341325243e+56 2.2965238341325243e+56 2.2965238341325243e+56 2.2965238341325243e+56 2.2965238341325243e+56 2.2965238341325243e+56 2.2965238341325243e+56 2.2965238341325243e+56 2.2965238341325243e+56 2.2965238341325243e+56 2.2965238341325243e+56 2.2965238341325243e+56 2.2965238341325243e+56 2.2965238341325243e+56 2.2965238341325243e+56 2.2965238341325243e+56 2.2965238341325243e+56 2.2965238341325243e+56 2.2965238341325243e+56 2.2965238341325243e+56 2.2965238341325243e+56 2.2965238341325243e+56 2.2965238341325243e+56 2.2965238341325243e+56 2.2965238341325243e+56 2.2965238341325243e+56 2.2965238341325243e+56 2.2965238341325243e+56 2.2965238341325243e+56 2.2965238341325243e+56 2.2965238341325243e+56 2.2965238341325243e+56 2.2965238341325243e+56 2.2965238341325243e+56 2.2965238341325243e+56 2.2965238341325243e+56 2.2965238341325243e+56 2.2965238341325243e+56 2.2965238341325243e+56 
# SN_energy_per_current_crossing_time_list
0.0 0.0 3.1767568355623955e+53 1.9144691570803437e+55 4.322714674402125e+55 3.852508008751387e+55 3.09332043568044e+55 2.208200146006162e+55 1.347871932606663e+55 8.178383176113019e+54 5.362639716832786e+54 3.936238090690097e+54 3.181630641212843e+54 2.7412216359386133e+54 2.4470192220506675e+54 2.230267983156724e+54 1.8308081250393833e+54 1.2675228503610708e+54 8.918314817830629e+53 6.963800820450369e+53 5.7533090097190726e+53 4.924340746318495e+53 4.318947284796797e+53 3.856048675670535e+53 3.489808688042794e+53 3.2926371762714747e+53 3.265228889901456e+53 3.238269634664421e+53 3.20992733573211e+53 3.1831171861594707e+53 3.156382544465502e+53 3.1294986176414186e+53 3.103880362793019e+53 3.06888586980173e+53 2.945172017541683e+53 2.663978852305818e+53 2.3488030261865334e+53 2.105888052558665e+53 1.9125062135653451e+53 1.7264785293308722e+53 1.5422209131181905e+53 1.3963243649249728e+53 1.3074836897710255e+53 1.2561209048431868e+53 1.1795647327431358e+53 1.0962364061333538e+53 1.033483184284533e+53 9.983234349540294e+52 9.54855324602012e+52 8.778590363173628e+52 7.806020080961886e+52 6.741705914477789e+52 5.941913481949906e+52 5.321970385286758e+52 4.820500322231156e+52 4.411759917345683e+52 4.0670427642756644e+52 3.7751232073522537e+52 3.523710903671813e+52 
# SN_energy_per_final_crossing_time_list
0.0 0.0 4.694025602208926e+53 4.2157343052063717e+55 9.590726116032206e+55 8.431227756491683e+55 6.656499276893538e+55 4.67095662367107e+55 2.803668798007564e+55 1.6747153932405533e+55 1.0826181779437431e+55 7.84507350916612e+54 6.268211165970538e+54 5.344149183083613e+54 4.7251065910413414e+54 4.268775112751002e+54 3.3789269025589836e+54 2.2225224627458583e+54 1.506295075685218e+54 1.141202868342132e+54 9.190901801661492e+53 7.69517697042064e+53 6.619170615929301e+53 5.807317286833503e+53 5.173375027282909e+53 4.873714050353234e+53 4.825875327416616e+53 4.779115462326899e+53 4.7304323136110715e+53 4.684036453793641e+53 4.6381439410296155e+53 4.5920125460928685e+53 4.547836649862291e+53 4.4840055394689845e+53 4.246408943031078e+53 3.7490619726695915e+53 3.2364463430417157e+53 2.8472386182500777e+53 2.5420054828484915e+53 2.24358033213619e+53 1.9643782167519013e+53 1.7470319255885258e+53 1.626545079497524e+53 1.5462639808433594e+53 1.4305156515129325e+53 1.311993592444051e+53 1.2266609783729592e+53 1.180522491266764e+53 1.1122817111119485e+53 1.0063291095028367e+53 8.700268307857382e+52 7.348276940673683e+52 6.360934465230451e+52 5.609050405211703e+52 5.01227267151723e+52 4.5366253444503925e+52 4.139060066668361e+52 3.80661793214897e+52 3.523710903671813e+52 
# total_energy_release_list
0 0 2.920434020404155e+53 2.6520647438873655e+55 8.61902896676218e+55 1.3864599924501956e+56 1.8130059887363636e+56 2.5693131311895238e+56 3.8227299936695064e+56 5.146523220741418e+56 6.371178367387212e+56 7.4610982446776785e+56 8.426957448362494e+56 9.288478748382255e+56 1.0064257561786092e+57 1.0769550281273304e+57 1.3570988053739985e+57 1.7258359057574305e+57 1.9757442364223094e+57 2.1650803820295142e+57 2.317565971581958e+57 2.4452360982318657e+57 2.555054280984697e+57 2.651403063651578e+57 2.7372341559681675e+57 2.7453200998321722e+57 2.7533266748156474e+57 2.7612556708438766e+57 2.7691038970108513e+57 2.776875148141102e+57 2.784570259334098e+57 2.7921888342621498e+57 2.799734117279069e+57 2.8146128798422536e+57 2.885064744646403e+57 3.0094655787555924e+57 3.1168568749142252e+57 3.2113335364365715e+57 3.295681996046406e+57 3.407351234942706e+57 3.50512380730266e+57 3.592078449694381e+57 3.6190643419096584e+57 3.670372250493769e+57 3.741572996794483e+57 3.806874570269034e+57 3.8475774580823624e+57 3.8671634216739e+57 3.9409785645738685e+57 4.024458233303757e+57 4.168803757912478e+57 4.290718491164302e+57 4.396252296547771e+57 4.489311647667534e+57 4.572469902407646e+57 4.647736726616563e+57 4.716407573947867e+57 4.779562897779064e+57 4.838024531485303e+57 
# binding_energy_list
7.413102413009132e+54 7.413102413009132e+54 7.413102413009132e+54 7.396052750582375e+54 7.345138681571143e+54 7.311390834834127e+54 7.277798045368272e+54 7.244359600749891e+54 7.211074791828947e+54 7.177942912713644e+54 7.144963260755121e+54 7.128530301265221e+54 7.095777679633873e+54 7.079457843841403e+54 7.063175542629565e+54 7.030723198838356e+54 6.950243175887948e+54 6.823386941416746e+54 6.729766562843223e+54 6.65273156201742e+54 6.591738952443253e+54 6.53130552647469e+54 6.471426157485831e+54 6.426877173170194e+54 6.382634861905483e+54 6.382634861905483e+54 6.382634861905483e+54 6.382634861905483e+54 6.367955209079188e+54 6.367955209079188e+54 6.367955209079188e+54 6.367955209079188e+54 6.353309318517396e+54 6.353309318517396e+54 6.309573444801892e+54 6.251726927756848e+54 6.194410750767837e+54 6.137620051647895e+54 6.095368972401644e+54 6.039486293763782e+54 5.984115950603211e+54 5.929253245800042e+54 5.915616341754719e+54 5.888436553555932e+54 5.8479008414448476e+54 5.8210321777087214e+54 5.7942869642687856e+54 5.780960474057187e+54 5.754399373371543e+54 5.7147863667186424e+54 5.6493697481230574e+54 5.59757601495107e+54 5.546257129579105e+54 5.50807696405403e+54 5.4827696492085025e+54 5.457578610912733e+54 5.432503314924325e+54 5.407543229455771e+54 5.382697825162903e+54 
# total_gas_kinetic_energy_list
4.6055799730817314e+57 1.6887868641523685e+59 2.8688867308871938e+59 1.5351611813404431e+59 7.182521634552494e+58 3.1286901910338365e+58 1.3112091065184896e+58 5.382170994127678e+57 2.186242206450134e+57 8.848094687261566e+56 3.5904861707012306e+56 1.4742341556943572e+56 6.228624785589616e+55 2.794164444030284e+55 1.3974921622955142e+55 8.190454740491358e+54 1.9284584186389789e+55 3.5697779070147725e+55 4.810543981644701e+55 5.804993788111872e+55 6.636609712760835e+55 7.349256600362214e+55 7.981645797841344e+55 8.5560961598776e+55 9.075746048852746e+55 9.125547995871917e+55 9.176300134397276e+55 9.223979972229874e+55 9.270611387087883e+55 9.322127315933053e+55 9.367874291488696e+55 9.415471549851923e+55 9.463837571768481e+55 9.556785779317833e+55 9.998121454377374e+55 1.0802550213251841e+56 1.1505138143506135e+56 1.2137856055110294e+56 1.2707937832640082e+56 1.3452428825637406e+56 1.4111334601078156e+56 1.46881193551431e+56 1.4873208130168877e+56 1.521237219226761e+56 1.5689645646505546e+56 1.6105960295094934e+56 1.6362654398223757e+56 1.64765491429806e+56 1.6931211533819465e+56 1.740140702483248e+56 1.8206180913453768e+56 1.881894159218765e+56 1.9310733512471291e+56 1.974462134782285e+56 2.0114386506895527e+56 2.0420319488062295e+56 2.0696409358775897e+56 2.0951437372981726e+56 2.1183793677357104e+56 
