# time_axis
5.999999999999999 7.0 7.30102999566398 7.477121254719661 7.602059991327962 7.698970004336018 7.778151250383643 7.845098040014256 7.903089986991943 7.954242509439324 8.0 8.301029995663981 8.47712125471966 8.60205999132796 8.698970004336019 8.778151250383644 8.845098040014257 8.903089986991942 8.954242509439323 8.999999999999998 9.004321373782641 9.008600171761916 9.012837224705171 9.017033339298779 9.021189299069936 9.02530586526477 9.02938377768521 9.033423755486949 9.041392685158224 9.079181246047623 9.146128035678236 9.204119982655923 9.255272505103305 9.301029995663981 9.361727836017593 9.414973347970816 9.462397997898954 9.477121254719663 9.505149978319904 9.544068044350274 9.57978359661681 9.60205999132796 9.612783856719734 9.653212513775342 9.698970004336017 9.778151250383642 9.845098040014257 9.903089986991944 9.954242509439325 10.0 10.041392685158225 10.079181246047623 10.113943352306835 10.146128035678236 
# total_gas_mass_list
7.798991930393727 8.532159514641243 9.045575362146153 9.356852846362909 9.57396699172429 9.73766516055806 9.867130546303907 9.973024316274566 10.061499916437374 10.136697523997588 10.201458300565125 10.552433699863492 10.682027480731405 10.736703481418006 10.760470938750553 10.770782904818132 10.775201907217976 10.777067989419805 10.777845253996864 10.778165292129113 10.77818423152913 10.778201544446306 10.778217370771918 10.778231837846505 10.778245061572784 10.778257147954895 10.778268194054988 10.778278288795208 10.778295943111239 10.778349052727956 10.778379684093878 10.778385424184698 10.778387121594246 10.77838809082435 10.778389200744844 10.778390113916936 10.778390916324152 10.778391154859998 10.778391606213614 10.778392216179585 10.778392727877126 10.778393053384482 10.778393191327742 10.77839373764827 10.778394292055234 10.778395173723007 10.778395823371786 10.778396378546915 10.778396876293165 10.778397328567264 10.77839771612392 10.778398094406954 10.778398454115903 10.778398755030855 
# ejected_gas_mass_list
-10.0 -10.0 3.2196326785329443 4.072889136105946 4.683147053885446 5.124396902867367 5.461175975175581 5.730205110295883 5.9525412871232275 6.141045198651109 6.3039940008167505 6.693770467954001 6.76128964251671 6.796887364203281 6.820622988114865 6.8382311889477085 6.8520071532967535 6.8632223213494195 6.872618004867266 6.880669342912053 6.8814125890669215 6.882138150400028 6.882856682550191 6.8835718257947835 6.884281407459037 6.884982580548662 6.885672927667312 6.8863508679348735 6.887666217350843 6.893867483909008 6.9043757592008115 6.9129594308667315 6.920182816719714 6.926360909136538 6.9340606910729266 6.940388218328562 6.945878799785023 6.947497820425971 6.950544908558689 6.954629125281969 6.9580259812471335 6.960173088420357 6.961079795666565 6.964652307760455 6.968247907530362 6.973905348106257 6.978027330727121 6.9815191494779745 6.984626076725974 6.987430025108229 6.989818429974903 6.992137086909814 6.994330473953504 6.996156884354348 
# stellar_mass_list
-10.0 4.497961934729747 5.297007973130219 5.864907771086557 6.254818274678326 6.545732310187551 6.775546216379503 6.964216429385321 7.123450531841637 7.260562955748793 7.380473866044888 7.302234334300897 7.278667195919306 7.263279617804708 7.2516430747058145 7.242195607827964 7.234200721673468 7.227236428357541 7.221057247939857 7.215482867247524 7.214954014259635 7.214435907895278 7.213920656305281 7.2134054481666565 7.212892137490815 7.21238242339671 7.2118785605773414 7.211382646985355 7.210412766137332 7.205733881061223 7.197346913784138 7.189983128962046 7.183364513588159 7.177344619181386 7.16928617564098 7.162081380659572 7.155532892377982 7.153448523136887 7.1495055369926 7.143844762915292 7.1388090273103435 7.135431856178376 7.133951704375548 7.127817792512512 7.121036661484029 7.1085834538366255 7.097871663762728 7.088491876954065 7.079868844236721 7.071788380778012 7.0647852043798505 7.057867037609661 7.05154823058971 7.045844256627725 
# remnant_mass_list
-10.0 -10.0 2.8334130503150035 3.673487600095054 4.274847781257096 4.7066042414271685 5.036429215942521 5.30065256650605 5.519620721913323 5.705691366652966 5.866819357045507 6.2494487302632304 6.32539104939469 6.368615735074525 6.398542453310352 6.421298191232692 6.439574674571572 6.454817195608281 6.467845625514135 6.479220729397302 6.4802819154034035 6.481318434677559 6.482346444057084 6.4833715993014165 6.4843902069479755 6.485398852937596 6.486393172681697 6.487369049278425 6.489269838977098 6.498303861611519 6.513948483217305 6.527134572938282 6.538573743592811 6.548655665235108 6.5616933003460245 6.572929730383412 6.582816398389609 6.585900739332265 6.591654268246526 6.5997365690668675 6.606750147111972 6.611369236086638 6.613369317371216 6.621528671665146 6.630293076410616 6.645743429353529 6.6583963512457265 6.669022423087518 6.6784419695591 6.686980415653819 6.694158010285365 6.70106283013119 6.70720873630773 6.712627609942388 
# BH_mass_list
-10.0 -10.0 2.553529422217306 3.3603624014098434 3.934700064825659 4.332999581216776 4.63178784374674 4.86860922393895 5.063488601856147 5.2282563207512425 5.370352348503354 5.494792925048159 5.494792925048159 5.494792925048159 5.494792925048159 5.494792925048159 5.494792925048159 5.494792925048159 5.494792925048159 5.494792925048159 5.494792925048159 5.494792925048159 5.494792925048159 5.494792925048159 5.494792925048159 5.494792925048159 5.494792925048159 5.494792925048159 5.494792925048159 5.494792925048159 5.494792925048159 5.494792925048159 5.494792925048159 5.494792925048159 5.494792925048159 5.494792925048159 5.494792925048159 5.494792925048159 5.494792925048159 5.494792925048159 5.494792925048159 5.494792925048159 5.494792925048159 5.494792925048159 5.494792925048159 5.494792925048159 5.494792925048159 5.494792925048159 5.494792925048159 5.494792925048159 5.494792925048159 5.494792925048159 5.494792925048159 5.494792925048159 
# NS_mass_list
-10.0 -10.0 2.510154105612162 3.3842250604373643 4.009701397002726 4.467585955860757 4.817744416281629 5.096199657070479 5.323846280211563 5.514470820195969 5.677279500711739 5.954135171557141 5.954135171557141 5.954135171557141 5.954135171557141 5.954135171557141 5.954135171557141 5.954135171557141 5.954135171557141 5.954135171557141 5.954135171557141 5.954135171557141 5.954135171557141 5.954135171557141 5.954135171557141 5.954135171557141 5.954135171557141 5.954135171557141 5.954135171557141 5.954135171557141 5.954135171557141 5.954135171557141 5.954135171557141 5.954135171557141 5.954135171557141 5.954135171557141 5.954135171557141 5.954135171557141 5.954135171557141 5.954135171557141 5.954135171557141 5.954135171557141 5.954135171557141 5.954135171557141 5.954135171557141 5.954135171557141 5.954135171557141 5.954135171557141 5.954135171557141 5.954135171557141 5.954135171557141 5.954135171557141 5.954135171557141 5.954135171557141 
# WD_mass_list
-10.0 -10.0 -10.0 -10.0 -10.0 1.0168176547661991 2.276401121236395 3.0555864808799074 3.6347297179011884 4.068648615594188 4.409028988306122 5.751115122557607 5.955762977011034 6.050971910157438 6.111004902607812 6.154090784987423 6.187322188411211 6.214203044090573 6.23663023507475 6.255827386717351 6.257600875768837 6.259330340719997 6.261042888597632 6.262748001090883 6.264439586250948 6.266112052283239 6.2677582680268165 6.269371552467824 6.272507101454821 6.287289890948591 6.312442769295779 6.333229988739882 6.350977092713918 6.36641012673165 6.386093548778006 6.4028224392318585 6.417370846290855 6.421877928959029 6.4302463995949 6.441918292133415 6.4519698630402 6.458551790376606 6.46139261438681 6.47292553591794 6.485215640802394 6.506644807322309 6.523980241414492 6.5383975479140615 6.551074626897684 6.562485126496192 6.5720194975435575 6.5811433433944275 6.589225636128741 6.596322251026633 
