# time_axis
1000000 10000000 20000000 30000000 40000000 50000000 60000000 70000000 80000000 90000000 100000000 110000000 120000000 130000000 140000000 150000000 200000000 300000000 400000000 500000000 600000000 700000000 800000000 900000000 1000000000 1010000000 1020000000 1030000000 1040000000 1050000000 1060000000 1070000000 1080000000 1100000000 1200000000 1400000000 1600000000 1800000000 2000000000 2300000000 2600000000 2900000000 3000000000 3200000000 3500000000 3800000000 4000000000 4100000000 4500000000 5000000000 6000000000 7000000000 8000000000 9000000000 10000000000 11000000000 12000000000 13000000000 14000000000 
# SNIa_energy_release_list
0 0.0 0.0 0.0 0.0 0.0 5.674769199894567e+54 2.6210864541992486e+55 4.7892564711240806e+55 6.7601231726051e+55 8.50056621392003e+55 1.0040104650523239e+56 1.1414782398467441e+56 1.2654959575378518e+56 1.3784270415894238e+56 1.4820897422889327e+56 1.9018022659082817e+56 2.468686724457191e+56 2.859296220416365e+56 3.1576892529363536e+56 3.3992275661886236e+56 3.6021100059908046e+56 3.7770533888033045e+56 3.930818774740783e+56 4.067992509846992e+56 4.080926363747127e+56 4.093740811577569e+56 4.1064210324028135e+56 4.11897677780548e+56 4.1314114930895105e+56 4.143721014718525e+56 4.1559117318878625e+56 4.1679888635649056e+56 4.191807782678112e+56 4.304640827611777e+56 4.504086925936715e+56 4.676455367626707e+56 4.82823517033298e+56 4.963836440066201e+56 5.143475621743267e+56 5.300856837513037e+56 5.440894300751216e+56 5.484391976015782e+56 5.5670379518113385e+56 5.681785251217767e+56 5.787051143708444e+56 5.852675656744458e+56 5.8842599908303935e+56 6.00331633574014e+56 6.137971780708523e+56 6.3708699613981275e+56 6.567663120571179e+56 6.738042947862651e+56 6.888329152080014e+56 7.022648072259074e+56 7.144169203426095e+56 7.255091694634692e+56 7.35711307519228e+56 7.451556147234382e+56 
# SNII_energy_release_list
0 0.0 5.567106871412359e+54 2.930821622620166e+55 6.437569951868521e+55 1.003865571761995e+56 1.275699158071432e+56 1.3572650167734584e+56 1.3817422640270281e+56 1.389091001583716e+56 1.3912984735221166e+56 1.391971641233628e+56 1.3921855648847497e+56 1.3922590237560358e+56 1.3922959060387816e+56 1.3923140572675393e+56 1.3923445725695062e+56 1.3923445725695062e+56 1.3923445725695062e+56 1.3923445725695062e+56 1.3923445725695062e+56 1.3923445725695062e+56 1.3923445725695062e+56 1.3923445725695062e+56 1.3923445725695062e+56 1.3923445725695062e+56 1.3923445725695062e+56 1.3923445725695062e+56 1.3923445725695062e+56 1.3923445725695062e+56 1.3923445725695062e+56 1.3923445725695062e+56 1.3923445725695062e+56 1.3923445725695062e+56 1.3923445725695062e+56 1.3923445725695062e+56 1.3923445725695062e+56 1.3923445725695062e+56 1.3923445725695062e+56 1.3923445725695062e+56 1.3923445725695062e+56 1.3923445725695062e+56 1.3923445725695062e+56 1.3923445725695062e+56 1.3923445725695062e+56 1.3923445725695062e+56 1.3923445725695062e+56 1.3923445725695062e+56 1.3923445725695062e+56 1.3923445725695062e+56 1.3923445725695062e+56 1.3923445725695062e+56 1.3923445725695062e+56 1.3923445725695062e+56 1.3923445725695062e+56 1.3923445725695062e+56 1.3923445725695062e+56 1.3923445725695062e+56 1.3923445725695062e+56 
# SN_energy_per_current_crossing_time_list
0.0 0.0 1.3877760236169638e+55 5.417514958919541e+55 7.868670694459913e+55 8.078776087385621e+55 6.169086071490962e+55 2.0190572410747616e+55 7.407172435940554e+54 3.361678322538324e+54 1.99941087613066e+54 1.4807755036335441e+54 1.2372116684688832e+54 1.0918702603965774e+54 9.901069893019261e+53 9.07621939494377e+53 7.415700445893632e+53 5.0899027633409e+53 3.557920869897669e+53 2.7512340142819714e+53 2.2508988353928188e+53 1.908729874679828e+53 1.6601842734431958e+53 1.4708397739444676e+53 1.321905335974073e+53 1.2472702149089758e+53 1.2366035955228684e+53 1.2244912625768577e+53 1.2133087729313432e+53 1.202449107158392e+53 1.1911768976272722e+53 1.1805099059749893e+53 1.1703147669434024e+53 1.1555775075349359e+53 1.1019309110603758e+53 9.856078260476582e+52 8.610252165630502e+52 7.656851870093029e+52 6.902600227116804e+52 6.171222533436586e+52 5.466899604809851e+52 4.913757404193638e+52 4.5940519513872587e+52 4.390506368132597e+52 4.099243966053828e+52 3.789893958882331e+52 3.561388465960865e+52 3.4357836948985924e+52 3.26719415499719e+52 2.9851339287047603e+52 2.6264409900938e+52 2.2513047161288567e+52 1.9739926581828465e+52 1.7617891110073487e+52 1.5924747107444921e+52 1.4547804050365297e+52 1.340943793626563e+52 1.244361489872938e+52 1.1613951114106377e+52 
# SN_energy_per_final_crossing_time_list
0.0 0.0 1.8256107276353737e+55 7.785376664247892e+55 1.149961284535043e+56 1.180897179978691e+56 8.98397125604825e+55 2.9273122270593295e+55 1.0693041413156798e+55 4.833492056683405e+54 2.864167672092532e+54 2.113967728296749e+54 1.7606345095595917e+54 1.549172729467951e+54 1.4008425410132987e+54 1.2807239800852536e+54 1.0342678141155815e+54 6.971150182406859e+53 4.803443484719736e+53 3.6694296548635996e+53 2.97026992201714e+53 2.4949069178126013e+53 2.151331857158357e+53 1.890899604074146e+53 1.6868670398106882e+53 1.59051525607067e+53 1.5758315293967516e+53 1.5593252273156833e+53 1.5440181069365624e+53 1.529134666036541e+53 1.5137392224353696e+53 1.4991294775698138e+53 1.4851615249586774e+53 1.4645423755820133e+53 1.3875421876695989e+53 1.2263245920317179e+53 1.0598335124623025e+53 9.332411423219659e+52 8.337649780125302e+52 7.363591735084039e+52 6.451215201943372e+52 5.740277245063983e+52 5.349041101445066e+52 5.081613197839034e+52 4.7036078523857405e+52 4.3149553938851714e+52 4.0350227380763777e+52 3.8840213910250793e+52 3.660179989140844e+52 3.31179772384754e+52 2.86401959043383e+52 2.4200251863974833e+52 2.0952124303102772e+52 1.8481150508603954e+52 1.6517605144861634e+52 1.4943822200907522e+52 1.3640475288407161e+52 1.2545878705229367e+52 1.1613951114106377e+52 
# total_energy_release_list
0 0 5.567106871412359e+54 2.930821622620166e+55 6.437569951868521e+55 1.003865571761995e+56 1.3324468500703777e+56 1.6193736621933832e+56 1.8606679111394361e+56 2.0651033188442263e+56 2.24135509491412e+56 2.3959821062859516e+56 2.5336638047314936e+56 2.6577549812938874e+56 2.7707229476282056e+56 2.874403799556472e+56 3.2941468384777876e+56 3.8610312970266973e+56 4.251640792985871e+56 4.55003382550586e+56 4.79157213875813e+56 4.994454578560311e+56 5.16939796137281e+56 5.323163347310289e+56 5.460337082416498e+56 5.473270936316633e+56 5.486085384147075e+56 5.49876560497232e+56 5.511321350374986e+56 5.523756065659017e+56 5.536065587288031e+56 5.548256304457369e+56 5.560333436134412e+56 5.5841523552476185e+56 5.696985400181283e+56 5.896431498506221e+56 6.068799940196213e+56 6.220579742902486e+56 6.3561810126357074e+56 6.5358201943127735e+56 6.693201410082543e+56 6.833238873320722e+56 6.876736548585288e+56 6.959382524380845e+56 7.0741298237872735e+56 7.17939571627795e+56 7.245020229313965e+56 7.2766045633999e+56 7.395660908309646e+56 7.530316353278029e+56 7.763214533967634e+56 7.960007693140686e+56 8.130387520432157e+56 8.28067372464952e+56 8.41499264482858e+56 8.536513775995602e+56 8.647436267204198e+56 8.749457647761787e+56 8.843900719803889e+56 
# binding_energy_list
8.669618757582214e+54 8.669618757582214e+54 8.669618757582214e+54 8.669618757582214e+54 8.649679187756885e+54 8.649679187756885e+54 8.629785477669702e+54 8.629785477669702e+54 8.609937521846052e+54 8.609937521846052e+54 8.590135215053907e+54 8.590135215053907e+54 8.590135215053907e+54 8.570378452303692e+54 8.570378452303692e+54 8.570378452303692e+54 8.531001140175843e+54 8.472274141405911e+54 8.433347577642791e+54 8.394599865193965e+54 8.356030182312423e+54 8.336811846196331e+54 8.298507675144166e+54 8.279421637123327e+54 8.260379495771817e+54 8.241381150129963e+54 8.241381150129963e+54 8.241381150129963e+54 8.241381150129963e+54 8.241381150129963e+54 8.241381150129963e+54 8.241381150129963e+54 8.241381150129963e+54 8.222426499470695e+54 8.20351544329821e+54 8.165823713585906e+54 8.128305161640929e+54 8.090958991783846e+54 8.053784411990643e+54 8.016780633876855e+54 7.979946872679785e+54 7.94328234724279e+54 7.925013304804734e+54 7.90678627999831e+54 7.888601176185516e+54 7.852356346100775e+54 7.834296427662088e+54 7.834296427662088e+54 7.798301105232642e+54 7.780365510398008e+54 7.709034690644309e+54 7.673614893618154e+54 7.638357835776954e+54 7.603262769401822e+54 7.568328950209705e+54 7.533555637337217e+54 7.498942093324558e+54 7.464487584100623e+54 7.447319739059888e+54 
# total_gas_kinetic_energy_list
1.5237098334911527e+59 4.268119425798341e+59 1.2806563180421806e+59 3.842226244086568e+58 1.1531057884748865e+58 3.464088157617109e+57 1.0440567714051887e+57 3.1813609882421455e+56 1.0039932232607446e+56 3.506262330728444e+55 1.5335774213273645e+55 9.244518597873575e+54 7.241588475639024e+54 6.477803529980285e+54 6.0994627181087405e+54 5.8453149718916064e+54 2.4169410973826204e+55 5.490926977431488e+55 8.04028304018877e+55 1.0208257640034614e+56 1.210949384511746e+56 1.3811098872740705e+56 1.5383818347420365e+56 1.6847180565611854e+56 1.8231391912359155e+56 1.836259450162367e+56 1.849165301615151e+56 1.8620950263620377e+56 1.8751103320215857e+56 1.8882263054298732e+56 1.9014505908236297e+56 1.914733239547629e+56 1.9277326924693136e+56 1.9524948723346712e+56 2.075449745178743e+56 2.3043761738092027e+56 2.5127930484022163e+56 2.7050291379573207e+56 2.8818332715075377e+56 3.121374294997915e+56 3.338153875664713e+56 3.534890959756133e+56 3.5995264035841002e+56 3.7157808144179162e+56 3.882925900926533e+56 4.031196814222363e+56 4.123434574500374e+56 4.165386941623059e+56 4.333182774567543e+56 4.510601420413622e+56 4.815823597113372e+56 5.06372093853592e+56 5.2849011690273345e+56 5.491908032718679e+56 5.691848036855685e+56 5.864537828200951e+56 6.039647889279616e+56 6.199438697111203e+56 6.347028876374156e+56 
