# time_axis
5.999999999999999 7.0 7.30102999566398 7.477121254719661 7.602059991327962 7.698970004336018 7.778151250383643 7.845098040014256 7.903089986991943 7.954242509439324 8.0 8.041392685158224 8.079181246047623 8.113943352306837 8.146128035678238 8.176091259055681 8.301029995663981 8.47712125471966 8.60205999132796 8.698970004336019 8.778151250383644 8.845098040014257 8.903089986991942 8.954242509439323 8.999999999999998 9.004321373782641 9.008600171761916 9.012837224705171 9.017033339298779 9.021189299069936 9.02530586526477 9.02938377768521 9.033423755486949 9.041392685158224 9.079181246047623 9.146128035678236 9.204119982655923 9.255272505103305 9.301029995663981 9.361727836017593 9.414973347970816 9.462397997898954 9.477121254719663 9.505149978319904 9.544068044350274 9.57978359661681 9.60205999132796 9.612783856719734 9.653212513775342 9.698970004336017 9.778151250383642 9.845098040014257 9.903089986991944 9.954242509439325 10.0 10.041392685158225 10.079181246047623 10.113943352306835 10.146128035678236 
# total_gas_mass_list
10.425925345093205 10.873359825096797 10.350556116022737 9.827711756175422 9.305032011546013 8.782818571927704 8.26202773445144 7.7459815167771024 7.24488411900915 6.786578597678346 6.423381632071303 6.197552482042769 6.08638246467327 6.034487875673652 6.005930522163317 5.98575906065405 6.599573898734026 6.9513251115518075 7.1163433597196954 7.222600494335735 7.299706629711853 7.359298914204065 7.407699546295045 7.448092953170947 7.482933553934772 7.486086104336537 7.489163754896822 7.492223819989257 7.495280915667477 7.498338628516977 7.5013985738881725 7.504448849009715 7.507411504761981 7.5129989649874505 7.539660641671368 7.585031389487922 7.622259783067712 7.653687397955656 7.6805553088778105 7.714366031835986 7.742740428137861 7.766894571092986 7.774529198111871 7.787912223821608 7.806418676815094 7.822164438421977 7.831662098829838 7.835910452467767 7.852462437513802 7.869250831909887 7.8965420445729455 7.917391277836695 7.935189345648091 7.9511995557922255 7.966122319714903 7.978610122084857 7.990885517990665 8.001844920619133 8.01170287748975 
# ejected_gas_mass_list
-10.0 -10.0 5.034834152569108 5.80670999583925 6.194649041088461 6.396871940172401 6.527717625596153 6.627404313675855 6.707575333155633 6.774170982282777 6.829999422636287 6.8774611142816005 6.91849303976699 6.954505744100041 6.986521431651134 7.015277044843375 7.126048697605403 7.263163197640498 7.351454727341777 7.416404613790754 7.467303709106814 7.508691434766931 7.543552174706703 7.573459103380979 7.599822882680728 7.602233587458738 7.604590982297441 7.606938776049446 7.609288129250456 7.611641779251592 7.614000960289691 7.616356467134895 7.618647912551914 7.622979103858732 7.6438166195226716 7.679902311655732 7.710072506140698 7.7359142792802915 7.758264769807035 7.7867131913310015 7.810852149783234 7.831582495854165 7.838168554821874 7.849751508068936 7.865846750182821 7.879610357932313 7.8879424772779405 7.891676678804312 7.9062671882871625 7.921132425076112 7.945434894496952 7.964111240937622 7.980127083402121 7.994589396793541 8.008115158795972 8.019466934193238 8.030654231871504 8.040665615086741 8.049689319416672 
# stellar_mass_list
-10.0 8.271023385107462 8.846626302398334 8.921827213408964 8.935555436590242 8.935235409220697 8.931753262020404 8.927890248414094 8.924298109698888 8.921068976551652 8.918165774540302 8.915531176515728 8.91311690231666 8.910884953290783 8.908806280676929 8.906858613906056 8.898544789645749 8.886198120090514 8.876854841371639 8.86921729947879 8.862688968969659 8.856965789882377 8.851828942062834 8.847167731260084 8.84285310959236 8.842448494127238 8.84205114499769 8.841653742784422 8.84125434688258 8.840852485995892 8.840447999441233 8.840042365510504 8.839645956722617 8.838892840637445 8.835186093319875 8.828390625479154 8.822277798862395 8.816687674645415 8.811577324526464 8.804590057704656 8.798190336596656 8.792318266010868 8.790375980016886 8.786864719922315 8.781687158476707 8.776908371274871 8.773838026170806 8.772416061295997 8.766549619691729 8.760017635883592 8.747816659699485 8.737198749392183 8.727911105028031 8.719378376791136 8.711269697630511 8.704356127566458 8.69741931653724 8.691186032649155 8.685468805599289 
# remnant_mass_list
-10.0 -10.0 6.1428574902156186 6.799291503325522 7.042417962934433 7.169739974017846 7.2499201727969345 7.306312533712834 7.349355121460088 7.384002427796489 7.412910871736727 7.437672780296329 7.459296376321631 7.47846460665282 7.495659677682838 7.511233636255188 7.572418020311433 7.650661482339039 7.702055999352981 7.740057509152201 7.770103935976286 7.794816621722375 7.815830721875903 7.834024411684813 7.850179928117574 7.851662548949173 7.853113137481774 7.854558950715406 7.8560069389435645 7.857458754721311 7.858915091451175 7.860370330503757 7.861787405771095 7.864465209022954 7.87739414237284 7.900062362686669 7.919397170659456 7.936274774874665 7.951079176147162 7.970425966995186 7.98730654374545 8.002140188626655 8.00691723036892 8.015392636387078 8.027536183260128 8.038384033237017 8.045180469997266 8.048282614353832 8.060797575142566 8.07420837578024 8.09790361112785 8.117208767871558 8.133184284186395 8.14717458502897 8.159904176483835 8.170345190673405 8.180467249787547 8.189272102902066 8.197117119690414 
# BH_mass_list
-10.0 -10.0 5.790972356192943 6.370959668882723 6.457720807795536 6.4806972819944715 6.487362725742346 6.489345600818078 6.489932941849821 6.490101025604515 6.490145162782787 6.490151519276656 6.490153802683928 6.490155160223221 6.490156211171122 6.490157143750069 6.49015801697746 6.49015801697746 6.49015801697746 6.49015801697746 6.49015801697746 6.49015801697746 6.49015801697746 6.49015801697746 6.49015801697746 6.49015801697746 6.49015801697746 6.49015801697746 6.49015801697746 6.49015801697746 6.49015801697746 6.49015801697746 6.49015801697746 6.49015801697746 6.49015801697746 6.49015801697746 6.49015801697746 6.49015801697746 6.49015801697746 6.49015801697746 6.49015801697746 6.49015801697746 6.49015801697746 6.49015801697746 6.49015801697746 6.49015801697746 6.49015801697746 6.49015801697746 6.49015801697746 6.49015801697746 6.49015801697746 6.49015801697746 6.49015801697746 6.49015801697746 6.49015801697746 6.49015801697746 6.49015801697746 6.49015801697746 6.49015801697746 
# NS_mass_list
-10.0 -10.0 5.88734693113753 6.596583234553741 6.9115338541152465 7.068894240578286 7.149149546032184 7.1705986494310645 7.176832867264025 7.178684190050484 7.1792351391054225 7.179398501759801 7.179446707841608 7.179461088580839 7.1794671467160915 7.1794699145725325 7.1794745465539345 7.1794745465539345 7.1794745465539345 7.1794745465539345 7.1794745465539345 7.1794745465539345 7.1794745465539345 7.1794745465539345 7.1794745465539345 7.1794745465539345 7.1794745465539345 7.1794745465539345 7.1794745465539345 7.1794745465539345 7.1794745465539345 7.1794745465539345 7.1794745465539345 7.1794745465539345 7.1794745465539345 7.1794745465539345 7.1794745465539345 7.1794745465539345 7.1794745465539345 7.1794745465539345 7.1794745465539345 7.1794745465539345 7.1794745465539345 7.1794745465539345 7.1794745465539345 7.1794745465539345 7.1794745465539345 7.1794745465539345 7.1794745465539345 7.1794745465539345 7.1794745465539345 7.1794745465539345 7.1794745465539345 7.1794745465539345 7.1794745465539345 7.1794745465539345 7.1794745465539345 7.1794745465539345 7.1794745465539345 
# WD_mass_list
-10.0 -10.0 -10.0 -10.0 -10.0 4.583503285161794 5.785470664150934 6.370628976869496 6.627216197007976 6.78028755757436 6.885163805375086 6.963270857379409 7.024727587519885 7.074988110919349 7.1172664292190335 7.153596940020165 7.282219312919337 7.423699848018145 7.507151563171989 7.56528846824923 7.609484792245989 7.644816795468028 7.6742121998774 7.699221595993983 7.721111091027345 7.723105631275795 7.725054810168123 7.726995351949454 7.728936603599192 7.730880779282027 7.732828800914164 7.73477315748954 7.736664424489867 7.740232679517725 7.757359787396046 7.787003264634864 7.811925194983625 7.833425972492656 7.852102290288567 7.876265656141284 7.897136406029723 7.915322161256262 7.921149241197795 7.931453359838946 7.9461428028260395 7.959193407163748 7.9673366348968 7.971045168749307 7.985954678524361 8.001842060995882 8.029698534895765 8.052202859943288 8.070703631092607 8.086818955669651 8.101414894295452 8.11334066361474 8.124863780259236 8.134857541885816 8.143739086688965 
