# time_axis
5.999999999999999 7.0 7.30102999566398 7.477121254719661 7.602059991327962 7.698970004336018 7.778151250383643 7.845098040014256 7.903089986991943 7.954242509439324 8.0 8.041392685158224 8.079181246047623 8.301029995663981 8.47712125471966 8.60205999132796 8.698970004336019 8.778151250383644 8.845098040014257 8.903089986991942 8.954242509439323 8.999999999999998 9.004321373782641 9.008600171761916 9.012837224705171 9.017033339298779 9.021189299069936 9.02530586526477 9.02938377768521 9.033423755486949 9.041392685158224 9.079181246047623 9.146128035678236 9.204119982655923 9.255272505103305 9.301029995663981 9.361727836017593 9.414973347970816 9.462397997898954 9.477121254719663 9.505149978319904 9.544068044350274 9.57978359661681 9.60205999132796 9.612783856719734 9.653212513775342 9.698970004336017 9.778151250383642 9.845098040014257 9.903089986991944 9.954242509439325 10.0 10.041392685158225 10.079181246047623 10.113943352306835 10.146128035678236 
# total_gas_mass_list
9.231380899699326 10.900566556210272 11.247512137249803 11.373253110530863 11.424824101497373 11.445987951989595 11.453123567225889 11.423012397257681 11.415923210723497 11.406907458935873 11.398514682939782 11.395589276780242 11.39346601224013 11.40467236253172 11.420610705199104 11.424626117255258 11.426943777726713 11.428553263483558 11.429606929254554 11.430375457360032 11.43096512663072 11.431431420214157 11.43147288823597 11.43151348252299 11.431553174026346 11.431591957974295 11.431629912641975 11.431667223454241 11.431703876935305 11.431739907699072 11.43180980463619 11.432122690318737 11.43261272433895 11.432980146144686 11.433267315488456 11.433498454190925 11.433776495372873 11.43400381149592 11.434194955450497 11.434252376727056 11.434358802095218 11.434501750521461 11.434625234279924 11.434699201882625 11.434733367005773 11.434858154826017 11.43498867065979 11.435192949859347 11.435346184738284 11.435468452432106 11.435569545180261 11.435655336279689 11.435728266277383 11.435792822755008 11.435849662148556 11.435900127719103 
# ejected_gas_mass_list
-10.0 -10.0 -10.0 -10.0 -10.0 -10.0 -10.0 -10.0 -10.0 -10.0 -10.0 -10.0 -10.0 -10.0 9.639419412638361 9.832888268683643 9.915317406478728 9.96476661278262 9.994422052674716 10.014884499207753 10.02997922059945 10.04156888325196 10.042585338500484 10.043578171614888 10.044546824750848 10.045491332264941 10.046413741219427 10.047318675384842 10.048205909860544 10.049076380531305 10.050760273188404 10.058222274677451 10.069667816279111 10.078064129643845 10.084520161579382 10.089650754733526 10.095746745393011 10.100670647119117 10.10477021338867 10.105994587013747 10.10825519558606 10.111274063786007 10.113865871162094 10.115411356605751 10.116123441588993 10.118714923217233 10.12140970501788 10.125595813907143 10.128710920421074 10.13118134910067 10.13321389790636 10.134931733416826 10.136386986200307 10.137671299765724 10.138799108236766 10.139798121771273 
# stellar_mass_list
-10.0 7.858431147048304 9.529390079222532 9.910849777192853 10.074527532872928 10.160928269244476 10.213343051739063 10.248604477761422 10.44287487005511 10.58226502448951 10.687447079503238 10.70164487448485 10.710833747936219 10.589869752950985 10.25653693049726 10.104995823340477 10.026201738891265 9.97346866954351 9.93429581321696 9.903397664112413 9.87804675861004 9.856669398828124 9.85470036375916 9.852760856585721 9.850853467383565 9.848979148606386 9.847134329703602 9.845309338661433 9.843504873807895 9.841719804338332 9.838228314358519 9.822096580025496 9.79492409606443 9.772699438379387 9.753971342416838 9.737861935735172 9.717370955933738 9.700128178444741 9.685293762384394 9.680760943262456 9.672306592883217 9.660757220736645 9.650509269120683 9.644141683983783 9.641181818825153 9.629956325506216 9.61771855127458 9.597106730024462 9.580392294769604 9.566243418554329 9.55385743196991 9.542786557157314 9.533078226479383 9.524065297092292 9.515898654466918 9.508483480581924 
# remnant_mass_list
-10.0 -10.0 6.335789612321383 8.009659430086792 8.443430754964044 8.688033096409015 8.866022515159274 9.007271117817826 8.98553355360183 9.048399162550483 9.08462914330136 9.2068933203163 9.260774001281733 9.411575727071646 9.453532147739972 9.529546826020015 9.587305547905917 9.539339533445986 9.523275556235955 9.542917570621865 9.557809159714434 9.569591779284652 9.57064523360309 9.571677229498412 9.572686087726673 9.573671505155446 9.574636324950108 9.575587024355363 9.576523548259889 9.577446582704408 9.579238315585135 9.58730379339657 9.600167067360315 9.610061157697817 9.617996180528127 9.624543373495872 9.632518883964579 9.638944011898342 9.644274393606846 9.645869548162874 9.648798290977302 9.652716015312402 9.656101888072952 9.658174724388605 9.659122612185492 9.662682099544158 9.666455562186323 9.672606062586725 9.677401218297256 9.68134045680198 9.684708679122235 9.687659175273826 9.690186730207714 9.692501790893017 9.69456286939704 9.696402806191582 
# BH_mass_list
-10.0 -10.0 -10.0 -10.0 -10.0 -10.0 -10.0 -10.0 -10.0 -10.0 -10.0 -10.0 -10.0 -10.0 -10.0 -10.0 -10.0 -10.0 -10.0 -10.0 -10.0 -10.0 -10.0 -10.0 -10.0 -10.0 -10.0 -10.0 -10.0 -10.0 -10.0 -10.0 -10.0 -10.0 -10.0 -10.0 -10.0 -10.0 -10.0 -10.0 -10.0 -10.0 -10.0 -10.0 -10.0 -10.0 -10.0 -10.0 -10.0 -10.0 -10.0 -10.0 -10.0 -10.0 -10.0 -10.0 
# NS_mass_list
-10.0 -10.0 6.335789612321383 8.018918690368324 8.582832729873259 8.914500059274078 9.137632214888868 9.298791360834786 9.35717753970742 9.37730844678714 9.384234860083552 9.438845139359778 9.509887824455275 9.621168435954962 9.621168435954962 9.662265135851046 9.698450017210591 9.718464939050921 9.731555144701565 9.740948510038256 9.74810230702132 9.753781425470617 9.754286899113568 9.754782691894787 9.755269136073924 9.75574621567326 9.756214084165588 9.75667371169523 9.757124663212549 9.757567505666255 9.758429731318854 9.76232536389038 9.768534905593818 9.773311195254157 9.777134382647835 9.780285758399653 9.78107976683601 9.78107976683601 9.78107976683601 9.78107976683601 9.78107976683601 9.78107976683601 9.78107976683601 9.78107976683601 9.78107976683601 9.78107976683601 9.78107976683601 9.78107976683601 9.78107976683601 9.78107976683601 9.78107976683601 9.78107976683601 9.78107976683601 9.78107976683601 9.78107976683601 9.78107976683601 
# WD_mass_list
-10.0 -10.0 -10.0 -10.0 -10.0 4.177334116922526 5.946538530929902 7.015216407660833 7.550943566824016 7.89335068899348 8.137217943359445 8.317401579763349 8.418750504448907 8.857082525766069 8.9917776600075 9.045281786949827 9.076328514130344 9.097336728637991 9.112822199281144 9.124884648673182 9.134644553842957 9.142740372640587 9.143492720582278 9.14423026145279 9.144946957281496 9.145641871277483 9.146321814121157 9.14700004671911 9.147678065798129 9.148355281794498 9.14966601981961 9.155618702254104 9.165496225868173 9.173397186476762 9.179949927673725 9.185491826335923 9.20408292767285 9.221104346364275 9.234919007988708 9.239001385734305 9.246436569335273 9.256263842509018 9.26465103283725 9.269738556583269 9.272053333950259 9.280681460116757 9.289720070134203 9.304222915639707 9.315340615279574 9.324354854351268 9.331980091492065 9.338598995281885 9.344225116386644 9.349343353554332 9.353872510512735 9.35789413201289 
