# time_axis
1000000 10000000 20000000 30000000 40000000 50000000 60000000 70000000 80000000 90000000 100000000 110000000 120000000 130000000 140000000 150000000 200000000 300000000 400000000 500000000 600000000 700000000 800000000 900000000 1000000000 1010000000 1020000000 1030000000 1040000000 1050000000 1060000000 1070000000 1080000000 1100000000 1200000000 1400000000 1600000000 1800000000 2000000000 2300000000 2600000000 2900000000 3000000000 3200000000 3500000000 3800000000 4000000000 4100000000 4500000000 5000000000 6000000000 7000000000 8000000000 9000000000 10000000000 11000000000 12000000000 13000000000 14000000000 
# SNIa_energy_release_list
0 0.0 0.0 0.0 0.0 0.0 5.12084784331456e+53 2.3206526313177573e+55 7.256615352293789e+55 1.3611488542495155e+56 2.0260825634974472e+56 2.6602229010427593e+56 3.241401364689593e+56 3.7668473626545455e+56 4.241460695888861e+56 4.6721345283020914e+56 6.364484771602331e+56 8.554325156433584e+56 1.0023728599386539e+57 1.1131880297616189e+57 1.2021961099954987e+57 1.2765914100178702e+57 1.3405031982240666e+57 1.3965251151994072e+57 1.4463951036140598e+57 1.4510921359220852e+57 1.4557423643954279e+57 1.460346367952368e+57 1.4649041309633888e+57 1.4694169574892333e+57 1.4738852227418958e+57 1.4783092788745835e+57 1.482690496571848e+57 1.4913286671715178e+57 1.5322200311370871e+57 1.6043870304992357e+57 1.666651402562978e+57 1.721404415668226e+57 1.7702698684083492e+57 1.8349442819250005e+57 1.8915524836355985e+57 1.941885579396703e+57 1.9575030223903804e+57 1.9871968974946552e+57 2.0283983306741867e+57 2.066177830656903e+57 2.0897258812599665e+57 2.1010568464214985e+57 2.1437544270137963e+57 2.19203819189685e+57 2.2755137120384562e+57 2.3460031655103395e+57 2.407021206214654e+57 2.4608179600936102e+57 2.5088946035692224e+57 2.5523982864826282e+57 2.592091007503127e+57 2.628594404061652e+57 2.662384082105326e+57 
# SNII_energy_release_list
0 0.0 1.3041327944606923e+54 5.864516411753944e+55 1.6401262084850275e+56 2.746097182205779e+56 3.676476711533776e+56 4.311357737218329e+56 4.6719405847960955e+56 4.854283521922195e+56 4.939768819691665e+56 4.977819144161113e+56 4.994140452240057e+56 5.000985716111293e+56 5.003853285414425e+56 5.005039680379e+56 5.005848731170719e+56 5.005848731170719e+56 5.005848731170719e+56 5.005848731170719e+56 5.005848731170719e+56 5.005848731170719e+56 5.005848731170719e+56 5.005848731170719e+56 5.005848731170719e+56 5.005848731170719e+56 5.005848731170719e+56 5.005848731170719e+56 5.005848731170719e+56 5.005848731170719e+56 5.005848731170719e+56 5.005848731170719e+56 5.005848731170719e+56 5.005848731170719e+56 5.005848731170719e+56 5.005848731170719e+56 5.005848731170719e+56 5.005848731170719e+56 5.005848731170719e+56 5.005848731170719e+56 5.005848731170719e+56 5.005848731170719e+56 5.005848731170719e+56 5.005848731170719e+56 5.005848731170719e+56 5.005848731170719e+56 5.005848731170719e+56 5.005848731170719e+56 5.005848731170719e+56 5.005848731170719e+56 5.005848731170719e+56 5.005848731170719e+56 5.005848731170719e+56 5.005848731170719e+56 5.005848731170719e+56 5.005848731170719e+56 5.005848731170719e+56 5.005848731170719e+56 5.005848731170719e+56 
# SN_energy_per_current_crossing_time_list
0.0 0.0 2.311729966194652e+54 7.500110864792987e+55 1.3098075475945397e+56 1.4074308266318788e+56 1.2329423627420004e+56 8.849808567669843e+55 5.37257333054915e+55 2.989739992063555e+55 1.6299553044704434e+55 9.25760384670466e+54 5.774062315243681e+54 4.062084661730851e+54 3.1892299903669125e+54 2.695948387843154e+54 2.057440486146002e+54 1.3615149421406766e+54 9.3446413064875e+53 7.1654730084503265e+53 5.8314120976091545e+53 4.926859846650952e+53 4.271386217339222e+53 3.773800655087609e+53 3.3828528311519506e+53 3.188257056430502e+53 3.158513234012431e+53 3.129082625807933e+53 3.0995804565524366e+53 3.07091734940368e+53 3.0424703734569937e+53 3.0142264014366354e+53 2.9868758354943083e+53 2.948018563542044e+53 2.8066637797267826e+53 2.5009956943028773e+53 2.1756147806801293e+53 1.9268945421787235e+53 1.73044717898899e+53 1.5391067991286334e+53 1.356417679033603e+53 1.2132830576720358e+53 1.1315082985171418e+53 1.079335158678456e+53 1.003119519006112e+53 9.235597018228455e+52 8.656696385870114e+52 8.340393886279397e+52 7.892234482938884e+52 7.173014394396768e+52 6.24891559518187e+52 5.309444404670034e+52 4.620921778583596e+52 4.0942997851367073e+52 3.676123882399099e+52 3.3399431140954726e+52 3.059505637419666e+52 2.824046612196208e+52 2.622854810331485e+52 
# SN_energy_per_final_crossing_time_list
0.0 0.0 2.699483922351409e+54 1.1869281472345118e+56 2.18104902040991e+56 2.289299736060344e+56 1.9262324960438185e+56 1.331785274345749e+56 7.847012774184682e+55 4.267683643958474e+55 2.2856403722849794e+55 1.2798595094679618e+55 7.889701197345098e+54 5.495599715992001e+54 4.277660396776728e+54 3.588595047248784e+54 2.660798510254175e+54 1.6998189150512434e+54 1.14059443942775e+54 8.60180143924998e+53 6.909070607244573e+53 5.7747833606915625e+53 4.961022147557674e+53 4.348586992537986e+53 3.8710560910193604e+53 3.6459754862017915e+53 3.6096449645600266e+53 3.5737638164228094e+53 3.5378705361899836e+53 3.5029895065008666e+53 3.4683997274658783e+53 3.434083300171264e+53 3.400830838792784e+53 3.3526018330989795e+53 3.1741086890347028e+53 2.800908034393658e+53 2.4165724155254593e+53 2.12504545940967e+53 1.8965405295190812e+53 1.6734064603818077e+53 1.4646987162662577e+53 1.3023346179391724e+53 1.2122721450054428e+53 1.152463232321475e+53 1.0660590596908709e+53 9.775188657071463e+52 9.139346891430056e+52 8.795430498394011e+52 8.285781422752578e+52 7.495857452133658e+52 6.479616919265826e+52 5.471599992086444e+52 4.736400902413421e+52 4.175863247624428e+52 3.731851349445182e+52 3.3768846169259304e+52 3.0810664762534875e+52 2.8335016727065326e+52 2.622854810331485e+52 
# total_energy_release_list
0 0 1.3041327944606923e+54 5.864516411753944e+55 1.6401262084850275e+56 2.746097182205779e+56 3.6815975593770903e+56 4.543423000350105e+56 5.397602120025474e+56 6.21543237617171e+56 6.965851383189113e+56 7.638042045203872e+56 8.23554181692965e+56 8.76783307876584e+56 9.245313981303286e+56 9.677174208681091e+56 1.1370333502773051e+57 1.3560173887604303e+57 1.5029577330557258e+57 1.613772902878691e+57 1.7027809831125706e+57 1.777176283134942e+57 1.8410880713411385e+57 1.897109988316479e+57 1.9469799767311317e+57 1.951677009039157e+57 1.9563272375124998e+57 1.96093124106944e+57 1.9654890040804607e+57 1.970001830606305e+57 1.9744700958589677e+57 1.9788941519916552e+57 1.98327536968892e+57 1.9919135402885897e+57 2.032804904254159e+57 2.1049719036163078e+57 2.1672362756800502e+57 2.2219892887852978e+57 2.270854741525421e+57 2.3355291550420726e+57 2.3921373567526703e+57 2.442470452513775e+57 2.4580878955074525e+57 2.487781770611727e+57 2.5289832037912584e+57 2.566762703773975e+57 2.5903107543770385e+57 2.6016417195385706e+57 2.6443393001308684e+57 2.692623065013922e+57 2.7760985851555283e+57 2.8465880386274112e+57 2.907606079331726e+57 2.961402833210682e+57 3.0094794766862945e+57 3.0529831595997003e+57 3.092675880620199e+57 3.129179277178724e+57 3.162968955222398e+57 
# binding_energy_list
8.810488730080146e+54 8.810488730080146e+54 8.810488730080146e+54 8.790225168308896e+54 8.729713683881166e+54 8.669618757582214e+54 8.609937521846052e+54 8.570378452303692e+54 8.531001140175843e+54 8.491804750363178e+54 8.452788451602891e+54 8.433347577642791e+54 8.394599865193965e+54 8.375292821268861e+54 8.356030182312423e+54 8.336811846196331e+54 8.260379495771817e+54 8.165823713585906e+54 8.090958991783846e+54 8.053784411990643e+54 7.99834255007026e+54 7.96159350417325e+54 7.94328234724279e+54 7.90678627999831e+54 7.888601176185516e+54 7.888601176185516e+54 7.888601176185516e+54 7.888601176185516e+54 7.888601176185516e+54 7.888601176185516e+54 7.870457896951001e+54 7.870457896951001e+54 7.870457896951001e+54 7.870457896951001e+54 7.852356346100775e+54 7.816278045883308e+54 7.798301105232642e+54 7.762471166286928e+54 7.744617978025239e+54 7.709034690644309e+54 7.691304402866145e+54 7.673614893618154e+54 7.673614893618154e+54 7.655966069112569e+54 7.638357835776954e+54 7.620790100254084e+54 7.620790100254084e+54 7.620790100254084e+54 7.603262769401822e+54 7.585775750291883e+54 7.568328950209705e+54 7.533555637337217e+54 7.516228940182015e+54 7.498942093324558e+54 7.498942093324558e+54 7.481695005111584e+54 7.464487584100623e+54 7.447319739059888e+54 7.447319739059888e+54 
# total_gas_kinetic_energy_list
3.555417159551863e+57 1.5234893976272667e+59 2.106255950923962e+59 1.5509226541802269e+59 8.94123004367263e+58 4.528592884237717e+58 2.1192133484657958e+58 9.411227160239824e+57 4.03090615895555e+57 1.6836975318873108e+57 6.92145621257354e+56 2.8283109003368542e+56 1.1658469041978286e+56 4.974087380516731e+55 2.294544552495881e+55 1.2120141745394676e+55 2.509572049983265e+55 4.1989793772082465e+55 5.334127478019675e+55 6.171422616074832e+55 6.830266730119385e+55 7.371445519626899e+55 7.835364847934249e+55 8.242625463510438e+55 8.605313446829022e+55 8.639726137634338e+55 8.673415382264662e+55 8.706448601901156e+55 8.739123197174317e+55 8.771659263075107e+55 8.804182099562302e+55 8.83673879966939e+55 8.869238662368022e+55 8.932057340535136e+55 9.227804461914543e+55 9.750660897203481e+55 1.0194411929975796e+56 1.0584519023789862e+56 1.0926382974124675e+56 1.136459329184926e+56 1.1740010716103238e+56 1.2066478006879624e+56 1.2169578834820999e+56 1.235433570089934e+56 1.2610254252161692e+56 1.282872533313186e+56 1.2963057538897555e+56 1.302273976423958e+56 1.3256580557672153e+56 1.3495001919279699e+56 1.388505917468544e+56 1.4188227849444845e+56 1.4457386215614614e+56 1.470824213278738e+56 1.4948697493468689e+56 1.5157658031508813e+56 1.5365064043568935e+56 1.5560040712944965e+56 1.5737195211706043e+56 
