# time_axis
5.999999999999999 7.0 7.30102999566398 7.477121254719661 7.602059991327962 7.698970004336018 7.778151250383643 7.845098040014256 7.903089986991943 7.954242509439324 8.0 8.041392685158224 8.079181246047623 8.113943352306837 8.146128035678238 8.176091259055681 8.301029995663981 8.47712125471966 8.60205999132796 8.698970004336019 8.778151250383644 8.845098040014257 8.903089986991942 8.954242509439323 8.999999999999998 9.004321373782641 9.008600171761916 9.012837224705171 9.017033339298779 9.021189299069936 9.02530586526477 9.02938377768521 9.033423755486949 9.041392685158224 9.079181246047623 9.146128035678236 9.204119982655923 9.255272505103305 9.301029995663981 9.361727836017593 9.414973347970816 9.462397997898954 9.477121254719663 9.505149978319904 9.544068044350274 9.57978359661681 9.60205999132796 9.612783856719734 9.653212513775342 9.698970004336017 9.778151250383642 9.845098040014257 9.903089986991944 9.954242509439325 10.0 10.041392685158225 10.079181246047623 10.113943352306835 10.146128035678236 
# total_gas_mass_list
8.7873673767305 10.425863451032134 10.566647038880836 10.433747428583493 10.19456795401717 9.899152432347611 9.569390061873126 9.216899187709593 8.848710827907423 8.469653592583695 8.083703780713973 7.695192475123145 7.310502895651162 6.940765367888342 6.604820996947854 6.3274763201797155 6.641441821989129 6.861583924653404 6.96429699245542 7.0286904408691235 7.074354314382387 7.108979251427497 7.136537309140701 7.159233398768091 7.178393759078288 7.180170006197757 7.181895580047324 7.1835810949358745 7.185241618949655 7.186887205796893 7.188524719126848 7.190155132738466 7.191775740706358 7.19489278300123 7.209224728295439 7.233390103993938 7.252743197572252 7.268945267899061 7.282601585844765 7.299459189194718 7.313377593659453 7.325150782557354 7.3287951027122 7.335269757335822 7.3440132531439 7.351377425807078 7.355848524209527 7.357834794572744 7.36547706034796 7.373188068447626 7.385518803319543 7.39491262623994 7.403059352932098 7.410475139761711 7.417417106642918 7.423378622125993 7.42916849604841 7.4345446323488815 7.439375363781186 
# ejected_gas_mass_list
-10.0 -10.0 4.317910517181749 5.974268596993796 6.469833555887317 6.725547279683186 6.872123147616173 6.964785060132656 7.028493288634032 7.075459832990673 7.111913522152252 7.14123264426289 7.165437933789859 7.18584897659584 7.2033724687352985 7.218646771152654 7.273874401731422 7.336036470100316 7.373258287149365 7.399517347289729 7.41954930245753 7.435530394057327 7.448741136814639 7.459949149553793 7.469641919912639 7.470551181704275 7.47143624196714 7.472302409310112 7.473157331995544 7.474006128691216 7.474852306783718 7.475696347850493 7.4765368271147326 7.478157630773001 7.485681798322374 7.498635157755873 7.5092496631208245 7.518299845231646 7.526043527043795 7.535747485791843 7.543879657008385 7.550842806433598 7.553013817192649 7.55688907119837 7.562159030129532 7.566630269668597 7.569359458230949 7.570575400146246 7.575273875059227 7.580046825144121 7.587746188030401 7.593666665875302 7.59883939700798 7.603578744298929 7.608041685430138 7.611894591201129 7.615654436810481 7.619161313963446 7.622325273175665 
# stellar_mass_list
-10.0 6.579759066228756 8.221922153708647 8.463344937258642 8.478135237538666 8.425938560313059 8.360426297927013 8.302250677182354 8.256800928502956 8.222834470984852 8.197342123756618 8.17762074309744 8.16176051357031 8.148534481117235 8.137174523537356 8.12720382778377 8.08987664454258 8.044619540302893 8.015718880863357 7.994611027895491 7.978049196779433 7.964460629243766 7.9529625749566035 7.942999781898292 7.934225670121811 7.933393088758181 7.932583274413572 7.931791024677035 7.9310082825343 7.930229285393092 7.929450782026341 7.928671034792963 7.927893051097834 7.926392577509675 7.9193502427470674 7.907013215673723 7.896548721112278 7.887352563332443 7.879294645161354 7.868813148194808 7.8596615481500685 7.851608421536176 7.84903676221068 7.844406579884435 7.8378044509612215 7.831952231027783 7.828233027717154 7.826556969668089 7.81976286468326 7.812507480696426 7.799653764641722 7.788991852375684 7.779678769806913 7.7711220782399515 7.7630237416793895 7.756085031665362 7.749155919508648 7.742898584357803 7.7371849355723015 
# remnant_mass_list
-10.0 -10.0 5.630053848240568 7.2801967902279285 7.682568517380709 7.864763614218607 7.957060612523045 8.006537454441144 8.034457611961981 8.051252344253635 8.06214380480419 8.06978177436157 8.075535787485048 8.080121973872354 8.08392783542151 8.087191745682468 8.098803907745593 8.111675966527697 8.119246427813477 8.12447844058367 8.128416854166511 8.131542952546479 8.134116316164185 8.136294501507852 8.13817391066728 8.13835062913368 8.138521896241407 8.13868895491144 8.13885369035822 8.139017474413174 8.139181060594577 8.13934486311888 8.139508163871495 8.139821614133727 8.141278547046092 8.143778214432942 8.145845274113364 8.147625358491332 8.149154234259798 8.151101232001643 8.152766712240563 8.154204691702928 8.154660629931259 8.15546955867383 8.156614057396222 8.157610904701741 8.158239996031265 8.158519126130605 8.15965332564557 8.16083712298881 8.162899078528293 8.164563975971342 8.165990330254177 8.167284708906056 8.168498598395747 8.169513580893625 8.170525672136346 8.171424271616631 8.172232361375373 
# BH_mass_list
-10.0 -10.0 5.4861746113946595 7.134541286524954 7.505941985768372 7.6592278504020115 7.727953048569765 7.759010765837872 7.772816192819565 7.778809608321418 7.7813301889749225 7.782344553640694 7.78273254997168 7.782865800424599 7.782893841875682 7.782901474881507 7.7829049965270825 7.7829049965270825 7.7829049965270825 7.7829049965270825 7.7829049965270825 7.7829049965270825 7.7829049965270825 7.7829049965270825 7.7829049965270825 7.7829049965270825 7.7829049965270825 7.7829049965270825 7.7829049965270825 7.7829049965270825 7.7829049965270825 7.7829049965270825 7.7829049965270825 7.7829049965270825 7.7829049965270825 7.7829049965270825 7.7829049965270825 7.7829049965270825 7.7829049965270825 7.7829049965270825 7.7829049965270825 7.7829049965270825 7.7829049965270825 7.7829049965270825 7.7829049965270825 7.7829049965270825 7.7829049965270825 7.7829049965270825 7.7829049965270825 7.7829049965270825 7.7829049965270825 7.7829049965270825 7.7829049965270825 7.7829049965270825 7.7829049965270825 7.7829049965270825 7.7829049965270825 7.7829049965270825 7.7829049965270825 
# NS_mass_list
-10.0 -10.0 5.080312328835158 6.7349451616874125 7.20651583264341 7.441123656238214 7.5689351998401735 7.636693799515953 7.670347325365532 7.68624394430441 7.6934395981966315 7.696573829703087 7.697891699805845 7.698427355821568 7.698634259156627 7.698709525169812 7.698752204782432 7.698752204782432 7.698752204782432 7.698752204782432 7.698752204782432 7.698752204782432 7.698752204782432 7.698752204782432 7.698752204782432 7.698752204782432 7.698752204782432 7.698752204782432 7.698752204782432 7.698752204782432 7.698752204782432 7.698752204782432 7.698752204782432 7.698752204782432 7.698752204782432 7.698752204782432 7.698752204782432 7.698752204782432 7.698752204782432 7.698752204782432 7.698752204782432 7.698752204782432 7.698752204782432 7.698752204782432 7.698752204782432 7.698752204782432 7.698752204782432 7.698752204782432 7.698752204782432 7.698752204782432 7.698752204782432 7.698752204782432 7.698752204782432 7.698752204782432 7.698752204782432 7.698752204782432 7.698752204782432 7.698752204782432 7.698752204782432 
# WD_mass_list
-10.0 -10.0 -10.0 -10.0 -10.0 3.1183246201599015 4.861552549787166 5.893810593717439 6.33826231850284 6.588688424852166 6.746276213650213 6.852706338771191 6.928633864183049 6.985325985952748 7.029325317206351 7.064608900028581 7.173506886608364 7.271557370922381 7.321429401604281 7.353277471002122 7.376031907920044 7.3934190812601495 7.407316845253807 7.418804395251299 7.428522539825579 7.429427374367224 7.43030285197478 7.431155451774466 7.431994879192233 7.432828168125002 7.433659170278793 7.4344899940354185 7.435317004752142 7.436900892308074 7.444202742287165 7.456506619805377 7.466475912993148 7.474918434913161 7.482067746473408 7.491040621852824 7.498602793454358 7.505050539571943 7.507079498585479 7.510661318810509 7.5156902884746835 7.520034162080826 7.522758382248303 7.523962933938636 7.528831224082205 7.53386820806131 7.54253659313528 7.549440992644986 7.555290719927042 7.560548191272479 7.565435578724511 7.569490664477648 7.573506162638508 7.577048278706338 7.580215330857479 
