# time_axis
1000000 10000000 20000000 30000000 40000000 50000000 60000000 70000000 80000000 90000000 100000000 110000000 120000000 130000000 140000000 150000000 200000000 300000000 400000000 500000000 600000000 700000000 800000000 900000000 1000000000 1010000000 1020000000 1030000000 1040000000 1050000000 1060000000 1070000000 1080000000 1100000000 1200000000 1400000000 1600000000 1800000000 2000000000 2300000000 2600000000 2900000000 3000000000 3200000000 3500000000 3800000000 4000000000 4100000000 4500000000 5000000000 6000000000 7000000000 8000000000 9000000000 10000000000 11000000000 12000000000 13000000000 14000000000 
# SNIa_energy_release_list
0 0.0 0.0 0.0 0.0 0.0 2.925307914209959e+54 8.314648948770461e+55 2.4407851802107167e+56 3.8646874804180944e+56 5.083545962800961e+56 6.1456651662209265e+56 7.086798269143718e+56 7.931808990516697e+56 8.698589861214133e+56 9.400446038699258e+56 1.222538545973133e+57 1.6007565294860496e+57 1.8597724152000383e+57 2.0569974914362597e+57 2.2163158042339405e+57 2.3499623267752265e+57 2.4650890150044268e+57 2.566200549365838e+57 2.6563500304574882e+57 2.6648447096497465e+57 2.673259651052671e+57 2.6815941213171118e+57 2.6898407264303297e+57 2.6980084288371436e+57 2.7060963178975888e+57 2.714102880415984e+57 2.722034035230585e+57 2.7376762638174577e+57 2.811762208678336e+57 2.9426609599693817e+57 3.0557334045992784e+57 3.155259565328442e+57 3.244155427692404e+57 3.361883589279519e+57 3.4649991698404346e+57 3.556730840886007e+57 3.585211382780098e+57 3.6393458271147526e+57 3.714483626113008e+57 3.783414417158257e+57 3.8263824804751715e+57 3.847056883184219e+57 3.9249913255130945e+57 4.0131386217358995e+57 4.1655757995206795e+57 4.294366754817721e+57 4.405847767887743e+57 4.504174609313789e+57 4.5920275022873855e+57 4.671564048732031e+57 4.744131463077087e+57 4.810871540399826e+57 4.872653562921531e+57 
# SNII_energy_release_list
0 -5.499064994525353e+52 -5.476604288127698e+54 3.4169567537776544e+55 1.195020226890561e+56 1.7013683820254757e+56 2.0438149127640337e+56 2.2157310110889982e+56 2.238444543815351e+56 2.2407258006026804e+56 2.240925598774133e+56 2.240950880571417e+56 2.2409548533256107e+56 2.2409550727741464e+56 2.2409551483584398e+56 2.2409551955457943e+56 2.240955274464881e+56 2.240955274464881e+56 2.240955274464881e+56 2.240955274464881e+56 2.240955274464881e+56 2.240955274464881e+56 2.240955274464881e+56 2.240955274464881e+56 2.240955274464881e+56 2.240955274464881e+56 2.240955274464881e+56 2.240955274464881e+56 2.240955274464881e+56 2.240955274464881e+56 2.240955274464881e+56 2.240955274464881e+56 2.240955274464881e+56 2.240955274464881e+56 2.240955274464881e+56 2.240955274464881e+56 2.240955274464881e+56 2.240955274464881e+56 2.240955274464881e+56 2.240955274464881e+56 2.240955274464881e+56 2.240955274464881e+56 2.240955274464881e+56 2.240955274464881e+56 2.240955274464881e+56 2.240955274464881e+56 2.240955274464881e+56 2.240955274464881e+56 2.240955274464881e+56 2.240955274464881e+56 2.240955274464881e+56 2.240955274464881e+56 2.240955274464881e+56 2.240955274464881e+56 2.240955274464881e+56 2.240955274464881e+56 2.240955274464881e+56 2.240955274464881e+56 2.240955274464881e+56 
# SN_energy_per_current_crossing_time_list
0.0 -2.2707760408437907e+53 -3.645569390113621e+54 1.9839163214850779e+55 5.136612966555651e+55 3.2384940964669897e+55 2.2702090652286303e+55 1.3671585787222798e+55 5.7375229946064174e+54 3.912803140224744e+54 3.274824285315707e+54 2.8808484762936515e+54 2.5816650631201192e+54 2.3427944572029848e+54 2.1468974793214867e+54 1.9830564670083835e+54 1.65800775844352e+54 1.171579292125371e+54 8.348357714320464e+53 6.56400881472607e+53 5.447606081959789e+53 4.677371431966053e+53 4.112624406798494e+53 3.6788990776607703e+53 3.335352194833035e+53 3.1479247812494643e+53 3.1232218426739433e+53 3.098070210859362e+53 3.069766160840453e+53 3.045200254882651e+53 3.020227405597268e+53 2.994476925993718e+53 2.9707960167129664e+53 2.9380437599250535e+53 2.8222758175628435e+53 2.5575005332986456e+53 2.2587934971916873e+53 2.0282127595256353e+53 1.844248079887219e+53 1.6673564694550936e+53 1.4914562028476927e+53 1.3520492657266539e+53 1.2669763399706784e+53 1.217386064887981e+53 1.1442671881640502e+53 1.0644072269765646e+53 1.0039632614007711e+53 9.699393767451653e+52 9.286228531205887e+52 8.544279194794214e+52 7.610664706614645e+52 6.581856277013149e+52 5.804779120487906e+52 5.200765714044377e+52 4.7111124663216643e+52 4.314600516935635e+52 3.9768405201643297e+52 3.689703302478398e+52 3.443250644763514e+52 
# SN_energy_per_final_crossing_time_list
0.0 -9.080747328133088e+52 -8.057564921909078e+54 5.892186804729224e+55 1.2682050828650218e+56 7.525311476190384e+55 5.105720197630499e+55 3.0020958684739693e+55 1.2344772418044603e+55 8.2747656066282e+54 6.822665485574718e+54 5.923185835761993e+54 5.245736234463725e+54 4.709466835511469e+54 4.273452955744396e+54 3.911608862516012e+54 3.148806507854752e+54 2.1078936273646765e+54 1.4435536084552487e+54 1.0991795723025059e+54 8.87916680083661e+53 7.448420367737599e+53 6.416268475759717e+53 5.6351725254810515e+53 5.024232717290456e+53 4.734275184263236e+53 4.689835526358881e+53 4.644987156534175e+53 4.596017937615705e+53 4.552043690156655e+53 4.507561922623868e+53 4.462236817210251e+53 4.4202104130694615e+53 4.3588823632608345e+53 4.128975824974292e+53 3.6476404574105633e+53 3.1508904369398633e+53 2.7734080490901528e+53 2.4771828673461846e+53 2.187084806367762e+53 1.915620837905312e+53 1.704137237019829e+53 1.5872844597406222e+53 1.5085169823772793e+53 1.3958660048504536e+53 1.280555847926152e+53 1.1973532565093955e+53 1.1522308197829428e+53 1.0858653045225207e+53 9.825292930373376e+52 8.495665717466364e+52 7.17780871790763e+52 6.213086824689043e+52 5.479975344265479e+52 4.896238711987941e+52 4.43275007275113e+52 4.0443447144297054e+52 3.719574155934531e+52 3.443250644763514e+52 
# total_energy_release_list
0 -5.499064994525353e+52 -5.476604288127698e+54 3.4169567537776544e+55 1.195020226890561e+56 1.7013683820254757e+56 2.073067991906133e+56 3.047195905966044e+56 4.679229724026068e+56 6.105413281020774e+56 7.324471561575094e+56 8.386616046792344e+56 9.327753122469329e+56 1.0172764063290843e+57 1.0939545009572573e+57 1.1641401234245052e+57 1.4466340734196212e+57 1.8248520569325378e+57 2.0838679426465264e+57 2.281093018882748e+57 2.4404113316804287e+57 2.5740578542217146e+57 2.689184542450915e+57 2.790296076812326e+57 2.8804455579039763e+57 2.8889402370962346e+57 2.897355178499159e+57 2.9056896487636e+57 2.913936253876818e+57 2.9221039562836318e+57 2.930191845344077e+57 2.938198407862472e+57 2.9461295626770732e+57 2.961771791263946e+57 3.0358577361248243e+57 3.1667564874158695e+57 3.279828932045766e+57 3.37935509277493e+57 3.468250955138892e+57 3.585979116726007e+57 3.6890946972869224e+57 3.780826368332495e+57 3.809306910226586e+57 3.8634413545612404e+57 3.938579153559496e+57 4.007509944604745e+57 4.050478007921659e+57 4.071152410630707e+57 4.149086852959582e+57 4.237234149182387e+57 4.389671326967167e+57 4.518462282264209e+57 4.629943295334231e+57 4.7282701367602766e+57 4.816123029733873e+57 4.8956595761785186e+57 4.968226990523575e+57 5.034967067846314e+57 5.096749090368019e+57 
# binding_energy_list
7.568328950209705e+54 7.568328950209705e+54 7.568328950209705e+54 7.550922276654341e+54 7.481695005111584e+54 7.430191378967052e+54 7.396052750582375e+54 7.362070974947316e+54 7.328245331389074e+54 7.29457510254568e+54 7.261059574351499e+54 7.227698036021732e+54 7.211074791828947e+54 7.177942912713644e+54 7.161434102128968e+54 7.144963260755121e+54 7.046930689671452e+54 6.91830970918942e+54 6.807693586937389e+54 6.729766562843223e+54 6.65273156201742e+54 6.591738952443253e+54 6.53130552647469e+54 6.486344335482348e+54 6.441692655151735e+54 6.441692655151735e+54 6.426877173170194e+54 6.426877173170194e+54 6.426877173170194e+54 6.412095765851648e+54 6.412095765851648e+54 6.412095765851648e+54 6.412095765851648e+54 6.397348354826442e+54 6.353309318517396e+54 6.295061828571968e+54 6.22300285169155e+54 6.180164001384114e+54 6.1235039172477214e+54 6.0673632958850715e+54 6.011737374832828e+54 5.956621435290085e+54 5.942921586155739e+54 5.915616341754719e+54 5.874893525297745e+54 5.834451042737424e+54 5.807644175213159e+54 5.807644175213159e+54 5.7676646339225445e+54 5.727960309858327e+54 5.6493697481230574e+54 5.59757601495107e+54 5.546257129579105e+54 5.50807696405403e+54 5.4827696492085025e+54 5.457578610912733e+54 5.432503314924325e+54 5.407543229455771e+54 5.382697825162903e+54 
# total_gas_kinetic_energy_list
9.37944612146824e+57 2.4232447629554255e+59 3.2541205190106915e+59 4.467433977668914e+58 5.9023246407532485e+57 7.490769280223307e+56 9.50349709536767e+55 1.5178433918711315e+55 5.6950690881937975e+54 4.2200971909320796e+54 3.818108475335511e+54 3.475199777433672e+54 3.204514282478522e+54 2.946205861975642e+54 2.7635476261539824e+54 2.5606848345855914e+54 1.2350056124140394e+55 2.682555358184196e+55 3.7767135387464973e+55 4.648360474779172e+55 5.373889723989018e+55 5.993766372818073e+55 6.542195068219271e+55 7.036986642665381e+55 7.490443547201858e+55 7.534275634422232e+55 7.576223640733087e+55 7.617711829404516e+55 7.659058785608331e+55 7.699227343035381e+55 7.742350514110051e+55 7.784366533932341e+55 7.825710843261822e+55 7.903491313281251e+55 8.284670389349164e+55 8.97850377426683e+55 9.581202567176459e+55 1.012507370223303e+56 1.0611750957872059e+56 1.1250251957348604e+56 1.1811720180527024e+56 1.2311709165009902e+56 1.247184511820573e+56 1.2759467003553806e+56 1.3166171068806781e+56 1.351880513741916e+56 1.3738268289466937e+56 1.3835526985551993e+56 1.42236090957751e+56 1.461840846633562e+56 1.530929280711412e+56 1.5826872079509436e+56 1.623912036737513e+56 1.6584360994346636e+56 1.6888016056546835e+56 1.7140464265999307e+56 1.7366676153946254e+56 1.7554435135029968e+56 1.77335565174758e+56 
