# time_axis
5.999999999999999 7.0 7.30102999566398 7.477121254719661 7.602059991327962 7.698970004336018 7.778151250383643 7.845098040014256 7.903089986991943 7.954242509439324 8.0 8.041392685158224 8.079181246047623 8.113943352306837 8.146128035678238 8.176091259055681 8.301029995663981 8.47712125471966 8.60205999132796 8.698970004336019 8.778151250383644 8.845098040014257 8.903089986991942 8.954242509439323 8.999999999999998 9.004321373782641 9.008600171761916 9.012837224705171 9.017033339298779 9.021189299069936 9.02530586526477 9.02938377768521 9.033423755486949 9.041392685158224 9.079181246047623 9.146128035678236 9.204119982655923 9.255272505103305 9.301029995663981 9.361727836017593 9.414973347970816 9.462397997898954 9.477121254719663 9.505149978319904 9.544068044350274 9.57978359661681 9.60205999132796 9.612783856719734 9.653212513775342 9.698970004336017 9.778151250383642 9.845098040014257 9.903089986991944 9.954242509439325 10.0 10.041392685158225 10.079181246047623 10.113943352306835 10.146128035678236 
# total_gas_mass_list
9.213348502937857 10.627498279668606 10.755554548621923 9.893197264253844 9.014251742543289 8.118471400554997 7.223557984261221 6.436294245091111 6.046043047944024 5.929906088265323 5.876250854281551 5.830689218236483 5.78897465984774 5.751076383802891 5.717218847134954 5.686180918230681 6.362518746962636 6.693624151514909 6.839244776397949 6.929922925803734 6.994104941553862 7.0426683789648 7.081303490378249 7.1131576349451615 7.140286900250579 7.142792790353613 7.145216654894922 7.147589564423507 7.149907157026734 7.152156585576974 7.154621591609063 7.156972216523665 7.159255651493213 7.163555069914649 7.183728664934197 7.2180162271515655 7.245614893374193 7.268823232827491 7.2884903586786765 7.312952310528955 7.3333167391364364 7.350605998688481 7.35597430126613 7.365499498764249 7.37859113645669 7.3896501665072165 7.3963910307891645 7.3993659427823815 7.41093019475958 7.422548948395795 7.441902772356501 7.456001407605488 7.467080636924737 7.476176811853911 7.484039985305738 7.490661465846312 7.496293650951745 7.501111430966615 7.505593503767005 
# ejected_gas_mass_list
-10.0 -10.0 -10.0 5.800042640558062 6.3578605791079 6.558124266269327 6.6543766424483906 6.724798528892597 6.786758874239315 6.836168260993798 6.876465267335844 6.909888417392492 6.938201421907459 6.9626469265968645 6.984119688410768 7.003214526225766 7.075291182990807 7.162194828507657 7.217354704122646 7.257646687957466 7.289008453032357 7.314313090555 7.335409441352414 7.3534411696779785 7.369248627748679 7.37072948501902 7.372165192935205 7.373573881867146 7.374952749173036 7.376293910609476 7.377766823566764 7.379174522902957 7.380544909762218 7.383132987136313 7.395412384637642 7.416790842747128 7.434456233618237 7.4496216314839465 7.462691222177353 7.479221765932733 7.493211553005113 7.505248668551453 7.509015675037319 7.515733684084115 7.525037515537257 7.53295969717703 7.537816496746502 7.539966610618624 7.548363273919424 7.5568608115346185 7.571149871299819 7.581662981212633 7.589985057384759 7.596856849022192 7.6028253827542605 7.607871520997474 7.612178085327999 7.615872326281122 7.619317706419506 
# stellar_mass_list
-10.0 6.709557395582626 8.193589273133677 8.43529373199107 8.233320046219138 8.163244694828094 8.125329369726819 8.09905954106495 8.078811872022467 8.062229558070554 8.048119208326195 8.035810380590075 8.024864900183525 8.014928168494142 8.005880801972983 7.997539936972017 7.963130905219209 7.91432183782317 7.878246001427256 7.848889277148386 7.823942152097807 7.802194350753355 7.782789705498418 7.765181800961368 7.748997290857091 7.747409883663397 7.745896968940132 7.744416968883295 7.74308971177831 7.7414186880338525 7.7399093152344784 7.738391877623584 7.736873177488741 7.734004196248085 7.7200336010981 7.694299566756077 7.671067809150872 7.649570420010038 7.629764206897075 7.6023937856949555 7.576923468870238 7.553121062021032 7.545183663331803 7.530605203931616 7.50885603048394 7.488448634963935 7.475058449552114 7.4688238538381295 7.4426375635718145 7.412648154354838 7.35361431832846 7.300071410202301 7.254908011116866 7.21481912564566 7.177904439230763 7.147178600993595 7.117147611069848 7.090712705523657 7.066929776376245 
# remnant_mass_list
-10.0 -10.0 5.2746467935850125 7.075803675305622 7.481016491202138 7.565067973996252 7.602523194068971 7.624688195821803 7.6393586834918645 7.650621758339157 7.65977950727397 7.667479456739577 7.6741167904023975 7.679941297061427 7.685132295837057 7.689807234190837 7.70800287004163 7.731161773584854 7.746513887951904 7.758021169768863 7.767140650763785 7.774631804028363 7.780974777425467 7.786457172110339 7.791306589102656 7.791764418059069 7.792199996915174 7.79262701770387 7.793055486700979 7.793488886936378 7.793922815336394 7.794360150102439 7.794791700867906 7.7956016807337765 7.799464245558954 7.806244724958537 7.812002894769681 7.817051420572142 7.821456847054119 7.827198620989732 7.832225215408381 7.836639900269358 7.838065373366769 7.840586920835081 7.844213929927873 7.847432698799515 7.849468228021862 7.850384243318473 7.85413218694965 7.858111969278618 7.865201299889541 7.8707704960719065 7.87485141518361 7.878075560573837 7.88076275660106 7.882744886207046 7.884558538031232 7.886007386085917 7.88719361062466 
# BH_mass_list
-10.0 -10.0 4.9959638968545566 6.8716983445457185 7.233178327081852 7.248236808329399 7.248970589124735 7.248995542809541 7.248995869488388 7.248995869488388 7.248995869488388 7.248995869488388 7.248995869488388 7.248995869488388 7.248995869488388 7.248995869488388 7.248995869488388 7.248995869488388 7.248995869488388 7.248995869488388 7.248995869488388 7.248995869488388 7.248995869488388 7.248995869488388 7.248995869488388 7.248995869488388 7.248995869488388 7.248995869488388 7.248995869488388 7.248995869488388 7.248995869488388 7.248995869488388 7.248995869488388 7.248995869488388 7.248995869488388 7.248995869488388 7.248995869488388 7.248995869488388 7.248995869488388 7.248995869488388 7.248995869488388 7.248995869488388 7.248995869488388 7.248995869488388 7.248995869488388 7.248995869488388 7.248995869488388 7.248995869488388 7.248995869488388 7.248995869488388 7.248995869488388 7.248995869488388 7.248995869488388 7.248995869488388 7.248995869488388 7.248995869488388 7.248995869488388 7.248995869488388 7.248995869488388 
# NS_mass_list
-10.0 -10.0 4.950057128321719 6.649810522108109 7.119358429798934 7.279229885844334 7.346688216986731 7.3737263627603795 7.377132903303146 7.377469767095828 7.377497998204167 7.377501116921518 7.3775015365765695 7.377501555913215 7.377501562613328 7.377501566786076 7.377501573708895 7.377501573708895 7.377501573708895 7.377501573708895 7.377501573708895 7.377501573708895 7.377501573708895 7.377501573708895 7.377501573708895 7.377501573708895 7.377501573708895 7.377501573708895 7.377501573708895 7.377501573708895 7.377501573708895 7.377501573708895 7.377501573708895 7.377501573708895 7.377501573708895 7.377501573708895 7.377501573708895 7.377501573708895 7.377501573708895 7.377501573708895 7.377501573708895 7.377501573708895 7.377501573708895 7.377501573708895 7.377501573708895 7.377501573708895 7.377501573708895 7.377501573708895 7.377501573708895 7.377501573708895 7.377501573708895 7.377501573708895 7.377501573708895 7.377501573708895 7.377501573708895 7.377501573708895 7.377501573708895 7.377501573708895 7.377501573708895 
# WD_mass_list
-10.0 -10.0 -10.0 -10.0 -10.0 3.3777554255431594 4.928644780015669 5.877012875002674 6.304266179000892 6.497157909297379 6.612080391819839 6.6911179762947794 6.7502423473757505 6.796858032270762 6.835026775775572 6.8670959326344585 6.975817075880936 7.0882985003918435 7.1520464675405835 7.195621416299833 7.228028021724277 7.253417608576129 7.274132553887361 7.2915042334694515 7.306485796244544 7.307882339930472 7.3092082179415305 7.310505413836964 7.311804403222675 7.313115700413781 7.314425946755935 7.315743810344491 7.317041631807015 7.319470557989354 7.330930880924166 7.350579280341875 7.366822982336549 7.38075097701519 7.392677560113453 7.407920049166227 7.420997200666906 7.432286835343081 7.435894448536878 7.442232077195385 7.451251952043032 7.4591642023446045 7.464124201928397 7.466345433058361 7.47536508027674 7.48482482418328 7.501387638622879 7.5141519087219875 7.523373369904025 7.530582719267467 7.536541449296032 7.540908211942354 7.544882953051009 7.548044077048513 7.550622970357455 
