# time_axis
1000000 10000000 20000000 30000000 40000000 50000000 60000000 70000000 80000000 90000000 100000000 200000000 300000000 400000000 500000000 600000000 700000000 800000000 900000000 1000000000 1010000000 1020000000 1030000000 1040000000 1050000000 1060000000 1070000000 1080000000 1100000000 1200000000 1400000000 1600000000 1800000000 2000000000 2300000000 2600000000 2900000000 3000000000 3200000000 3500000000 3800000000 4000000000 4100000000 4500000000 5000000000 6000000000 7000000000 8000000000 9000000000 10000000000 11000000000 12000000000 13000000000 14000000000 
# SNIa_energy_release_list
0 0 0 0 0 0 0 0 0 0 0 0 0 0 0 0 0 0 0 0 0 0 0 0 0 0 0 0 0 0 0 0 0 0 0 0 0 0 0 0 0 0 0 0 0 0 0 0 0 0 0 0 0 1e-10 
# SNII_energy_release_list
0 -5.952275055770665e+54 -2.780303396635466e+56 -6.226758031521417e+56 -7.553151830541205e+56 -6.3473409661092255e+56 -3.0653023827841083e+56 1.5453279191462622e+56 8.868694391375123e+56 1.6139302268299488e+57 1.5992132553388358e+57 1.9219312712650476e+57 2.428548826510094e+57 2.7932267146785147e+57 2.988110460889147e+57 3.123089010562687e+57 3.226250239820019e+57 3.3095843969194566e+57 3.379372830459622e+57 3.439327152254084e+57 3.44488039138066e+57 3.450361784978194e+57 3.455772481453864e+57 3.46111530180536e+57 3.466391886138943e+57 3.471602321020246e+57 3.476748865511799e+57 3.481833593543564e+57 3.491822674423508e+57 3.538473209307839e+57 3.618506939321573e+57 3.685492294315961e+57 3.7430106431122e+57 3.7933720045758256e+57 3.809890869735416e+57 3.809890869735416e+57 3.809890869735416e+57 3.809890869735416e+57 3.809890869735416e+57 3.809890869735416e+57 3.809890869735416e+57 3.809890869735416e+57 3.809890869735416e+57 3.809890869735416e+57 3.809890869735416e+57 3.809890869735416e+57 3.809890869735416e+57 3.809890869735416e+57 3.809890869735416e+57 3.809890869735416e+57 3.809890869735416e+57 3.809890869735416e+57 3.809890869735416e+57 3.809890869735416e+57 
# SN_energy_per_current_crossing_time_list
0.0 -9.316844466738976e+55 -3.5202394563182173e+56 -2.253675583086476e+56 -6.59889460957414e+55 5.41433192680185e+55 1.4163022265819795e+56 1.9857996798049397e+56 3.6914552479073655e+56 4.358734653072172e+56 -6.967661731087273e+54 1.8183902973138814e+55 5.963574510833671e+55 5.937639467887842e+55 3.7112867322676497e+55 2.9288794473328574e+55 2.456919263930211e+55 2.1097407692461429e+55 1.8538721419571107e+55 1.6558955694930594e+55 1.5391092938805349e+55 1.5244033041773082e+55 1.509803832639413e+55 1.495784355027524e+55 1.4820237273378357e+55 1.4680918667356815e+55 1.454610673411157e+55 1.4415558310522613e+55 1.4245075143835593e+55 1.3673208663089043e+55 1.2255788056110306e+55 1.0610539710291153e+55 9.361641619427795e+54 8.381442413686871e+54 1.883215619697067e+54 0.0 0.0 0.0 0.0 0.0 0.0 0.0 0.0 0.0 0.0 0.0 0.0 0.0 0.0 0.0 0.0 0.0 0.0 0.0 
# SN_energy_per_final_crossing_time_list
0.0 -2.8135009356013657e+55 -1.1574443283322492e+57 -1.4661525087491856e+57 -5.642597399476803e+56 5.129626852095422e+56 1.3962084555083601e+57 1.9614032100306244e+57 3.1154253466920578e+57 3.092981370183334e+57 -6.260730796939564e+55 1.372871193136807e+56 2.155196218398748e+56 1.5513722281772556e+56 8.29052820045643e+55 5.742107765702144e+55 4.3885706067415753e+55 3.545109291707891e+55 2.9688621425877536e+55 2.5505102669722124e+55 2.3623974024492675e+55 2.33183367426855e+55 2.3017584887332213e+55 2.2728833807508082e+55 2.2447059885829637e+55 2.216565422208374e+55 2.1893858811605171e+55 2.16308860839705e+55 2.124722003299085e+55 1.9845553184661955e+55 1.7023530914410711e+55 1.424808341887945e+55 1.2234409026177048e+55 1.0712085937025731e+55 2.342424139314054e+54 0.0 0.0 0.0 0.0 0.0 0.0 0.0 0.0 0.0 0.0 0.0 0.0 0.0 0.0 0.0 0.0 0.0 0.0 0.0 
# total_energy_release_list
0 -5.952275055770665e+54 -2.780303396635466e+56 -6.226758031521417e+56 -7.553151830541205e+56 -6.3473409661092255e+56 -3.0653023827841083e+56 1.5453279191462622e+56 8.868694391375123e+56 1.6139302268299488e+57 1.5992132553388358e+57 1.9219312712650476e+57 2.428548826510094e+57 2.7932267146785147e+57 2.988110460889147e+57 3.123089010562687e+57 3.226250239820019e+57 3.3095843969194566e+57 3.379372830459622e+57 3.439327152254084e+57 3.44488039138066e+57 3.450361784978194e+57 3.455772481453864e+57 3.46111530180536e+57 3.466391886138943e+57 3.471602321020246e+57 3.476748865511799e+57 3.481833593543564e+57 3.491822674423508e+57 3.538473209307839e+57 3.618506939321573e+57 3.685492294315961e+57 3.7430106431122e+57 3.7933720045758256e+57 3.809890869735416e+57 3.809890869735416e+57 3.809890869735416e+57 3.809890869735416e+57 3.809890869735416e+57 3.809890869735416e+57 3.809890869735416e+57 3.809890869735416e+57 3.809890869735416e+57 3.809890869735416e+57 3.809890869735416e+57 3.809890869735416e+57 3.809890869735416e+57 3.809890869735416e+57 3.809890869735416e+57 3.809890869735416e+57 3.809890869735416e+57 3.809890869735416e+57 3.809890869735416e+57 3.809890869735416e+57 
# binding_energy_list
5.754399373371543e+55 7.90678627999831e+55 1.076465213629826e+56 1.2589254117941713e+56 1.3243415351946643e+56 1.3212956341865819e+56 1.2971792709839546e+56 1.2589254117941713e+56 1.1508003889444355e+56 1.0471285480509072e+56 1.122018454301956e+56 1.0232929922807495e+56 7.413102413009132e+55 6.47142615748583e+55 5.997910762555076e+55 5.649369748123057e+55 5.420008904016261e+55 5.248074602497712e+55 5.116818355403115e+55 5.023425895223877e+55 5.011872336272756e+55 5.000345349769763e+55 4.988844874600127e+55 4.988844874600127e+55 4.977370849789391e+55 4.965923214503337e+55 4.965923214503337e+55 4.954501908047905e+55 4.943106869868384e+55 4.87528490103389e+55 4.764309868054127e+55 4.6773514128720003e+55 4.623810213992594e+55 4.5708818961487145e+55 4.5081670454146377e+55 4.456562483975042e+55 4.415704473533157e+55 4.4055486350655163e+55 4.375221051582503e+55 4.3451022417156965e+55 4.3251383103501146e+55 4.30526610491711e+55 4.295364267648899e+55 4.2756288615158644e+55 4.24619563946313e+55 4.1975898399100517e+55 4.1686938347033293e+55 4.139996748197279e+55 4.120975190973321e+55 4.102041029866064e+55 4.083193863326894e+55 4.073802778041122e+55 4.0550853544838104e+55 4.04575891697442e+55 
# total_gas_kinetic_energy_list
8.291911593376286e+57 3.7893288233083954e+59 8.479412966521866e+59 1.140411767126475e+60 1.2910845275961426e+60 1.3614950880420901e+60 1.392113080574221e+60 1.1287443425454831e+60 9.109121381919018e+59 7.330274593351267e+59 5.858822772525974e+59 5.888812323669477e+59 5.930287180994188e+59 5.946716091815751e+59 5.954245010544857e+59 5.959084959202242e+59 5.962322648964958e+59 5.964718490164014e+59 5.9665864715985495e+59 5.96808582572712e+59 5.968220050955546e+59 5.968352209601203e+59 5.968481975490012e+59 5.9686093390687655e+59 5.968734308074159e+59 5.968856886445875e+59 5.968977267037715e+59 5.969096065796789e+59 5.969328444888431e+59 5.970383355671626e+59 5.972090138672415e+59 5.973419578317598e+59 5.974499617609169e+59 5.975396357669868e+59 5.976495400529275e+59 5.977398718401064e+59 5.97815864702555e+59 5.978388391544227e+59 5.97881101345522e+59 5.979381051161763e+59 5.979871377398409e+59 5.980166429190566e+59 5.980301373380398e+59 5.980799833925746e+59 5.981314796219778e+59 5.982122039100774e+59 5.9827281303362715e+59 5.983217718481356e+59 5.983629294978412e+59 5.983984601535096e+59 5.984287683511063e+59 5.984560495394646e+59 5.9848007621594325e+59 5.985014298653092e+59 
