# time_axis
1000000 10000000 20000000 30000000 40000000 50000000 60000000 70000000 80000000 90000000 100000000 110000000 120000000 130000000 140000000 150000000 200000000 300000000 400000000 500000000 600000000 700000000 800000000 900000000 1000000000 1010000000 1020000000 1030000000 1040000000 1050000000 1060000000 1070000000 1080000000 1100000000 1200000000 1400000000 1600000000 1800000000 2000000000 2300000000 2600000000 2900000000 3000000000 3200000000 3500000000 3800000000 4000000000 4100000000 4500000000 5000000000 6000000000 7000000000 8000000000 9000000000 10000000000 11000000000 12000000000 13000000000 14000000000 
# SNIa_energy_release_list
0 0 0 0 0 0 0 0 0 0 0 0 0 0 0 0 0 0 0 0 0 0 0 0 0 0 0 0 0 0 0 0 0 0 0 0 0 0 0 0 0 0 0 0 0 0 0 0 0 0 0 0 0 0 0 0 0 0 1e-10 
# SNII_energy_release_list
0 -1.3392618875483995e+55 -6.25533065473181e+56 -1.399363176241723e+57 -1.69514867394194e+57 -1.4218499383775481e+57 -6.828814573018133e+56 3.539177368771853e+56 2.2230813035066833e+57 2.3548081756681647e+57 2.1448381154291608e+57 1.814565035871486e+57 1.421891374840419e+57 1.1483934948330614e+57 1.2289556147310779e+57 1.3682470455384016e+57 1.760010678237059e+57 3.66042507270476e+57 5.048954633106536e+57 5.78122589061719e+57 6.288378533695654e+57 6.676089776924694e+57 6.989350277294964e+57 7.251745652696609e+57 7.477204801345668e+57 7.498093952944417e+57 7.518706415771321e+57 7.539060259314637e+57 7.559157020815301e+57 7.578996654550084e+57 7.598588816557113e+57 7.617959378176488e+57 7.63707275900589e+57 7.674642479329983e+57 7.850112691274867e+57 8.151194897133684e+57 8.403227344252067e+57 8.619662383059376e+57 8.809146265390265e+57 8.873808915174294e+57 8.873808915174294e+57 8.873808915174294e+57 8.873808915174294e+57 8.873808915174294e+57 8.873808915174294e+57 8.873808915174294e+57 8.873808915174294e+57 8.873808915174294e+57 8.873808915174294e+57 8.873808915174294e+57 8.873808915174294e+57 8.873808915174294e+57 8.873808915174294e+57 8.873808915174294e+57 8.873808915174294e+57 8.873808915174294e+57 8.873808915174294e+57 8.873808915174294e+57 8.873808915174294e+57 
# SN_energy_per_current_crossing_time_list
0.0 -2.8648684846795735e+56 -1.0824193846723915e+57 -6.920818571488125e+56 -2.0143957935413776e+56 1.6811341746179355e+56 4.319999146866071e+56 6.100536127722828e+56 1.3910745875589915e+57 7.858147081881517e+55 -1.069541489136868e+56 -1.5255074661502483e+56 -1.7076923058524724e+56 -1.1479514677783307e+56 3.4438117392918394e+55 6.054993241375947e+55 3.622324648236694e+55 2.1425397263787553e+56 2.396172567220015e+56 1.541178569763393e+56 1.2546228700416376e+56 1.092697514057988e+56 9.562086949007811e+55 8.528370668620769e+55 7.709544018253329e+55 7.175436302780296e+55 7.11195320396268e+55 7.053443914418384e+55 6.994244342803061e+55 6.933810480029146e+55 6.875567617905556e+55 6.82541779660175e+55 6.761716789868968e+55 6.697489279619808e+55 6.481927020160084e+55 5.887769155340028e+55 5.149755016598507e+55 4.5804993188842663e+55 4.127308593210148e+55 9.72618744707135e+54 0.0 0.0 0.0 0.0 0.0 0.0 0.0 0.0 0.0 0.0 0.0 0.0 0.0 0.0 0.0 0.0 0.0 0.0 0.0 
# SN_energy_per_final_crossing_time_list
0.0 -8.961987315382246e+55 -3.686654172557011e+57 -4.6604403002143216e+57 -1.7813866823196767e+57 1.6459587492103655e+57 4.450483952314978e+57 6.2441880724731926e+57 1.1257154629148316e+58 7.933333364772335e+56 -1.26455783635044e+57 -1.9890903037073285e+57 -2.3649017132253417e+57 -1.647158109088775e+57 4.851904119762466e+56 8.38891364622969e+56 4.718842021212822e+56 1.1445364696765841e+57 8.362506228800497e+56 4.410149504006622e+56 3.0543585514082362e+56 2.3350152412604685e+56 1.8866309802043772e+56 1.5802925798495495e+56 1.3578418412441135e+56 1.2580622360559022e+56 1.2413984815060757e+56 1.2258229732016383e+56 1.2103400461952721e+56 1.1948543654788043e+56 1.1799502257051976e+56 1.1666042035902983e+56 1.151115329464469e+56 1.1313299665496963e+56 1.0567803395798302e+56 9.066432194453341e+55 7.589405976626947e+55 6.517467873111333e+55 5.705892735156686e+55 1.2981161919068979e+55 0.0 0.0 0.0 0.0 0.0 0.0 0.0 0.0 0.0 0.0 0.0 0.0 0.0 0.0 0.0 0.0 0.0 0.0 0.0 
# total_energy_release_list
0 -1.3392618875483995e+55 -6.25533065473181e+56 -1.399363176241723e+57 -1.69514867394194e+57 -1.4218499383775481e+57 -6.828814573018133e+56 3.539177368771853e+56 2.2230813035066833e+57 2.3548081756681647e+57 2.1448381154291608e+57 1.814565035871486e+57 1.421891374840419e+57 1.1483934948330614e+57 1.2289556147310779e+57 1.3682470455384016e+57 1.760010678237059e+57 3.66042507270476e+57 5.048954633106536e+57 5.78122589061719e+57 6.288378533695654e+57 6.676089776924694e+57 6.989350277294964e+57 7.251745652696609e+57 7.477204801345668e+57 7.498093952944417e+57 7.518706415771321e+57 7.539060259314637e+57 7.559157020815301e+57 7.578996654550084e+57 7.598588816557113e+57 7.617959378176488e+57 7.63707275900589e+57 7.674642479329983e+57 7.850112691274867e+57 8.151194897133684e+57 8.403227344252067e+57 8.619662383059376e+57 8.809146265390265e+57 8.873808915174294e+57 8.873808915174294e+57 8.873808915174294e+57 8.873808915174294e+57 8.873808915174294e+57 8.873808915174294e+57 8.873808915174294e+57 8.873808915174294e+57 8.873808915174294e+57 8.873808915174294e+57 8.873808915174294e+57 8.873808915174294e+57 8.873808915174294e+57 8.873808915174294e+57 8.873808915174294e+57 8.873808915174294e+57 8.873808915174294e+57 8.873808915174294e+57 8.873808915174294e+57 8.873808915174294e+57 
# binding_energy_list
1.0616955571987327e+56 1.4588142602753533e+56 1.9860949173573797e+56 2.322736796357105e+56 2.4434305526939615e+56 2.437810818368755e+56 2.4099054286865833e+56 2.322736796357105e+56 2.0653801558105185e+56 2.202926463053474e+56 2.317394649968489e+56 2.3933157564053754e+56 2.437810818368755e+56 2.4603676041476174e+56 2.437810818368755e+56 2.415460834444955e+56 2.3496328208483193e+56 1.57761126969935e+56 1.3182567385563994e+56 1.1967405313072515e+56 1.1091748152624054e+56 1.0495424286523242e+56 1.0092528860766793e+56 9.772372209558151e+55 9.506047936562848e+55 9.484184633008901e+55 9.46237161365791e+55 9.440608762859265e+55 9.418895965228341e+55 9.397233105646357e+55 9.397233105646357e+55 9.37562006925883e+55 9.354056741475445e+55 9.311078754678329e+55 9.141132414702471e+55 8.892011178579445e+55 8.689604292863019e+55 8.531001140175843e+55 8.413951416451896e+55 8.260379495771817e+55 8.147042840208421e+55 8.053784411990644e+55 8.016780633876855e+55 7.961593504173249e+55 7.888601176185516e+55 7.816278045883308e+55 7.780365510398009e+55 7.762471166286928e+55 7.691304402866146e+55 7.638357835776954e+55 7.516228940182014e+55 7.447319739059888e+55 7.379042301291045e+55 7.328245331389075e+55 7.277798045368272e+55 7.244359600749891e+55 7.211074791828947e+55 7.177942912713644e+55 7.161434102128968e+55 
# total_gas_kinetic_energy_list
1.2437867390064431e+58 5.683673906485688e+59 1.2705760509196217e+60 1.7070829287595136e+60 1.9309004106128044e+60 2.0345649677929138e+60 2.078751087365412e+60 1.4783074673123295e+60 1.0489873162601829e+60 7.351941001002424e+59 5.1422588774985325e+59 3.592209725329745e+59 2.508198534496401e+59 1.7511357370924318e+59 1.2340941045012444e+59 8.712010799929516e+58 8.936538083966012e+58 1.041088094618561e+59 1.0998258877364403e+59 1.125044096358639e+59 1.1411298867305409e+59 1.1517575054836817e+59 1.1595473234951304e+59 1.1655726617416704e+59 1.1703777390278913e+59 1.170807350855448e+59 1.1712292445818854e+59 1.1716433484557384e+59 1.172049601098872e+59 1.1724478768919256e+59 1.1728382934797808e+59 1.1732230097771218e+59 1.1736017730597231e+59 1.1743416873360468e+59 1.1776948928436898e+59 1.1831017106908438e+59 1.187306313200467e+59 1.1907123504319556e+59 1.1935395324195988e+59 1.197017285145598e+59 1.1998860483683894e+59 1.2023117054847707e+59 1.2030455013106988e+59 1.2044040047124192e+59 1.2062375997701934e+59 1.207830095259189e+59 1.2087860475912566e+59 1.209228183108754e+59 1.210849102079396e+59 1.2125393639362898e+59 1.215199306295076e+59 1.2172129803070896e+59 1.2188283757122124e+59 1.2201734067780603e+59 1.2213228323680375e+59 1.222303372997173e+59 1.2231723641430839e+59 1.2239371622241161e+59 1.2246154834960916e+59 
