# time_axis
1000000 10000000 20000000 30000000 40000000 50000000 60000000 70000000 80000000 90000000 100000000 110000000 120000000 130000000 140000000 150000000 200000000 300000000 400000000 500000000 600000000 700000000 800000000 900000000 1000000000 1010000000 1020000000 1030000000 1040000000 1050000000 1060000000 1070000000 1080000000 1100000000 1200000000 1400000000 1600000000 1800000000 2000000000 2300000000 2600000000 2900000000 3000000000 3200000000 3500000000 3800000000 4000000000 4100000000 4500000000 5000000000 6000000000 7000000000 8000000000 9000000000 10000000000 11000000000 12000000000 13000000000 14000000000 
# SNIa_energy_release_list
0 0 0 0 0 0 0 0 0 0 0 0 0 0 0 0 0 0 0 0 0 0 0 0 0 0 0 0 0 0 0 0 0 0 0 0 0 0 0 0 0 0 0 0 0 0 0 0 0 0 0 0 0 0 0 0 0 0 1e-10 
# SNII_energy_release_list
0 -2.232103145913999e+55 -1.0424377798893056e+57 -2.3267482826692126e+57 -2.8109233997910656e+57 -2.3488736679389874e+57 -1.11564989687147e+57 6.102711715535937e+56 4.453884608421214e+57 5.5729063562538175e+57 6.055624301177951e+57 6.188538359425851e+57 6.062249755421005e+57 5.9985296123577606e+57 5.9658280024834844e+57 5.9485936121960074e+57 5.9485936121960074e+57 7.643860273029077e+57 8.81250685760839e+57 9.432415872527975e+57 9.863553838006253e+57 1.0193861415344912e+58 1.0461104558147401e+58 1.0685146512585824e+58 1.0877785564823619e+58 1.0895634495946692e+58 1.0913250967489201e+58 1.0930645724257656e+58 1.0947828917279044e+58 1.0964788723381357e+58 1.0981536026745698e+58 1.099809246542923e+58 1.1014435932964553e+58 1.1046555085542547e+58 1.1196609336551543e+58 1.1454190748889323e+58 1.166989086354624e+58 1.1855180835492291e+58 1.2017449318468832e+58 1.2108803800417603e+58 1.2108803800417603e+58 1.2108803800417603e+58 1.2108803800417603e+58 1.2108803800417603e+58 1.2108803800417603e+58 1.2108803800417603e+58 1.2108803800417603e+58 1.2108803800417603e+58 1.2108803800417603e+58 1.2108803800417603e+58 1.2108803800417603e+58 1.2108803800417603e+58 1.2108803800417603e+58 1.2108803800417603e+58 1.2108803800417603e+58 1.2108803800417603e+58 1.2108803800417603e+58 1.2108803800417603e+58 1.2108803800417603e+58 
# SN_energy_per_current_crossing_time_list
0.0 -4.555374091856125e+56 -1.7210359319969025e+57 -1.0975723425413042e+57 -3.1562672774182156e+56 2.7246711352585304e+56 6.85656351931995e+56 9.621258763560832e+56 3.327227537618727e+57 8.646106621295903e+56 3.4798947247102307e+56 9.33431431741816e+55 -8.827095327727015e+55 -4.4762900167096056e+55 -2.3168903046093593e+55 -1.2322514545495399e+55 0.0 2.9878747783064087e+56 2.965681528799106e+56 1.8428327594748157e+56 1.4592467083562596e+56 1.22874227774388e+56 1.0576224980718262e+56 9.308405849634331e+55 8.324707297943568e+55 7.74042435805367e+55 7.666054524963986e+55 7.595281672366975e+55 7.527896623414493e+55 7.454295970855129e+55 7.38445602932112e+55 7.32335419169659e+55 7.251671862064533e+55 7.16918328367913e+55 6.886892891083246e+55 6.183206083973949e+55 5.362244046041026e+55 4.738614712727965e+55 4.2482383666327144e+55 1.6408535195735407e+55 0.0 0.0 0.0 0.0 0.0 0.0 0.0 0.0 0.0 0.0 0.0 0.0 0.0 0.0 0.0 0.0 0.0 0.0 0.0 
# SN_energy_per_final_crossing_time_list
0.0 -1.6742677672112923e+56 -6.886571234102548e+57 -8.670081907497824e+57 -3.268553760116843e+57 3.1191904230510196e+57 8.325207247223645e+57 1.1651292266731409e+58 2.594734158622099e+58 7.554255913176701e+57 3.2587167290560494e+57 8.972719363213836e+56 -8.525450335690482e+56 -4.301598860400209e+56 -2.207609729137324e+56 -1.163453659335355e+56 0.0 1.14443514809377e+57 7.889261660080498e+56 4.18486177829702e+56 2.9105122678960506e+56 2.229829736652179e+56 1.8040963865821351e+56 1.5124551979389356e+56 1.3004614988893008e+56 1.2049398838002816e+56 1.1892470774322446e+56 1.174279627995911e+56 1.1599974508131337e+56 1.1449171187503564e+56 1.1305715524731678e+56 1.1176867211782536e+56 1.1033095336142381e+56 1.0841446949466756e+56 1.0129813966328445e+56 8.694361441347769e+55 7.280706875339839e+55 6.254247823765985e+55 5.477184198707533e+55 2.0557096314805246e+55 0.0 0.0 0.0 0.0 0.0 0.0 0.0 0.0 0.0 0.0 0.0 0.0 0.0 0.0 0.0 0.0 0.0 0.0 0.0 
# total_energy_release_list
0 -2.232103145913999e+55 -1.0424377798893056e+57 -2.3267482826692126e+57 -2.8109233997910656e+57 -2.3488736679389874e+57 -1.11564989687147e+57 6.102711715535937e+56 4.453884608421214e+57 5.5729063562538175e+57 6.055624301177951e+57 6.188538359425851e+57 6.062249755421005e+57 5.9985296123577606e+57 5.9658280024834844e+57 5.9485936121960074e+57 5.9485936121960074e+57 7.643860273029077e+57 8.81250685760839e+57 9.432415872527975e+57 9.863553838006253e+57 1.0193861415344912e+58 1.0461104558147401e+58 1.0685146512585824e+58 1.0877785564823619e+58 1.0895634495946692e+58 1.0913250967489201e+58 1.0930645724257656e+58 1.0947828917279044e+58 1.0964788723381357e+58 1.0981536026745698e+58 1.099809246542923e+58 1.1014435932964553e+58 1.1046555085542547e+58 1.1196609336551543e+58 1.1454190748889323e+58 1.166989086354624e+58 1.1855180835492291e+58 1.2017449318468832e+58 1.2108803800417603e+58 1.2108803800417603e+58 1.2108803800417603e+58 1.2108803800417603e+58 1.2108803800417603e+58 1.2108803800417603e+58 1.2108803800417603e+58 1.2108803800417603e+58 1.2108803800417603e+58 1.2108803800417603e+58 1.2108803800417603e+58 1.2108803800417603e+58 1.2108803800417603e+58 1.2108803800417603e+58 1.2108803800417603e+58 1.2108803800417603e+58 1.2108803800417603e+58 1.2108803800417603e+58 1.2108803800417603e+58 1.2108803800417603e+58 
# binding_energy_list
1.0964781961431828e+56 1.5066070661867325e+56 2.0511621788255544e+56 2.3988329190195046e+56 2.5234807724805804e+56 2.511886431509572e+56 2.50034536169645e+56 2.415460834444955e+56 1.976969640111858e+56 2.046444636724674e+56 2.0941124558508827e+56 2.10862814993328e+56 2.10862814993328e+56 2.0989398836235373e+56 2.0844908830973013e+56 2.0749135174549107e+56 2.0323570109362207e+56 1.3551894123510295e+56 1.153453257821086e+56 1.0690548792226664e+56 1.0069316688518044e+56 9.660508789898121e+55 9.354056741475445e+55 9.120108393559115e+55 8.933054837332963e+55 8.933054837332963e+55 8.912509381337514e+55 8.892011178579445e+55 8.871560120379617e+55 8.871560120379617e+55 8.85115609830841e+55 8.830799004185586e+55 8.810488730080147e+55 8.790225168308896e+55 8.669618757582214e+55 8.472274141405912e+55 8.317637711026742e+55 8.203515443298211e+55 8.109610578538388e+55 7.99834255007026e+55 7.90678627999831e+55 7.816278045883308e+55 7.798301105232641e+55 7.762471166286928e+55 7.709034690644309e+55 7.655966069112569e+55 7.620790100254083e+55 7.603262769401823e+55 7.568328950209705e+55 7.516228940182014e+55 7.430191378967052e+55 7.379042301291045e+55 7.328245331389075e+55 7.29457510254568e+55 7.244359600749891e+55 7.227698036021732e+55 7.194489780036983e+55 7.177942912713644e+55 7.161434102128968e+55 
# total_gas_kinetic_energy_list
1.2437868103405681e+58 5.683035249531392e+59 1.2679046881143179e+60 1.700033679290434e+60 1.9195080262608705e+60 2.0193237818909325e+60 2.0602017950112185e+60 1.054284594133155e+60 5.480354738211538e+59 2.7596589110367185e+59 1.3921980588757444e+59 7.038797029363166e+58 3.5818238151525216e+58 1.847595771746902e+58 9.780745064133832e+57 5.3790987346433e+57 7.194172320071298e+57 2.272764274982638e+58 2.837503012125276e+58 3.07134043917965e+58 3.2246748463232117e+58 3.328262640619713e+58 3.4047283448794075e+58 3.464211940972307e+58 3.5120032238434173e+58 3.51630049557551e+58 3.5205204835649743e+58 3.5246617558990764e+58 3.5287215092254385e+58 3.5326996350267656e+58 3.536597206047939e+58 3.540445314629901e+58 3.544243278877547e+58 3.551668950038795e+58 3.5853658121950195e+58 3.6399839755478716e+58 3.682614066070467e+58 3.717313159623343e+58 3.7461510536813517e+58 3.781487742057146e+58 3.810510657654845e+58 3.834927099681012e+58 3.842320620576231e+58 3.855891797172238e+58 3.8742157759649043e+58 3.8900704072669903e+58 3.899630871396271e+58 3.9040180178471727e+58 3.920223640453442e+58 3.936986245909006e+58 3.963226961367769e+58 3.9830129847946925e+58 3.9990489619918046e+58 4.0125463844332694e+58 4.0242069668923704e+58 4.034150449310902e+58 4.043101597449514e+58 4.0509955333235197e+58 4.0580057109317637e+58 
