# time_axis
1000000 10000000 20000000 30000000 40000000 50000000 60000000 70000000 80000000 90000000 100000000 110000000 120000000 130000000 140000000 150000000 200000000 300000000 400000000 500000000 600000000 700000000 800000000 900000000 1000000000 1010000000 1020000000 1030000000 1040000000 1050000000 1060000000 1070000000 1080000000 1100000000 1200000000 1400000000 1600000000 1800000000 2000000000 2300000000 2600000000 2900000000 3000000000 3200000000 3500000000 3800000000 4000000000 4100000000 4500000000 5000000000 6000000000 7000000000 8000000000 9000000000 10000000000 11000000000 12000000000 13000000000 14000000000 
# SNIa_energy_release_list
0 0.0 0.0 0.0 0.0 0.0 7.996665946372599e+54 3.6957730327773146e+55 7.38154296291471e+55 1.1226847880725027e+56 1.4943883844815187e+56 1.841648395793289e+56 2.161227907631977e+56 2.4537681006944697e+56 2.721513617620295e+56 2.9671971211446447e+56 3.9497322278172795e+56 5.2387924685984e+56 6.110775607055636e+56 6.771318713670398e+56 7.303378530903438e+56 7.748897645572425e+56 8.132177707287379e+56 8.468494884319871e+56 8.76812904131914e+56 8.796364565533237e+56 8.824326077035034e+56 8.852001598115146e+56 8.879402184093607e+56 8.906534450127273e+56 8.933396048351023e+56 8.959995493965984e+56 8.98634165623549e+56 9.03829342698406e+56 9.284283859779612e+56 9.718689199948416e+56 1.0093734508849468e+57 1.0423714416933915e+57 1.071833397143315e+57 1.1108412964946198e+57 1.14499704460775e+57 1.1753754997911857e+57 1.1848057048456003e+57 1.2027302409116263e+57 1.2276073515994991e+57 1.2504224630880964e+57 1.264644338126282e+57 1.2714883597054746e+57 1.2972817862810113e+57 1.3264511038521023e+57 1.376888869271108e+57 1.4194923245533862e+57 1.4563735937396757e+57 1.4888963507933703e+57 1.517963171234996e+57 1.5442609429599745e+57 1.5682604271524061e+57 1.590332342636069e+57 1.61076400013623e+57 
# SNII_energy_release_list
0 0.0 1.0315243107421187e+55 4.996300663726481e+55 1.054249846547662e+56 1.6365442959637923e+56 2.1273262569583402e+56 2.412003853083699e+56 2.5771348040598035e+56 2.6729300567790283e+56 2.7285103301766305e+56 2.7607652348728165e+56 2.779488815303346e+56 2.7903594825374024e+56 2.796670777386409e+56 2.80034360803133e+56 2.8043021374929745e+56 2.8043021374929745e+56 2.8043021374929745e+56 2.8043021374929745e+56 2.8043021374929745e+56 2.8043021374929745e+56 2.8043021374929745e+56 2.8043021374929745e+56 2.8043021374929745e+56 2.8043021374929745e+56 2.8043021374929745e+56 2.8043021374929745e+56 2.8043021374929745e+56 2.8043021374929745e+56 2.8043021374929745e+56 2.8043021374929745e+56 2.8043021374929745e+56 2.8043021374929745e+56 2.8043021374929745e+56 2.8043021374929745e+56 2.8043021374929745e+56 2.8043021374929745e+56 2.8043021374929745e+56 2.8043021374929745e+56 2.8043021374929745e+56 2.8043021374929745e+56 2.8043021374929745e+56 2.8043021374929745e+56 2.8043021374929745e+56 2.8043021374929745e+56 2.8043021374929745e+56 2.8043021374929745e+56 2.8043021374929745e+56 2.8043021374929745e+56 2.8043021374929745e+56 2.8043021374929745e+56 2.8043021374929745e+56 2.8043021374929745e+56 2.8043021374929745e+56 2.8043021374929745e+56 2.8043021374929745e+56 2.8043021374929745e+56 2.8043021374929745e+56 
# SN_energy_per_current_crossing_time_list
0.0 0.0 2.5597903049472987e+55 8.489968383928852e+55 1.1211073502759128e+56 1.1490604950440803e+56 9.659007952629858e+55 5.774264808170895e+55 3.5053684413747746e+55 2.168322900486542e+55 1.3746535498275614e+55 9.000282620623533e+54 6.13590084036397e+54 4.385941533479222e+54 3.2991915641560656e+54 2.6115390696984485e+54 1.6859371025280234e+54 1.0262714566274957e+54 7.082823447549056e+53 5.4530111178145714e+53 4.452975900920349e+53 3.7733399213029052e+53 3.2807159172373e+53 2.906284731346413e+53 2.6119624922132015e+53 2.4633699542836018e+53 2.4414406362592124e+53 2.4184109336896063e+53 2.3963048448861026e+53 2.3747431907632928e+53 2.3529448065979797e+53 2.3318595588753574e+53 2.3114898818356696e+53 2.2824914510031454e+53 2.1775863760360336e+53 1.9487665218891547e+53 1.7025068451599069e+53 1.5139916955686574e+53 1.3647934246219805e+53 1.2201563106544835e+53 1.0806197371063188e+53 9.709611792450153e+52 9.0723151954553e+52 8.67346778894932e+52 8.09382015111533e+52 7.479077343733482e+52 7.026311457661837e+52 6.777043705446836e+52 6.440355647623495e+52 5.879971047815064e+52 5.164889567041051e+52 4.4195255195411233e+52 3.869895091592322e+52 3.4489136038075535e+52 3.1138067518244925e+52 2.8418494383892617e+52 2.616228897354484e+52 2.4254726559421195e+52 2.261738678411775e+52 
# SN_energy_per_final_crossing_time_list
0.0 0.0 3.044998095149298e+55 1.170378275800865e+56 1.637204432874723e+56 1.7188984019315054e+56 1.4576111371487292e+56 8.724104931555505e+55 5.28257341644236e+55 3.253485222034561e+55 2.0521639895693676e+55 1.3365545499954539e+55 9.064762551061252e+54 6.447310327710974e+54 4.826939352086072e+54 3.803858951071056e+54 2.408995516348875e+54 1.4269607863945803e+54 9.652657848028605e+53 7.312064099435409e+53 5.88978289135468e+53 4.931796716006412e+53 4.242824353520689e+53 3.722955748953075e+53 3.316882941353162e+53 3.125609227726866e+53 3.0952766347990245e+53 3.0636181362962026e+53 3.0331834369360045e+53 3.003481020607994e+53 2.973518700875467e+53 2.9444989948172263e+53 2.9164610963247667e+53 2.875472274168304e+53 2.7230589410994376e+53 2.404384861973766e+53 2.0758337430326167e+53 1.8264018012427058e+53 1.6306862079645705e+53 1.4393623347452285e+53 1.260321580158107e+53 1.120942293892586e+53 1.0439025574286022e+53 9.921029782532248e+52 9.179467932618391e+52 8.418605637783846e+52 7.871648409618757e+52 7.576178448284326e+52 7.138186235527741e+52 6.457956117646599e+52 5.583347552685105e+52 4.716106984719957e+52 4.0826738127775525e+52 3.6001962912872065e+52 3.2176318563854845e+52 2.91110437153517e+52 2.656689094339255e+52 2.4433115598009104e+52 2.261738678411775e+52 
# total_energy_release_list
0 0 1.0315243107421187e+55 4.996300663726481e+55 1.054249846547662e+56 1.6365442959637923e+56 2.2072929164220662e+56 2.7815811563614303e+56 3.3152891003512744e+56 3.795614844851531e+56 4.222898714658149e+56 4.6024136306661056e+56 4.940716722935323e+56 5.244127583231872e+56 5.518184395006704e+56 5.767540729175975e+56 6.7540343653102535e+56 8.043094606091375e+56 8.91507774454861e+56 9.575620851163372e+56 1.0107680668396413e+57 1.05531997830654e+57 1.0936479844780353e+57 1.1272797021812845e+57 1.1572431178812114e+57 1.160066670302621e+57 1.1628628214528008e+57 1.165630373560812e+57 1.168370432158658e+57 1.1710836587620247e+57 1.1737698185843997e+57 1.1764297631458958e+57 1.1790643793728464e+57 1.1842595564477034e+57 1.2088585997272586e+57 1.252299133744139e+57 1.2898036646342442e+57 1.3228016554426889e+57 1.3522636108926123e+57 1.3912715102439172e+57 1.4254272583570474e+57 1.455805713540483e+57 1.4652359185948977e+57 1.4831604546609237e+57 1.5080375653487965e+57 1.5308526768373938e+57 1.5450745518755793e+57 1.551918573454772e+57 1.577712000030309e+57 1.6068813176013997e+57 1.6573190830204053e+57 1.6999225383026838e+57 1.7368038074889733e+57 1.7693265645426677e+57 1.7983933849842934e+57 1.824691156709272e+57 1.8486906409017037e+57 1.8707625563853665e+57 1.8911942138855276e+57 
# binding_energy_list
8.871560120379617e+54 8.871560120379617e+54 8.85115609830841e+54 8.85115609830841e+54 8.830799004185586e+54 8.810488730080146e+54 8.790225168308896e+54 8.770008211436303e+54 8.749837752274363e+54 8.729713683881166e+54 8.729713683881166e+54 8.709635899560761e+54 8.68960429286302e+54 8.68960429286302e+54 8.669618757582214e+54 8.649679187756885e+54 8.609937521846052e+54 8.531001140175843e+54 8.472274141405911e+54 8.413951416451895e+54 8.375292821268861e+54 8.336811846196331e+54 8.298507675144166e+54 8.260379495771817e+54 8.241381150129963e+54 8.241381150129963e+54 8.222426499470695e+54 8.222426499470695e+54 8.222426499470695e+54 8.222426499470695e+54 8.222426499470695e+54 8.222426499470695e+54 8.222426499470695e+54 8.20351544329821e+54 8.184647881347836e+54 8.147042840208421e+54 8.090958991783846e+54 8.053784411990643e+54 8.035261221856194e+54 7.979946872679785e+54 7.94328234724279e+54 7.90678627999831e+54 7.888601176185516e+54 7.870457896951001e+54 7.852356346100775e+54 7.816278045883308e+54 7.798301105232642e+54 7.798301105232642e+54 7.762471166286928e+54 7.744617978025239e+54 7.691304402866145e+54 7.655966069112569e+54 7.620790100254084e+54 7.585775750291883e+54 7.550922276654341e+54 7.516228940182015e+54 7.498942093324558e+54 7.464487584100623e+54 7.447319739059888e+54 
# total_gas_kinetic_energy_list
1.5237098334911527e+59 4.272385813332164e+59 2.4782085307888417e+59 1.4374019593001875e+59 8.337588151476451e+58 4.836535481753895e+58 2.805939746437653e+58 1.6281943599803456e+58 9.450902563849234e+57 5.4887041047817125e+57 3.19033674857116e+57 1.8569420017050773e+57 1.0832251872668723e+57 6.341385717846262e+56 3.7336259493075666e+56 2.2183112789952878e+56 2.4483683567932704e+56 2.802826546675822e+56 3.076562477329759e+56 3.2983191912042607e+56 3.4856759360700455e+56 3.648498997060341e+56 3.7950432934503642e+56 3.9288167101978804e+56 4.052622879277087e+56 4.064401424626293e+56 4.075999983840532e+56 4.087509089216854e+56 4.098998550385981e+56 4.110514178892836e+56 4.1220683039034065e+56 4.133652517965123e+56 4.1450780017928295e+56 4.167098519790632e+56 4.274123600536267e+56 4.469698524164038e+56 4.64349064278423e+56 4.801332682232424e+56 4.944227877784611e+56 5.134000225821085e+56 5.302654606103374e+56 5.453325242811389e+56 5.50225908296464e+56 5.589933966851499e+56 5.714673700938805e+56 5.8235761742024045e+56 5.8912684184654535e+56 5.921686404649389e+56 6.04265454192923e+56 6.16870703573128e+56 6.381883652076622e+56 6.552272613051507e+56 6.704051246483525e+56 6.846114185832963e+56 6.983040173758041e+56 7.101564147266985e+56 7.220820343141666e+56 7.331092133409787e+56 7.432137945723771e+56 
