# time_axis
5.999999999999999 7.0 7.30102999566398 7.477121254719661 7.602059991327962 7.698970004336018 7.778151250383643 7.845098040014256 7.903089986991943 7.954242509439324 8.0 8.041392685158224 8.079181246047623 8.113943352306837 8.146128035678238 8.176091259055681 8.301029995663981 8.47712125471966 8.60205999132796 8.698970004336019 8.778151250383644 8.845098040014257 8.903089986991942 8.954242509439323 8.999999999999998 9.004321373782641 9.008600171761916 9.012837224705171 9.017033339298779 9.021189299069936 9.02530586526477 9.02938377768521 9.033423755486949 9.041392685158224 9.079181246047623 9.146128035678236 9.204119982655923 9.255272505103305 9.301029995663981 9.361727836017593 9.414973347970816 9.462397997898954 9.477121254719663 9.505149978319904 9.544068044350274 9.57978359661681 9.60205999132796 9.612783856719734 9.653212513775342 9.698970004336017 9.778151250383642 9.845098040014257 9.903089986991944 9.954242509439325 10.0 10.041392685158225 10.079181246047623 10.113943352306835 10.146128035678236 
# total_gas_mass_list
10.425925345093205 10.873793626491418 10.637261203175939 10.40070355425051 10.164172384814615 9.927675361716503 9.691228792065953 9.454866907425082 9.218643003664518 8.982643962898113 8.747004492191813 8.511939636410704 8.277796248495108 8.045132204341892 7.814837176094773 7.588304906967848 7.629191061904696 7.684506047976896 7.722854464018416 7.752433665153327 7.776436732453734 7.796484182345474 7.813697639523631 7.828734208867359 7.842122738906496 7.843372703020831 7.844598207091689 7.845810284093917 7.847016412742571 7.848221235378847 7.849426098669724 7.850630066531204 7.851813255909639 7.854084683206243 7.864932735625374 7.883956489534728 7.900043919478758 7.914028476959071 7.926234845963039 7.941863389311803 7.955260619577263 7.966843898873629 7.970547304869751 7.977052470634701 7.986144684005868 7.993915323289311 7.9986679082274925 8.000786644701458 8.009087689377386 8.017551929514784 8.031427143051621 8.042154031071622 8.051485911946873 8.060035578189202 8.068113199365857 8.074988877869517 8.081777010220366 8.087989661174003 8.093592525312918 
# ejected_gas_mass_list
-10.0 -10.0 5.276682242449071 6.008947440973122 6.37894793172064 6.585978698359769 6.722059460481167 6.822929612972299 6.901849986059937 6.965858653211397 7.018778268659646 7.063255357901513 7.101235617933642 7.134146175938159 7.163038383249565 7.188688565957718 7.284815764205429 7.398819949433967 7.470047560354343 7.521643276938347 7.561722582020017 7.59412185231714 7.621238543740654 7.644438970857478 7.664741438128349 7.666620599420974 7.668460352577105 7.670277396419812 7.672083017437961 7.673884201771816 7.675682980228775 7.6774779714577885 7.679239610671527 7.682614969293011 7.698619030433592 7.726242090541163 7.749190103347397 7.768852891465829 7.785810827847248 7.807260046528863 7.825424417359505 7.840972435579294 7.8459138667369155 7.8545599267704 7.866574137555286 7.876778972853513 7.88299244359826 7.885755754932093 7.8965431335183816 7.907479967824805 7.925276647698868 7.938927365517625 7.950729370170193 7.961484089786054 7.971595564364168 7.98016561718232 7.988594130488274 7.996280495628243 8.003190275788919 
# stellar_mass_list
-10.0 8.049174635491106 8.6141948661031 8.737744276041782 8.785285754169422 8.804642202320682 8.811257009546779 8.811750310507506 8.809312603546566 8.805559607514803 8.80132082701432 8.797013373545303 8.792838207937082 8.788881617268569 8.785170860333123 8.781704132605299 8.767153387372593 8.747429168230468 8.73349119270277 8.722582420106155 8.713555111494102 8.705830908112686 8.699047493014719 8.692993255863199 8.687493414591247 8.686973883140858 8.68646475763465 8.685960177753127 8.685457038305271 8.68495358584473 8.684448834339188 8.68394340009263 8.683445333345793 8.682487894015095 8.677870797116698 8.669543869470234 8.662209844527334 8.65559122162331 8.649624784138847 8.641611632576222 8.63439286947939 8.62786051322674 8.625729741656274 8.621869289556402 8.616247604288361 8.611138572629642 8.607856678148703 8.606355349750148 8.600193386464124 8.593428708224689 8.581012248351946 8.570374080739217 8.561071221434476 8.55252378458113 8.544420475049803 8.537491857543008 8.530558946085199 8.524311272184155 8.518595982923967 
# remnant_mass_list
-10.0 -10.0 6.4456750063177415 7.077873588182014 7.324121703863622 7.459059195346884 7.54412151946123 7.60219716334478 7.644337263321164 7.676393774355605 7.701732707046165 7.72241399892422 7.7397451403336035 7.754590365704387 7.767539160838296 7.779003544298105 7.822088994052533 7.874473632829434 7.907860437392145 7.93216945731868 7.951193929559309 7.966747542658828 7.979891218757493 7.991236726441429 8.001244241884232 8.002175192303339 8.003084931414437 8.003984269478126 8.004878861593987 8.005771854893553 8.006665088149038 8.007557479571252 8.008434591593142 8.010113760283451 8.018101947252465 8.032061128465326 8.043901250110265 8.05424126568123 8.063292582239995 8.075065681946986 8.085315190762019 8.09431120850751 8.097191870783002 8.102339268501233 8.109686945373095 8.116211157464026 8.120328981664546 8.12219267596994 8.129727504111175 8.13777537407893 8.151987823654142 8.163611229301667 8.173381355289752 8.182054435094846 8.190022323779667 8.196637020774606 8.203092294999582 8.208766318307065 8.213841780996194 
# BH_mass_list
-10.0 -10.0 6.175365466745218 6.755672518095204 6.910276394691144 6.979843483986832 7.01561559065054 7.035092031257634 7.046003768558919 7.052212168326295 7.055775631854983 7.057831826676022 7.059016125327769 7.059694188340419 7.060080840025478 7.060299789580443 7.060422436276645 7.060422436276645 7.060422436276645 7.060422436276645 7.060422436276645 7.060422436276645 7.060422436276645 7.060422436276645 7.060422436276645 7.060422436276645 7.060422436276645 7.060422436276645 7.060422436276645 7.060422436276645 7.060422436276645 7.060422436276645 7.060422436276645 7.060422436276645 7.060422436276645 7.060422436276645 7.060422436276645 7.060422436276645 7.060422436276645 7.060422436276645 7.060422436276645 7.060422436276645 7.060422436276645 7.060422436276645 7.060422436276645 7.060422436276645 7.060422436276645 7.060422436276645 7.060422436276645 7.060422436276645 7.060422436276645 7.060422436276645 7.060422436276645 7.060422436276645 7.060422436276645 7.060422436276645 7.060422436276645 7.060422436276645 7.060422436276645 
# NS_mass_list
-10.0 -10.0 6.111584953450866 6.797030410081637 7.112561823517943 7.283129879782852 7.380805342251161 7.428791389779459 7.4543754662020385 7.468554826467605 7.476574604596115 7.4811619709147505 7.483801512218145 7.485323579973786 7.486201224133693 7.486707408806498 7.487226103469254 7.487226103469254 7.487226103469254 7.487226103469254 7.487226103469254 7.487226103469254 7.487226103469254 7.487226103469254 7.487226103469254 7.487226103469254 7.487226103469254 7.487226103469254 7.487226103469254 7.487226103469254 7.487226103469254 7.487226103469254 7.487226103469254 7.487226103469254 7.487226103469254 7.487226103469254 7.487226103469254 7.487226103469254 7.487226103469254 7.487226103469254 7.487226103469254 7.487226103469254 7.487226103469254 7.487226103469254 7.487226103469254 7.487226103469254 7.487226103469254 7.487226103469254 7.487226103469254 7.487226103469254 7.487226103469254 7.487226103469254 7.487226103469254 7.487226103469254 7.487226103469254 7.487226103469254 7.487226103469254 7.487226103469254 7.487226103469254 
# WD_mass_list
-10.0 -10.0 -10.0 -10.0 -10.0 4.591013218926036 5.782007610718464 6.367453016618646 6.653510154499569 6.83095319597801 6.953586815497011 7.044088193184514 7.113985774899931 7.1698573979993485 7.215747370074927 7.254278510167327 7.383617876234942 7.514543458464894 7.587539027388528 7.636900229043718 7.6736800100006475 7.70269076983521 7.726535110439677 7.746661373852376 7.764086396298078 7.765692400606853 7.767259407358918 7.768806173415633 7.770342495056022 7.771873812593027 7.773403295589517 7.774929105121523 7.776426626709835 7.779287580777099 7.792792887870843 7.815994327098943 7.8352992581995435 7.851894343379011 7.8662295798342665 7.884621424794547 7.900410749755159 7.914106773777336 7.918461478731063 7.9262063847251385 7.937182841299769 7.946853456099366 7.952921496853017 7.955658938709794 7.966670841377518 7.978336834305756 7.998707624405701 8.01515841964746 8.028847822811931 8.040898497484655 8.051888121447828 8.060954102921265 8.069752882369198 8.07744803733004 8.084301387805416 
