# time_axis
1000000 10000000 20000000 30000000 40000000 50000000 60000000 70000000 80000000 90000000 100000000 200000000 300000000 400000000 500000000 600000000 700000000 800000000 900000000 1000000000 1010000000 1020000000 1030000000 1040000000 1050000000 1060000000 1070000000 1080000000 1100000000 1200000000 1400000000 1600000000 1800000000 2000000000 2300000000 2600000000 2900000000 3000000000 3200000000 3500000000 3800000000 4000000000 4100000000 4500000000 5000000000 6000000000 7000000000 8000000000 9000000000 10000000000 11000000000 12000000000 13000000000 14000000000 
# SNIa_energy_release_list
0 0.0 0.0 0.0 0.0 0.0 3.556464664606907e+55 1.0018772547240102e+56 1.8937942663933008e+56 2.99853309568532e+56 4.290994706464115e+56 1.1502768593580462e+57 1.5206226882754289e+57 1.7722193619624428e+57 1.9630828326536333e+57 2.116924424273717e+57 2.245805809902511e+57 2.356705741016127e+57 2.454037429190666e+57 2.540765088748956e+57 2.548939250118516e+57 2.5570311169544085e+57 2.5650412824586785e+57 2.5729734650162705e+57 2.5808283360424003e+57 2.588603731198772e+57 2.596304482025638e+57 2.603931323872734e+57 2.6189693975006502e+57 2.690179695338388e+57 2.815954487887004e+57 2.924552447015828e+57 3.020106208429046e+57 3.105420511341819e+57 3.218391089395752e+57 3.317312022903021e+57 3.4052959751202455e+57 3.4326002208344e+57 3.484523905712745e+57 3.556581193275961e+57 3.622666138129245e+57 3.663856358188041e+57 3.683681764725533e+57 3.758396411813305e+57 3.842887235868472e+57 3.9889913017886285e+57 4.112394496508277e+57 4.219235631501401e+57 4.313440512588904e+57 4.397650190207053e+57 4.473830660120571e+57 4.5433512479039685e+57 4.607292208282551e+57 4.666480593098576e+57 
# SNII_energy_release_list
0 -2.483291790914152e+55 8.892375338103214e+55 2.4590983960197907e+56 4.254940151858581e+56 6.193247051588519e+56 8.376319693705648e+56 9.175642441080581e+56 9.543746016544139e+56 9.69244536830496e+56 9.69244536830496e+56 9.69244536830496e+56 9.69244536830496e+56 9.69244536830496e+56 9.69244536830496e+56 9.69244536830496e+56 9.69244536830496e+56 9.69244536830496e+56 9.69244536830496e+56 9.69244536830496e+56 9.69244536830496e+56 9.69244536830496e+56 9.69244536830496e+56 9.69244536830496e+56 9.69244536830496e+56 9.69244536830496e+56 9.69244536830496e+56 9.69244536830496e+56 9.69244536830496e+56 9.69244536830496e+56 9.69244536830496e+56 9.69244536830496e+56 9.69244536830496e+56 9.69244536830496e+56 9.69244536830496e+56 9.69244536830496e+56 9.69244536830496e+56 9.69244536830496e+56 9.69244536830496e+56 9.69244536830496e+56 9.69244536830496e+56 9.69244536830496e+56 9.69244536830496e+56 9.69244536830496e+56 9.69244536830496e+56 9.69244536830496e+56 9.69244536830496e+56 9.69244536830496e+56 9.69244536830496e+56 9.69244536830496e+56 9.69244536830496e+56 9.69244536830496e+56 9.69244536830496e+56 9.69244536830496e+56 
# SN_energy_per_current_crossing_time_list
0.0 -1.6184525953074755e+55 6.217727618460548e+55 8.491764440781873e+55 1.004447137611357e+56 1.123512568213622e+56 2.344364668070088e+56 1.0493152598789114e+56 5.5730470707049e+55 2.7903416238338964e+55 7.409548084976704e+54 4.9096229211532275e+54 2.676225794922789e+54 1.8800301146825734e+54 1.4585477876901632e+54 1.195108577630512e+54 1.0139726580868901e+54 8.813855546310058e+53 7.800872958721154e+53 7.000782307347757e+53 6.602590329350399e+53 6.540296972166961e+53 6.4783166266346905e+53 6.419234629377686e+53 6.36059620522165e+53 6.30021999703477e+53 6.243450714453863e+53 6.187171966735868e+53 6.10676290667907e+53 5.814568379559419e+53 5.1812211203774145e+53 4.505774997205318e+53 3.988774015280132e+53 3.5794270844256306e+53 3.1797780752535176e+53 2.798769737222384e+53 2.500148021176156e+53 2.3306821979629814e+53 2.221380104441472e+53 2.061840978252239e+53 1.8961818352810863e+53 1.7758278728698053e+53 1.7108220800622129e+53 1.6165689857994705e+53 1.4669136530415376e+53 1.274546088033904e+53 1.0806227908870371e+53 9.386434632268874e+52 8.300315955579913e+52 7.43979060449656e+52 6.745529338265682e+52 6.16944769511142e+52 5.684897766708878e+52 5.272216105574028e+52 
# SN_energy_per_final_crossing_time_list
0.0 -6.55406418904798e+55 2.7021056303834245e+56 3.72895042249817e+56 4.265731464092882e+56 4.604134357809505e+56 5.2172150410775314e+56 1.956224953989652e+56 9.538181415941793e+55 4.5161605706561657e+55 1.1512625224297994e+55 6.423900661522957e+54 3.298862183719851e+54 2.2411019311383888e+54 1.700119824644094e+54 1.370346765784635e+54 1.148013278505399e+54 9.878431464917547e+53 8.669837765831261e+53 7.72528199482422e+53 7.281149055868092e+53 7.207845050842727e+53 7.1350694416129865e+53 7.065605990513377e+53 6.99674060373348e+53 6.9259473286942315e+53 6.859457756891353e+53 6.793623199198985e+53 6.6975956705311725e+53 6.343070186994019e+53 5.601706221678486e+53 4.836691446566134e+53 4.255734308655819e+53 3.799693497724639e+53 3.354291572145941e+53 2.937133360633358e+53 2.6123954970419835e+53 2.432130635971368e+53 2.3125558209374284e+53 2.1395053167701793e+53 1.9621761469722718e+53 1.8345131587991412e+53 1.7659516807463203e+53 1.663805182903871e+53 1.5052070933899574e+53 1.3014246153673797e+53 1.0992161936882025e+53 9.51689346481483e+52 8.391316857809553e+52 7.500992297113672e+52 6.785789165503905e+52 6.192558957638101e+52 5.695552635228778e+52 5.272216105574028e+52 
# total_energy_release_list
0 -2.483291790914152e+55 8.892375338103214e+55 2.4590983960197907e+56 4.254940151858581e+56 6.193247051588519e+56 8.73196616016634e+56 1.0177519695804591e+57 1.1437540282937439e+57 1.269097846399028e+57 1.3983440074769076e+57 2.1195213961885424e+57 2.4898672251059248e+57 2.7414638987929387e+57 2.9323273694841296e+57 3.086168961104213e+57 3.215050346733007e+57 3.325950277846623e+57 3.423281966021162e+57 3.510009625579452e+57 3.518183786949012e+57 3.526275653784905e+57 3.534285819289175e+57 3.542218001846766e+57 3.5500728728728965e+57 3.557848268029268e+57 3.565549018856134e+57 3.57317586070323e+57 3.5882139343311464e+57 3.659424232168884e+57 3.7851990247175e+57 3.893796983846324e+57 3.989350745259542e+57 4.074665048172315e+57 4.187635626226248e+57 4.286556559733517e+57 4.374540511950742e+57 4.401844757664896e+57 4.453768442543241e+57 4.5258257301064575e+57 4.591910674959741e+57 4.6331008950185375e+57 4.6529263015560294e+57 4.727640948643801e+57 4.812131772698968e+57 4.958235838619125e+57 5.081639033338773e+57 5.188480168331897e+57 5.2826850494194004e+57 5.366894727037549e+57 5.443075196951067e+57 5.512595784734465e+57 5.5765367451130474e+57 5.635725129929072e+57 
# binding_energy_list
2.716439268839067e+58 2.722701308077927e+58 2.6181830082189807e+58 2.4945947269429458e+58 2.3280912576649936e+58 2.1877616239495697e+58 1.7338039977541267e+58 1.5812480392703762e+58 1.5100801541641555e+58 1.4689262776438723e+58 1.4354894333536444e+58 1.3121998990192096e+58 1.2735030810166525e+58 1.250259030217724e+58 1.2359474334445069e+58 1.2274392311584034e+58 1.2189895989248624e+58 1.2133888504649862e+58 1.2078138351067822e+58 1.2022644346174082e+58 1.2022644346174082e+58 1.2022644346174082e+58 1.2022644346174082e+58 1.2022644346174082e+58 1.1994993031493806e+58 1.1994993031493806e+58 1.1994993031493806e+58 1.1994993031493806e+58 1.1994993031493806e+58 1.1967405313072516e+58 1.1912420080273762e+58 1.1857687481671548e+58 1.1830415557251658e+58 1.1803206356517371e+58 1.1748975549395304e+58 1.1721953655481375e+58 1.1694993910198652e+58 1.1694993910198652e+58 1.1694993910198652e+58 1.166809617060963e+58 1.164126029410498e+58 1.164126029410498e+58 1.164126029410498e+58 1.1614486138403366e+58 1.1614486138403366e+58 1.1587773561551262e+58 1.1561122421921052e+58 1.1534532578210859e+58 1.1534532578210859e+58 1.1508003889444356e+58 1.1508003889444356e+58 1.1481536214968888e+58 1.1481536214968888e+58 1.1481536214968888e+58 
# total_gas_kinetic_energy_list
8.987041219588412e+58 8.825095079839812e+58 8.67165322622155e+58 8.523316218838481e+58 8.381696697937374e+58 8.243069055508906e+58 8.293708795940442e+58 8.312012360523018e+58 8.320540840266615e+58 8.326034559639323e+58 8.330143980991445e+58 8.34752007021739e+58 8.353472332461876e+58 8.35671011779922e+58 8.358786273853172e+58 8.360260089531698e+58 8.36136604594941e+58 8.362249735051516e+58 8.362979846749836e+58 8.363596037965518e+58 8.363651791236079e+58 8.36370663698947e+58 8.363760305458883e+58 8.363813945256217e+58 8.363866954573706e+58 8.363921133960615e+58 8.363972600417854e+58 8.364023191454781e+58 8.364121962931011e+58 8.364579312393342e+58 8.365339634084248e+58 8.365944597579536e+58 8.366449364296983e+58 8.366868851870352e+58 8.36738080966353e+58 8.367797069767466e+58 8.368138590535965e+58 8.368240595623792e+58 8.368425287885876e+58 8.368675622219758e+58 8.368881797690498e+58 8.369007085492722e+58 8.369066605346419e+58 8.369275894249847e+58 8.369490153134487e+58 8.36981997631159e+58 8.370066205091842e+58 8.370275092309313e+58 8.370460716672872e+58 8.370634666973143e+58 8.370779194323858e+58 8.370922043724751e+58 8.37103900278799e+58 8.371162815146812e+58 
