# time_axis
5.999999999999999 7.0 7.30102999566398 7.477121254719661 7.602059991327962 7.698970004336018 7.778151250383643 7.845098040014256 7.903089986991943 7.954242509439324 8.0 8.301029995663981 8.47712125471966 8.60205999132796 8.698970004336019 8.778151250383644 8.845098040014257 8.903089986991942 8.954242509439323 8.999999999999998 9.004321373782641 9.008600171761916 9.012837224705171 9.017033339298779 9.021189299069936 9.02530586526477 9.02938377768521 9.033423755486949 9.041392685158224 9.079181246047623 9.146128035678236 9.204119982655923 9.255272505103305 9.301029995663981 9.361727836017593 9.414973347970816 9.462397997898954 9.477121254719663 9.505149978319904 9.544068044350274 9.57978359661681 9.60205999132796 9.612783856719734 9.653212513775342 9.698970004336017 9.778151250383642 9.845098040014257 9.903089986991944 9.954242509439325 10.0 10.041392685158225 10.079181246047623 10.113943352306835 10.146128035678236 
# total_gas_mass_list
10.144727494896694 10.136830196441295 10.129341119545655 10.122045840685171 10.11512110158427 10.108128304079225 10.111317700021452 10.11250494004659 10.11305661820125 10.113408014274269 10.113659715938653 10.114643204767185 10.114971523603035 10.115152037524405 10.115271330739025 10.115357881171864 10.115423956690929 10.115476268927898 10.115519482161716 10.115555905961395 10.11555921445861 10.115562471656347 10.11556565807918 10.115568817612127 10.115571951825162 10.115575182442688 10.115578185990577 10.115581170169326 10.115587032289064 10.11561409027669 10.115659007112848 10.115694431127702 10.115724532714813 10.115749286301853 10.115779684015203 10.115804436703664 10.115824961354337 10.115831099747597 10.11584224636269 10.115857362567843 10.11587002362364 10.115877770463356 10.115881426826602 10.11589450345267 10.115907928778793 10.11592907162258 10.115945194780695 10.115958949020685 10.115971122407174 10.11598265852748 10.115991944451398 10.11600127443345 10.11600880385602 10.116016862848028 
# ejected_gas_mass_list
-10.0 -10.0 7.220931719196178 7.638035813491331 7.930093254220007 8.107594507295785 8.34764310528521 8.411675176036436 8.438546345133036 8.454850758443586 8.466172057270612 8.50783509075793 8.520918174441388 8.527951053112893 8.532538600689067 8.535837694454086 8.538340009861184 8.540311195060054 8.541932976422359 8.543295388805472 8.543418935511204 8.543540533175149 8.543659456618153 8.54377734519476 8.543894258272664 8.544014735402804 8.544126715417026 8.544237945479185 8.54445636508866 8.545463148847444 8.54712943332773 8.54843918820763 8.549549141218263 8.550459831045275 8.551575634106415 8.55248217094041 8.55323246775026 8.553456617465576 8.553863360077406 8.554414362732249 8.55487534979681 8.555157176536659 8.55529013172132 8.555765309286652 8.556252632463512 8.557019015742732 8.5576025635264 8.558099770806361 8.558539369969827 8.558955557617779 8.559290283651283 8.559626345407334 8.559897367595312 8.560187269608843 
# stellar_mass_list
-10.0 8.547842856620997 8.623759617172569 8.667633554285695 8.70059045657036 8.727687951403409 8.323921325528623 8.232391947381048 8.181563602582843 8.145632521086961 8.117763145404794 7.982648655136504 7.923094381863406 7.885637350551205 7.8586878581265145 7.837839374340025 7.820939721341469 7.806800848636611 7.794690591274412 7.784088778774573 7.783108038451762 7.782145600018359 7.781198353634814 7.7802542482099835 7.779308130859967 7.778359147799589 7.7774310863653975 7.77652175441353 7.774752908347831 7.76640291777255 7.751938359961016 7.73978462717423 7.7293022632256125 7.7201874347756005 7.7084154727797145 7.698319692650339 7.689530717995396 7.686764554149319 7.681744550056759 7.67473175615539 7.668514635755497 7.66460826872823 7.662812258902879 7.6558085608443776 7.648303338143628 7.635294666058843 7.624651326198326 7.615345346434001 7.606770187136961 7.598781396380712 7.591785226767618 7.584951384801759 7.578604684695771 7.572971980016158 
# remnant_mass_list
-10.0 -10.0 7.533026163353074 7.867982397144036 8.062907228327816 8.200135801980842 8.303287569201135 8.324606584751324 8.334940434920115 8.341549670751538 8.346255869404002 8.365409312511753 8.37217499799364 8.375978152780332 8.378514056697972 8.380366073602048 8.381799556794476 8.382953368715217 8.383909320684982 8.384722908030223 8.384796909007797 8.384869219040688 8.384940131675737 8.385010781304043 8.385081649744212 8.385152842293149 8.385222103071698 8.385289656281216 8.38542022395452 8.386029463770983 8.387054024081289 8.387884005982933 8.388578503797746 8.38916473053602 8.389898668942813 8.39050867163977 8.391024647240132 8.391185801105692 8.391470566551499 8.39186413001768 8.392203006918571 8.392414261602964 8.392508796017102 8.392879492550655 8.393260540153001 8.393906245738105 8.394411845471517 8.39484578407669 8.395246301202388 8.395619649295739 8.395935417612032 8.396249120883882 8.396537158564028 8.396783599098104 
# BH_mass_list
-10.0 -10.0 7.371509287799409 7.672539283463391 7.848630542519072 7.973355681272398 8.066880071777813 8.066880071777813 8.066880071777813 8.066880071777813 8.066880071777813 8.066880071777813 8.066880071777813 8.066880071777813 8.066880071777813 8.066880071777813 8.066880071777813 8.066880071777813 8.066880071777813 8.066880071777813 8.066880071777813 8.066880071777813 8.066880071777813 8.066880071777813 8.066880071777813 8.066880071777813 8.066880071777813 8.066880071777813 8.066880071777813 8.066880071777813 8.066880071777813 8.066880071777813 8.066880071777813 8.066880071777813 8.066880071777813 8.066880071777813 8.066880071777813 8.066880071777813 8.066880071777813 8.066880071777813 8.066880071777813 8.066880071777813 8.066880071777813 8.066880071777813 8.066880071777813 8.066880071777813 8.066880071777813 8.066880071777813 8.066880071777813 8.066880071777813 8.066880071777813 8.066880071777813 8.066880071777813 8.066880071777813 
# NS_mass_list
-10.0 -10.0 7.025201321894077 7.427155493880479 7.653355677792161 7.808993642869642 7.92155583203495 7.964652615672655 7.979688273008764 7.985021809554697 7.985021809554697 7.985021809554697 7.985021809554697 7.985021809554697 7.985021809554697 7.985021809554697 7.985021809554697 7.985021809554697 7.985021809554697 7.985021809554697 7.985021809554697 7.985021809554697 7.985021809554697 7.985021809554697 7.985021809554697 7.985021809554697 7.985021809554697 7.985021809554697 7.985021809554697 7.985021809554697 7.985021809554697 7.985021809554697 7.985021809554697 7.985021809554697 7.985021809554697 7.985021809554697 7.985021809554697 7.985021809554697 7.985021809554697 7.985021809554697 7.985021809554697 7.985021809554697 7.985021809554697 7.985021809554697 7.985021809554697 7.985021809554697 7.985021809554697 7.985021809554697 7.985021809554697 7.985021809554697 7.985021809554697 7.985021809554697 7.985021809554697 7.985021809554697 
# WD_mass_list
-10.0 -10.0 -10.0 -10.0 -10.0 4.866745826495221 5.963186530698599 6.366500078865516 6.6193762287437075 6.799307454352478 6.9391038943525905 7.271825172117378 7.349105699994825 7.387628045940873 7.4117080113224265 7.4285703908523475 7.441234015477228 7.451194667130075 7.4592970978051145 7.466089488264252 7.466702686987967 7.46730113947481 7.467887323575905 7.468470642844321 7.469055077817738 7.469641490658751 7.470211324717625 7.4707664780317256 7.471837722017608 7.47680580710754 7.485049939898749 7.4916294544694715 7.497068844446939 7.501614469748384 7.507247696571464 7.511881831097467 7.515768425959815 7.516976166148136 7.519103204702067 7.522028135860245 7.524533058667137 7.526088322467783 7.526782732350599 7.5294964981228 7.532270871066554 7.536937590115936 7.540561813385689 7.543651748959505 7.546487035689424 7.549115758938188 7.5513284639180895 7.5535171730449475 7.555518528443858 7.557224613487452 
