# time_axis
1000000 10000000 20000000 30000000 40000000 50000000 60000000 70000000 80000000 90000000 100000000 110000000 120000000 130000000 140000000 150000000 200000000 300000000 400000000 500000000 600000000 700000000 800000000 900000000 1000000000 1010000000 1020000000 1030000000 1040000000 1050000000 1060000000 1070000000 1080000000 1100000000 1200000000 1400000000 1600000000 1800000000 2000000000 2300000000 2600000000 2900000000 3000000000 3200000000 3500000000 3800000000 4000000000 4100000000 4500000000 5000000000 6000000000 7000000000 8000000000 9000000000 10000000000 11000000000 12000000000 13000000000 14000000000 
# SNIa_energy_release_list
0 0.0 0.0 0.0 0.0 0.0 2.071016520694905e+53 1.0194338632863571e+55 4.1337127959407124e+55 8.456995634869064e+55 1.3241380434074843e+56 1.8007372679591098e+56 2.2509652660523886e+56 2.665571708706123e+56 3.0435649464880225e+56 3.3876718395571392e+56 4.732934058489845e+56 6.445839622872396e+56 7.583800336696725e+56 8.438142737874202e+56 9.122571301512896e+56 9.693681035374716e+56 1.0183712876556857e+57 1.0612870746402457e+57 1.0994636798582166e+57 1.103058473833132e+57 1.1066165371887605e+57 1.1101394579320694e+57 1.1136267430162832e+57 1.1170793820096621e+57 1.1204980370789256e+57 1.1238827565582999e+57 1.127234418693295e+57 1.1338421098079522e+57 1.1651133141674586e+57 1.2202748997748938e+57 1.267841410777239e+57 1.3096519598809074e+57 1.3469540808278525e+57 1.3963091920252346e+57 1.439496239853982e+57 1.4778871124436952e+57 1.489795632194777e+57 1.5124415358898264e+57 1.543857270562546e+57 1.572659233732104e+57 1.590610966594406e+57 1.599248460918214e+57 1.631793602462036e+57 1.6685933951751524e+57 1.7322056843472004e+57 1.7859133936495342e+57 1.832401471761154e+57 1.8733820423778757e+57 1.9100057380803338e+57 1.9431439037370703e+57 1.973377362035094e+57 2.0011800969066423e+57 2.0269155557633097e+57 
# SNII_energy_release_list
0 0.0 5.274283956775236e+53 2.5777959363135524e+55 9.61456197205082e+55 1.7532519349139932e+56 2.470057740017663e+56 3.022826634862046e+56 3.37343679887931e+56 3.579030606144685e+56 3.692531675697508e+56 3.752382605658525e+56 3.7828438480758425e+56 3.797917874533405e+56 3.805210267451933e+56 3.808680438566015e+56 3.8112591069243665e+56 3.8112591069243665e+56 3.8112591069243665e+56 3.8112591069243665e+56 3.8112591069243665e+56 3.8112591069243665e+56 3.8112591069243665e+56 3.8112591069243665e+56 3.8112591069243665e+56 3.8112591069243665e+56 3.8112591069243665e+56 3.8112591069243665e+56 3.8112591069243665e+56 3.8112591069243665e+56 3.8112591069243665e+56 3.8112591069243665e+56 3.8112591069243665e+56 3.8112591069243665e+56 3.8112591069243665e+56 3.8112591069243665e+56 3.8112591069243665e+56 3.8112591069243665e+56 3.8112591069243665e+56 3.8112591069243665e+56 3.8112591069243665e+56 3.8112591069243665e+56 3.8112591069243665e+56 3.8112591069243665e+56 3.8112591069243665e+56 3.8112591069243665e+56 3.8112591069243665e+56 3.8112591069243665e+56 3.8112591069243665e+56 3.8112591069243665e+56 3.8112591069243665e+56 3.8112591069243665e+56 3.8112591069243665e+56 3.8112591069243665e+56 3.8112591069243665e+56 3.8112591069243665e+56 3.8112591069243665e+56 3.8112591069243665e+56 3.8112591069243665e+56 
# SN_energy_per_current_crossing_time_list
0.0 0.0 1.100627964885911e+54 3.1572140321791144e+55 8.163014947561859e+55 9.161898928771614e+55 8.489619659181371e+55 6.788319671412447e+55 4.545009019791293e+55 2.8500642226796924e+55 1.722459400381152e+55 1.0349489804192395e+55 6.38804246161418e+54 4.1776556643169264e+54 2.956591943790756e+54 2.2738682605783088e+54 1.5185110021284881e+54 9.537866269897746e+53 6.483980143960094e+53 4.95071160901391e+53 4.019045538540293e+53 3.3902922815482567e+53 2.935856930616894e+53 2.591694015148946e+53 2.321676834936283e+53 2.1875932583233326e+53 2.1666428071812197e+53 2.1466033631396573e+53 2.126218675404556e+53 2.1064014407641316e+53 2.086957726824479e+53 2.0675175456962657e+53 2.04858679559114e+53 2.0217828005654274e+53 1.924386576910647e+53 1.714026740251063e+53 1.4902564935700733e+53 1.3193587565134105e+53 1.1844777830787236e+53 1.0532072539624517e+53 9.279364324167875e+52 8.298367464449195e+52 7.73678087948616e+52 7.38141880633843e+52 6.858891576861545e+52 6.313878363538551e+52 5.91797233283056e+52 5.701334285459552e+52 5.394527230309826e+52 4.902493493135898e+52 4.2703020223090887e+52 3.627713694959051e+52 3.157060903660997e+52 2.796866332050734e+52 2.511228749364654e+52 2.281446158137303e+52 2.08974710540385e+52 1.9288198105267945e+52 1.791372087746534e+52 
# SN_energy_per_final_crossing_time_list
0.0 0.0 9.790077434290951e+53 4.6869803646203277e+55 1.30615804802017e+56 1.4697239753946205e+56 1.3306725088725118e+56 1.0329963768008485e+56 6.724769757717104e+55 4.1171447869472176e+55 2.4398238444627244e+55 1.442694627980444e+55 8.788096867263735e+54 5.683984459512933e+54 3.984710685055308e+54 3.0393601778290035e+54 1.968527540948541e+54 1.1923048405976951e+54 7.921020841518722e+53 5.94683444103907e+53 4.764112549099607e+53 3.975332408014918e+53 3.410972259285512e+53 2.987245860118127e+53 2.65736489771881e+53 2.502233833765109e+53 2.476666694464407e+53 2.4522049216435588e+53 2.4273999529865293e+53 2.4032837946475836e+53 2.379628551726559e+53 2.356006952886845e+53 2.3329966757645777e+53 2.2997129161698385e+53 2.176699586039258e+53 1.9198205348377634e+53 1.6554847651184938e+53 1.4551566975124252e+53 1.2982472675204234e+53 1.1451563007422886e+53 1.0020425186312105e+53 8.907598133308717e+52 8.289181866652682e+52 7.881584705181842e+52 7.289199766775347e+52 6.682742434813106e+52 6.247845308551781e+52 6.012314109460927e+52 5.663436824467335e+52 5.123057791064604e+52 4.4278705071914126e+52 3.7384408755579933e+52 3.235902884263739e+52 2.852540953382071e+52 2.549271283519767e+52 2.3066534514586027e+52 2.1044650345177996e+52 1.9352692908759874e+52 1.791372087746534e+52 
# total_energy_release_list
0 0 5.274283956775236e+53 2.5777959363135524e+55 9.61456197205082e+55 1.7532519349139932e+56 2.472128756538358e+56 3.1247700211906816e+56 3.786808078473381e+56 4.424730169631591e+56 5.016669719104992e+56 5.553119873617635e+56 6.033809114128231e+56 6.463489583239528e+56 6.848775213939956e+56 7.196352278123154e+56 8.54419316541421e+56 1.0257098729796763e+57 1.1395059443621092e+57 1.2249401844798567e+57 1.2933830408437262e+57 1.3504940142299082e+57 1.3994971983481225e+57 1.4424129853326824e+57 1.4805895905506531e+57 1.4841843845255687e+57 1.487742447881197e+57 1.4912653686245062e+57 1.4947526537087198e+57 1.4982052927020988e+57 1.5016239477713624e+57 1.5050086672507364e+57 1.5083603293857318e+57 1.5149680205003888e+57 1.5462392248598953e+57 1.6014008104673305e+57 1.6489673214696758e+57 1.6907778705733442e+57 1.7280799915202892e+57 1.7774351027176714e+57 1.8206221505464187e+57 1.8590130231361318e+57 1.8709215428872136e+57 1.893567446582263e+57 1.9249831812549825e+57 1.953785144424541e+57 1.9717368772868428e+57 1.9803743716106507e+57 2.012919513154473e+57 2.049719305867589e+57 2.113331595039637e+57 2.167039304341971e+57 2.213527382453591e+57 2.2545079530703125e+57 2.2911316487727706e+57 2.324269814429507e+57 2.3545032727275307e+57 2.382306007599079e+57 2.4080414664557464e+57 
# binding_energy_list
8.830799004185586e+54 8.830799004185586e+54 8.810488730080146e+54 8.810488730080146e+54 8.749837752274363e+54 8.68960429286302e+54 8.649679187756885e+54 8.590135215053907e+54 8.550667128846876e+54 8.51138038202376e+54 8.472274141405911e+54 8.433347577642791e+54 8.413951416451895e+54 8.394599865193965e+54 8.375292821268861e+54 8.336811846196331e+54 8.260379495771817e+54 8.165823713585906e+54 8.090958991783846e+54 8.053784411990643e+54 7.99834255007026e+54 7.96159350417325e+54 7.94328234724279e+54 7.90678627999831e+54 7.888601176185516e+54 7.888601176185516e+54 7.888601176185516e+54 7.888601176185516e+54 7.888601176185516e+54 7.888601176185516e+54 7.870457896951001e+54 7.870457896951001e+54 7.870457896951001e+54 7.870457896951001e+54 7.852356346100775e+54 7.816278045883308e+54 7.798301105232642e+54 7.762471166286928e+54 7.744617978025239e+54 7.709034690644309e+54 7.691304402866145e+54 7.673614893618154e+54 7.673614893618154e+54 7.655966069112569e+54 7.638357835776954e+54 7.620790100254084e+54 7.620790100254084e+54 7.620790100254084e+54 7.603262769401822e+54 7.585775750291883e+54 7.568328950209705e+54 7.533555637337217e+54 7.516228940182015e+54 7.498942093324558e+54 7.498942093324558e+54 7.481695005111584e+54 7.464487584100623e+54 7.447319739059888e+54 7.447319739059888e+54 
# total_gas_kinetic_energy_list
2.1445709002276886e+57 9.914052337530175e+58 2.3195267226605766e+59 1.771618118227695e+59 1.1752838488705447e+59 7.054588981087842e+58 3.947200502553802e+58 2.0987523477571013e+58 1.0740129151836185e+58 5.336309430497011e+57 2.5907859705525795e+57 1.235292597823869e+57 5.8105529676266495e+56 2.7096676791240694e+56 1.2612319859577257e+56 5.92351609340216e+55 7.689788406760726e+55 9.023167011895701e+55 9.903473008388834e+55 1.0550050488381973e+56 1.1057355916907937e+56 1.1473247602461977e+56 1.1829010402960305e+56 1.2141072223619702e+56 1.2418508881269153e+56 1.244481133664135e+56 1.2470680930521268e+56 1.2496044009745163e+56 1.2521083662487433e+56 1.2545957565783866e+56 1.2570758037194073e+56 1.259556930394313e+56 1.2620355793534895e+56 1.266862100718604e+56 1.2895032755600466e+56 1.3294874980273721e+56 1.363375432804991e+56 1.3931724495215682e+56 1.419302283601288e+56 1.4527648907061493e+56 1.481407355399175e+56 1.5063270685962365e+56 1.5141613985125508e+56 1.5282947859716476e+56 1.5478452736694614e+56 1.564480825842489e+56 1.5747524093802202e+56 1.5792956802119756e+56 1.597129860057801e+56 1.6153012101192158e+56 1.645031517907697e+56 1.6681216478214522e+56 1.6886233862116287e+56 1.7077240097217271e+56 1.7260201599592892e+56 1.7419386841373348e+56 1.7577069718477185e+56 1.7725568579866532e+56 1.7860303666613447e+56 
