# time_axis
5.999999999999999 7.0 7.30102999566398 7.477121254719661 7.602059991327962 7.698970004336018 7.778151250383643 7.845098040014256 7.903089986991943 7.954242509439324 8.0 8.041392685158224 8.079181246047623 8.113943352306837 8.146128035678238 8.176091259055681 8.204119982655925 8.230448921378272 8.255272505103306 8.278753600952827 8.301029995663981 8.47712125471966 8.60205999132796 8.698970004336019 8.778151250383644 8.845098040014257 8.903089986991942 8.954242509439323 8.999999999999998 9.004321373782641 9.008600171761916 9.012837224705171 9.017033339298779 9.021189299069936 9.02530586526477 9.02938377768521 9.033423755486949 9.041392685158224 9.079181246047623 9.146128035678236 9.204119982655923 9.255272505103305 9.301029995663981 9.361727836017593 9.414973347970816 9.462397997898954 9.477121254719663 9.505149978319904 9.544068044350274 9.57978359661681 9.60205999132796 9.612783856719734 9.653212513775342 9.698970004336017 9.778151250383642 9.845098040014257 9.903089986991944 9.954242509439325 10.0 10.041392685158225 10.079181246047623 10.113943352306835 10.146128035678236 
# total_gas_mass_list
9.446787486224656 9.44475065760383 9.442946206669033 9.441443691967695 9.440051398223174 9.43873511726057 9.437376158381253 9.436034453407006 9.434688083697537 9.433335919314873 9.431979159618427 9.430617563885876 9.429251079723349 9.427879675593637 9.426503078845537 9.42512109645278 9.423733736886973 9.422354921772952 9.420998792137128 9.419641795364763 9.418282387006311 9.421253044175923 9.421287755644093 9.421311388501104 9.42132943467465 9.421344051188056 9.421356298202783 9.421366972859712 9.421376322849877 9.421377204751566 9.421378067657521 9.421378922973439 9.421379770882842 9.421380611500682 9.421381438040177 9.421382260720318 9.421383071924957 9.421384674080013 9.42139221685832 9.421405423209848 9.421416722003578 9.421426595035234 9.421435363079276 9.421446912814861 9.421456976108956 9.421465895691044 9.421468659167507 9.421473909783318 9.421481172501585 9.42148782384473 9.42149197390702 9.421493953422601 9.421501446996835 9.421509910058381 9.421524505532766 9.421536806860695 9.421547442275306 9.421556805668601 9.42156516727868 9.421572725021997 9.421579617321626 9.421585956022694 9.42159182064562 
# ejected_gas_mass_list
-10.0 -10.0 5.734875166039783 6.5508818933156725 6.863303376140272 7.062692009990064 7.192075671498826 7.294621376237081 7.377461708341006 7.446847559651512 7.5066285115982705 7.559123953914802 7.605912444089082 7.6481103138525475 7.68652210977608 7.721759945450686 7.754306885480971 7.785147603186849 7.815036878166105 7.843128410986676 7.869577920997484 7.963981154856202 7.964974877696865 7.9656501877623835 7.966165176621036 7.966581860786278 7.966930699055637 7.967234530653792 7.967500490017219 7.967525567498224 7.96755010347014 7.967574422306295 7.967598529259378 7.967622427631265 7.9676459245253355 7.967669310487662 7.967692369051407 7.967737906980793 7.9679522329096635 7.968327242109525 7.96864783626731 7.968927788778793 7.969176263189788 7.969503357778201 7.969788161946859 7.970040447064412 7.970118581689493 7.9702670004270315 7.970472214493904 7.970660071633665 7.970777244176443 7.970833122929292 7.971044592484608 7.971283301721913 7.971694684790569 7.972041114190302 7.972340413542741 7.972603751401855 7.972838784824329 7.973051117155881 7.973244666821345 7.973422596921254 7.973587156854598 
# stellar_mass_list
-10.0 7.454821665207646 7.601375376964093 7.689704322176413 7.755464917355557 7.80855070328688 7.853348233016101 7.892287331043422 7.926813563209539 7.957883260096033 7.986164537835382 8.012144488353728 8.036189905002503 8.058584145668942 8.079552871211833 8.099275268183918 8.11789965520335 8.13554928286055 8.152325243373715 8.168314618751465 8.183590960403716 8.021166913287015 7.981407104548265 7.9557442150636595 7.93673455027759 7.921653905368715 7.909163940249235 7.898518512103325 7.8892474842300695 7.888383718417933 7.887531468266235 7.886689972817223 7.885857484083688 7.885033432101069 7.8842172801335675 7.883409853081461 7.882612860034455 7.88104704971949 7.873702100451054 7.860962325746403 7.850196813406052 7.840869361928938 7.832664898242784 7.821966489675943 7.812716755259815 7.804583720824704 7.802055364669485 7.797328951670023 7.790768670822162 7.784825004333807 7.781123455892922 7.779365223341783 7.772695676750455 7.76528279235335 7.75248388108005 7.741812426847619 7.732519575294567 7.724081007276575 7.716345236727293 7.709332545870329 7.70270794137956 7.696539590079478 7.690832145573664 
# remnant_mass_list
-10.0 -10.0 5.414683961242206 6.0467241728188945 6.349251615246998 6.546835940193816 6.692231782495662 6.806581024937735 6.900350020957496 6.979602969425474 7.048097171910156 7.108309689512851 7.161958148719173 7.210280989017216 7.254196003455154 7.294408950881848 7.331466909429085 7.3658045476168015 7.397777044461603 7.4276731874794715 7.455737652102365 7.56849346892225 7.600305843461502 7.618910079060048 7.631801237496498 7.641526276900428 7.649263648464807 7.655641777509053 7.661040581013384 7.661536372896272 7.662024268872225 7.662504801123595 7.662979092063964 7.663447557965676 7.663910585989816 7.664367654393211 7.6648176695095795 7.665698781262305 7.6697803365734964 7.676664419595015 7.682294375070102 7.6870397263278045 7.691114213065456 7.696291656681187 7.700649614731366 7.7043930401207525 7.705541466145338 7.707664207030774 7.710569524777138 7.71315693008863 7.714748233061185 7.715498535970253 7.718315174213031 7.7213846444175385 7.72655228263087 7.730730657026008 7.734283424393357 7.73745168715885 7.740307345430834 7.74284928301474 7.745220259873067 7.74739550848045 7.749378469994406 
# BH_mass_list
-10.0 -10.0 -10.0 -10.0 -10.0 -10.0 -10.0 -10.0 -10.0 -10.0 -10.0 -10.0 -10.0 -10.0 -10.0 -10.0 -10.0 -10.0 -10.0 -10.0 -10.0 -10.0 -10.0 -10.0 -10.0 -10.0 -10.0 -10.0 -10.0 -10.0 -10.0 -10.0 -10.0 -10.0 -10.0 -10.0 -10.0 -10.0 -10.0 -10.0 -10.0 -10.0 -10.0 -10.0 -10.0 -10.0 -10.0 -10.0 -10.0 -10.0 -10.0 -10.0 -10.0 -10.0 -10.0 -10.0 -10.0 -10.0 -10.0 -10.0 -10.0 -10.0 -10.0 
# NS_mass_list
-10.0 -10.0 5.949937624296689 6.3758792109221725 6.615819117469536 6.780834890579154 6.900128132593912 6.993153266991607 7.069193813251466 7.13338764562476 7.18891442709595 7.237789079518755 7.281397084109551 7.3207309366329225 7.35650526380804 7.389285116264786 7.419529263193193 7.4475844499259045 7.473730391557898 7.4982022064138505 7.521201347580506 7.561931369694279 7.561931369694279 7.561931369694279 7.561931369694279 7.561931369694279 7.561931369694279 7.561931369694279 7.561931369694279 7.561931369694279 7.561931369694279 7.561931369694279 7.561931369694279 7.561931369694279 7.561931369694279 7.561931369694279 7.561931369694279 7.561931369694279 7.561931369694279 7.561931369694279 7.561931369694279 7.561931369694279 7.561931369694279 7.561931369694279 7.561931369694279 7.561931369694279 7.561931369694279 7.561931369694279 7.561931369694279 7.561931369694279 7.561931369694279 7.561931369694279 7.561931369694279 7.561931369694279 7.561931369694279 7.561931369694279 7.561931369694279 7.561931369694279 7.561931369694279 7.561931369694279 7.561931369694279 7.561931369694279 7.561931369694279 
# WD_mass_list
-10.0 -10.0 -10.0 -10.0 -10.0 4.015850655931237 5.126704266346766 5.5362335587370035 5.794380764653635 5.981951406236495 6.127773484771192 6.246555695430261 6.346435929220727 6.432382841908121 6.5077867388718085 6.574848555384577 6.635023485127752 6.689522041426927 6.739281699535568 6.785009243469366 6.827270986536433 7.095614872185205 7.184028910240825 7.230968872371378 7.26181360671139 7.284276754271956 7.301694007819612 7.315767445328601 7.327489396107836 7.328557379294514 7.329606982849854 7.330639420406432 7.331657164066469 7.332661160274452 7.333652287831112 7.334629478621886 7.335590448404405 7.337468724231151 7.346113792254276 7.360493483073278 7.372073022387197 7.381712113692474 7.38990312293068 7.400201256495882 7.408776756300889 7.416077375129923 7.418305187687473 7.42240856790587 7.4279946422808445 7.4329406902242 7.4359693451962405 7.437393897019864 7.442722065912417 7.448493757647431 7.4581307598383955 7.4658514068004 7.472367115926795 7.478140529799368 7.4833148852359255 7.487897733647209 7.492153085534835 7.496041018204571 7.499571987595273 
