# time_axis
1000000 10000000 20000000 30000000 40000000 50000000 60000000 70000000 80000000 90000000 100000000 110000000 120000000 130000000 140000000 150000000 200000000 300000000 400000000 500000000 600000000 700000000 800000000 900000000 1000000000 1010000000 1020000000 1030000000 1040000000 1050000000 1060000000 1070000000 1080000000 1100000000 1200000000 1400000000 1600000000 1800000000 2000000000 2300000000 2600000000 2900000000 3000000000 3200000000 3500000000 3800000000 4000000000 4100000000 4500000000 5000000000 6000000000 7000000000 8000000000 9000000000 10000000000 11000000000 12000000000 13000000000 14000000000 
# SNIa_energy_release_list
0 0.0 0.0 0.0 0.0 0.0 2.410816042512007e+56 6.791412219987565e+56 1.2837438381080774e+57 2.0326117008898684e+57 2.908730959603444e+57 3.898680426636436e+57 4.9916018326251606e+57 6.178529313154507e+57 7.451933961580419e+57 8.805404440471531e+57 1.6602771116058103e+58 2.73029372244203e+58 3.3548879119582347e+58 3.8019365300011856e+58 4.151078874790155e+58 4.437803652025906e+58 4.6811535682455447e+58 4.89258697101861e+58 5.079531158092512e+58 5.097088781555752e+58 5.114458420199673e+58 5.131644103561439e+58 5.148648913747435e+58 5.16547874399847e+58 5.182133730627362e+58 5.198617197654127e+58 5.214934945663479e+58 5.247085178650632e+58 5.398894811320437e+58 5.665507801962177e+58 5.894357815020295e+58 6.094816777632796e+58 6.273176327734488e+58 6.508565884937921e+58 6.714048835149688e+58 6.896381353389914e+58 6.952871553869833e+58 7.060316377403295e+58 7.209054073249188e+58 7.345335710748398e+58 7.43021117064819e+58 7.47103875917554e+58 7.624749600066275e+58 7.798472305997511e+58 8.098383133784472e+58 8.351288852948416e+58 8.570045493593371e+58 8.76275082286463e+58 8.934933399991131e+58 9.09059393286978e+58 9.232602314045883e+58 9.36315091047166e+58 9.483966734147374e+58 
# SNII_energy_release_list
0 -7.666542478284434e+56 -6.631822224342887e+56 -2.882969550742497e+56 2.2846903646513218e+56 8.347952754651525e+56 1.4410396365003158e+57 2.0444082350374214e+57 2.645000522784961e+57 3.2428293465466715e+57 3.842675267152361e+57 4.440467229101066e+57 5.037375714701856e+57 5.6357456705532446e+57 6.236865524177422e+57 6.84082840543214e+57 9.094893585000303e+57 9.094893585000303e+57 9.094893585000303e+57 9.094893585000303e+57 9.094893585000303e+57 9.094893585000303e+57 9.094893585000303e+57 9.094893585000303e+57 9.094893585000303e+57 9.094893585000303e+57 9.094893585000303e+57 9.094893585000303e+57 9.094893585000303e+57 9.094893585000303e+57 9.094893585000303e+57 9.094893585000303e+57 9.094893585000303e+57 9.094893585000303e+57 9.094893585000303e+57 9.094893585000303e+57 9.094893585000303e+57 9.094893585000303e+57 9.094893585000303e+57 9.094893585000303e+57 9.094893585000303e+57 9.094893585000303e+57 9.094893585000303e+57 9.094893585000303e+57 9.094893585000303e+57 9.094893585000303e+57 9.094893585000303e+57 9.094893585000303e+57 9.094893585000303e+57 9.094893585000303e+57 9.094893585000303e+57 9.094893585000303e+57 9.094893585000303e+57 9.094893585000303e+57 9.094893585000303e+57 9.094893585000303e+57 9.094893585000303e+57 9.094893585000303e+57 9.094893585000303e+57 
# SN_energy_per_current_crossing_time_list
0.0 -4.184675152650511e+56 4.8309120730723276e+55 1.7651917009731083e+56 2.6080861363235134e+56 3.179287067115941e+56 3.2244407131230228e+56 3.3662102415675543e+56 3.509140553475921e+56 3.652385565068986e+56 3.8440661264778174e+56 4.080655573890165e+56 4.356868221412583e+56 4.659729088944667e+56 4.984046888037936e+56 5.32425626726779e+56 1.3530047604204409e+57 1.324275849113251e+56 8.491722694214001e+55 6.441789111945437e+55 5.241626025289373e+55 4.4402191094212417e+55 3.8622673125890893e+55 3.424002565033439e+55 3.079195467710202e+55 2.896422574391664e+55 2.8697873333689984e+55 2.843652506834062e+55 2.8178771941319936e+55 2.7929205880317627e+55 2.7678991669288617e+55 2.743290400747419e+55 2.7195269879152483e+55 2.6864271839006773e+55 2.569242634901185e+55 2.3042548977574265e+55 2.0117737294461915e+55 1.7872006639030558e+55 1.6091996814807095e+55 1.436999016640405e+55 1.2698351335169852e+55 1.1383915191381524e+55 1.0613722932376659e+55 1.0151164131967406e+55 9.440214146338168e+54 8.707617300797052e+54 8.167423618567816e+54 7.872373896168332e+54 7.461876759515271e+54 6.797497038280744e+54 5.9393252275940864e+54 5.056344642974659e+54 4.408579203278436e+54 3.910935105744116e+54 3.516509675770239e+54 3.1972609343555016e+54 2.9321194049715928e+54 2.708679468771417e+54 2.5178625803175447e+54 
# SN_energy_per_final_crossing_time_list
0.0 -4.734062350983785e+57 5.7504242501413465e+56 2.0834127139543463e+57 2.8719102366814878e+57 3.3696384070584534e+57 3.419425992779987e+57 3.444495245510852e+57 3.463774387531525e+57 3.478482129655968e+57 3.516211911397877e+57 3.5285198911813296e+57 3.545069870440316e+57 3.5727832830867534e+57 3.6060880278548646e+57 3.638574183793382e+57 2.8303809179152892e+57 2.2299684782799672e+56 1.3016857310742758e+56 9.31671823033961e+55 7.276302212763756e+55 5.975488685898903e+55 5.071534748771537e+55 4.4063785427680405e+55 3.896010960490416e+55 3.659097109337066e+55 3.6199201267341376e+55 3.5815829199593644e+55 3.543888039669761e+55 3.5074213404294555e+55 3.4709830494668116e+55 3.4352375010073737e+55 3.400700823600504e+55 3.350135194381587e+55 3.163789161070764e+55 2.778174464816956e+55 2.3846747340433172e+55 2.088832842815571e+55 1.858551402375613e+55 1.6352122866258176e+55 1.42745603870615e+55 1.2666338202088195e+55 1.1772842134056952e+55 1.1196021034043572e+55 1.0332561504477807e+55 9.467259751357531e+54 8.844236539848227e+54 8.50867496244129e+54 8.008528243509445e+54 7.240937276392467e+54 6.250292616832533e+54 5.270682492223859e+54 4.55899850630767e+54 4.016076063862554e+54 3.588371578652726e+54 3.24404385984606e+54 2.9595261462978168e+54 2.720698463602955e+54 2.5178625803175447e+54 
# total_energy_release_list
0 -7.666542478284434e+56 -6.631822224342887e+56 -2.882969550742497e+56 2.2846903646513218e+56 8.347952754651525e+56 1.6821212407515164e+57 2.723549457036178e+57 3.928744360893038e+57 5.27544104743654e+57 6.751406226755806e+57 8.339147655737502e+57 1.0028977547327016e+58 1.1814274983707751e+58 1.368879948575784e+58 1.5646232845903672e+58 2.5697664701058406e+58 3.63978308094206e+58 4.264377270458265e+58 4.711425888501216e+58 5.060568233290185e+58 5.347293010525936e+58 5.590642926745575e+58 5.80207632951864e+58 5.989020516592543e+58 6.006578140055783e+58 6.023947778699703e+58 6.04113346206147e+58 6.058138272247466e+58 6.074968102498501e+58 6.091623089127392e+58 6.108106556154158e+58 6.12442430416351e+58 6.156574537150662e+58 6.308384169820467e+58 6.574997160462208e+58 6.803847173520325e+58 7.004306136132826e+58 7.182665686234517e+58 7.418055243437952e+58 7.623538193649719e+58 7.805870711889945e+58 7.862360912369863e+58 7.969805735903324e+58 8.118543431749218e+58 8.254825069248429e+58 8.33970052914822e+58 8.380528117675569e+58 8.534238958566306e+58 8.70796166449754e+58 9.007872492284501e+58 9.260778211448447e+58 9.479534852093402e+58 9.67224018136466e+58 9.844422758491161e+58 1.0000083291369811e+59 1.0142091672545913e+59 1.027264026897169e+59 1.0393456092647405e+59 
# binding_energy_list
7.194489780036984e+59 7.328245331389074e+59 7.12853030126522e+59 6.823386941416746e+59 6.309573444801891e+59 5.984115950603211e+59 5.847900841444848e+59 5.584701947368306e+59 5.3456435939697355e+59 5.128613839913658e+59 4.909078761526059e+59 4.655860935229581e+59 4.405548635065517e+59 4.178303666466239e+59 3.962780342554385e+59 3.7757219092541443e+59 2.0606299132700004e+59 1.8365383433483588e+59 1.7498466886246654e+59 1.698243652461732e+59 1.6634126503701562e+59 1.6368165214278034e+59 1.6180800376430776e+59 1.599558028614671e+59 1.584893192461124e+59 1.584893192461124e+59 1.584893192461124e+59 1.5812480392703762e+59 1.5812480392703762e+59 1.5812480392703762e+59 1.57761126969935e+59 1.57761126969935e+59 1.57761126969935e+59 1.5739828644662295e+59 1.5631476426409634e+59 1.5488166189124732e+59 1.534616982799294e+59 1.5240527537972906e+59 1.5135612484362071e+59 1.5031419660900209e+59 1.4962356560944236e+59 1.4859356422869968e+59 1.4859356422869968e+59 1.4825180851459516e+59 1.475706533275884e+59 1.4723125024327165e+59 1.468926277643872e+59 1.4655478409559008e+59 1.4621771744567153e+59 1.455459080581955e+59 1.4487718535447662e+59 1.442115351524865e+59 1.4387985782558496e+59 1.4321878992735394e+59 1.4288939585111066e+59 1.4256075936021995e+59 1.4223287871228154e+59 1.4190575216890955e+59 1.4157937799570924e+59 
# total_gas_kinetic_energy_list
5.379451400554983e+59 5.3454364301848045e+59 5.31663498012661e+59 5.2918210572101665e+59 5.273039238292007e+59 5.248025780289841e+59 5.220146152120731e+59 5.19728171465938e+59 5.1746572996615475e+59 5.152225281656458e+59 5.130981674182408e+59 5.113329600420303e+59 5.09653867930716e+59 5.07984994424443e+59 5.0633035287693305e+59 5.04694508759096e+59 5.1425906444965505e+59 5.163262893836689e+59 5.1719351593235705e+59 5.177019566161854e+59 5.180466581309429e+59 5.183007100431916e+59 5.1849909854587125e+59 5.186604559193573e+59 5.18795383033186e+59 5.188076377144002e+59 5.188197444466931e+59 5.188316186474922e+59 5.188432883292571e+59 5.188547248250304e+59 5.188661282343933e+59 5.188773319410205e+59 5.188883985419014e+59 5.189099050699852e+59 5.190084250765052e+59 5.191707717485594e+59 5.192994026221127e+59 5.1940461591823035e+59 5.194922745284553e+59 5.1959977731727375e+59 5.196864951971967e+59 5.197579967571754e+59 5.19779361323856e+59 5.198181069799905e+59 5.19869557115391e+59 5.199136849703508e+59 5.199399410516289e+59 5.199521329630895e+59 5.199970333185223e+59 5.200439082609868e+59 5.201173277377625e+59 5.201726121324703e+59 5.202179523789318e+59 5.2025770011245195e+59 5.202931900166124e+59 5.203253500485243e+59 5.203546637977648e+59 5.203820748871937e+59 5.204067877868523e+59 
