# time_axis
5.999999999999999 7.0 7.30102999566398 7.477121254719661 7.602059991327962 7.698970004336018 7.778151250383643 7.845098040014256 7.903089986991943 7.954242509439324 8.0 8.041392685158224 8.079181246047623 8.113943352306837 8.146128035678238 8.176091259055681 8.301029995663981 8.47712125471966 8.60205999132796 8.698970004336019 8.778151250383644 8.845098040014257 8.903089986991942 8.954242509439323 8.999999999999998 9.004321373782641 9.008600171761916 9.012837224705171 9.017033339298779 9.021189299069936 9.02530586526477 9.02938377768521 9.033423755486949 9.041392685158224 9.079181246047623 9.146128035678236 9.204119982655923 9.255272505103305 9.301029995663981 9.361727836017593 9.414973347970816 9.462397997898954 9.477121254719663 9.505149978319904 9.544068044350274 9.57978359661681 9.60205999132796 9.612783856719734 9.653212513775342 9.698970004336017 9.778151250383642 9.845098040014257 9.903089986991944 9.954242509439325 10.0 10.041392685158225 10.079181246047623 10.113943352306835 10.146128035678236 
# total_gas_mass_list
10.921848749616355 10.919039754620513 10.916780427964278 10.914847392559906 10.913544275152958 10.911872933076276 10.909676840200392 10.907981626906606 10.906300351140457 10.904627853470522 10.90304893972676 10.901779060858672 10.900631850261023 10.899495040121794 10.898365149321632 10.897249766162428 10.907296997899769 10.909181172916199 10.909955682252336 10.91042076209703 10.910741696548989 10.91098022959446 10.911166317114953 10.91131696638331 10.911442420891593 10.911453815618978 10.911465057873718 10.911476092002314 10.911486939581202 10.911497573496982 10.911508173705036 10.911518596366092 10.911528887633132 10.911548896360339 10.911640652475706 10.911792114626227 10.911912327711144 10.91201083696082 10.912093092470174 10.912194413268741 10.912276627588914 10.912344878405948 10.91236534467464 10.91240263746954 10.912452387022965 10.912495396447135 10.912521129565594 10.912533135628754 10.912577462046421 10.912624258352544 10.912698628558852 10.912755680061121 10.912802920398775 10.91284434870729 10.912881356355353 10.912914852311578 10.912945379269088 10.912973896587971 10.9129997051518 
# ejected_gas_mass_list
-10.0 -10.0 7.521285575803527 8.224619160424009 8.625990854714816 8.78467393328081 8.844171977196826 8.946094508350091 9.030135770003227 9.101495196554614 9.168233969920443 9.240733045589014 9.307819973597901 9.366375881531585 9.418265764427824 9.46508464370155 9.678092854931373 9.708976907197316 9.721098050005086 9.728227371092686 9.733084052387188 9.736661190204522 9.739432868108942 9.741664689388623 9.74351513245847 9.74368284018381 9.743848244681024 9.744010529997299 9.744170016544997 9.744326308746274 9.74448205337565 9.74463513864461 9.744786244709468 9.745079891513749 9.74642413396987 9.74863463464287 9.750381645210409 9.751808380443713 9.75299637499358 9.754455579547535 9.755636272392326 9.756614169801011 9.756907011679523 9.757440144376512 9.758150410944577 9.758763580365507 9.759130063377034 9.759300951644205 9.759931330669032 9.760595912967613 9.761650147634727 9.762457272016862 9.763124541623997 9.763708933360498 9.764230349740776 9.764701787533586 9.765131024596334 9.765531648610297 9.765893923172609 
# stellar_mass_list
-10.0 9.3456945314229 9.421611291974472 9.465485229087598 9.498442131372263 9.52552960786904 9.548845594053233 9.569702753929926 9.58859865691314 9.605956337798213 9.62206704411069 9.63714147475219 9.651326460884505 9.664660786676171 9.67721339449595 9.689106720463943 9.329423083369013 9.234172799836331 9.186115975343794 9.15409513145235 9.130281200263738 9.111455298438988 9.095970894801109 9.082862947688406 9.071522738767785 9.070472780837406 9.069431947378607 9.06840954942739 9.067400165523038 9.066407539933786 9.065413665874598 9.064433121123587 9.063462252418686 9.061567009970208 9.05272161001619 9.037520493753892 9.024840536593434 9.013973735447745 9.004530748482551 8.992368562751233 8.98199190683521 8.972982557599938 8.970191036445046 8.965032928850627 8.957906406242104 8.951526425082681 8.947594466586066 8.94574105440466 8.938677865975489 8.930950790277357 8.91786825653408 8.907150391897286 8.897914332346827 8.889588121220601 8.881970702741866 8.875017041420572 8.868521219423444 8.862401020055467 8.85679374867469 
# remnant_mass_list
-10.0 -10.0 7.244429898208307 7.844630325457003 8.13253223638472 8.32032927473856 8.458312457168017 8.56584237331656 8.653237058399057 8.726717006586194 8.789927166040908 8.84524790223521 8.894352671709603 8.938536103501452 8.978618554573066 9.015077965670596 9.106996343744262 9.144491691860535 9.160221147281908 9.169641362473158 9.176138178802866 9.180983011491415 9.1847828706068 9.187873587113577 9.190457392142763 9.190692277846885 9.190924609274541 9.191151874583 9.19137555348047 9.191594669917114 9.191814244880907 9.192030183083792 9.192243507883097 9.192657456784312 9.194559355842761 9.197716461326104 9.200242720585772 9.202333835613112 9.20409374975254 9.206284277595515 9.20808834935072 9.209605943524345 9.210069616318984 9.210908176606619 9.212048780127168 9.213043171623907 9.213645563687008 9.213924809452626 9.214983727211896 9.216103596876868 9.217933127846697 9.219365563990484 9.22056639295235 9.221640518048607 9.222615979370795 9.223495303650557 9.224312884830526 9.225081375585486 9.225770672933251 
# BH_mass_list
-10.0 -10.0 -10.0 -10.0 -10.0 -10.0 -10.0 -10.0 -10.0 -10.0 -10.0 -10.0 -10.0 -10.0 -10.0 -10.0 -10.0 -10.0 -10.0 -10.0 -10.0 -10.0 -10.0 -10.0 -10.0 -10.0 -10.0 -10.0 -10.0 -10.0 -10.0 -10.0 -10.0 -10.0 -10.0 -10.0 -10.0 -10.0 -10.0 -10.0 -10.0 -10.0 -10.0 -10.0 -10.0 -10.0 -10.0 -10.0 -10.0 -10.0 -10.0 -10.0 -10.0 -10.0 -10.0 -10.0 -10.0 -10.0 -10.0 
# NS_mass_list
-10.0 -10.0 7.8230529966959805 8.225007168682383 8.451207352594064 8.606964868408799 8.721302342025707 8.80987141657167 8.882074081618155 8.942884876315574 8.99541453532576 9.041444881063105 9.082390131516675 9.119313695654233 9.152720392052412 9.183016956047924 9.230513629058539 9.230513629058539 9.230513629058539 9.230513629058539 9.230513629058539 9.230513629058539 9.230513629058539 9.230513629058539 9.230513629058539 9.230513629058539 9.230513629058539 9.230513629058539 9.230513629058539 9.230513629058539 9.230513629058539 9.230513629058539 9.230513629058539 9.230513629058539 9.230513629058539 9.230513629058539 9.230513629058539 9.230513629058539 9.230513629058539 9.230513629058539 9.230513629058539 9.230513629058539 9.230513629058539 9.230513629058539 9.230513629058539 9.230513629058539 9.230513629058539 9.230513629058539 9.230513629058539 9.230513629058539 9.230513629058539 9.230513629058539 9.230513629058539 9.230513629058539 9.230513629058539 9.230513629058539 9.230513629058539 9.230513629058539 9.230513629058539 
# WD_mass_list
-10.0 -10.0 -10.0 -10.0 -10.0 5.6645975012971235 6.759360566581408 7.162484188082744 7.4155186884316375 7.598611564933597 7.7382952621117225 7.852332057983269 7.947908487156765 8.0296126378401 8.100754875926308 8.163601097761303 8.400050325786287 8.564171367286411 8.62120039621183 8.652956371965272 8.673950539937069 8.68916517585382 8.700850237682133 8.71020115531256 8.717916605606698 8.71861349896652 8.719302085574597 8.719974958150578 8.720636539024861 8.721283979391798 8.721932134852647 8.722568932028704 8.723197417124533 8.724415258578214 8.729981918054815 8.739120290226134 8.746343351438053 8.75226386864443 8.75720661115286 8.763308679030066 8.768293356140237 8.772458456279063 8.773725982761746 8.776012389900218 8.779110173729821 8.781799527456878 8.783423623898626 8.784175198897401 8.787017822266682 8.79001143607947 8.794874536011342 8.798658586119734 8.801815112805022 8.8046266045512 8.807170149380063 8.80945517785351 8.811573150999717 8.813558193382642 8.815333961675611 
