# time_axis
1000000 10000000 20000000 30000000 40000000 50000000 60000000 70000000 80000000 90000000 100000000 110000000 120000000 130000000 140000000 150000000 200000000 300000000 400000000 500000000 600000000 700000000 800000000 900000000 1000000000 1010000000 1020000000 1030000000 1040000000 1050000000 1060000000 1070000000 1080000000 1100000000 1200000000 1400000000 1600000000 1800000000 2000000000 2300000000 2600000000 2900000000 3000000000 3200000000 3500000000 3800000000 4000000000 4100000000 4500000000 5000000000 6000000000 7000000000 8000000000 9000000000 10000000000 11000000000 12000000000 13000000000 14000000000 
# SNIa_energy_release_list
0 0.0 0.0 0.0 0.0 0.0 5.251494819726865e+51 2.3801214662058285e+53 8.856098480275943e+53 1.9077802273648514e+54 3.20704400233198e+54 4.6868436845061006e+54 6.269606079377623e+54 7.89810797965509e+54 9.531950289273778e+54 1.1143474162245232e+55 1.8422320249119167e+55 2.755045647660979e+55 3.320368818420626e+55 3.733457078927267e+55 4.059556454228143e+55 4.3291470024062833e+55 4.558977257791224e+55 4.7593143790068266e+55 4.936882369943786e+55 4.953577346087309e+55 4.970096626086279e+55 4.986444575864401e+55 5.002623498045143e+55 5.018637905378511e+55 5.03448997318699e+55 5.05018201186149e+55 5.065718035227728e+55 5.096334687178632e+55 5.24103213262699e+55 5.495606079508266e+55 5.714521874137494e+55 5.906542945961031e+55 6.077577381016991e+55 6.303526133600005e+55 6.500953706889607e+55 6.67625981026383e+55 6.730598639111086e+55 6.833933727243316e+55 6.97713109533082e+55 7.108348612285584e+55 7.190102388129525e+55 7.229430360065087e+55 7.377537557565191e+55 7.544964778326388e+55 7.83414128903203e+55 8.078118684831539e+55 8.289212402888253e+55 8.475210971450024e+55 8.641418207168543e+55 8.79172608909226e+55 8.928855454132674e+55 9.054929859831966e+55 9.17161806546167e+55 
# SNII_energy_release_list
0 0.0 6.774128881476924e+51 3.08525729795679e+53 1.210288914537157e+54 2.7029756190539013e+54 4.620714863003162e+54 6.629983233469945e+54 8.454113616712963e+54 1.0018102280344118e+55 1.1325176037798754e+55 1.2405489905858546e+55 1.3294220207917392e+55 1.402394070050694e+55 1.4622640828656068e+55 1.5113698559870945e+55 1.5974351631394345e+55 1.5974351631394345e+55 1.5974351631394345e+55 1.5974351631394345e+55 1.5974351631394345e+55 1.5974351631394345e+55 1.5974351631394345e+55 1.5974351631394345e+55 1.5974351631394345e+55 1.5974351631394345e+55 1.5974351631394345e+55 1.5974351631394345e+55 1.5974351631394345e+55 1.5974351631394345e+55 1.5974351631394345e+55 1.5974351631394345e+55 1.5974351631394345e+55 1.5974351631394345e+55 1.5974351631394345e+55 1.5974351631394345e+55 1.5974351631394345e+55 1.5974351631394345e+55 1.5974351631394345e+55 1.5974351631394345e+55 1.5974351631394345e+55 1.5974351631394345e+55 1.5974351631394345e+55 1.5974351631394345e+55 1.5974351631394345e+55 1.5974351631394345e+55 1.5974351631394345e+55 1.5974351631394345e+55 1.5974351631394345e+55 1.5974351631394345e+55 1.5974351631394345e+55 1.5974351631394345e+55 1.5974351631394345e+55 1.5974351631394345e+55 1.5974351631394345e+55 1.5974351631394345e+55 1.5974351631394345e+55 1.5974351631394345e+55 1.5974351631394345e+55 
# SN_energy_per_current_crossing_time_list
0.0 0.0 1.4211549291353614e+52 3.7512100512600587e+53 8.759939055633742e+53 1.256915115999113e+54 1.4747575699801113e+54 1.45982608302916e+54 1.2815178905090358e+54 1.0778059695778019e+54 8.923493061555194e+53 7.3591578756615695e+53 6.074127692975122e+53 5.02632507315365e+53 4.17208610700468e+53 3.4740444075949193e+53 1.4690618209183245e+53 2.2910551345380636e+52 1.4507158244291562e+52 1.0786552858197612e+52 8.639558459875807e+51 7.232217558807808e+51 6.233826242437733e+51 5.487816368169372e+51 4.907912551106438e+51 4.618384363756258e+51 4.5736537950746944e+51 4.530007041575244e+51 4.486882502491383e+51 4.444905086262243e+51 4.4034374944649894e+51 4.362526646480804e+51 4.322653610250139e+51 4.266113403663898e+51 4.0632421882602126e+51 3.623839328343666e+51 3.154054544359573e+51 2.796726240287959e+51 2.515583671486266e+51 2.244521066555577e+51 1.983893060439042e+51 1.7798724064548453e+51 1.660530644186786e+51 1.5885604654553656e+51 1.4802939611448125e+51 1.366722224875577e+51 1.2835100045705807e+51 1.2375156790690636e+51 1.1752034496639634e+51 1.0725985170699373e+51 9.411671690585172e+50 8.044542522399694e+50 7.040636298887892e+50 6.269986720686043e+50 5.659651441419689e+50 5.163367954732449e+50 4.751913852589753e+50 4.404153024571037e+50 4.1061531585888106e+50 
# SN_energy_per_final_crossing_time_list
0.0 0.0 6.356680306750206e+51 2.8315647555903235e+53 8.461929759666367e+53 1.4007014547205843e+54 1.7997453734006928e+54 1.8936399565749545e+54 1.7345086464999503e+54 1.5035787631607502e+54 1.2722466358712325e+54 1.0658134828387164e+54 8.896592181843865e+53 7.420577532682767e+53 6.192993053315712e+53 5.175048922668035e+53 2.127504573912666e+53 3.212109158785225e+52 1.9893214663052415e+52 1.4536204893217344e+52 1.147514414742739e+52 9.48664927147988e+51 8.087520276752697e+51 7.04968337307787e+51 6.248458127497733e+51 5.8748121675495556e+51 5.812986272205733e+51 5.752696706203413e+51 5.6932174127214915e+51 5.6353261154348005e+51 5.578200294595979e+51 5.521887479568434e+51 5.4669870937620654e+51 5.386862426891711e+51 5.091773152746503e+51 4.479114279116352e+51 3.851725102510854e+51 3.378524531801971e+51 3.0092740819115204e+51 2.6503112263751212e+51 2.3157663315409548e+51 2.0562881118544383e+51 1.9121345855057646e+51 1.818134473134729e+51 1.6796622592118583e+51 1.5391421917875005e+51 1.438420974496055e+51 1.3839160120136729e+51 1.3029398162884625e+51 1.1783227064849294e+51 1.0175861702696081e+51 8.585345442413566e+50 7.428198355431479e+50 6.54512258262434e+50 5.848683354439783e+50 5.2891993735889095e+50 4.825459200073856e+50 4.436445109303718e+50 4.1061531585888106e+50 
# total_energy_release_list
0 0 6.774128881476924e+51 3.08525729795679e+53 1.210288914537157e+54 2.7029756190539013e+54 4.625966357822889e+54 6.867995380090527e+54 9.339723464740557e+54 1.1925882507708969e+55 1.4532220040130735e+55 1.7092333590364645e+55 1.9563826287295014e+55 2.192204868016203e+55 2.4154591117929846e+55 2.625717272211618e+55 3.439667188051351e+55 4.3524808108004135e+55 4.91780398156006e+55 5.330892242066701e+55 5.656991617367577e+55 5.926582165545718e+55 6.156412420930658e+55 6.356749542146262e+55 6.53431753308322e+55 6.551012509226744e+55 6.567531789225714e+55 6.583879739003835e+55 6.600058661184578e+55 6.616073068517945e+55 6.631925136326425e+55 6.647617175000925e+55 6.663153198367162e+55 6.693769850318066e+55 6.838467295766424e+55 7.0930412426477e+55 7.311957037276929e+55 7.503978109100466e+55 7.675012544156426e+55 7.90096129673944e+55 8.098388870029041e+55 8.273694973403265e+55 8.32803380225052e+55 8.43136889038275e+55 8.574566258470254e+55 8.705783775425018e+55 8.787537551268959e+55 8.826865523204521e+55 8.974972720704626e+55 9.142399941465822e+55 9.431576452171464e+55 9.675553847970973e+55 9.886647566027687e+55 1.0072646134589458e+56 1.0238853370307977e+56 1.0389161252231693e+56 1.0526290617272108e+56 1.06523650229714e+56 1.0769053228601105e+56 
# binding_energy_list
3.5237087104248475e+53 3.5237087104248475e+53 3.5237087104248475e+53 3.5156044052829764e+53 3.5075187395256937e+53 3.499451670283548e+53 3.4914031547858552e+53 3.4914031547858552e+53 3.4833731503601304e+53 3.475361614432033e+53 3.4673685045253095e+53 3.4593937782612313e+53 3.4514373933585365e+53 3.443499307633377e+53 3.443499307633377e+53 3.435579478998757e+53 3.411929116219295e+53 3.3728730865886787e+53 3.349654391578266e+53 3.3265955329400333e+53 3.311311214825935e+53 3.2885163087598533e+53 3.2809529311311768e+53 3.26587832172338e+53 3.250872973854347e+53 3.250872973854347e+53 3.250872973854347e+53 3.250872973854347e+53 3.250872973854347e+53 3.243396173493513e+53 3.243396173493513e+53 3.243396173493513e+53 3.243396173493513e+53 3.243396173493513e+53 3.228494121712638e+53 3.213660538640302e+53 3.1988951096914166e+53 3.1841975217261254e+53 3.169567463043474e+53 3.1477483141012982e+53 3.1332857243156016e+53 3.1188895840939355e+53 3.1188895840939355e+53 3.1045595881283368e+53 3.097419299216578e+53 3.0831879502493343e+53 3.076096814740705e+53 3.076096814740705e+53 3.061963433690657e+53 3.0549211132155093e+53 3.0338911841942657e+53 3.0199517204019946e+53 3.0060763026282415e+53 2.992264636608183e+53 2.9785164294291667e+53 2.9648313895243513e+53 2.958012466551522e+53 2.9444216337987693e+53 2.9376496519615546e+53 
# total_gas_kinetic_energy_list
3.555417159551863e+56 1.523667168485223e+58 3.049167717537845e+58 3.250817438327291e+58 2.970353584007798e+58 2.5486863317410364e+58 2.129677691736113e+58 1.7598583461963343e+58 1.4475879751556802e+58 1.1885124448391159e+58 9.750841753178265e+57 7.997552319217605e+57 6.558841815231375e+57 5.378775949504807e+57 4.411015334267614e+57 3.617411872354306e+57 3.619004679570171e+57 3.6212982973912516e+57 3.623000102042288e+57 3.624356307506108e+57 3.62548633874783e+57 3.626458461853572e+57 3.6273225908467194e+57 3.6281093094466304e+57 3.6288316221733496e+57 3.628901188856545e+57 3.628970025852857e+57 3.629038081300733e+57 3.629105471041448e+57 3.629172354376791e+57 3.629238880471532e+57 3.6293051883980256e+57 3.629371374609763e+57 3.629502075780681e+57 3.630126743513256e+57 3.6312642410601524e+57 3.6322711322775655e+57 3.633183957491637e+57 3.6340138953909675e+57 3.635114432528367e+57 3.636085396634727e+57 3.636954402680976e+57 3.637230487971213e+57 3.6377434253826786e+57 3.638464176979972e+57 3.639085995301337e+57 3.6394832104737935e+57 3.6396563560617366e+57 3.640349282535079e+57 3.641072790340835e+57 3.642294350315233e+57 3.643268226795464e+57 3.644136003479181e+57 3.644947685059718e+57 3.645724047127171e+57 3.646403024168039e+57 3.647081396948431e+57 3.64771141724654e+57 3.648284936196383e+57 
