# time_axis
5.999999999999999 7.0 7.30102999566398 7.477121254719661 7.602059991327962 7.698970004336018 7.778151250383643 7.845098040014256 7.903089986991943 7.954242509439324 8.0 8.041392685158224 8.079181246047623 8.113943352306837 8.146128035678238 8.176091259055681 8.204119982655925 8.230448921378272 8.255272505103306 8.278753600952827 8.301029995663981 8.47712125471966 8.60205999132796 8.698970004336019 8.778151250383644 8.845098040014257 8.903089986991942 8.954242509439323 8.999999999999998 9.004321373782641 9.008600171761916 9.012837224705171 9.017033339298779 9.021189299069936 9.02530586526477 9.02938377768521 9.033423755486949 9.041392685158224 9.079181246047623 9.146128035678236 9.204119982655923 9.255272505103305 9.301029995663981 9.361727836017593 9.414973347970816 9.462397997898954 9.477121254719663 9.505149978319904 9.544068044350274 9.57978359661681 9.60205999132796 9.612783856719734 9.653212513775342 9.698970004336017 9.778151250383642 9.845098040014257 9.903089986991944 9.954242509439325 10.0 10.041392685158225 10.079181246047623 10.113943352306835 10.146128035678236 
# total_gas_mass_list
9.2249387366083 9.219310092247428 9.216277455345205 9.213804451203586 9.211548801258376 9.209406339540806 9.207252285236564 9.20508715681767 9.20291043194026 9.200723861279352 9.198526656487179 9.196318808339377 9.194099894335277 9.191869138097328 9.189626384853353 9.187372169637849 9.185106545147255 9.18282908051765 9.180539505919798 9.178241492529605 9.175934436876007 9.181593640191606 9.181653925626255 9.181694949592694 9.181726251181134 9.181751551563924 9.18177297116885 9.181791457816677 9.181807695382165 9.181809236132855 9.181810706329324 9.181812213183319 9.181813668556314 9.181815137604872 9.181816578218767 9.181817998884634 9.181819411581476 9.181822194458935 9.181835284368898 9.18185821694755 9.181877819577325 9.181894972407171 9.181910194780693 9.181930235947473 9.181947680997014 9.18196319187686 9.181967962367095 9.181977090347845 9.181989704184605 9.182001243961546 9.182008436060636 9.182011894167099 9.182024892991956 9.182039585826834 9.182064917847066 9.182086269220225 9.182104727551346 9.182120970067071 9.182135489712625 9.182148597692544 9.18216057376678 9.182171581277096 9.182181734222446 
# ejected_gas_mass_list
-10.0 -10.0 -10.0 -10.0 -10.0 6.599198071821104 6.9319586615393005 7.118090542203008 7.247896395377376 7.347780485369664 7.428958517963332 7.497352454460589 7.556435970480315 7.608418467560954 7.654822368726444 7.696748792543274 7.734991568569276 7.770138704690458 7.802650663624491 7.832979172784823 7.861392927258579 7.965405479161151 7.966396163424098 7.967069108170121 7.967581912214832 7.967995985324801 7.968346255037174 7.968648349713023 7.968913528968041 7.968938683412513 7.9689626847068205 7.968987283151582 7.969011039959788 7.969035018764145 7.969058532231837 7.969081718940709 7.969104774434729 7.969150188188905 7.96936374254224 7.969737636923884 7.970057000238911 7.970336271041018 7.970583970370711 7.970909879317293 7.971193383536466 7.971445309261783 7.971522763386653 7.9716709300132065 7.971875601495029 7.972062766090989 7.972179377066795 7.972235435520983 7.972446095344566 7.972684093032312 7.973094139377931 7.973439469600428 7.97373780122077 7.974000160939746 7.974234565942291 7.974446079146426 7.974639243239943 7.974816714158443 7.974980346887335 
# stellar_mass_list
-10.0 7.454821665207646 7.601375376964093 7.689704322176413 7.755464917355557 7.808555564761362 7.85342269474723 7.892422338235413 7.927006083019555 7.958132063166559 7.986469029283934 8.012503030479017 8.036602140561694 8.059049167326823 8.080068489011483 8.099841827592282 8.118515576507026 8.13621174835453 8.153027267376416 8.169014591105276 8.184262133724639 8.022221280481133 7.982550781848534 7.956942796249922 7.9379784992956886 7.922927842730744 7.910464699954759 7.899845249566981 7.890591971594173 7.8897268464935095 7.888878482043794 7.88803900902263 7.887209904214637 7.886385717101825 7.885570880676861 7.884763524826148 7.883969175801713 7.882409913063951 7.875077842377437 7.862369023035119 7.8516252065559025 7.842314131988459 7.834134384405361 7.8234498080495545 7.814222945549851 7.806111578220753 7.803592061866276 7.7988713668036445 7.792321135609111 7.786392219258607 7.782704947841672 7.78095432942368 7.774298471064625 7.766880982739448 7.754141100551799 7.743500927428602 7.734246063098554 7.725857800740757 7.718235413537828 7.711230981242866 7.704717138075644 7.698553017739385 7.692929237155168 
# remnant_mass_list
-10.0 -10.0 5.414683961242206 6.0467241728188945 6.349251615246998 6.546791458219826 6.6916610343716485 6.805322758598042 6.898528074235297 6.977301426308147 7.045373841186681 7.105208785721691 7.158511070293277 7.206514343241447 7.250134679474041 7.290069393550807 7.3268673750657385 7.360963720120666 7.3927094305722765 7.422402864093591 7.450216643463497 7.562226523142418 7.594241059001639 7.613002220938158 7.6260115437782465 7.635836176911752 7.643654979494935 7.650100459348909 7.6555610801122675 7.656064499175133 7.656556566105159 7.657042453939742 7.657521171690931 7.657996213350907 7.658464770098299 7.658928134067853 7.659382764151419 7.660272006657312 7.664402795248318 7.671366715038518 7.677066273054275 7.681872722270459 7.685994958977411 7.691244204408406 7.695657751661489 7.699448928628819 7.7006110598669535 7.702764936383906 7.705712021159238 7.708334221599655 7.70994462570268 7.710703531235343 7.713560274358394 7.716683316482694 7.721911214732691 7.726147353633375 7.729746144048768 7.732949159416771 7.735808297856056 7.738393981725499 7.74076348514819 7.742978602875088 7.744965877174184 
# BH_mass_list
-10.0 -10.0 -10.0 -10.0 -10.0 -10.0 -10.0 -10.0 -10.0 -10.0 -10.0 -10.0 -10.0 -10.0 -10.0 -10.0 -10.0 -10.0 -10.0 -10.0 -10.0 -10.0 -10.0 -10.0 -10.0 -10.0 -10.0 -10.0 -10.0 -10.0 -10.0 -10.0 -10.0 -10.0 -10.0 -10.0 -10.0 -10.0 -10.0 -10.0 -10.0 -10.0 -10.0 -10.0 -10.0 -10.0 -10.0 -10.0 -10.0 -10.0 -10.0 -10.0 -10.0 -10.0 -10.0 -10.0 -10.0 -10.0 -10.0 -10.0 -10.0 -10.0 -10.0 
# NS_mass_list
-10.0 -10.0 5.949937624296689 6.3758792109221725 6.615819117469536 6.78076887663851 6.89925987742603 6.99152786907687 7.066927172103877 7.130649076068609 7.185745178025851 7.2342239004037685 7.277448012058955 7.316383406723466 7.351809987927237 7.384283595635457 7.414238994846386 7.442020583291986 7.467900481933507 7.492065630572962 7.5146478261459295 7.554509189365203 7.554509189365203 7.554509189365203 7.554509189365203 7.554509189365203 7.554509189365203 7.554509189365203 7.554509189365203 7.554509189365203 7.554509189365203 7.554509189365203 7.554509189365203 7.554509189365203 7.554509189365203 7.554509189365203 7.554509189365203 7.554509189365203 7.554509189365203 7.554509189365203 7.554509189365203 7.554509189365203 7.554509189365203 7.554509189365203 7.554509189365203 7.554509189365203 7.554509189365203 7.554509189365203 7.554509189365203 7.554509189365203 7.554509189365203 7.554509189365203 7.554509189365203 7.554509189365203 7.554509189365203 7.554509189365203 7.554509189365203 7.554509189365203 7.554509189365203 7.554509189365203 7.554509189365203 7.554509189365203 7.554509189365203 
# WD_mass_list
-10.0 -10.0 -10.0 -10.0 -10.0 4.015850655931237 5.126704266346766 5.5362335587370035 5.79423127026932 5.980307562297566 6.125251137084434 6.243420306666816 6.342941009559646 6.4288821819387145 6.504066396781837 6.570762485820808 6.630615687023568 6.684839375808632 6.73432567197434 6.779817721586388 6.821858891124155 7.089778941313982 7.178640196447922 7.225893697263613 7.2569578463362205 7.279600183980745 7.297158496441936 7.3113446957332755 7.323169800116761 7.3242513132607 7.325307049540849 7.326348186434167 7.327372660201911 7.328387996668947 7.329388237308999 7.330376190630772 7.331344364310161 7.333234781941311 7.341959821437524 7.356464589152656 7.368152559702973 7.377886029554177 7.386147268812394 7.39655503577419 7.405211690085788 7.412581006730304 7.4148278892558945 7.418977476591958 7.424624607292377 7.429619946635597 7.432674350757199 7.434110234776798 7.439495390685861 7.445347010309301 7.455061360936257 7.462860282288455 7.469436136684692 7.475251283767939 7.480412833103935 7.485057344671718 7.489294350316746 7.493238925125589 7.496764480493666 
