# time_axis
1000000 10000000 20000000 30000000 40000000 50000000 60000000 70000000 80000000 90000000 100000000 200000000 300000000 400000000 500000000 600000000 700000000 800000000 900000000 1000000000 1010000000 1020000000 1030000000 1040000000 1050000000 1060000000 1070000000 1080000000 1100000000 1200000000 1400000000 1600000000 1800000000 2000000000 2300000000 2600000000 2900000000 3000000000 3200000000 3500000000 3800000000 4000000000 4100000000 4500000000 5000000000 6000000000 7000000000 8000000000 9000000000 10000000000 11000000000 12000000000 13000000000 14000000000 
# SNIa_energy_release_list
0 0.0 0.0 0.0 0.0 0.0 3.556464664606907e+55 1.0018772547240102e+56 1.8937942663933008e+56 2.99853309568532e+56 4.290994706464115e+56 1.1502768593580462e+57 1.5206226882754289e+57 1.7722193619624428e+57 1.9630828326536333e+57 2.116924424273717e+57 2.245805809902511e+57 2.356705741016127e+57 2.454037429190666e+57 2.540765088748956e+57 2.548939250118516e+57 2.5570311169544085e+57 2.5650412824586785e+57 2.5729734650162705e+57 2.5808283360424003e+57 2.588603731198772e+57 2.596304482025638e+57 2.603931323872734e+57 2.6189693975006502e+57 2.690179695338388e+57 2.815954487887004e+57 2.924552447015828e+57 3.020106208429046e+57 3.105420511341819e+57 3.218391089395752e+57 3.317312022903021e+57 3.4052959751202455e+57 3.4326002208344e+57 3.484523905712745e+57 3.556581193275961e+57 3.622666138129245e+57 3.663856358188041e+57 3.683681764725533e+57 3.758396411813305e+57 3.842887235868472e+57 3.9889913017886285e+57 4.112394496508277e+57 4.219235631501401e+57 4.313440512588904e+57 4.397650190207053e+57 4.473830660120571e+57 4.5433512479039685e+57 4.607292208282551e+57 4.666480593098576e+57 
# SNII_energy_release_list
0 -2.483291790914152e+55 8.892375338103214e+55 2.4590983960197907e+56 4.254940151858581e+56 6.193429225519573e+56 8.379897793752947e+56 9.180669990623186e+56 9.549220654186738e+56 9.69244536830496e+56 9.69244536830496e+56 9.69244536830496e+56 9.69244536830496e+56 9.69244536830496e+56 9.69244536830496e+56 9.69244536830496e+56 9.69244536830496e+56 9.69244536830496e+56 9.69244536830496e+56 9.69244536830496e+56 9.69244536830496e+56 9.69244536830496e+56 9.69244536830496e+56 9.69244536830496e+56 9.69244536830496e+56 9.69244536830496e+56 9.69244536830496e+56 9.69244536830496e+56 9.69244536830496e+56 9.69244536830496e+56 9.69244536830496e+56 9.69244536830496e+56 9.69244536830496e+56 9.69244536830496e+56 9.69244536830496e+56 9.69244536830496e+56 9.69244536830496e+56 9.69244536830496e+56 9.69244536830496e+56 9.69244536830496e+56 9.69244536830496e+56 9.69244536830496e+56 9.69244536830496e+56 9.69244536830496e+56 9.69244536830496e+56 9.69244536830496e+56 9.69244536830496e+56 9.69244536830496e+56 9.69244536830496e+56 9.69244536830496e+56 9.69244536830496e+56 9.69244536830496e+56 9.69244536830496e+56 9.69244536830496e+56 
# SN_energy_per_current_crossing_time_list
0.0 -1.7504529908252509e+55 6.724843185044482e+55 9.261739878595303e+55 1.1043152080502997e+56 1.233691101174844e+56 2.36536944851768e+56 1.058037597593667e+56 5.613073653845352e+55 2.725599912491482e+55 7.450671234771255e+54 4.931594495947531e+54 2.6870277224009183e+54 1.887132906068874e+54 1.4637795226109413e+54 1.1992422169929849e+54 1.0173077089707805e+54 8.842543618125813e+53 7.825658502009236e+53 7.022538792463589e+53 6.6230974442553345e+53 6.560593991478636e+53 6.498399602121151e+53 6.439077404867953e+53 6.380195418374024e+53 6.319492880421197e+53 6.262602302588987e+53 6.2061568499591e+53 6.125487157625545e+53 5.8321706391835656e+53 5.196533432688164e+53 4.519043658459607e+53 4.0000477070870615e+53 3.5893964924603705e+53 3.18832055133533e+53 2.8061761059179433e+53 2.506674167863392e+53 2.336762523521535e+53 2.22710838708717e+53 2.0670699948077323e+53 1.900947551883707e+53 1.7802461315808156e+53 1.7150307049736168e+53 1.620531224763371e+53 1.4703992581528164e+53 1.2774510255498837e+53 1.0829937279074676e+53 9.406284245284877e+52 8.317230166413868e+52 7.454882761924148e+52 6.75858291735887e+52 6.181307712128861e+52 5.694777246205546e+52 5.281934626691833e+52 
# SN_energy_per_final_crossing_time_list
0.0 -6.566145600346991e+55 2.7070865473461516e+56 3.735824170216891e+56 4.27359468526715e+56 4.613054895127257e+56 5.2349135183954935e+56 1.9632802336413277e+56 9.56640301964301e+55 4.3942045511193313e+55 1.1533846981737988e+55 6.435742136338773e+54 3.304943129787921e+54 2.2452330585445462e+54 1.7032537345764152e+54 1.3728727897023405e+54 1.150129464766975e+54 9.896640837007034e+53 8.685819280952785e+53 7.73952236636899e+53 7.2945707365132615e+53 7.221131606806625e+53 7.148221846912155e+53 7.078630350602921e+53 7.009638021053171e+53 6.938714249477989e+53 6.872102114355486e+53 6.806146200761463e+53 6.709941660084551e+53 6.354762663237326e+53 5.612032107249369e+53 4.845607144827072e+53 4.263579101608579e+53 3.806697649443644e+53 3.3604746937832944e+53 2.9425475151405955e+53 2.6172110471441918e+53 2.4366138954724264e+53 2.316818662621425e+53 2.143449166412591e+53 1.9657931175097735e+53 1.837894802213915e+53 1.7692069416003303e+53 1.6668721523683566e+53 1.5079817116208591e+53 1.3038235918801797e+53 1.101242430014156e+53 9.534436397096363e+52 8.406784962389444e+52 7.514819225028655e+52 6.798297726227771e+52 6.203973989533214e+52 5.706051512257835e+52 5.281934626691833e+52 
# total_energy_release_list
0 -2.483291790914152e+55 8.892375338103214e+55 2.4590983960197907e+56 4.254940151858581e+56 6.193429225519573e+56 8.735544260213637e+56 1.0182547245347196e+57 1.1443014920580038e+57 1.269097846399028e+57 1.3983440074769076e+57 2.1195213961885424e+57 2.4898672251059248e+57 2.7414638987929387e+57 2.9323273694841296e+57 3.086168961104213e+57 3.215050346733007e+57 3.325950277846623e+57 3.423281966021162e+57 3.510009625579452e+57 3.518183786949012e+57 3.526275653784905e+57 3.534285819289175e+57 3.542218001846766e+57 3.5500728728728965e+57 3.557848268029268e+57 3.565549018856134e+57 3.57317586070323e+57 3.5882139343311464e+57 3.659424232168884e+57 3.7851990247175e+57 3.893796983846324e+57 3.989350745259542e+57 4.074665048172315e+57 4.187635626226248e+57 4.286556559733517e+57 4.374540511950742e+57 4.401844757664896e+57 4.453768442543241e+57 4.5258257301064575e+57 4.591910674959741e+57 4.6331008950185375e+57 4.6529263015560294e+57 4.727640948643801e+57 4.812131772698968e+57 4.958235838619125e+57 5.081639033338773e+57 5.188480168331897e+57 5.2826850494194004e+57 5.366894727037549e+57 5.443075196951067e+57 5.512595784734465e+57 5.5765367451130474e+57 5.635725129929072e+57 
# binding_energy_list
5.902010801718454e+58 5.915616341754719e+58 5.688529308438448e+58 5.382697825162904e+58 5.0118723362727554e+58 4.7097732639695483e+58 3.9445730207527524e+58 3.5974933515574014e+58 3.4434993076333775e+58 3.3419504002611493e+58 3.273406948788386e+58 2.9922646366081826e+58 2.904022654464457e+58 2.8510182675038984e+58 2.818382931264472e+58 2.79898131963438e+58 2.7797132677593053e+58 2.7669416454115126e+58 2.754228703338152e+58 2.7415741719278973e+58 2.7415741719278973e+58 2.7415741719278973e+58 2.7415741719278973e+58 2.7415741719278973e+58 2.7415741719278973e+58 2.735268726306697e+58 2.735268726306697e+58 2.735268726306697e+58 2.735268726306697e+58 2.7289777828080407e+58 2.716439268839067e+58 2.703958364108857e+58 2.697739432444904e+58 2.691534803926914e+58 2.68534444565852e+58 2.679168324819015e+58 2.673006408663309e+58 2.6668586645214914e+58 2.6668586645214914e+58 2.660725059798792e+58 2.660725059798792e+58 2.654605561975536e+58 2.654605561975536e+58 2.654605561975536e+58 2.6485001386067115e+58 2.6424087573219283e+58 2.636331385825376e+58 2.636331385825376e+58 2.630267991895392e+58 2.630267991895392e+58 2.6242185433844233e+58 2.6242185433844233e+58 2.6242185433844233e+58 2.6181830082189807e+58 
# total_gas_kinetic_energy_list
1.6176674195258627e+59 1.601472805551067e+59 1.5861286194857568e+59 1.5715806991581263e+59 1.5576447219673028e+59 1.5433967412857188e+59 1.547301146409737e+59 1.5491323352032113e+59 1.549984397004939e+59 1.5505336016442218e+59 1.5509452937134015e+59 1.5526834403518494e+59 1.5532767517731024e+59 1.553600117035301e+59 1.5538067460428224e+59 1.5539531104968777e+59 1.5540621946084876e+59 1.5541498555070162e+59 1.5542219972935848e+59 1.554282865036316e+59 1.55428843756661e+59 1.5542938921717312e+59 1.5542992163945337e+59 1.5543044689974914e+59 1.5543096605320368e+59 1.5543149195724234e+59 1.5543201134820452e+59 1.554325176498613e+59 1.554335030185499e+59 1.5543803637231783e+59 1.554455737403408e+59 1.5545157512658683e+59 1.5545655926501766e+59 1.5546072771387538e+59 1.5546576782325421e+59 1.5546989033554973e+59 1.55473289453125e+59 1.554743142925327e+59 1.5547614051657438e+59 1.55478602340883e+59 1.5548065534823572e+59 1.5548188845087987e+59 1.5548245820544363e+59 1.5548454516630773e+59 1.5548662381304982e+59 1.5548983771309855e+59 1.5549222309312153e+59 1.5549423871459487e+59 1.5549602683841722e+59 1.554977821934338e+59 1.5549912229952748e+59 1.555005368422667e+59 1.5550156968137702e+59 1.5550288931123282e+59 
