# time_axis
5.999999999999999 7.0 7.30102999566398 7.477121254719661 7.602059991327962 7.698970004336018 7.778151250383643 7.845098040014256 7.903089986991943 7.954242509439324 8.0 8.301029995663981 8.47712125471966 8.60205999132796 8.698970004336019 8.778151250383644 8.845098040014257 8.903089986991942 8.954242509439323 8.999999999999998 9.004321373782641 9.008600171761916 9.012837224705171 9.017033339298779 9.021189299069936 9.02530586526477 9.02938377768521 9.033423755486949 9.041392685158224 9.079181246047623 9.146128035678236 9.204119982655923 9.255272505103305 9.301029995663981 9.361727836017593 9.414973347970816 9.462397997898954 9.477121254719663 9.505149978319904 9.544068044350274 9.57978359661681 9.60205999132796 9.612783856719734 9.653212513775342 9.698970004336017 9.778151250383642 9.845098040014257 9.903089986991944 9.954242509439325 10.0 10.041392685158225 10.079181246047623 10.113943352306835 10.146128035678236 
# total_gas_mass_list
10.399999999999999 10.395630352818198 10.391519396779666 10.387599086639938 10.383914463183968 10.38015193781022 10.381459655303415 10.382096664292535 10.38239267996438 10.38258137089405 10.382716634897735 10.383244945668576 10.383421196326594 10.383518080824851 10.383582057010537 10.383628521001093 10.383663741093686 10.383691991533329 10.3837151519353 10.383734672928457 10.38373645732605 10.383738211066275 10.383739925207006 10.383741609541728 10.383743281143587 10.383744959992004 10.383746617198923 10.383748236071579 10.383751402572123 10.38376594414381 10.383790057630545 10.383809258557315 10.383825163082822 10.383838451308074 10.38385462191419 10.383867913843392 10.383878932304052 10.383882249962824 10.383888213074636 10.383896255574385 10.383903055188528 10.383907174913384 10.3839090766581 10.383916124913279 10.383923164990689 10.383934307279267 10.383942768713343 10.383949969044638 10.383956326215952 10.383962530226025 10.383967273744034 10.383972272624892 10.383975757169788 10.38398047697379 
# ejected_gas_mass_list
-10.0 -10.0 7.220931719196178 7.667091682064464 7.961007189156928 8.126462182165517 8.314221339651523 8.38291299535254 8.411506742802626 8.428806996380347 8.440802342081726 8.48474741031867 8.498482477183089 8.505853886697132 8.51065466802117 8.514108799916304 8.516709121227255 8.518783825450095 8.520477456271095 8.521899909333998 8.52202970565559 8.52215723470603 8.522281848465846 8.52240426106323 8.522525714637798 8.52264766101896 8.522768002317475 8.52288552815308 8.523115317006777 8.52416904310208 8.525910841073154 8.52729287850669 8.528434373935212 8.52938582969582 8.530540902453652 8.531488087223847 8.532271723233192 8.532507403238016 8.532930694319548 8.533500947135341 8.53398249801347 8.534274002382695 8.534408501393406 8.534906624437209 8.53540360790219 8.536189036584794 8.536784555668147 8.537290684646239 8.537737063044746 8.53817225138108 8.538504701864253 8.538854778242607 8.539098639812236 8.539428734384614 
# stellar_mass_list
-10.0 8.547842856620997 8.623759617172569 8.667633554285695 8.70059045657036 8.727677933067136 8.323436095132912 8.231882077123053 8.181048470855838 8.145114436275353 8.117241604118085 7.982115737641755 7.922558559640404 7.885089977324514 7.858139489006453 7.837286277637544 7.82039182416702 7.806247218806909 7.794134662271257 7.783553906577356 7.782565098075575 7.781594292238136 7.780641935975166 7.779702114646163 7.778768545206686 7.777832739546853 7.776898852926632 7.77598197749693 7.774201128711526 7.765848867445872 7.751378612436783 7.7392514408366475 7.728747388793163 7.719629006047953 7.70790253377066 7.697797577953801 7.689013167592703 7.686221445180067 7.681243601278355 7.674190274747163 7.667982550816975 7.664079590390412 7.66232226648782 7.65525594506511 7.647775424806162 7.634746187059435 7.6240909871636 7.614789123055374 7.606239848325818 7.598146047817761 7.591212479440192 7.584287308987475 7.578031761272713 7.572323595318397 
# remnant_mass_list
-10.0 -10.0 7.533026163353074 7.867982397144036 8.062907228327816 8.200311090863975 8.305927896086917 8.327330026386162 8.337657748322155 8.344252379971174 8.34894444570135 8.36801245816202 8.374739817613518 8.378520987470399 8.38104078935658 8.382881124335258 8.384304468123176 8.38545097145091 8.38640051733565 8.38720641878762 8.387280654534344 8.38735323662595 8.387424126201598 8.387493877719896 8.387563083218526 8.387632543916773 8.387701847897572 8.387769620375773 8.387900375221395 8.38850562316471 8.389523080679139 8.39034463767471 8.391035831221627 8.391617905725782 8.392342485116462 8.39294854844355 8.39346015073796 8.393622073395937 8.393901282613975 8.394294863713219 8.394630274545596 8.394839560066535 8.394930350437397 8.395302777401076 8.395678805185941 8.396320577088728 8.396822668693197 8.39725250012868 8.397647672203108 8.398024984477475 8.398333570552179 8.3986506047924 8.398929879305753 8.399179034003854 
# BH_mass_list
-10.0 -10.0 7.371509287799409 7.672539283463391 7.848630542519072 7.973569279127371 8.070152262208152 8.070152262208152 8.070152262208152 8.070152262208152 8.070152262208152 8.070152262208152 8.070152262208152 8.070152262208152 8.070152262208152 8.070152262208152 8.070152262208152 8.070152262208152 8.070152262208152 8.070152262208152 8.070152262208152 8.070152262208152 8.070152262208152 8.070152262208152 8.070152262208152 8.070152262208152 8.070152262208152 8.070152262208152 8.070152262208152 8.070152262208152 8.070152262208152 8.070152262208152 8.070152262208152 8.070152262208152 8.070152262208152 8.070152262208152 8.070152262208152 8.070152262208152 8.070152262208152 8.070152262208152 8.070152262208152 8.070152262208152 8.070152262208152 8.070152262208152 8.070152262208152 8.070152262208152 8.070152262208152 8.070152262208152 8.070152262208152 8.070152262208152 8.070152262208152 8.070152262208152 8.070152262208152 8.070152262208152 
# NS_mass_list
-10.0 -10.0 7.025201321894077 7.427155493880479 7.653355677792161 7.809113193606895 7.923340672379345 7.966749266645168 7.9818333323631645 7.986997229626604 7.986997229626604 7.986997229626604 7.986997229626604 7.986997229626604 7.986997229626604 7.986997229626604 7.986997229626604 7.986997229626604 7.986997229626604 7.986997229626604 7.986997229626604 7.986997229626604 7.986997229626604 7.986997229626604 7.986997229626604 7.986997229626604 7.986997229626604 7.986997229626604 7.986997229626604 7.986997229626604 7.986997229626604 7.986997229626604 7.986997229626604 7.986997229626604 7.986997229626604 7.986997229626604 7.986997229626604 7.986997229626604 7.986997229626604 7.986997229626604 7.986997229626604 7.986997229626604 7.986997229626604 7.986997229626604 7.986997229626604 7.986997229626604 7.986997229626604 7.986997229626604 7.986997229626604 7.986997229626604 7.986997229626604 7.986997229626604 7.986997229626604 7.986997229626604 
# WD_mass_list
-10.0 -10.0 -10.0 -10.0 -10.0 4.866745826495221 5.963186530698599 6.366500078865516 6.619638109911273 6.802602141390538 6.941875050112984 7.273491301359721 7.350519641193874 7.388925195735504 7.41292284083044 7.42973039205865 7.442344315245857 7.452273979372489 7.460348638959038 7.467099466962817 7.467716699055646 7.468319436708411 7.468907410004199 7.469485261577471 7.4700579223827 7.4706320282057 7.471204174704386 7.471763037842271 7.472839481791107 7.4777919113496125 7.486007235167584 7.492542940089563 7.497975790634842 7.502505422454266 7.508087128465243 7.512708423890514 7.516576481822568 7.517794526146919 7.519887914468688 7.5228240460543025 7.525312735347648 7.526859370307408 7.527528839502557 7.53026574425067 7.533014082001949 7.537670330433909 7.541283401370374 7.544356065828667 7.547164571289193 7.549831666221927 7.552002557365308 7.554223231830902 7.556171388497368 7.557903141664272 
