# time_axis
1000000 10000000 20000000 30000000 40000000 50000000 60000000 70000000 80000000 90000000 100000000 110000000 120000000 130000000 140000000 150000000 200000000 300000000 400000000 500000000 600000000 700000000 800000000 900000000 1000000000 1010000000 1020000000 1030000000 1040000000 1050000000 1060000000 1070000000 1080000000 1100000000 1200000000 1400000000 1600000000 1800000000 2000000000 2300000000 2600000000 2900000000 3000000000 3200000000 3500000000 3800000000 4000000000 4100000000 4500000000 5000000000 6000000000 7000000000 8000000000 9000000000 10000000000 11000000000 12000000000 13000000000 14000000000 
# SNIa_energy_release_list
0 0.0 0.0 0.0 0.0 0.0 2.7955703329372238e+54 6.963605459951902e+55 1.881520203796975e+56 3.2767625381785984e+56 4.711160713630432e+56 6.106657638375125e+56 7.427139670034838e+56 8.65687696750097e+56 9.793129369223626e+56 1.0840270280706387e+57 1.5014746554204016e+57 2.0363435165566483e+57 2.391996697712266e+57 2.6593163961903437e+57 2.8736564756353025e+57 3.052610414222121e+57 3.206235103497189e+57 3.3408237091994356e+57 3.46058409283631e+57 3.4718618601097714e+57 3.4830282800355155e+57 3.494081839178377e+57 3.5050236183191355e+57 3.515857642284273e+57 3.526583953609294e+57 3.537203977030089e+57 3.5477215206270096e+57 3.568457566329224e+57 3.666600778871229e+57 3.8397586400829526e+57 3.9891105285535604e+57 4.12041659285826e+57 4.2375838557598494e+57 4.3926297334071136e+57 4.528318293580297e+57 4.6489513940742785e+57 4.686382857484408e+57 4.757541257191265e+57 4.8562695816946635e+57 4.9467934403579674e+57 5.0032156889220984e+57 5.03036395832698e+57 5.1326606004245574e+57 5.248338444447807e+57 5.448306784793986e+57 5.6171612135111244e+57 5.763317159685264e+57 5.892173652176117e+57 6.007325244606632e+57 6.111514305693287e+57 6.206580592889711e+57 6.294004246590112e+57 6.374928443503101e+57 
# SNII_energy_release_list
0 0.0 7.4184475831855936e+53 4.0692279260642426e+55 9.964820785467452e+55 1.5876236084081027e+56 2.1289212802574467e+56 2.541576838691145e+56 2.8317960673573337e+56 3.0295644988642095e+56 3.162816134324994e+56 3.251912635251062e+56 3.311034841729191e+56 3.350069146376689e+56 3.3757169746487235e+56 3.3925029838489246e+56 3.414185198907258e+56 3.414185198907258e+56 3.414185198907258e+56 3.414185198907258e+56 3.414185198907258e+56 3.414185198907258e+56 3.414185198907258e+56 3.414185198907258e+56 3.414185198907258e+56 3.414185198907258e+56 3.414185198907258e+56 3.414185198907258e+56 3.414185198907258e+56 3.414185198907258e+56 3.414185198907258e+56 3.414185198907258e+56 3.414185198907258e+56 3.414185198907258e+56 3.414185198907258e+56 3.414185198907258e+56 3.414185198907258e+56 3.414185198907258e+56 3.414185198907258e+56 3.414185198907258e+56 3.414185198907258e+56 3.414185198907258e+56 3.414185198907258e+56 3.414185198907258e+56 3.414185198907258e+56 3.414185198907258e+56 3.414185198907258e+56 3.414185198907258e+56 3.414185198907258e+56 3.414185198907258e+56 3.414185198907258e+56 3.414185198907258e+56 3.414185198907258e+56 3.414185198907258e+56 3.414185198907258e+56 3.414185198907258e+56 3.414185198907258e+56 3.414185198907258e+56 3.414185198907258e+56 
# SN_energy_per_current_crossing_time_list
0.0 0.0 1.0611921061214778e+54 4.600005826252082e+55 6.336744122341791e+55 6.123120583873053e+55 5.49997773594166e+55 4.3898211571900057e+55 3.341320779951581e+55 2.4966159923279297e+55 1.872219968321232e+55 1.421966444180441e+55 1.0984467287945421e+55 8.663617806429684e+54 6.991161709632862e+54 5.780403430345982e+54 3.8226734306897296e+54 2.265957987916423e+54 1.56359772407215e+54 1.2105676164071574e+54 9.951521402768466e+53 8.489813286487542e+53 7.42822406219295e+53 6.620018947156864e+53 5.982516443088756e+53 5.642000663411787e+53 5.594438206978582e+53 5.545809703293242e+53 5.4975387493089325e+53 5.4510989601835385e+53 5.40449123367052e+53 5.3585485588389255e+53 5.314516459004852e+53 5.253187097362961e+53 5.038165847756467e+53 4.550673201238767e+53 4.006787662435968e+53 3.5885567018364224e+53 3.2559360964777295e+53 2.9364361051489816e+53 2.620234780452799e+53 2.370700414522844e+53 2.2190331022529685e+53 2.131307813206092e+53 1.9999730885829554e+53 1.8575953239691372e+53 1.7509033944504648e+53 1.6910844161426554e+53 1.6165016444179346e+53 1.4854864579963347e+53 1.3194501082614546e+53 1.1387219718596643e+53 1.0035234711924678e+53 8.986078286503551e+52 8.141940714324785e+52 7.451535580273042e+52 6.873900167752849e+52 6.382264223930484e+52 5.958993444261875e+52 
# SN_energy_per_final_crossing_time_list
0.0 0.0 1.4567206414939922e+54 7.844851894363378e+55 1.1576858521725012e+56 1.1607928194372918e+56 1.0649756836518618e+56 8.595286683191134e+55 6.571591706038959e+55 4.910883158383988e+55 3.672834625703214e+55 2.7771383938735006e+55 2.1333107834459583e+55 1.6720340050496626e+55 1.3403317475930324e+55 1.1006981843065831e+55 6.999419841717325e+54 3.93859952725601e+54 2.6189138178485087e+54 1.9684549140051432e+54 1.5783303103129834e+54 1.3177583313063829e+54 1.131242015600367e+54 9.910665161303596e+53 8.818763339001552e+53 8.304579323874901e+53 8.222586775242783e+53 8.13947978240668e+53 8.057168641220401e+53 7.97782125075085e+53 7.898505182032737e+53 7.820238242273809e+53 7.744775448458195e+53 7.6346732567675545e+53 7.226945492773188e+53 6.3753895568004404e+53 5.498892532980069e+53 4.8344747691771005e+53 4.313907200484076e+53 3.8056906080196703e+53 3.3305540714961284e+53 2.961009118931111e+53 2.756330659789354e+53 2.619936023667045e+53 2.4233437419270737e+53 2.221960389688007e+53 2.0773750134688708e+53 1.9991098531468007e+53 1.883197618522295e+53 1.7036276922761285e+53 1.4725015194949067e+53 1.2433888405984296e+53 1.0762446317855486e+53 9.488571073855452e+52 8.479387013596793e+52 7.672142025044969e+52 7.00037076404884e+52 6.437592205385294e+52 5.958993444261875e+52 
# total_energy_release_list
0 0 7.4184475831855936e+53 4.0692279260642426e+55 9.964820785467452e+55 1.5876236084081027e+56 2.156876983586819e+56 3.237937384686335e+56 4.7133162711543085e+56 6.306327037042808e+56 7.873976847955426e+56 9.358570273626187e+56 1.0738174511764029e+57 1.2006946113877658e+57 1.316884634387235e+57 1.4232773264555313e+57 1.8428931753111276e+57 2.3777620364473742e+57 2.733415217602992e+57 3.0007349160810696e+57 3.215074995526028e+57 3.394028934112847e+57 3.5476536233879144e+57 3.682242229090161e+57 3.8020026127270354e+57 3.813280380000497e+57 3.824446799926241e+57 3.835500359069103e+57 3.846442138209861e+57 3.857276162174999e+57 3.86800247350002e+57 3.878622496920815e+57 3.889140040517735e+57 3.90987608621995e+57 4.008019298761955e+57 4.181177159973678e+57 4.330529048444286e+57 4.461835112748985e+57 4.579002375650575e+57 4.734048253297839e+57 4.869736813471022e+57 4.990369913965004e+57 5.0278013773751335e+57 5.0989597770819905e+57 5.197688101585389e+57 5.288211960248693e+57 5.344634208812824e+57 5.3717824782177054e+57 5.474079120315283e+57 5.589756964338533e+57 5.7897253046847114e+57 5.95857973340185e+57 6.10473567957599e+57 6.233592172066843e+57 6.348743764497358e+57 6.452932825584013e+57 6.547999112780436e+57 6.635422766480838e+57 6.716346963393827e+57 
# binding_energy_list
7.362070974947316e+54 7.362070974947316e+54 7.362070974947316e+54 7.345138681571143e+54 7.311390834834127e+54 7.277798045368272e+54 7.244359600749891e+54 7.211074791828947e+54 7.177942912713644e+54 7.144963260755121e+54 7.112135136533237e+54 7.095777679633873e+54 7.063175542629565e+54 7.046930689671452e+54 7.030723198838356e+54 6.998419960022717e+54 6.91830970918942e+54 6.792036326171858e+54 6.698846094165272e+54 6.63743070401913e+54 6.561452663029057e+54 6.501296903430943e+54 6.45654229034659e+54 6.412095765851648e+54 6.367955209079188e+54 6.367955209079188e+54 6.367955209079188e+54 6.353309318517396e+54 6.353309318517396e+54 6.353309318517396e+54 6.353309318517396e+54 6.338697112569264e+54 6.338697112569264e+54 6.338697112569264e+54 6.295061828571968e+54 6.237348354824216e+54 6.180164001384114e+54 6.1235039172477214e+54 6.081350012787164e+54 6.025595860743593e+54 5.970352865838415e+54 5.929253245800042e+54 5.915616341754719e+54 5.888436553555932e+54 5.8479008414448476e+54 5.8210321777087214e+54 5.7942869642687856e+54 5.780960474057187e+54 5.754399373371543e+54 5.7147863667186424e+54 5.6493697481230574e+54 5.59757601495107e+54 5.559042572704003e+54 5.5207743928075396e+54 5.4827696492085025e+54 5.457578610912733e+54 5.432503314924325e+54 5.407543229455771e+54 5.382697825162903e+54 
# total_gas_kinetic_energy_list
9.37944612146824e+57 2.423244796207689e+59 2.534420557326324e+59 1.8954239420856664e+59 1.3411214702381323e+59 9.403754837738483e+58 6.58482552315706e+58 4.6101805645182825e+58 3.2277816390860577e+58 2.260068506674507e+58 1.5826403053496345e+58 1.1084092279867188e+58 7.764158442468962e+57 5.439890908021579e+57 3.812614815097993e+57 2.6732484259346322e+57 2.6919725468191037e+57 2.7192073912329235e+57 2.739461887188935e+57 2.7556138122216724e+57 2.7690757462093543e+57 2.780659715695755e+57 2.7909092653410452e+57 2.8002189638119392e+57 2.808664830179037e+57 2.8094666914537665e+57 2.8102656454716792e+57 2.8110491010725213e+57 2.811829684731314e+57 2.812610447349045e+57 2.8133842526153044e+57 2.8141763953726002e+57 2.8149987895124033e+57 2.8164771699600134e+57 2.8236923790781675e+57 2.8367051071706526e+57 2.8480949500672865e+57 2.8583813328365188e+57 2.8676129139545237e+57 2.8797373372931574e+57 2.8903201993220475e+57 2.89978620324464e+57 2.902732816514261e+57 2.9083783868133758e+57 2.91599937779634e+57 2.9227668039368776e+57 2.9269652990654474e+57 2.9288235519247953e+57 2.9362161850525795e+57 2.9439515071047017e+57 2.956951254649656e+57 2.966996029138082e+57 2.975295466724713e+57 2.9824902947783196e+57 2.988880271521236e+57 2.99421489820237e+57 2.999254668400624e+57 3.0036863090944118e+57 3.0077408467287553e+57 
