# time_axis
5.999999999999999 7.0 7.30102999566398 7.477121254719661 7.602059991327962 7.698970004336018 7.778151250383643 7.845098040014256 7.903089986991943 7.954242509439324 8.0 8.041392685158224 8.079181246047623 8.113943352306837 8.146128035678238 8.176091259055681 8.301029995663981 8.47712125471966 8.60205999132796 8.698970004336019 8.778151250383644 8.845098040014257 8.903089986991942 8.954242509439323 8.999999999999998 9.004321373782641 9.008600171761916 9.012837224705171 9.017033339298779 9.021189299069936 9.02530586526477 9.02938377768521 9.033423755486949 9.041392685158224 9.079181246047623 9.146128035678236 9.204119982655923 9.255272505103305 9.301029995663981 9.361727836017593 9.414973347970816 9.462397997898954 9.477121254719663 9.505149978319904 9.544068044350274 9.57978359661681 9.60205999132796 9.612783856719734 9.653212513775342 9.698970004336017 9.778151250383642 9.845098040014257 9.903089986991944 9.954242509439325 10.0 10.041392685158225 10.079181246047623 10.113943352306835 10.146128035678236 
# total_gas_mass_list
9.213348502937857 10.627498285574003 10.647005247902229 10.520836753009133 10.370601775684793 10.216439675788209 10.061688072473402 9.906869591313441 9.75206702193179 9.597298959519371 9.442577203503392 9.287916189431034 9.133335062587777 8.978859543882502 8.824525629142052 8.670380660009904 8.673522299068049 8.677922968510012 8.681125995105164 8.68371237259487 8.685897328937747 8.687786584352288 8.689446581225756 8.690934851854237 8.692273870497326 8.692400816529114 8.692527000911518 8.692650373260875 8.692773179650427 8.692895800683756 8.693017430382515 8.693141264763732 8.693267811868408 8.693500560918542 8.694625548830713 8.696633572401868 8.698368416089886 8.699912178875596 8.70128685411288 8.703077765670141 8.70462862011207 8.706013013954996 8.70644360266331 8.707259704510026 8.708358489762372 8.709332484762063 8.709935125847114 8.710202108830298 8.711258592770687 8.712367158662344 8.714215297213975 8.715640295543194 8.716819205425079 8.717839941633619 8.718744080709444 8.719493296846512 8.72021600090241 8.720849190145138 8.721424446178455 
# ejected_gas_mass_list
-10.0 -10.0 4.114974695475941 5.817286314492269 6.264895108354412 6.5006813277216775 6.649125379655714 6.7593348989030355 6.845934619360139 6.915440425606511 6.972200230925385 7.019374641394211 7.059187204449737 7.093242103094328 7.122789879774569 7.148689234320665 7.242581123624618 7.347993235287307 7.4117907275617885 7.457526143971836 7.492918195224054 7.52148445374017 7.54521567151577 7.565514374383455 7.583056261683683 7.584685877198093 7.586300147490012 7.587873114648116 7.589433669777675 7.59098673262523 7.592522203396859 7.594080388537709 7.595667409314665 7.598572444336126 7.612367479526993 7.636034523324554 7.65557434381633 7.672314132493988 7.686743621599268 7.704915323502867 7.720116815736536 7.733295075167615 7.737322067804631 7.744864257614117 7.754838073007723 7.763512084800071 7.76880301873764 7.771128890317733 7.780226094145368 7.789594288547318 7.804827550123117 7.816261214033487 7.825525435592335 7.833409852599806 7.840291180760283 7.845922575165521 7.851295409246114 7.855955972292353 7.860153000189579 
# stellar_mass_list
-10.0 6.69046975765752 8.117274997478678 8.281616138285429 8.321786196067112 8.34260174567797 8.354346252734729 8.360470346936683 8.362667452559926 8.36213762987548 8.35970722429138 8.355993333608838 8.351378347325607 8.346177639601487 8.340649579830183 8.334932889456333 8.299603800219165 8.254529088455481 8.222755266674076 8.197524633547456 8.176312310453918 8.157898753987176 8.141541357144103 8.126789806888768 8.113317771125654 8.112019819054339 8.110744789345732 8.109487863115046 8.108238413298675 8.107001773801304 8.10576816378161 8.104533333056118 8.10329531058935 8.10088418804287 8.089349474266713 8.06833514918639 8.049596290444594 8.032388628064481 8.016621492997658 7.995111707657067 7.9754241480895365 7.9571804265771195 7.95123005218822 7.940115911737423 7.923840676042025 7.908860273580366 7.898954692717108 7.894430834408519 7.875628871523624 7.8544175650649475 7.813905726187292 7.778110220162689 7.747818427124781 7.720826013958921 7.69606722893229 7.67519693791761 7.654934601536021 7.636822691612135 7.620680122201308 
# remnant_mass_list
-10.0 -10.0 5.32635821182576 7.120045829910244 7.452602657510848 7.605101650736295 7.693350951290077 7.749625378121411 7.7879017683468055 7.815227366460619 7.835566334879878 7.8512639784836535 7.863777069283861 7.87403578031029 7.882654540341921 7.890049777081401 7.915896172554073 7.945569877396506 7.964380356209206 7.9782061789878185 7.989112384361344 7.998086030707183 8.005688181872696 8.012265001056734 8.018046187061534 8.018590574976106 8.019124243269532 8.01964866878336 8.020166564188397 8.020680579119324 8.021192062083236 8.021702929195106 8.022208117449964 8.023194897528498 8.02782435366417 8.035897423677856 8.04272551092891 8.048706728428678 8.053952125571723 8.060762666863193 8.06668659756202 8.071909655595313 8.073566266767687 8.07657841678314 8.080859522483342 8.084625094137603 8.08705288866202 8.088129546968297 8.092520712513469 8.097204608190268 8.105526392314331 8.112178658334816 8.117318719469079 8.121568522024965 8.125216529491318 8.128076705912097 8.130737747273686 8.132982583547196 8.134876053961296 
# BH_mass_list
-10.0 -10.0 5.1028000336258925 6.9745688178364 7.265484526551613 7.379912434500452 7.437230383015379 7.468717472147764 7.4867917419251535 7.497258245491086 7.503352996639268 7.506909264165196 7.50898001272453 7.510178088884486 7.510862456504819 7.5112512218360425 7.511469008761631 7.511469008761631 7.511469008761631 7.511469008761631 7.511469008761631 7.511469008761631 7.511469008761631 7.511469008761631 7.511469008761631 7.511469008761631 7.511469008761631 7.511469008761631 7.511469008761631 7.511469008761631 7.511469008761631 7.511469008761631 7.511469008761631 7.511469008761631 7.511469008761631 7.511469008761631 7.511469008761631 7.511469008761631 7.511469008761631 7.511469008761631 7.511469008761631 7.511469008761631 7.511469008761631 7.511469008761631 7.511469008761631 7.511469008761631 7.511469008761631 7.511469008761631 7.511469008761631 7.511469008761631 7.511469008761631 7.511469008761631 7.511469008761631 7.511469008761631 7.511469008761631 7.511469008761631 7.511469008761631 7.511469008761631 7.511469008761631 
# NS_mass_list
-10.0 -10.0 4.930969795939902 6.574345944105215 6.996729172780342 7.212063790821856 7.340757459957909 7.41724895856462 7.463774696593757 7.492835832932926 7.511356577713054 7.523292083152163 7.5310275078187585 7.5360479530034485 7.539303434237661 7.541408928356267 7.5439705209984425 7.5439705209984425 7.5439705209984425 7.5439705209984425 7.5439705209984425 7.5439705209984425 7.5439705209984425 7.5439705209984425 7.5439705209984425 7.5439705209984425 7.5439705209984425 7.5439705209984425 7.5439705209984425 7.5439705209984425 7.5439705209984425 7.5439705209984425 7.5439705209984425 7.5439705209984425 7.5439705209984425 7.5439705209984425 7.5439705209984425 7.5439705209984425 7.5439705209984425 7.5439705209984425 7.5439705209984425 7.5439705209984425 7.5439705209984425 7.5439705209984425 7.5439705209984425 7.5439705209984425 7.5439705209984425 7.5439705209984425 7.5439705209984425 7.5439705209984425 7.5439705209984425 7.5439705209984425 7.5439705209984425 7.5439705209984425 7.5439705209984425 7.5439705209984425 7.5439705209984425 7.5439705209984425 7.5439705209984425 
# WD_mass_list
-10.0 -10.0 -10.0 -10.0 -10.0 3.358668093161343 4.870649290758736 5.795174942109627 6.20268941407887 6.449954488303876 6.618250826648181 6.740832673909589 6.8343096339365 6.907996188809687 6.967596429452702 7.016804648495558 7.174145974040198 7.317215321549828 7.3920715607691 7.441608283129032 7.4780330205468175 7.506493037045465 7.529651276643493 7.5490428699192105 7.565631561260559 7.567172639033881 7.568679948150621 7.5701578690027125 7.571614211277451 7.5730565383556225 7.574488708772022 7.575916132295908 7.577324733870185 7.580067728901235 7.592790941648671 7.614430588528673 7.632223924175808 7.647452134608065 7.660546803520207 7.677205488143923 7.691396637930785 7.703689919180138 7.707547709051207 7.714512610820732 7.72430433133851 7.732815859470202 7.738254787634356 7.740654802196209 7.750368533130486 7.760600925945318 7.77846679338517 7.792473543735942 7.803137129394583 7.811853019467178 7.819264170375005 7.825030371199097 7.830360788686312 7.834832223419123 7.838586080056794 
