# time_axis
1000000 10000000 20000000 30000000 40000000 50000000 60000000 70000000 80000000 90000000 100000000 110000000 120000000 130000000 140000000 150000000 200000000 300000000 400000000 500000000 600000000 700000000 800000000 900000000 1000000000 1010000000 1020000000 1030000000 1040000000 1050000000 1060000000 1070000000 1080000000 1100000000 1200000000 1400000000 1600000000 1800000000 2000000000 2300000000 2600000000 2900000000 3000000000 3200000000 3500000000 3800000000 4000000000 4100000000 4500000000 5000000000 6000000000 7000000000 8000000000 9000000000 10000000000 11000000000 12000000000 13000000000 14000000000 
# SNIa_energy_release_list
0 0.0 0.0 0.0 0.0 0.0 1.4804019513401918e+55 4.234528937027483e+55 6.989231498858438e+55 9.497057846382152e+55 1.1732909200784593e+56 1.3726958553722815e+56 1.5515844407772236e+56 1.7133835309563953e+56 1.860963882450114e+56 1.996598576844928e+56 2.5470877186082964e+56 3.2934226197763493e+56 3.8091073592882015e+56 4.2036375622185405e+56 4.523298553768169e+56 4.79196922640545e+56 5.0237433141959164e+56 5.227535938470688e+56 5.409393713809084e+56 5.426549783824595e+56 5.4435372186780275e+56 5.460350143279329e+56 5.477000647867782e+56 5.493487028778645e+56 5.5098090971296635e+56 5.525976256109617e+56 5.5419912224715e+56 5.573578924065099e+56 5.723223053967021e+56 5.9878025641249494e+56 6.2165158289148755e+56 6.417944684892881e+56 6.597921690728255e+56 6.836380873543295e+56 7.045323807741137e+56 7.23125883807562e+56 7.289001115975672e+56 7.398762032066915e+56 7.551144012851779e+56 7.690935855621898e+56 7.778087891037125e+56 7.8200377738861335e+56 7.978176785960165e+56 8.157014653206714e+56 8.466365199284805e+56 8.727777987360524e+56 8.954117807914433e+56 9.153756997531546e+56 9.332226943032238e+56 9.493662428303097e+56 9.641028900856832e+56 9.776572822256289e+56 9.90204975104333e+56 
# SNII_energy_release_list
0 -5.543429261795418e+53 4.4103530747038396e+54 1.370116602888577e+55 2.173234148020294e+55 2.845206608317577e+55 3.2494413927292925e+55 3.4289386865977723e+55 3.507281515995048e+55 3.5412313862365823e+55 3.555755388084787e+55 3.5617890107257556e+55 3.5642672422025597e+55 3.565288123351808e+55 3.5657053784504054e+55 3.565900752527855e+55 3.5660160383516756e+55 3.5660160383516756e+55 3.5660160383516756e+55 3.5660160383516756e+55 3.5660160383516756e+55 3.5660160383516756e+55 3.5660160383516756e+55 3.5660160383516756e+55 3.5660160383516756e+55 3.5660160383516756e+55 3.5660160383516756e+55 3.5660160383516756e+55 3.5660160383516756e+55 3.5660160383516756e+55 3.5660160383516756e+55 3.5660160383516756e+55 3.5660160383516756e+55 3.5660160383516756e+55 3.5660160383516756e+55 3.5660160383516756e+55 3.5660160383516756e+55 3.5660160383516756e+55 3.5660160383516756e+55 3.5660160383516756e+55 3.5660160383516756e+55 3.5660160383516756e+55 3.5660160383516756e+55 3.5660160383516756e+55 3.5660160383516756e+55 3.5660160383516756e+55 3.5660160383516756e+55 3.5660160383516756e+55 3.5660160383516756e+55 3.5660160383516756e+55 3.5660160383516756e+55 3.5660160383516756e+55 3.5660160383516756e+55 3.5660160383516756e+55 3.5660160383516756e+55 3.5660160383516756e+55 3.5660160383516756e+55 3.5660160383516756e+55 3.5660160383516756e+55 
# SN_energy_per_current_crossing_time_list
0.0 -2.8243429438429956e+53 1.749250177347542e+54 3.231481011008405e+54 2.7786315184186116e+54 2.3338187907734103e+54 1.6116176355808323e+54 1.0032178098994913e+54 6.525577243477852e+53 4.653958209294596e+53 3.617888455672786e+53 3.004019568109455e+53 2.611637744564306e+53 2.337822372870577e+53 2.131236744850011e+53 1.967449076352815e+53 1.6484370859915797e+53 1.1772310119225764e+53 8.472737330433382e+52 6.707048920474829e+52 5.59572283978807e+52 4.825202405363339e+52 4.2594309824810855e+52 3.8236132154048406e+52 3.477572116914397e+52 3.286685549668343e+52 3.260076526904133e+52 3.232298292052733e+52 3.206560960530733e+52 3.180679895225673e+52 3.154532234394485e+52 3.130085240197593e+52 3.105926198920608e+52 3.073386814364749e+52 2.959206118631666e+52 2.694420710633513e+52 2.3908261085054615e+52 2.1556738143610623e+52 1.9675855205902103e+52 1.7881539905013842e+52 1.60715457501045e+52 1.46344740587886e+52 1.3734893811152325e+52 1.3231199720570732e+52 1.2484141216612685e+52 1.1650617710277844e+52 1.1013445334042933e+52 1.065440014583774e+52 1.0240282247291661e+52 9.463194319046173e+51 8.49425704724256e+51 7.39337429085747e+51 6.555689241481222e+51 5.899058506209244e+51 5.367423925435969e+51 4.9263127947812564e+51 4.558974128529169e+51 4.239842798096712e+51 3.9652614370420226e+51 
# SN_energy_per_final_crossing_time_list
0.0 -5.1905416352612375e+53 4.1837848151035115e+54 7.829434501278019e+54 6.767928971819063e+54 5.6627599656842696e+54 3.8743449197617014e+54 2.3829824666768364e+54 1.530728453325561e+54 1.078609181074172e+54 8.289577725715335e+53 6.809956366962146e+53 5.861993209128697e+53 5.199127262278732e+53 4.698925535403932e+53 4.3027265640096e+53 3.48120155995932e+53 2.3585315892955066e+53 1.6296420633053874e+53 1.2467753351559456e+53 1.0101772612474431e+53 8.490401126097366e+52 7.324413031983767e+52 6.44015630603941e+52 5.746981780208092e+52 5.421578572356759e+52 5.368287301078396e+52 5.313139412152757e+52 5.261812222383776e+52 5.209946648692744e+52 5.158021385341701e+52 5.10906767239674e+52 5.060972494638406e+52 4.991096619302176e+52 4.728981680663067e+52 4.1805570904642636e+52 3.613843189255365e+52 3.182728819704566e+52 2.843773304351771e+52 2.5118907278160683e+52 2.2009713061095698e+52 1.9586097425975734e+52 1.824743640582982e+52 1.7343057886349537e+52 1.6051673083046664e+52 1.4725448168248592e+52 1.3770683126068305e+52 1.3256799824286806e+52 1.2493582133598905e+52 1.1303096199925797e+52 9.775946883216958e+51 8.261040955708586e+51 7.152681937510934e+51 6.308901465500308e+51 5.6399212142491815e+51 5.101606410857562e+51 4.657004250733628e+51 4.283393686363361e+51 3.9652614370420226e+51 
# total_energy_release_list
0 -5.543429261795418e+53 4.4103530747038396e+54 1.370116602888577e+55 2.173234148020294e+55 2.845206608317577e+55 4.729843344069484e+55 7.663467623625256e+55 1.0496513014853485e+56 1.3038289232618735e+56 1.528866458886938e+56 1.728874756444857e+56 1.9080111649974795e+56 2.069912343291576e+56 2.217534420295155e+56 2.3531886520977134e+56 2.903689322443464e+56 3.650024223611517e+56 4.165708963123369e+56 4.560239166053708e+56 4.8799001576033365e+56 5.148570830240617e+56 5.380344918031084e+56 5.584137542305855e+56 5.765995317644251e+56 5.783151387659762e+56 5.800138822513195e+56 5.816951747114496e+56 5.833602251702949e+56 5.8500886326138125e+56 5.866410700964831e+56 5.882577859944784e+56 5.8985928263066674e+56 5.930180527900266e+56 6.0798246578021886e+56 6.344404167960117e+56 6.573117432750043e+56 6.7745462887280485e+56 6.954523294563422e+56 7.192982477378462e+56 7.401925411576304e+56 7.587860441910787e+56 7.645602719810839e+56 7.755363635902082e+56 7.907745616686947e+56 8.047537459457065e+56 8.134689494872292e+56 8.1766393777213e+56 8.334778389795333e+56 8.513616257041882e+56 8.822966803119973e+56 9.084379591195692e+56 9.3107194117496e+56 9.510358601366714e+56 9.688828546867406e+56 9.850264032138265e+56 9.997630504692e+56 1.0133174426091457e+57 1.0258651354878498e+57 
# binding_energy_list
4.255984131337409e+53 4.255984131337409e+53 4.24619563946313e+53 4.226686142656007e+53 4.207266283844464e+53 4.197589839910052e+53 4.178303666466239e+53 4.1591061049402186e+53 4.149540426343649e+53 4.130475019901611e+53 4.111497211045196e+53 4.102041029866064e+53 4.092606597300126e+53 4.083193863326894e+53 4.064433291652144e+53 4.05508535448381e+53 4.008667176273042e+53 3.9355007545577645e+53 3.872576449216181e+53 3.8282474331682126e+53 3.7844258471709587e+53 3.741105882720537e+53 3.7068072178257826e+53 3.6728230049808274e+53 3.647539469256058e+53 3.647539469256058e+53 3.639150361272071e+53 3.639150361272071e+53 3.639150361272071e+53 3.6307805477010323e+53 3.6307805477010323e+53 3.6307805477010323e+53 3.6224299841669652e+53 3.6224299841669652e+53 3.5974933515574015e+53 3.548133892335731e+53 3.5075187395256937e+53 3.475361614432033e+53 3.443499307633377e+53 3.396252725904075e+53 3.3573761424295727e+53 3.3265955329400333e+53 3.31894457552611e+53 3.2960971217745828e+53 3.26587832172338e+53 3.243396173493513e+53 3.228494121712638e+53 3.2210687912834544e+53 3.1988951096914166e+53 3.169567463043474e+53 3.1188895840939355e+53 3.0831879502493343e+53 3.0478949896279957e+53 3.026913428101317e+53 2.9991625189876286e+53 2.9785164294291667e+53 2.9648313895243513e+53 2.951209226666378e+53 2.9376496519615546e+53 
# total_gas_kinetic_energy_list
4.1062051640494837e+58 4.2666784641753426e+58 2.0907181049361848e+58 1.0245486127932651e+58 5.02126227861327e+57 2.461301890070744e+57 1.2068995308608365e+57 5.9223734605759385e+56 2.9101872667243144e+56 1.4338009408486313e+56 7.099050201230405e+55 3.5474602119308466e+55 1.8029841056596083e+55 9.444800752662213e+54 5.203658115432353e+54 3.0951036119825234e+54 5.500201760874828e+54 9.277189042700625e+54 1.2269783574659735e+55 1.474635292793231e+55 1.6843492643752468e+55 1.8656900658079872e+55 2.0303220761177857e+55 2.1783307696143802e+55 2.3152122635919986e+55 2.328377434076867e+55 2.3409527863417377e+55 2.3538358258300854e+55 2.3660278260902835e+55 2.3789322596580342e+55 2.391570264173127e+55 2.4041944667007047e+55 2.416681082314775e+55 2.4411241373730384e+55 2.557071018021944e+55 2.768968998250319e+55 2.9563560704255566e+55 3.124562501930784e+55 3.2765381806818925e+55 3.477071555488405e+55 3.653727229416358e+55 3.812529747161454e+55 3.862850489401941e+55 3.95468422611478e+55 4.08408564035002e+55 4.196625862774582e+55 4.2667309492392207e+55 4.298015415577803e+55 4.4219339094988065e+55 4.552538675531051e+55 4.771121643695012e+55 4.938001283991677e+55 5.072887487494477e+55 5.184541681540582e+55 5.283587123178955e+55 5.366450999592246e+55 5.444198362646391e+55 5.503235954456819e+55 5.560013247513124e+55 
