# time_axis
5.999999999999999 7.0 7.30102999566398 7.477121254719661 7.602059991327962 7.698970004336018 7.778151250383643 7.845098040014256 7.903089986991943 7.954242509439324 8.0 8.041392685158224 8.079181246047623 8.113943352306837 8.146128035678238 8.176091259055681 8.301029995663981 8.47712125471966 8.60205999132796 8.698970004336019 8.778151250383644 8.845098040014257 8.903089986991942 8.954242509439323 8.999999999999998 9.004321373782641 9.008600171761916 9.012837224705171 9.017033339298779 9.021189299069936 9.02530586526477 9.02938377768521 9.033423755486949 9.041392685158224 9.079181246047623 9.146128035678236 9.204119982655923 9.255272505103305 9.301029995663981 9.361727836017593 9.414973347970816 9.462397997898954 9.477121254719663 9.505149978319904 9.544068044350274 9.57978359661681 9.60205999132796 9.612783856719734 9.653212513775342 9.698970004336017 9.778151250383642 9.845098040014257 9.903089986991944 9.954242509439325 10.0 10.041392685158225 10.079181246047623 10.113943352306835 10.146128035678236 
# total_gas_mass_list
9.856561334612493 9.873212940787859 9.563419297428897 9.25366301339072 8.943958260990426 8.634326831813462 8.324868395859227 8.015780450106243 7.7073566253834125 7.400168014405045 7.0952686699498 6.794602713041156 6.501652554867712 6.222346309523919 5.9656548384847214 5.742959191735598 5.995171114649625 6.219187248275116 6.33857471893993 6.4188189362434915 6.477672722692632 6.523215747708599 6.560423580482374 6.591171092840565 6.617635360857563 6.620135177992075 6.622465814287201 6.624857162242004 6.627086932482701 6.629454148344704 6.631756227267006 6.634030304940967 6.636238496215962 6.640595149652516 6.660435582196849 6.694439874223401 6.722177488252799 6.745419345640474 6.765326058269068 6.790152110092014 6.810838935769867 6.82853583617891 6.833993988942598 6.843774119661562 6.857165192537069 6.8684842597048545 6.875384225149751 6.878439426821559 6.890272961123024 6.9024253062876095 6.9219798815915805 6.936387795529983 6.947713257909847 6.95696840506785 6.965011646362547 6.971612218669483 6.9777416351742785 6.982485971820518 6.986939507959651 
# ejected_gas_mass_list
-10.0 -10.0 4.907323427616589 5.443226896578548 5.679566246163889 5.8124061661813595 5.912356501885195 5.994788472540119 6.060623086590959 6.114167446218888 6.158516995121015 6.195972181808724 6.228166626345522 6.256295130991516 6.281170713623775 6.303446647254013 6.388599299738594 6.493366861634569 6.560917070772531 6.610765178686042 6.649497817351412 6.680678364022389 6.706904214364977 6.729069037113762 6.748491917416776 6.750342789595133 6.752070887714521 6.7538464905029025 6.755504385182099 6.757266860401445 6.7589831896247015 6.760680912221888 6.762331600397202 6.765594529006305 6.780557125410878 6.806585444083992 6.828164476104407 6.846477824069375 6.862326178281122 6.882295206128921 6.899102753812568 6.913598607561806 6.918090887109462 6.92616516347971 6.9372715312898885 6.946704558201644 6.952474784689942 6.955034533306206 6.964976427558567 6.975230814217339 6.991824152542401 7.004121669784357 7.0138297647289 7.021789827688342 7.028726711870285 7.034432491318046 7.039741457833169 7.043857599435081 7.047726842087224 
# stellar_mass_list
-10.0 7.3762657718667874 7.593006563862951 7.590280991500211 7.589141215739902 7.582596453812837 7.573155792896715 7.562642834084504 7.552129252114582 7.542263454616333 7.533015768103362 7.524449000337562 7.516539305993243 7.50921750330785 7.502407330602661 7.496035069576039 7.469022792629803 7.4290662722795515 7.3983119673802555 7.372726238170338 7.3507416075096526 7.331363642164152 7.313955105671183 7.298081157251329 7.283486793878003 7.28209449553326 7.28073602434883 7.2793947811189605 7.278028269439366 7.276640224955007 7.275267103928326 7.273892683591013 7.272558669848053 7.269967107105107 7.257300928991571 7.23396748041835 7.212836860432483 7.193327280873511 7.1752992085793315 7.150395115614026 7.127231979248783 7.1056078514098715 7.098402242360576 7.085179141721334 7.065491079455189 7.047007752755091 7.034924259451186 7.029295690855049 7.005718788205333 6.9787555482251555 6.926053525500165 6.878762260898897 6.839208982999833 6.804334931773753 6.772437322754484 6.746015592697058 6.720323228552151 6.69776390177072 6.677561696805295 
# remnant_mass_list
-10.0 -10.0 6.135476558703706 6.51300798854375 6.644120413022094 6.713302027059796 6.755419869410525 6.783626536918495 6.804609874728425 6.821265176599874 6.835078672926404 6.846895512902139 6.857224123721927 6.866405486976929 6.874660152535248 6.882170032377455 6.912056385173686 6.951434841865167 6.97823746972722 6.998588562875118 7.014766294052154 7.028096331438197 7.039392590410812 7.049132068899479 7.05772643934215 7.058528483337685 7.059295021536179 7.060064965317143 7.060837900184208 7.061604052961908 7.062375927176775 7.063141873259303 7.063883414766961 7.065318210811303 7.072154985837463 7.084081831144062 7.094196446880924 7.102990258117667 7.110683326989734 7.12068150650019 7.129372487913921 7.136984358899534 7.139444220351857 7.143780987295745 7.149993700536015 7.155512816650691 7.158982522143303 7.1605552994601265 7.166921116114263 7.173701632567977 7.185687063943026 7.1950916592480745 7.202029072273168 7.207558580364875 7.212197025029364 7.21569139152145 7.218892753852914 7.221503544529534 7.223683204945651 
# BH_mass_list
-10.0 -10.0 5.899897511516105 6.213247498680559 6.270811593778882 6.288597047847765 6.294530996017567 6.296551417656472 6.297199583355605 6.2973867254332285 6.2974373820323475 6.29744867993738 6.297450303478799 6.297450348922568 6.297450348922568 6.297450348922568 6.297450348922568 6.297450348922568 6.297450348922568 6.297450348922568 6.297450348922568 6.297450348922568 6.297450348922568 6.297450348922568 6.297450348922568 6.297450348922568 6.297450348922568 6.297450348922568 6.297450348922568 6.297450348922568 6.297450348922568 6.297450348922568 6.297450348922568 6.297450348922568 6.297450348922568 6.297450348922568 6.297450348922568 6.297450348922568 6.297450348922568 6.297450348922568 6.297450348922568 6.297450348922568 6.297450348922568 6.297450348922568 6.297450348922568 6.297450348922568 6.297450348922568 6.297450348922568 6.297450348922568 6.297450348922568 6.297450348922568 6.297450348922568 6.297450348922568 6.297450348922568 6.297450348922568 6.297450348922568 6.297450348922568 6.297450348922568 6.297450348922568 
# NS_mass_list
-10.0 -10.0 5.757350876615237 6.210704765247163 6.405038863955167 6.506978197666739 6.555564771410781 6.5753610800575455 6.58367977855192 6.587204593584419 6.588684342789856 6.589288296889192 6.589529586154085 6.589623848682978 6.589658900267679 6.589673096454133 6.589679832192357 6.589679832192357 6.589679832192357 6.589679832192357 6.589679832192357 6.589679832192357 6.589679832192357 6.589679832192357 6.589679832192357 6.589679832192357 6.589679832192357 6.589679832192357 6.589679832192357 6.589679832192357 6.589679832192357 6.589679832192357 6.589679832192357 6.589679832192357 6.589679832192357 6.589679832192357 6.589679832192357 6.589679832192357 6.589679832192357 6.589679832192357 6.589679832192357 6.589679832192357 6.589679832192357 6.589679832192357 6.589679832192357 6.589679832192357 6.589679832192357 6.589679832192357 6.589679832192357 6.589679832192357 6.589679832192357 6.589679832192357 6.589679832192357 6.589679832192357 6.589679832192357 6.589679832192357 6.589679832192357 6.589679832192357 6.589679832192357 
# WD_mass_list
-10.0 -10.0 -10.0 -10.0 -10.0 4.029430850593684 5.113434604040905 5.525227867778365 5.74836000009038 5.890659653448273 5.990404727623396 6.064972646859614 6.12332271216244 6.170652882098969 6.210076645463421 6.243699494592118 6.360918290195518 6.487256672562805 6.5611109198988995 6.6124008658699776 6.6507625161714286 6.680984205896357 6.7057174911451165 6.726451412056926 6.7443257988713485 6.745974626444215 6.747547465653407 6.749124361153143 6.750704443594132 6.752267771467965 6.753839879974282 6.755397058671689 6.75690192682775 6.75980619230311 6.773512329903633 6.796921612124184 6.816305842649455 6.832832407116617 6.847055006504162 6.86522854416177 6.880755556030447 6.894158528456694 6.898452097346303 6.905978024275458 6.916664636923535 6.926067308291821 6.9319359353531365 6.9345855028802506 6.945243384209629 6.956481768172834 6.976072375827193 6.991210584682001 7.002251869459509 7.010978782032595 7.018250425383222 7.023699665405867 7.028670626565101 7.032709675733152 7.036071623284556 
