# time_axis
5.999999999999999 7.0 7.30102999566398 7.477121254719661 7.602059991327962 7.698970004336018 7.778151250383643 7.845098040014256 7.903089986991943 7.954242509439324 8.0 8.041392685158224 8.079181246047623 8.113943352306837 8.146128035678238 8.176091259055681 8.301029995663981 8.47712125471966 8.60205999132796 8.698970004336019 8.778151250383644 8.845098040014257 8.903089986991942 8.954242509439323 8.999999999999998 9.004321373782641 9.008600171761916 9.012837224705171 9.017033339298779 9.021189299069936 9.02530586526477 9.02938377768521 9.033423755486949 9.041392685158224 9.079181246047623 9.146128035678236 9.204119982655923 9.255272505103305 9.301029995663981 9.361727836017593 9.414973347970816 9.462397997898954 9.477121254719663 9.505149978319904 9.544068044350274 9.57978359661681 9.60205999132796 9.612783856719734 9.653212513775342 9.698970004336017 9.778151250383642 9.845098040014257 9.903089986991944 9.954242509439325 10.0 10.041392685158225 10.079181246047623 10.113943352306835 10.146128035678236 
# total_gas_mass_list
10.756561334612494 10.773213278584473 10.375289170417677 9.977423266640539 9.579647115417423 9.182023816162497 8.784793237440615 8.388552966535112 7.9944943648707625 7.605255888674841 7.226442668733809 6.869231401125535 6.552353908868167 6.298481767007975 6.119693237319303 6.005950163461666 6.488317894632986 6.785580595196779 6.9231260501469745 7.010340644212227 7.0725093469329465 7.120046363558214 7.158007421870652 7.189509036439399 7.2160230815534305 7.2184325895768175 7.220790257845156 7.223174822993982 7.225521004613319 7.227931595232386 7.230188226082523 7.232531951657938 7.234744801091726 7.238965762883757 7.259170679254868 7.292990057677232 7.320462537755202 7.343513257796273 7.36309248762949 7.387444597790461 7.407672597907671 7.424822392533575 7.430200225330545 7.439793220257494 7.452687253340065 7.463871929957885 7.470469083355405 7.473458018346658 7.484975817962044 7.496938426271309 7.515967209265282 7.5300218618039665 7.541159805361742 7.550326069176299 7.558254300830726 7.564601081205457 7.570536609949563 7.575457339430995 7.580070306021504 
# ejected_gas_mass_list
-10.0 -10.0 5.938907833216142 6.395942716480645 6.593455757904298 6.701572162875531 6.779917727638267 6.843862214367394 6.895347726292755 6.937416166247305 6.972373968976352 7.001998845570499 7.027494374046043 7.049794749386852 7.069553006386849 7.087204598408348 7.154980808059887 7.23838442010947 7.291983064849743 7.331445888229233 7.362237668904563 7.387281838338095 7.408209267492021 7.426196012061167 7.441766597047077 7.443201005285153 7.444607668494021 7.446033510790522 7.447439472162587 7.448887199524667 7.450245370540884 7.45165893309354 7.452996337974305 7.45555487776976 7.4679372448090895 7.489158193414859 7.5068456200585505 7.521991098702666 7.535070505292327 7.551609002371469 7.565570827184206 7.577564526544654 7.581354711311967 7.588149923445904 7.5973520008360795 7.605397152561545 7.61016964971819 7.612338483949219 7.620734167785038 7.629517583879745 7.643620548687449 7.654138794460667 7.662534636703899 7.669483752096746 7.67552276267724 7.680376020624514 7.684929849571918 7.688716057487537 7.692274416162492 
# stellar_mass_list
-10.0 8.233682589332156 8.391095827359809 8.292524461699923 8.245934585380517 8.215495934915637 8.192145127037772 8.172850741480934 8.15639603378327 8.142131422872659 8.129604767105523 8.118452963086131 8.10840827933914 8.09928349062662 8.090909886826374 8.083182418723325 8.051043895943417 8.005231068438253 7.971265074031469 7.943639948222676 7.9202085195543 7.899743699516829 7.881475249651867 7.86493965807557 7.849692340111427 7.848246569628147 7.846828918195043 7.845411104988866 7.844000391368247 7.842587543594251 7.841161599887391 7.839738002481367 7.838346295603619 7.8356633245790075 7.822553589257502 7.798496218208958 7.776798556084635 7.756841879057522 7.738463100084404 7.713160302849816 7.689711146921293 7.667899209727976 7.6606423507743076 7.647358019489336 7.627603632161094 7.609117192057509 7.597065274729884 7.591450217863907 7.567985961995384 7.541253171397733 7.4892525356772115 7.442809846576429 7.403988337581531 7.369754783618396 7.338433102390632 7.312485142584759 7.287250457397302 7.265094389949389 7.245242919290724 
# remnant_mass_list
-10.0 -10.0 7.262500898243881 7.609311345046077 7.706144106655596 7.750369680864307 7.7748257841011945 7.79028624892535 7.801380191438423 7.810021709060145 7.81711766669197 7.823146090005443 7.8283888131222845 7.8330265858686845 7.837183085222244 7.840950456076064 7.855804607840012 7.875095896274499 7.888074535110812 7.897876889471837 7.9056885107703705 7.912153338104045 7.917661013864564 7.922434064361493 7.92667028979996 7.927061271018292 7.927444777038267 7.927824375824734 7.928204840366085 7.928585116135509 7.928968369113305 7.929349076978896 7.929717330878186 7.9304259898844816 7.933822283745664 7.939780586621468 7.944864486663577 7.949311538262908 7.953216268186987 7.958317852278626 7.9627819740699834 7.966709771727338 7.967982152563167 7.97022753274518 7.973461727207659 7.976335703730603 7.978158610186473 7.978978196729496 7.982331167823811 7.985904758348265 7.992270386976083 7.997288780206626 8.001003933117882 8.00397245932994 8.006467205545636 8.008334592204315 8.010054494831236 8.011446377741537 8.012605478332858 
# BH_mass_list
-10.0 -10.0 7.1270650217454214 7.438403303230818 7.491285561736327 7.504702365684313 7.5082089699350965 7.509120505582225 7.509336300566536 7.5093798575310755 7.5093870792117805 7.509387653071485 7.509387723546496 7.509387725975776 7.509387725975776 7.509387725975776 7.509387725975776 7.509387725975776 7.509387725975776 7.509387725975776 7.509387725975776 7.509387725975776 7.509387725975776 7.509387725975776 7.509387725975776 7.509387725975776 7.509387725975776 7.509387725975776 7.509387725975776 7.509387725975776 7.509387725975776 7.509387725975776 7.509387725975776 7.509387725975776 7.509387725975776 7.509387725975776 7.509387725975776 7.509387725975776 7.509387725975776 7.509387725975776 7.509387725975776 7.509387725975776 7.509387725975776 7.509387725975776 7.509387725975776 7.509387725975776 7.509387725975776 7.509387725975776 7.509387725975776 7.509387725975776 7.509387725975776 7.509387725975776 7.509387725975776 7.509387725975776 7.509387725975776 7.509387725975776 7.509387725975776 7.509387725975776 7.509387725975776 
# NS_mass_list
-10.0 -10.0 6.690490782130963 7.12163429893638 7.297503195457981 7.384774395241312 7.424608378611065 7.439958684142898 7.44555787738493 7.447544897989161 7.4482273061432736 7.448448737158057 7.44851678818049 7.448536188520918 7.448542872046671 7.4485444906404865 7.4485452107111625 7.4485452107111625 7.4485452107111625 7.4485452107111625 7.4485452107111625 7.4485452107111625 7.4485452107111625 7.4485452107111625 7.4485452107111625 7.4485452107111625 7.4485452107111625 7.4485452107111625 7.4485452107111625 7.4485452107111625 7.4485452107111625 7.4485452107111625 7.4485452107111625 7.4485452107111625 7.4485452107111625 7.4485452107111625 7.4485452107111625 7.4485452107111625 7.4485452107111625 7.4485452107111625 7.4485452107111625 7.4485452107111625 7.4485452107111625 7.4485452107111625 7.4485452107111625 7.4485452107111625 7.4485452107111625 7.4485452107111625 7.4485452107111625 7.4485452107111625 7.4485452107111625 7.4485452107111625 7.4485452107111625 7.4485452107111625 7.4485452107111625 7.4485452107111625 7.4485452107111625 7.4485452107111625 7.4485452107111625 
# WD_mass_list
-10.0 -10.0 -10.0 -10.0 -10.0 4.788778528675681 5.8650241586666345 6.271048110455838 6.489901834906873 6.6263922490108405 6.720122390182466 6.789057815761586 6.842386174136105 6.8852668877883225 6.920781115069692 6.950917700204776 7.054758078354875 7.164430968286224 7.227320100832911 7.270494774838741 7.302693318341064 7.328047510484272 7.348816018827117 7.366245554667524 7.381302510596058 7.382673498130272 7.3840152761209925 7.385340475919317 7.3866658104024685 7.3879876135030695 7.389316873336272 7.390634446559192 7.391906220969264 7.394346178395661 7.4059070628371 7.425681121187459 7.442072646110058 7.456070825133277 7.468114247427397 7.483518320069715 7.496705719338133 7.508094672829727 7.511742576281995 7.518131887796091 7.527229411017136 7.535212221044288 7.540227436748367 7.5424703573870095 7.551570686585038 7.5611395438491265 7.577865970103481 7.5907784155418225 7.600189333831527 7.6076215645162 7.613809242796589 7.618406782038333 7.622615847427408 7.626004616625143 7.62881481327501 
