# time_axis
1000000 10000000 20000000 30000000 40000000 50000000 60000000 70000000 80000000 90000000 100000000 200000000 300000000 400000000 500000000 600000000 700000000 800000000 900000000 1000000000 1010000000 1020000000 1030000000 1040000000 1050000000 1060000000 1070000000 1080000000 1100000000 1200000000 1400000000 1600000000 1800000000 2000000000 2300000000 2600000000 2900000000 3000000000 3200000000 3500000000 3800000000 4000000000 4100000000 4500000000 5000000000 6000000000 7000000000 8000000000 9000000000 10000000000 11000000000 12000000000 13000000000 14000000000 
# SNIa_energy_release_list
0 0.0 0.0 0.0 0.0 0.0 7.096079919808598e+55 1.9990079305752947e+56 3.778616332038689e+56 5.982860086007894e+56 8.5616600315388e+56 2.295104069257868e+57 3.0340411452026343e+57 3.536042506781855e+57 3.916865197156155e+57 4.2238195273905405e+57 4.480971699236644e+57 4.702246152520288e+57 4.896448401987249e+57 5.0694928327693546e+57 5.0858024289065114e+57 5.1019478258619156e+57 5.117930207229249e+57 5.133756992161866e+57 5.149429520309244e+57 5.1649434732487435e+57 5.1803084911705546e+57 5.195526041290293e+57 5.2255309428898006e+57 5.3676141666031486e+57 5.6185678703484306e+57 5.835249285680705e+57 6.025904104882027e+57 6.19612851841172e+57 6.421534455502984e+57 6.618907666291582e+57 6.794458730472633e+57 6.848937862984734e+57 6.952539234676815e+57 7.096312425070577e+57 7.22816922512313e+57 7.310354518951722e+57 7.349911405494917e+57 7.49898672520535e+57 7.667568082403289e+57 7.959084019197505e+57 8.205305763168388e+57 8.418481853508673e+57 8.606445302628692e+57 8.77446569893586e+57 8.926465719690925e+57 9.065177528609623e+57 9.192756517235927e+57 9.310852870943219e+57 
# SNII_energy_release_list
0 -4.954818527482586e+55 1.7742621402675995e+56 4.906546358378707e+56 8.48972173745139e+56 1.2357152449326699e+57 1.671295502298255e+57 1.8307813578317145e+57 1.9042276770444884e+57 1.9338970983273553e+57 1.9338970983273553e+57 1.9338970983273553e+57 1.9338970983273553e+57 1.9338970983273553e+57 1.9338970983273553e+57 1.9338970983273553e+57 1.9338970983273553e+57 1.9338970983273553e+57 1.9338970983273553e+57 1.9338970983273553e+57 1.9338970983273553e+57 1.9338970983273553e+57 1.9338970983273553e+57 1.9338970983273553e+57 1.9338970983273553e+57 1.9338970983273553e+57 1.9338970983273553e+57 1.9338970983273553e+57 1.9338970983273553e+57 1.9338970983273553e+57 1.9338970983273553e+57 1.9338970983273553e+57 1.9338970983273553e+57 1.9338970983273553e+57 1.9338970983273553e+57 1.9338970983273553e+57 1.9338970983273553e+57 1.9338970983273553e+57 1.9338970983273553e+57 1.9338970983273553e+57 1.9338970983273553e+57 1.9338970983273553e+57 1.9338970983273553e+57 1.9338970983273553e+57 1.9338970983273553e+57 1.9338970983273553e+57 1.9338970983273553e+57 1.9338970983273553e+57 1.9338970983273553e+57 1.9338970983273553e+57 1.9338970983273553e+57 1.9338970983273553e+57 1.9338970983273553e+57 1.9338970983273553e+57 
# SN_energy_per_current_crossing_time_list
0.0 -4.256964057837263e+55 1.6354289937160678e+56 2.233561620330395e+56 2.641965155610089e+56 2.955139146664467e+56 6.1663073477551855e+56 2.759980341466885e+56 1.4658607327401423e+56 7.339346259623675e+55 1.9489097162323952e+55 1.2913624021785233e+55 7.039191047470188e+54 4.944983034448975e+54 3.8363715606112485e+54 3.1434558385811555e+54 2.6670198272230148e+54 2.3182802128649094e+54 2.0518386452166487e+54 1.841393362124424e+54 1.7366582006888112e+54 1.7202733783381073e+54 1.703970886440116e+54 1.6884307378118516e+54 1.673007260796616e+54 1.6571267000099907e+54 1.642194857320415e+54 1.6273920384458527e+54 1.60624230075314e+54 1.529387309544202e+54 1.3628000071861113e+54 1.1851395753831728e+54 1.0491544619295337e+54 9.414852489488078e+53 8.363668492670038e+53 7.3615144565015124e+53 6.576059315100247e+53 6.130318784582333e+53 5.842824986545717e+53 5.423194329475143e+53 4.987466388153301e+53 4.6709032131251e+53 4.4999205570154995e+53 4.252009660039109e+53 3.858376028469491e+53 3.352397779551054e+53 2.842327538182832e+53 2.468883857127499e+53 2.183205538058025e+53 1.9568643093411648e+53 1.7742549906831356e+53 1.6227300800124348e+53 1.4952804632971714e+53 1.3867341268847027e+53 
# SN_energy_per_final_crossing_time_list
0.0 -1.7238945253280679e+56 7.107261950317822e+56 9.808138939661702e+56 1.1220016932024538e+57 1.2110107231732153e+57 1.3722673729381382e+57 5.145395881426003e+56 2.508797327924311e+56 1.1878712595256893e+56 3.0281289630158445e+55 1.6896580293119414e+55 8.676891611512437e+54 5.894698676048238e+54 4.4717707571481425e+54 3.6043792358406895e+54 3.0195825807236186e+54 2.5982922092305042e+54 2.280399677039177e+54 2.0319561959351796e+54 1.9151373305868875e+54 1.8958564127773206e+54 1.876714477222581e+54 1.8584437280191587e+54 1.840330285759542e+54 1.8217097572217912e+54 1.804221217970961e+54 1.7869049649851836e+54 1.7616471514854617e+54 1.6683974483196095e+54 1.4733988574882223e+54 1.2721794698577152e+54 1.1193721734068403e+54 9.99421218607806e+53 8.822685757699902e+53 7.72544786640206e+53 6.8713002580411796e+53 6.397155363903573e+53 6.0826415552831495e+53 5.627472353190606e+53 5.161049113841789e+53 4.825261242300256e+53 4.644926181100882e+53 4.376253517341675e+53 3.9590980389175e+53 3.423095509665581e+53 2.89123317043116e+53 2.503198026278065e+53 2.207141214094848e+53 1.9729619946552206e+53 1.7848444041775303e+53 1.6288089614200564e+53 1.4980829792597456e+53 1.3867341268847027e+53 
# total_energy_release_list
0 -4.954818527482586e+55 1.7742621402675995e+56 4.906546358378707e+56 8.48972173745139e+56 1.2357152449326699e+57 1.742256301496341e+57 2.030682150889244e+57 2.2820893102483572e+57 2.5321831069281448e+57 2.7900631014812353e+57 4.229001167585223e+57 4.9679382435299896e+57 5.469939605109211e+57 5.8507622954835106e+57 6.157716625717896e+57 6.414868797563999e+57 6.636143250847643e+57 6.830345500314604e+57 7.00338993109671e+57 7.019699527233866e+57 7.035844924189271e+57 7.051827305556604e+57 7.067654090489222e+57 7.0833266186366e+57 7.098840571576098e+57 7.11420558949791e+57 7.129423139617649e+57 7.159428041217155e+57 7.301511264930505e+57 7.552464968675785e+57 7.76914638400806e+57 7.959801203209382e+57 8.130025616739076e+57 8.355431553830339e+57 8.552804764618938e+57 8.728355828799987e+57 8.78283496131209e+57 8.886436333004171e+57 9.030209523397931e+57 9.162066323450486e+57 9.244251617279078e+57 9.283808503822273e+57 9.432883823532706e+57 9.601465180730645e+57 9.892981117524861e+57 1.0139202861495744e+58 1.0352378951836029e+58 1.0540342400956048e+58 1.0708362797263215e+58 1.086036281801828e+58 1.0999074626936978e+58 1.1126653615563282e+58 1.1244749969270575e+58 
# binding_energy_list
7.161434102128968e+58 7.177942912713644e+58 6.918309709189419e+58 6.576578373554172e+58 6.151768727098703e+58 5.780960474057187e+58 4.5708818961487145e+58 4.1686938347033296e+58 3.9810717055349855e+58 3.8725764492161805e+58 3.784425847170959e+58 3.459393778261231e+58 3.3573761424295725e+58 3.296097121774583e+58 3.2583670100200736e+58 3.235936569296268e+58 3.213660538640302e+58 3.198895109691417e+58 3.1841975217261254e+58 3.169567463043474e+58 3.169567463043474e+58 3.169567463043474e+58 3.169567463043474e+58 3.169567463043474e+58 3.169567463043474e+58 3.169567463043474e+58 3.1622776601683794e+58 3.1622776601683794e+58 3.1622776601683794e+58 3.1550046233746436e+58 3.140508693876216e+58 3.1260793671239363e+58 3.1188895840939355e+58 3.1117163371060325e+58 3.104559588128337e+58 3.0974192992165777e+58 3.090295432513605e+58 3.0831879502493343e+58 3.0831879502493343e+58 3.076096814740705e+58 3.076096814740705e+58 3.0690219883911705e+58 3.0690219883911705e+58 3.0690219883911705e+58 3.0619634336906566e+58 3.0549211132155094e+58 3.0478949896279953e+58 3.0478949896279953e+58 3.0408850256762583e+58 3.0408850256762583e+58 3.0338911841942655e+58 3.0338911841942655e+58 3.026913428101317e+58 3.026913428101317e+58 
# total_gas_kinetic_energy_list
1.79315046685166e+59 1.7608379638822115e+59 1.7302222890758617e+59 1.7006251650011912e+59 1.6723683556893429e+59 1.6447085046142927e+59 1.6548124611865776e+59 1.658464502450699e+59 1.6601661578743364e+59 1.6612622989977286e+59 1.662082236353696e+59 1.6655492219551025e+59 1.6667368544096261e+59 1.6673828775163822e+59 1.6677971251098265e+59 1.6680911899980839e+59 1.6683118573143098e+59 1.6684881764707225e+59 1.6686338529064053e+59 1.668756799217552e+59 1.6687679234575755e+59 1.6687788666240083e+59 1.6687895748914607e+59 1.668800277438081e+59 1.6688108541874336e+59 1.668821664396383e+59 1.6688319333046444e+59 1.66884202754359e+59 1.668861735043967e+59 1.668952988258663e+59 1.6691046923803747e+59 1.6692253984667827e+59 1.6693261126677547e+59 1.669409811442374e+59 1.6695119604515323e+59 1.6695950152613933e+59 1.66966315761331e+59 1.6696835103040773e+59 1.6697203612551175e+59 1.669770309521426e+59 1.6698114469360753e+59 1.6698364451391056e+59 1.6698483209112128e+59 1.6698900795374078e+59 1.669932829805225e+59 1.6699986381808672e+59 1.6700477672814223e+59 1.6700894457607323e+59 1.670126482690467e+59 1.670161190338348e+59 1.6701900273359845e+59 1.6702185295386707e+59 1.6702418659397436e+59 1.6702665697531123e+59 
