# time_axis
5.999999999999999 7.0 7.30102999566398 7.477121254719661 7.602059991327962 7.698970004336018 7.778151250383643 7.845098040014256 7.903089986991943 7.954242509439324 8.0 8.301029995663981 8.47712125471966 8.60205999132796 8.698970004336019 8.778151250383644 8.845098040014257 8.903089986991942 8.954242509439323 8.999999999999998 9.004321373782641 9.008600171761916 9.012837224705171 9.017033339298779 9.021189299069936 9.02530586526477 9.02938377768521 9.033423755486949 9.041392685158224 9.079181246047623 9.146128035678236 9.204119982655923 9.255272505103305 9.301029995663981 9.361727836017593 9.414973347970816 9.462397997898954 9.477121254719663 9.505149978319904 9.544068044350274 9.57978359661681 9.60205999132796 9.612783856719734 9.653212513775342 9.698970004336017 9.778151250383642 9.845098040014257 9.903089986991944 9.954242509439325 10.0 10.041392685158225 10.079181246047623 10.113943352306835 10.146128035678236 
# total_gas_mass_list
10.444727494896693 10.436830196441296 10.429341119545656 10.422045840685172 10.41512110158427 10.408128304079225 10.411317700021453 10.412504940046588 10.413056618201251 10.41340801427427 10.413659715938651 10.414643204767184 10.414971523603034 10.415152037524406 10.415271330739024 10.415357881171863 10.41542395669093 10.415476268927899 10.415519482161715 10.415555905961396 10.41555921445861 10.415562471656347 10.41556565807918 10.415568817612128 10.41557195182516 10.415575182442689 10.415578185990578 10.415581170169327 10.415587032289064 10.41561409027669 10.415659007112847 10.415694431127703 10.415724532714812 10.415749286301851 10.415779684015202 10.415804436703663 10.415824961354334 10.415831099747598 10.41584224636269 10.415857362567843 10.415870023623638 10.415877770463357 10.415881426826603 10.415894503452668 10.415907928778793 10.41592907162258 10.415945194780695 10.415958949020684 10.415971122407173 10.415982658527481 10.415991944451399 10.416001274433452 10.41600880385602 10.416016862848029 
# ejected_gas_mass_list
-10.0 -10.0 7.520931719196179 7.938035813491331 8.230093254220007 8.407594507295785 8.64764310528521 8.711675176036437 8.738546345133035 8.754850758443586 8.766172057270612 8.80783509075793 8.820918174441386 8.827951053112894 8.832538600689068 8.835837694454087 8.838340009861184 8.840311195060055 8.84193297642236 8.843295388805473 8.843418935511204 8.84354053317515 8.843659456618154 8.843777345194761 8.843894258272664 8.844014735402803 8.844126715417026 8.844237945479186 8.84445636508866 8.845463148847445 8.84712943332773 8.84843918820763 8.849549141218262 8.850459831045274 8.851575634106416 8.85248217094041 8.85323246775026 8.853456617465577 8.853863360077407 8.85441436273225 8.854875349796808 8.855157176536657 8.85529013172132 8.855765309286653 8.856252632463512 8.857019015742733 8.857602563526399 8.858099770806362 8.858539369969828 8.85895555761778 8.859290283651282 8.859626345407335 8.859897367595313 8.860187269608844 
# stellar_mass_list
-10.0 8.847842856620996 8.92375961717257 8.967633554285694 9.00059045657036 9.02768795140341 8.623921325528622 8.532391947381049 8.481563602582844 8.44563252108696 8.417763145404795 8.282648655136505 8.223094381863406 8.185637350551206 8.158687858126514 8.137839374340025 8.12093972134147 8.10680084863661 8.094690591274412 8.084088778774573 8.083108038451762 8.08214560001836 8.081198353634814 8.080254248209982 8.079308130859967 8.078359147799588 8.077431086365397 8.07652175441353 8.07475290834783 8.06640291777255 8.051938359961015 8.03978462717423 8.029302263225613 8.0201874347756 8.008415472779715 7.9983196926503375 7.989530717995397 7.986764554149318 7.98174455005676 7.974731756155391 7.968514635755498 7.96460826872823 7.96281225890288 7.955808560844377 7.948303338143628 7.935294666058842 7.924651326198327 7.915345346434002 7.90677018713696 7.898781396380712 7.8917852267676185 7.884951384801759 7.8786046846957705 7.872971980016159 
# remnant_mass_list
-10.0 -10.0 7.833026163353074 8.167982397144037 8.362907228327817 8.500135801980841 8.603287569201136 8.624606584751323 8.634940434920116 8.641549670751537 8.646255869404001 8.665409312511754 8.67217499799364 8.675978152780333 8.678514056697972 8.680366073602048 8.681799556794477 8.682953368715218 8.68390932068498 8.684722908030224 8.684796909007797 8.684869219040687 8.684940131675738 8.685010781304044 8.68508164974421 8.68515284229315 8.685222103071698 8.685289656281217 8.685420223954518 8.686029463770982 8.68705402408129 8.687884005982934 8.688578503797746 8.689164730536021 8.689898668942813 8.69050867163977 8.69102464724013 8.691185801105693 8.6914705665515 8.69186413001768 8.69220300691857 8.692414261602964 8.692508796017103 8.692879492550656 8.693260540153002 8.693906245738106 8.694411845471516 8.69484578407669 8.695246301202387 8.69561964929574 8.695935417612032 8.69624912088388 8.696537158564027 8.696783599098104 
# BH_mass_list
-10.0 -10.0 7.6715092877994095 7.972539283463392 8.148630542519072 8.273355681272397 8.366880071777812 8.366880071777812 8.366880071777812 8.366880071777812 8.366880071777812 8.366880071777812 8.366880071777812 8.366880071777812 8.366880071777812 8.366880071777812 8.366880071777812 8.366880071777812 8.366880071777812 8.366880071777812 8.366880071777812 8.366880071777812 8.366880071777812 8.366880071777812 8.366880071777812 8.366880071777812 8.366880071777812 8.366880071777812 8.366880071777812 8.366880071777812 8.366880071777812 8.366880071777812 8.366880071777812 8.366880071777812 8.366880071777812 8.366880071777812 8.366880071777812 8.366880071777812 8.366880071777812 8.366880071777812 8.366880071777812 8.366880071777812 8.366880071777812 8.366880071777812 8.366880071777812 8.366880071777812 8.366880071777812 8.366880071777812 8.366880071777812 8.366880071777812 8.366880071777812 8.366880071777812 8.366880071777812 8.366880071777812 
# NS_mass_list
-10.0 -10.0 7.325201321894077 7.727155493880479 7.95335567779216 8.108993642869642 8.22155583203495 8.264652615672656 8.279688273008764 8.285021809554697 8.285021809554697 8.285021809554697 8.285021809554697 8.285021809554697 8.285021809554697 8.285021809554697 8.285021809554697 8.285021809554697 8.285021809554697 8.285021809554697 8.285021809554697 8.285021809554697 8.285021809554697 8.285021809554697 8.285021809554697 8.285021809554697 8.285021809554697 8.285021809554697 8.285021809554697 8.285021809554697 8.285021809554697 8.285021809554697 8.285021809554697 8.285021809554697 8.285021809554697 8.285021809554697 8.285021809554697 8.285021809554697 8.285021809554697 8.285021809554697 8.285021809554697 8.285021809554697 8.285021809554697 8.285021809554697 8.285021809554697 8.285021809554697 8.285021809554697 8.285021809554697 8.285021809554697 8.285021809554697 8.285021809554697 8.285021809554697 8.285021809554697 8.285021809554697 
# WD_mass_list
-10.0 -10.0 -10.0 -10.0 -10.0 5.16674582649522 6.263186530698598 6.666500078865516 6.919376228743708 7.099307454352478 7.239103894352592 7.571825172117379 7.649105699994825 7.687628045940873 7.711708011322427 7.728570390852348 7.741234015477228 7.7511946671300755 7.759297097805114 7.766089488264252 7.7667026869879665 7.767301139474811 7.767887323575904 7.7684706428443215 7.769055077817738 7.769641490658752 7.770211324717625 7.770766478031726 7.771837722017609 7.77680580710754 7.78504993989875 7.791629454469471 7.7970688444469385 7.801614469748384 7.807247696571465 7.811881831097467 7.815768425959816 7.816976166148136 7.819103204702068 7.822028135860245 7.824533058667137 7.8260883224677835 7.8267827323505985 7.8294964981228 7.832270871066553 7.8369375901159355 7.840561813385687 7.8436517489595055 7.8464870356894245 7.849115758938188 7.85132846391809 7.853517173044948 7.855518528443858 7.857224613487451 
