# time_axis
1000000 10000000 20000000 30000000 40000000 50000000 60000000 70000000 80000000 90000000 100000000 110000000 120000000 130000000 140000000 150000000 200000000 300000000 400000000 500000000 600000000 700000000 800000000 900000000 1000000000 1010000000 1020000000 1030000000 1040000000 1050000000 1060000000 1070000000 1080000000 1100000000 1200000000 1400000000 1600000000 1800000000 2000000000 2300000000 2600000000 2900000000 3000000000 3200000000 3500000000 3800000000 4000000000 4100000000 4500000000 5000000000 6000000000 7000000000 8000000000 9000000000 10000000000 11000000000 12000000000 13000000000 14000000000 
# SNIa_energy_release_list
0 0.0 0.0 0.0 0.0 0.0 4.272077544421291e+53 1.975725811911477e+54 4.449085998982813e+54 7.578747077371579e+54 1.1170165364161272e+55 1.5078873511386673e+55 1.9195899559188228e+55 2.3438268971578675e+55 2.774250104047521e+55 3.2059987357609385e+55 5.282331518437327e+55 7.964682779424887e+55 9.609525781047187e+55 1.0808513869178454e+56 1.1754109855421572e+56 1.2535438425461478e+56 1.320136278109611e+56 1.3781730286195699e+56 1.4296082031586824e+56 1.4344439489062593e+56 1.4392291652582993e+56 1.443964410666168e+56 1.4486506438903716e+56 1.4532892595072584e+56 1.4578805358110987e+56 1.4624253861195885e+56 1.4669251783546229e+56 1.4757930186623657e+56 1.5177017318413473e+56 1.591428992154255e+56 1.6548262078573017e+56 1.7104335039334932e+56 1.759962666585268e+56 1.8253928864260003e+56 1.8825633912148828e+56 1.9333281534478122e+56 1.9490647057762483e+56 1.9789893629867487e+56 2.02045274390679e+56 2.0584508005131278e+56 2.0821236983785554e+56 2.0935120299032476e+56 2.1364002611981264e+56 2.184882884653675e+56 2.268620654297303e+56 2.339270937185914e+56 2.4003973132429374e+56 2.454259270175456e+56 2.5023892214311657e+56 2.54591290242122e+56 2.5856222490638322e+56 2.6221308135925575e+56 2.65592089955775e+56 
# SNII_energy_release_list
0 0.0 3.4568187953283136e+53 1.957170689270223e+54 5.38938868612558e+54 1.0520688169075976e+55 1.64579588326502e+55 2.1928375908227194e+55 2.6797055469476233e+55 3.113019223271064e+55 3.498669912818233e+55 3.8419008355822043e+55 4.147378431800455e+55 4.4192558029701154e+55 4.661229176011817e+55 4.876588159157422e+55 5.353055057676628e+55 5.353055057676628e+55 5.353055057676628e+55 5.353055057676628e+55 5.353055057676628e+55 5.353055057676628e+55 5.353055057676628e+55 5.353055057676628e+55 5.353055057676628e+55 5.353055057676628e+55 5.353055057676628e+55 5.353055057676628e+55 5.353055057676628e+55 5.353055057676628e+55 5.353055057676628e+55 5.353055057676628e+55 5.353055057676628e+55 5.353055057676628e+55 5.353055057676628e+55 5.353055057676628e+55 5.353055057676628e+55 5.353055057676628e+55 5.353055057676628e+55 5.353055057676628e+55 5.353055057676628e+55 5.353055057676628e+55 5.353055057676628e+55 5.353055057676628e+55 5.353055057676628e+55 5.353055057676628e+55 5.353055057676628e+55 5.353055057676628e+55 5.353055057676628e+55 5.353055057676628e+55 5.353055057676628e+55 5.353055057676628e+55 5.353055057676628e+55 5.353055057676628e+55 5.353055057676628e+55 5.353055057676628e+55 5.353055057676628e+55 5.353055057676628e+55 5.353055057676628e+55 
# SN_energy_per_current_crossing_time_list
0.0 0.0 1.808603795991493e+54 6.415281783446111e+54 1.1674257446869136e+55 1.569013135026778e+55 1.683811458636407e+55 1.4729418237749351e+55 1.2609073754395655e+55 1.0888003313918507e+55 9.464540398792572e+54 8.270461890055839e+54 7.257799126174067e+54 6.391546489102476e+54 5.6453766326195515e+54 4.9989929584422514e+54 2.4187777227644646e+54 2.228344128370134e+53 1.3828928904600877e+53 1.0183870066411462e+53 8.104703240571241e+52 6.751819635610185e+52 5.797971792955957e+52 5.088424322994561e+52 4.5391811271731723e+52 4.2702635164045525e+52 4.228285412318697e+52 4.186728750942061e+52 4.1459533974822433e+52 4.1063506945466335e+52 4.066937552851679e+52 4.028278187605672e+52 3.9907716985480116e+52 3.937078348573623e+52 3.7430188305965543e+52 3.32837073896561e+52 2.8904648519760213e+52 2.558623429436503e+52 2.2984243055591912e+52 2.0479645943862607e+52 1.8085770824759767e+52 1.6217728032802605e+52 1.5129915539669225e+52 1.447172803510905e+52 1.3483458691790465e+52 1.24519362143406e+52 1.1695050436427072e+52 1.127742028629331e+52 1.0714994496580327e+52 9.787027220407442e+51 8.6043722328182e+51 7.369575892962148e+51 6.461625761436316e+51 5.764577427607371e+51 5.21200414780582e+51 4.761661277148797e+51 4.3889952074709326e+51 4.0732367041898906e+51 3.802294308755097e+51 
# SN_energy_per_final_crossing_time_list
0.0 0.0 1.0372937944314163e+54 4.8356232741945176e+54 1.0299117888635973e+55 1.539758207235753e+55 1.7864146572432157e+55 1.6589428261706708e+55 1.4887853383920323e+55 1.3354692055996137e+55 1.1976420409361069e+55 1.0739226536457146e+55 9.62979709077475e+54 8.635653635023884e+54 7.745280232546556e+54 6.948148937767258e+54 3.326772143869479e+54 3.018367264363017e+53 1.8508911727263913e+53 1.349184369777213e+53 1.0640500413575575e+53 8.792049769245161e+52 7.493441686118288e+52 6.530696796390793e+52 5.787841783573782e+52 5.441515761024406e+52 5.384656588405898e+52 5.328425823906369e+52 5.273273923080786e+52 5.219691296067716e+52 5.16642182502793e+52 5.114180082262488e+52 5.063477619878398e+52 4.989353795638713e+52 4.715858425806812e+52 4.1481507708599253e+52 3.566946717846837e+52 3.1286588855316965e+52 2.7866820679628585e+52 2.4542203767231237e+52 2.1444069444052108e+52 1.9041341171530205e+52 1.7707857689227943e+52 1.6836647577656236e+52 1.5552488527396183e+52 1.425268095173019e+52 1.3319191451329366e+52 1.2814938732964852e+52 1.2065201456802494e+52 1.0911200606499848e+52 9.422753326872003e+51 7.950058748474909e+51 6.878362843937742e+51 6.060920132428514e+51 5.415915186743134e+51 4.897585779894979e+51 4.468370482961129e+51 4.108196329283808e+51 3.802294308755097e+51 
# total_energy_release_list
0 0 3.4568187953283136e+53 1.957170689270223e+54 5.38938868612558e+54 1.0520688169075976e+55 1.688516658709233e+55 2.390410172013867e+55 3.1246141468459045e+55 3.8708939310082223e+55 4.6156864492343604e+55 5.349788186720872e+55 6.066968387719278e+55 6.763082700127983e+55 7.435479280059338e+55 8.08258689491836e+55 1.0635386576113955e+56 1.3317737837101515e+56 1.4962580838723815e+56 1.6161568926855082e+56 1.71071649130982e+56 1.7888493483138106e+56 1.8554417838772738e+56 1.9134785343872327e+56 1.9649137089263452e+56 1.969749454673922e+56 1.9745346710259623e+56 1.9792699164338306e+56 1.9839561496580342e+56 1.9885947652749214e+56 1.9931860415787617e+56 1.997730891887251e+56 2.0022306841222857e+56 2.0110985244300285e+56 2.05300723760901e+56 2.126734497921918e+56 2.1901317136249648e+56 2.245739009701156e+56 2.2952681723529307e+56 2.3606983921936633e+56 2.417868896982546e+56 2.468633659215475e+56 2.484370211543911e+56 2.5142948687544118e+56 2.555758249674453e+56 2.593756306280791e+56 2.617429204146218e+56 2.6288175356709107e+56 2.671705766965789e+56 2.7201883904213375e+56 2.8039261600649656e+56 2.874576442953577e+56 2.9357028190106e+56 2.989564775943119e+56 3.0376947271988283e+56 3.0812184081888825e+56 3.1209277548314953e+56 3.1574363193602205e+56 3.191226405325413e+56 
# binding_energy_list
8.550667128846876e+54 8.550667128846876e+54 8.550667128846876e+54 8.550667128846876e+54 8.550667128846876e+54 8.550667128846876e+54 8.550667128846876e+54 8.531001140175843e+54 8.531001140175843e+54 8.531001140175843e+54 8.531001140175843e+54 8.531001140175843e+54 8.51138038202376e+54 8.51138038202376e+54 8.51138038202376e+54 8.51138038202376e+54 8.472274141405911e+54 8.433347577642791e+54 8.413951416451895e+54 8.375292821268861e+54 8.336811846196331e+54 8.317637711026743e+54 8.298507675144166e+54 8.260379495771817e+54 8.241381150129963e+54 8.241381150129963e+54 8.241381150129963e+54 8.241381150129963e+54 8.241381150129963e+54 8.241381150129963e+54 8.241381150129963e+54 8.241381150129963e+54 8.222426499470695e+54 8.222426499470695e+54 8.20351544329821e+54 8.165823713585906e+54 8.128305161640929e+54 8.109610578538388e+54 8.072350302488317e+54 8.035261221856194e+54 7.99834255007026e+54 7.96159350417325e+54 7.94328234724279e+54 7.925013304804734e+54 7.90678627999831e+54 7.870457896951001e+54 7.852356346100775e+54 7.852356346100775e+54 7.816278045883308e+54 7.780365510398008e+54 7.72680585095699e+54 7.691304402866145e+54 7.638357835776954e+54 7.603262769401822e+54 7.568328950209705e+54 7.533555637337217e+54 7.498942093324558e+54 7.464487584100623e+54 7.447319739059888e+54 
# total_gas_kinetic_energy_list
1.5237098334911527e+59 4.277109313815907e+59 4.27261987305165e+59 3.802633486200233e+59 3.3843479573911264e+59 3.012076202848183e+59 2.6807565703830847e+59 2.3858842428717904e+59 2.1234498979636145e+59 1.8898851900066455e+59 1.6820142184968296e+59 1.4970104236925511e+59 1.3323581921367057e+59 1.185818656655911e+59 1.0553992501413972e+59 9.39326606794362e+58 9.394347364073155e+58 9.396274801653497e+58 9.397926843277938e+58 9.399369698293066e+58 9.400654825849894e+58 9.401820261741049e+58 9.402902953047077e+58 9.403923969874402e+58 9.404893589035398e+58 9.404987977251841e+58 9.405081630519071e+58 9.405174732360427e+58 9.405267441591956e+58 9.405359886979327e+58 9.405452185928561e+58 9.405544365292785e+58 9.405636205269488e+58 9.405817562906906e+58 9.406701269414824e+58 9.40836433176099e+58 9.40989596707901e+58 9.411327884304485e+58 9.412668059365987e+58 9.414504735699426e+58 9.416177094149432e+58 9.417717165251883e+58 9.418215149010643e+58 9.419151213747215e+58 9.420490175584534e+58 9.421671512584014e+58 9.422437055036398e+58 9.422774179170536e+58 9.424139317211173e+58 9.425600631811961e+58 9.428148315693897e+58 9.430239834548375e+58 9.432107009764466e+58 9.433854600992375e+58 9.435525730995592e+58 9.436988470020679e+58 9.438456223383272e+58 9.439807418690019e+58 9.441042929181886e+58 
