# time_axis
5.999999999999999 7.0 7.30102999566398 7.477121254719661 7.602059991327962 7.698970004336018 7.778151250383643 7.845098040014256 7.903089986991943 7.954242509439324 8.0 8.041392685158224 8.079181246047623 8.113943352306837 8.146128035678238 8.176091259055681 8.301029995663981 8.47712125471966 8.60205999132796 8.698970004336019 8.778151250383644 8.845098040014257 8.903089986991942 8.954242509439323 8.999999999999998 9.004321373782641 9.008600171761916 9.012837224705171 9.017033339298779 9.021189299069936 9.02530586526477 9.02938377768521 9.033423755486949 9.041392685158224 9.079181246047623 9.146128035678236 9.204119982655923 9.255272505103305 9.301029995663981 9.361727836017593 9.414973347970816 9.462397997898954 9.477121254719663 9.505149978319904 9.544068044350274 9.57978359661681 9.60205999132796 9.612783856719734 9.653212513775342 9.698970004336017 9.778151250383642 9.845098040014257 9.903089986991944 9.954242509439325 10.0 10.041392685158225 10.079181246047623 10.113943352306835 10.146128035678236 
# total_gas_mass_list
10.425925345093205 10.874273401712289 10.873817315936341 10.823207568493613 10.772598213163217 10.721989299346975 10.671380868704208 10.62077300010918 10.57016577689129 10.519559282813328 10.46895359215381 10.41834877916104 10.367744925021716 10.317142119716666 10.266540463042608 10.215940065148908 10.215987863406134 10.21607060148662 10.216140782869708 10.216203412311135 10.21626064036578 10.21631332842788 10.216362332399797 10.216408252249874 10.216451589442848 10.216455794780302 10.216459965276766 10.216464109153984 10.216468233416485 10.216472343849462 10.216476445672736 10.216480540151172 10.216484617364925 10.216492663387426 10.2165317702317 10.216604885549561 10.216671571765461 10.216733372945043 10.216790791389215 10.216869115455099 10.21694013845605 10.217005296215886 10.2170263173794 10.217065765283754 10.217122055218269 10.21717159934818 10.217203631021574 10.21721773081964 10.217274676251419 10.217335423050928 10.217440695826532 10.217526556817543 10.217603211879268 10.217674900913368 10.217743447003656 10.217803424622701 10.217863585144661 10.217919003894176 10.217969649168868 
# ejected_gas_mass_list
-10.0 -10.0 3.8451686980805877 4.649939686207839 5.119548069652879 5.419526667056799 5.635061390026721 5.803384586313048 5.940997524346097 6.056714231636622 6.155694404289704 6.241479808948335 6.316682144244776 6.3832633479452 6.442719775775018 6.496208534221279 6.6941161117544965 6.907269237866441 7.03081357103278 7.117522082215356 7.183996969811334 7.237337697471127 7.281685183118772 7.319499497799313 7.352402522761686 7.355466736199969 7.358484388523122 7.361462183406667 7.36440577571871 7.367319807296289 7.370208400832509 7.373072814165391 7.375906525575011 7.381445012961184 7.407403309036875 7.45213502707571 7.4892746210052845 7.521074654971527 7.548671987978012 7.583700463722282 7.613197027827528 7.638605335778566 7.646496042364898 7.66092841604876 7.680728123491284 7.697440111701683 7.707913326251306 7.712444831887887 7.73028140639839 7.748536642535133 7.778467297418968 7.801443254036508 7.820980230833306 7.8384918508304 7.8546027456579965 7.868227532256446 7.881479330684999 7.893340421828352 7.903904944195825 
# stellar_mass_list
-10.0 7.46731803025143 8.046374172214827 8.283421185813408 8.419908305591939 8.512356996108633 8.580108528809964 8.632120937981297 8.673284331790725 8.706562069940556 8.733885505546167 8.756582612485069 8.775605049351048 8.79165737081038 8.805275148415772 8.816874417740452 8.808816816566097 8.798232680768184 8.790438352957546 8.784068163482807 8.778596729908607 8.773757769309823 8.769389697594942 8.7653901940767 8.761685797048607 8.761329683094608 8.76097705124832 8.760627183037565 8.760279505713546 8.759933511433513 8.759588752472027 8.759245121684655 8.758903374095956 8.758230284497502 8.754984233887603 8.748997580045552 8.743567192955364 8.738548949023432 8.733893826002289 8.727477797065902 8.721573364234798 8.716081809475762 8.714295016679891 8.710920997340592 8.705993297978313 8.70147272526225 8.698452415354678 8.697092111846393 8.691431483364218 8.685045586088984 8.672960190520937 8.662284262004412 8.652926095002627 8.644324519773978 8.636237223412326 8.629254787596347 8.622332536554515 8.616033555605174 8.61032605943798 
# remnant_mass_list
-10.0 -10.0 4.913214811806498 5.592636959684725 5.957473609144897 6.193432783862069 6.363264333899409 6.493685863004357 6.598278694061945 6.684738879680629 6.757816869267053 6.820650316374737 6.875413428415975 6.923673755294818 6.966596939704352 7.005072563414787 7.138053354708138 7.27366193073217 7.353604512348004 7.410047620092953 7.453499711041029 7.488705831001983 7.518246676699992 7.5436505025679335 7.565921071004429 7.5680025465924 7.5700536776009875 7.572079056428512 7.574082299364813 7.5760665951511825 7.578034749725656 7.579987539860299 7.581920801338281 7.585702794390203 7.6034834673900695 7.634428811676566 7.6606377992872865 7.683453372359795 7.703534267336884 7.7296544207233175 7.75225635460391 7.77216277235024 7.778424574043597 7.789975727306879 7.806238822836104 7.820562107906573 7.829834113635145 7.833934481685158 7.850523837028124 7.868368836227674 7.899873192278556 7.925510935609709 7.946495041048095 7.964683620896825 7.980910496468527 7.994290913120426 8.007022805162967 8.018175051944928 8.027942888891683 
# BH_mass_list
-10.0 -10.0 4.4933533402182215 5.074014113575421 5.313713690956344 5.452806645892706 5.547593635687787 5.61745085078449 5.671388780618559 5.7143370282284565 5.74928715883417 5.778190793868504 5.802390986451156 5.822850724537595 5.840283280710476 5.85523103099258 5.8681154138183045 5.8681154138183045 5.8681154138183045 5.8681154138183045 5.8681154138183045 5.8681154138183045 5.8681154138183045 5.8681154138183045 5.8681154138183045 5.8681154138183045 5.8681154138183045 5.8681154138183045 5.8681154138183045 5.8681154138183045 5.8681154138183045 5.8681154138183045 5.8681154138183045 5.8681154138183045 5.8681154138183045 5.8681154138183045 5.8681154138183045 5.8681154138183045 5.8681154138183045 5.8681154138183045 5.8681154138183045 5.8681154138183045 5.8681154138183045 5.8681154138183045 5.8681154138183045 5.8681154138183045 5.8681154138183045 5.8681154138183045 5.8681154138183045 5.8681154138183045 5.8681154138183045 5.8681154138183045 5.8681154138183045 5.8681154138183045 5.8681154138183045 5.8681154138183045 5.8681154138183045 5.8681154138183045 5.8681154138183045 
# NS_mass_list
-10.0 -10.0 4.70538881899996 5.435898197842929 5.845590173557285 6.105098224452836 6.277857968845147 6.391784496797061 6.47290072889051 6.534214042980701 6.582338536138796 6.621099444661525 6.65290838531194 6.679383087736885 6.701660731642344 6.720570426691288 6.7570114347067785 6.7570114347067785 6.7570114347067785 6.7570114347067785 6.7570114347067785 6.7570114347067785 6.7570114347067785 6.7570114347067785 6.7570114347067785 6.7570114347067785 6.7570114347067785 6.7570114347067785 6.7570114347067785 6.7570114347067785 6.7570114347067785 6.7570114347067785 6.7570114347067785 6.7570114347067785 6.7570114347067785 6.7570114347067785 6.7570114347067785 6.7570114347067785 6.7570114347067785 6.7570114347067785 6.7570114347067785 6.7570114347067785 6.7570114347067785 6.7570114347067785 6.7570114347067785 6.7570114347067785 6.7570114347067785 6.7570114347067785 6.7570114347067785 6.7570114347067785 6.7570114347067785 6.7570114347067785 6.7570114347067785 6.7570114347067785 6.7570114347067785 6.7570114347067785 6.7570114347067785 6.7570114347067785 6.7570114347067785 
# WD_mass_list
-10.0 -10.0 -10.0 -10.0 -10.0 3.5623738337162028 4.772417355634595 5.3754601986936805 5.720245362891103 5.95391642144438 6.1276571231401995 6.264232078461611 6.375625883956821 6.468900155336316 6.548554480816826 6.6176280556049205 6.862672164225528 7.090804808305891 7.2073853632229214 7.284515085127865 7.341609112586112 7.386641009881071 7.423682587033078 7.45504792655402 7.482204059708747 7.484726770821876 7.487210206041065 7.489660043808528 7.492080759131611 7.494476292137477 7.496850105164072 7.499203202531503 7.501530638203829 7.506077667583136 7.527349966495775 7.56398099551926 7.594646184617581 7.621093994333705 7.644194429629085 7.674010325123478 7.699612433641262 7.722019075532427 7.72904109339011 7.741962813372696 7.760087854935496 7.7759879825505465 7.786250425172676 7.790781391904111 7.8090677994785125 7.828660418051419 7.863064565094308 7.8908987764703085 7.913579006323175 7.933167886091424 7.950591899908565 7.964924000947558 7.978532781143127 7.99043088666692 8.000835429003741 
