# time_axis
5.999999999999999 7.0 7.30102999566398 7.477121254719661 7.602059991327962 7.698970004336018 7.778151250383643 7.845098040014256 7.903089986991943 7.954242509439324 8.0 8.041392685158224 8.079181246047623 8.113943352306837 8.146128035678238 8.176091259055681 8.301029995663981 8.47712125471966 8.60205999132796 8.698970004336019 8.778151250383644 8.845098040014257 8.903089986991942 8.954242509439323 8.999999999999998 9.004321373782641 9.008600171761916 9.012837224705171 9.017033339298779 9.021189299069936 9.02530586526477 9.02938377768521 9.033423755486949 9.041392685158224 9.079181246047623 9.146128035678236 9.204119982655923 9.255272505103305 9.301029995663981 9.361727836017593 9.414973347970816 9.462397997898954 9.477121254719663 9.505149978319904 9.544068044350274 9.57978359661681 9.60205999132796 9.612783856719734 9.653212513775342 9.698970004336017 9.778151250383642 9.845098040014257 9.903089986991944 9.954242509439325 10.0 10.041392685158225 10.079181246047623 10.113943352306835 10.146128035678236 
# total_gas_mass_list
9.734045203312506 10.756437584780008 10.772876875552331 9.775101114536985 8.77671583520135 7.78745236980799 6.853567934919404 6.213940577203682 6.038071634711102 5.975484265631072 5.929083127625847 5.884488113757073 5.842780382878708 5.80538776566053 5.771140584946739 5.740323098823795 6.4165988926295485 6.7475539329648075 6.8929750901383295 6.983526970009173 7.047548217517114 7.09595858432572 7.134536382152188 7.166297825195746 7.1932589761529595 7.195715632612281 7.198175212255387 7.200506371842118 7.20291441753974 7.205192226116384 7.207598998224814 7.20988552614947 7.21208937792112 7.216537097826564 7.236611077051213 7.270781567407722 7.298270464151591 7.321376748641442 7.3406198755212095 7.365482980527758 7.385641625380343 7.402860172777397 7.408186356555566 7.417684501203419 7.430705432965497 7.441717355482955 7.448431163203517 7.4514149666286436 7.463040728526982 7.474533095921554 7.493742835490848 7.50774053178722 7.518873510982587 7.527928127773914 7.535761940036676 7.542613088223826 7.548365459793974 7.552923114320411 7.557272775311222 
# ejected_gas_mass_list
-10.0 -10.0 -10.0 6.00310981732826 6.468080616134049 6.64664703448343 6.735633559412646 6.803678352992103 6.8627991209840875 6.909938486804452 6.948510063316806 6.9806172632134516 7.00788160379945 7.03150313386257 7.052264913114541 7.070767719372914 7.14080846008623 7.225610154760336 7.27956754944576 7.319056298655561 7.349798627120848 7.3746101346942154 7.3953453569911245 7.413053962509089 7.428533915495922 7.429964728220523 7.431400627630374 7.432764678250891 7.434176905841178 7.43551573311825 7.436933504892579 7.43828343296771 7.439587304391608 7.442226944827054 7.454276761359115 7.4752966521041655 7.49266451166745 7.507574054745872 7.52020410554376 7.536805135672161 7.550494858230337 7.562348201022441 7.5660443083055675 7.572669852744301 7.581823591947128 7.589628259442602 7.594414822054438 7.596548907605766 7.604903577588993 7.613223872462682 7.627265938873967 7.637602417701916 7.645885269379263 7.652661698041696 7.658553028553464 7.6637268669873775 7.668086309632333 7.671550232874199 7.674864190145449 
# stellar_mass_list
-10.0 7.245548685321521 8.342933991217869 8.482040883754495 8.27885762425785 8.211919015282193 8.175135846713085 8.149334340248162 8.129304144484697 8.112841590889282 8.098789549186268 8.086480752043549 8.075509489878083 8.065576334216502 8.056505890841056 8.04815966827976 8.01364036855133 7.964598966590371 7.928398209740483 7.898983534465097 7.873982115127339 7.852202599212488 7.832777649933121 7.815149341532405 7.7989334485041155 7.79736863621193 7.795864582463139 7.794379316019127 7.7929272452989515 7.791373173886617 7.78985814929444 7.788336023214049 7.786824555035971 7.783960488715677 7.76998736157426 7.744257122164734 7.721019703083795 7.699538480336448 7.679765870066611 7.652426097753163 7.6269961249992955 7.603245371956779 7.595325470144811 7.58079048603575 7.559106666526822 7.538762404712634 7.525423917122302 7.519214234760887 7.49313756650638 7.463275034817038 7.404553986570448 7.351350484911228 7.306487852264813 7.266626357299209 7.2299122852174 7.199350661659132 7.169466395135829 7.143141607854116 7.1194826950427235 
# remnant_mass_list
-10.0 -10.0 5.953009602921367 7.251042448217426 7.575251351119498 7.647506805149153 7.681116392514499 7.701339298417925 7.714998594380562 7.725587757245363 7.734241216866174 7.741544058362007 7.747850960967831 7.753394003173805 7.758333962903448 7.762784374633139 7.780139997200403 7.802264015353769 7.816933102260548 7.82791977034382 7.836630149726025 7.8437855790736055 7.849846175390886 7.855086876074534 7.8597227387177755 7.860156368950845 7.860570523570441 7.860981587081919 7.861391425766091 7.861806468001128 7.862221115305684 7.862639995420579 7.863052388728073 7.86382263695568 7.867516431379925 7.873999417572549 7.87950859322371 7.884334535865686 7.8885479297845675 7.8940486475681535 7.898854222282454 7.903078239891094 7.904443615300641 7.906857098452001 7.910330026955816 7.913410248791173 7.915357544082781 7.916234069783873 7.919822628491648 7.92363408133341 7.930425466421182 7.935762380959201 7.939670016376628 7.942766816572097 7.945342207940676 7.947252454775584 7.9489924736879525 7.950385380270737 7.951528623643305 
# BH_mass_list
-10.0 -10.0 5.705360653145222 7.046952117560486 7.320473032569654 7.328777174200844 7.329030293267365 7.329034661088637 7.329034667469674 7.329034667469674 7.329034667469674 7.329034667469674 7.329034667469674 7.329034667469674 7.329034667469674 7.329034667469674 7.329034667469674 7.329034667469674 7.329034667469674 7.329034667469674 7.329034667469674 7.329034667469674 7.329034667469674 7.329034667469674 7.329034667469674 7.329034667469674 7.329034667469674 7.329034667469674 7.329034667469674 7.329034667469674 7.329034667469674 7.329034667469674 7.329034667469674 7.329034667469674 7.329034667469674 7.329034667469674 7.329034667469674 7.329034667469674 7.329034667469674 7.329034667469674 7.329034667469674 7.329034667469674 7.329034667469674 7.329034667469674 7.329034667469674 7.329034667469674 7.329034667469674 7.329034667469674 7.329034667469674 7.329034667469674 7.329034667469674 7.329034667469674 7.329034667469674 7.329034667469674 7.329034667469674 7.329034667469674 7.329034667469674 7.329034667469674 7.329034667469674 
# NS_mass_list
-10.0 -10.0 5.591105509530751 6.825024291447444 7.222450307976958 7.363330627867011 7.423048763163494 7.445389411547658 7.447435336315073 7.447578635589692 7.447586595324872 7.447588279962105 7.44758833747777 7.447588349714523 7.447588357361215 7.447588362840352 7.447588373281881 7.447588373281881 7.447588373281881 7.447588373281881 7.447588373281881 7.447588373281881 7.447588373281881 7.447588373281881 7.447588373281881 7.447588373281881 7.447588373281881 7.447588373281881 7.447588373281881 7.447588373281881 7.447588373281881 7.447588373281881 7.447588373281881 7.447588373281881 7.447588373281881 7.447588373281881 7.447588373281881 7.447588373281881 7.447588373281881 7.447588373281881 7.447588373281881 7.447588373281881 7.447588373281881 7.447588373281881 7.447588373281881 7.447588373281881 7.447588373281881 7.447588373281881 7.447588373281881 7.447588373281881 7.447588373281881 7.447588373281881 7.447588373281881 7.447588373281881 7.447588373281881 7.447588373281881 7.447588373281881 7.447588373281881 7.447588373281881 
# WD_mass_list
-10.0 -10.0 -10.0 -10.0 -10.0 3.909257997295343 5.220869404060143 6.023320031084762 6.4030861643540895 6.579904554256737 6.687565100371557 6.762671813212832 6.819323142815034 6.864238885726872 6.901117999903307 6.93217931108535 7.038042629627053 7.148158450769446 7.21070660179894 7.253467006575257 7.285297251582551 7.310244234181967 7.33060849304005 7.347695982760801 7.362434418362536 7.363795687176944 7.365093109639739 7.366378245857844 7.367656984234511 7.368949357381026 7.370237900234546 7.3715369707289 7.372813358093811 7.3751905583971045 7.386470345577729 7.405806180125802 7.4218023035379455 7.4355058774924085 7.447246352298893 7.4622756226656355 7.475142525654427 7.48625935315456 7.4898154580624485 7.496057903679479 7.5049454384601 7.512736670965131 7.517619099573519 7.519806093013139 7.528691822898759 7.538012762023522 7.554335494618175 7.566917367295908 7.575999034580748 7.583120475922241 7.588993181746724 7.593320596134083 7.597241571956391 7.600366257029369 7.602921612124493 
