# time_axis
5.999999999999999 7.0 7.30102999566398 7.477121254719661 7.602059991327962 7.698970004336018 7.778151250383643 7.845098040014256 7.903089986991943 7.954242509439324 8.0 8.041392685158224 8.079181246047623 8.113943352306837 8.146128035678238 8.176091259055681 8.301029995663981 8.47712125471966 8.60205999132796 8.698970004336019 8.778151250383644 8.845098040014257 8.903089986991942 8.954242509439323 8.999999999999998 9.004321373782641 9.008600171761916 9.012837224705171 9.017033339298779 9.021189299069936 9.02530586526477 9.02938377768521 9.033423755486949 9.041392685158224 9.079181246047623 9.146128035678236 9.204119982655923 9.255272505103305 9.301029995663981 9.361727836017593 9.414973347970816 9.462397997898954 9.477121254719663 9.505149978319904 9.544068044350274 9.57978359661681 9.60205999132796 9.612783856719734 9.653212513775342 9.698970004336017 9.778151250383642 9.845098040014257 9.903089986991944 9.954242509439325 10.0 10.041392685158225 10.079181246047623 10.113943352306835 10.146128035678236 
# total_gas_mass_list
8.40231034070977 10.059728783226301 10.386485075380346 10.14971025702192 9.866515310731968 9.545088324887896 9.19543563951247 8.82501085445085 8.439266996026735 8.042666369816915 7.6400135948502275 7.238460621509485 6.851130954395979 6.501460894078071 6.22130966230614 nan nan nan nan nan nan nan nan nan nan nan nan nan nan nan nan nan nan nan nan nan nan nan nan nan nan nan nan nan nan nan nan nan nan nan nan nan nan nan nan nan nan nan nan 
# ejected_gas_mass_list
-10.0 -10.0 3.768297301677467 5.865165688680066 6.440679518352722 6.665081442904122 6.789109457051936 6.869404014538477 6.927434490163983 6.972238891542578 7.008747897639572 7.039372095106339 7.065554134810681 7.088245488638151 7.108207688625166 nan nan nan nan nan nan nan nan nan nan nan nan nan nan nan nan nan nan nan nan nan nan nan nan nan nan nan nan nan nan nan nan nan nan nan nan nan nan nan nan nan nan nan nan 
# stellar_mass_list
-10.0 6.3054003277017125 7.970926982113934 8.383148615848807 8.38011713136876 8.365910178588537 8.348445679863726 8.331366326555937 8.315864777919296 8.302068871623497 8.289893931610468 8.27920725166793 8.269732737467905 8.2612914541264 8.253711075324958 8.24679713603525 8.219415679964673 8.18279120259979 8.157085720104401 8.136946595744824 8.120166836861898 8.105669732061862 8.092912344661158 8.081376990653817 8.070872296378317 8.069859035424257 8.068867256221546 8.067895980734612 8.066938256904272 8.065984499532114 8.065030234125091 8.064070280644309 8.06311129094127 8.061245218903725 8.052387530130906 8.036380412105515 8.02228535738983 8.009462297889826 7.99787093934476 7.98225192810076 7.968100017828519 7.955207640827173 7.951002348481438 7.943289602601593 7.932048044932425 7.921808427508026 7.9151389154235074 7.912115583508254 7.89956502556533 7.885698687143276 7.859853872244818 7.83750116152519 7.818198780513458 7.800724189773773 7.784399972873057 7.770518683417531 7.756822333054853 7.744556480516551 7.733396554298603 
# remnant_mass_list
-10.0 -10.0 4.751039606502289 6.9244893635262 7.4660914773141025 7.627994399824351 7.703311886233464 7.744043642467514 7.768641357592391 7.785223121364325 7.797478827270677 7.807169638758706 7.815190061672141 7.82203852303105 7.82801662781159 nan nan nan nan nan nan nan nan nan nan nan nan nan nan nan nan nan nan nan nan nan nan nan nan nan nan nan nan nan nan nan nan nan nan nan nan nan nan nan nan nan nan nan nan 
# BH_mass_list
-10.0 -10.0 4.5018667151559555 6.775004565117357 7.297013921120606 7.412456459859551 7.451554112541616 7.4648172303116285 7.468961249719465 7.470124700870834 7.470412829112343 7.47047481193848 7.4704844613120756 7.470485035865758 7.470485038066349 7.470485038066349 7.470485038066349 7.470485038066349 7.470485038066349 7.470485038066349 7.470485038066349 7.470485038066349 7.470485038066349 7.470485038066349 7.470485038066349 7.470485038066349 7.470485038066349 7.470485038066349 7.470485038066349 7.470485038066349 7.470485038066349 7.470485038066349 7.470485038066349 7.470485038066349 7.470485038066349 7.470485038066349 7.470485038066349 7.470485038066349 7.470485038066349 7.470485038066349 7.470485038066349 7.470485038066349 7.470485038066349 7.470485038066349 7.470485038066349 7.470485038066349 7.470485038066349 7.470485038066349 7.470485038066349 7.470485038066349 7.470485038066349 7.470485038066349 7.470485038066349 7.470485038066349 7.470485038066349 7.470485038066349 7.470485038066349 7.470485038066349 7.470485038066349 
# NS_mass_list
-10.0 -10.0 4.391110089998214 6.388701440770259 6.974593581854137 7.220393118326036 7.345865554071398 7.412101255710992 7.442639787136702 7.456046249086288 7.4615985771008875 7.463759668809331 7.464549781459895 7.464821431061372 7.464902309221641 7.464927215017779 7.4649336226065355 7.4649336226065355 7.4649336226065355 7.4649336226065355 7.4649336226065355 7.4649336226065355 7.4649336226065355 7.4649336226065355 7.4649336226065355 7.4649336226065355 7.4649336226065355 7.4649336226065355 7.4649336226065355 7.4649336226065355 7.4649336226065355 7.4649336226065355 7.4649336226065355 7.4649336226065355 7.4649336226065355 7.4649336226065355 7.4649336226065355 7.4649336226065355 7.4649336226065355 7.4649336226065355 7.4649336226065355 7.4649336226065355 7.4649336226065355 7.4649336226065355 7.4649336226065355 7.4649336226065355 7.4649336226065355 7.4649336226065355 7.4649336226065355 7.4649336226065355 7.4649336226065355 7.4649336226065355 7.4649336226065355 7.4649336226065355 7.4649336226065355 7.4649336226065355 7.4649336226065355 7.4649336226065355 7.4649336226065355 
# WD_mass_list
-10.0 -10.0 -10.0 -10.0 -10.0 2.8773086679596824 4.627583794229373 5.678997886027185 6.189951250357078 6.460220620430169 6.627743082980052 6.741196140208757 6.822989523993245 6.884956538231045 6.933864874566716 nan nan nan nan nan nan nan nan nan nan nan nan nan nan nan nan nan nan nan nan nan nan nan nan nan nan nan nan nan nan nan nan nan nan nan nan nan nan nan nan nan nan nan nan 
