# time_axis
1000000 10000000 20000000 30000000 40000000 50000000 60000000 70000000 80000000 90000000 100000000 200000000 300000000 400000000 500000000 600000000 700000000 800000000 900000000 1000000000 1010000000 1020000000 1030000000 1040000000 1050000000 1060000000 1070000000 1080000000 1100000000 1200000000 1400000000 1600000000 1800000000 2000000000 2300000000 2600000000 2900000000 3000000000 3200000000 3500000000 3800000000 4000000000 4100000000 4500000000 5000000000 6000000000 7000000000 8000000000 9000000000 10000000000 11000000000 12000000000 13000000000 14000000000 
# SNIa_energy_release_list
0 0.0 0.0 0.0 0.0 0.0 2.1682571083456745e+55 1.0401279703110514e+57 3.810057043774802e+57 8.392318384772239e+57 1.460456535540366e+58 8.379280623008731e+58 1.1769220502049113e+59 1.3977479433046712e+59 1.5619708390930752e+59 1.6927960729659483e+59 1.8015591575882643e+59 1.8946334662551126e+59 1.9759862024438277e+59 2.0482429426286136e+59 2.0550431402706436e+59 2.0617726449210264e+59 2.0684330882557455e+59 2.0750252120599686e+59 2.081551756981876e+59 2.088013068738145e+59 2.0944108575713676e+59 2.100746610276113e+59 2.113232469847235e+59 2.1722867121325552e+59 2.2763384555449e+59 2.365953452983068e+59 2.4446525310298346e+59 2.5148122053621122e+59 2.6075783445442384e+59 2.688697082213279e+59 2.7607710567218266e+59 2.7831199029080696e+59 2.825616458901098e+59 2.8845534948195864e+59 2.938565004405868e+59 2.972229137950403e+59 2.9884243061764598e+59 3.0494328281467494e+59 3.118399299767915e+59 3.23757500234543e+59 3.338166185024057e+59 3.4252182042375003e+59 3.5019391846548253e+59 3.5705050425912064e+59 3.6325228448565934e+59 3.6891111068251035e+59 3.7411354644829458e+59 3.789293300378127e+59 
# SNII_energy_release_list
0 -1.0505161142926379e+56 -4.87853996030127e+57 -1.0857184733491471e+58 -1.4354434655106686e+58 -1.5556393624378122e+58 -1.5058652853505193e+58 -1.3671823727151705e+58 -1.1818568548645502e+58 3.4778709769367147e+55 4.395664903283975e+57 7.1352952326839e+57 7.1352952326839e+57 7.1352952326839e+57 7.1352952326839e+57 7.1352952326839e+57 7.1352952326839e+57 7.1352952326839e+57 7.1352952326839e+57 7.1352952326839e+57 7.1352952326839e+57 7.1352952326839e+57 7.1352952326839e+57 7.1352952326839e+57 7.1352952326839e+57 7.1352952326839e+57 7.1352952326839e+57 7.1352952326839e+57 7.1352952326839e+57 7.1352952326839e+57 7.1352952326839e+57 7.1352952326839e+57 7.1352952326839e+57 7.1352952326839e+57 7.1352952326839e+57 7.1352952326839e+57 7.1352952326839e+57 7.1352952326839e+57 7.1352952326839e+57 7.1352952326839e+57 7.1352952326839e+57 7.1352952326839e+57 7.1352952326839e+57 7.1352952326839e+57 7.1352952326839e+57 7.1352952326839e+57 7.1352952326839e+57 7.1352952326839e+57 7.1352952326839e+57 7.1352952326839e+57 7.1352952326839e+57 7.1352952326839e+57 7.1352952326839e+57 7.1352952326839e+57 
# SN_energy_per_current_crossing_time_list
0.0 -1.2833490330780651e+57 -4.388386034659032e+57 -2.793786006546481e+57 -1.264672036273132e+57 -3.928388162996696e+56 1.5840626150752775e+56 4.468120381883121e+56 6.435943601736658e+56 1.2676605076461243e+58 6.627565624576214e+57 1.7235138593529587e+57 5.0135655959768835e+56 3.6367435185526486e+56 2.9047779494296986e+56 2.4383730295059467e+56 2.110963889248789e+56 1.8664317812704543e+56 1.6762811285281767e+56 1.523574407797178e+56 1.4368986500916223e+56 1.4249380840913272e+56 1.4132224159808917e+56 1.401564001113384e+56 1.3903905644901265e+56 1.3791969559240837e+56 1.368277317069211e+56 1.357617751338763e+56 1.3428045639152408e+56 1.2926373648438958e+56 1.1728902869783094e+56 1.0344882686522778e+56 9.268333890851823e+55 8.403858947854492e+55 7.565629209805019e+55 6.732529518071768e+55 6.070770799718587e+55 5.672882971680233e+55 5.437770816126195e+55 5.084085480903191e+55 4.703702965966089e+55 4.4235255358990465e+55 4.267299323601272e+55 4.059819934781066e+55 3.7101688518022854e+55 3.2610011494648946e+55 2.7892399334429675e+55 2.441542670013952e+55 2.1740002949284459e+55 1.96132477865753e+55 1.788629564638658e+55 1.6449412036113922e+55 1.5231069515403678e+55 1.41907719973026e+55 
# SN_energy_per_final_crossing_time_list
0.0 -9.172083532045865e+56 -3.750970589739551e+58 -4.697973279024723e+58 -2.7481122068827225e+58 -9.444901535951592e+57 3.917598110493344e+57 1.1197704546508748e+58 1.537895816793507e+58 9.449295974319215e+58 3.6098085793506306e+58 4.191565152231685e+57 9.989207989480938e+56 6.50712359022964e+56 4.839191021669681e+56 3.8550550099978543e+56 3.2049449625560455e+56 2.742640462442335e+56 2.3972383915330256e+56 2.129204741389215e+56 2.003828712001956e+56 1.98299745769767e+56 1.962647012828248e+56 1.9425151513729978e+56 1.923190882549788e+56 1.9039684867957027e+56 1.8852500518661303e+56 1.8669697338565475e+56 1.8396174067059697e+56 1.7401639259049457e+56 1.5330574342047802e+56 1.320352101111701e+56 1.1595212411437766e+56 1.0337050277979603e+56 9.111865222161522e+55 7.967810357840051e+55 7.079397154365237e+55 6.585582070632225e+55 6.261275299831563e+55 5.789033936495054e+55 5.305228827400697e+55 4.95994093938359e+55 4.772264689263686e+55 4.494377753275651e+55 4.0644993947177785e+55 3.5117757919538845e+55 2.9641417887597683e+55 2.5651803773981255e+55 2.2607534584433403e+55 2.020444728646919e+55 1.8274917785704896e+55 1.6674983590762045e+55 1.5330128194203897e+55 1.41907719973026e+55 
# total_energy_release_list
0 -1.0505161142926379e+56 -4.87853996030127e+57 -1.0857184733491471e+58 -1.4354434655106686e+58 -1.5556393624378122e+58 -1.5036970282421735e+58 -1.2631695756840655e+58 -8.0085115048707e+57 8.427097094541607e+57 1.9000230258687636e+58 9.092810146277121e+58 1.2482750025317502e+59 1.46910089563151e+59 1.633323791419914e+59 1.7641490252927872e+59 1.8729121099151033e+59 1.9659864185819515e+59 2.047339154770667e+59 2.1195958949554525e+59 2.1263960925974825e+59 2.1331255972478653e+59 2.1397860405825844e+59 2.1463781643868075e+59 2.152904709308715e+59 2.159366021064984e+59 2.1657638098982065e+59 2.1720995626029517e+59 2.184585422174074e+59 2.243639664459394e+59 2.347691407871739e+59 2.4373064053099067e+59 2.5160054833566735e+59 2.586165157688951e+59 2.6789312968710773e+59 2.760050034540118e+59 2.8321240090486656e+59 2.8544728552349085e+59 2.896969411227937e+59 2.9559064471464253e+59 3.0099179567327067e+59 3.0435820902772418e+59 3.0597772585032987e+59 3.1207857804735883e+59 3.189752252094754e+59 3.3089279546722688e+59 3.409519137350896e+59 3.4965711565643393e+59 3.5732921369816643e+59 3.6418579949180453e+59 3.7038757971834323e+59 3.7604640591519424e+59 3.8124884168097847e+59 3.8606462527049657e+59 
# binding_energy_list
4.2072662838444635e+54 9.954054173515213e+54 1.452111617587739e+55 1.766037820686164e+55 1.8967059212111405e+55 1.936421963946603e+55 1.9275249131909208e+55 1.9186687406702949e+55 1.845015419179466e+55 1.088930093333431e+55 9.397233105646356e+54 6.22300285169155e+54 5.610479760324735e+54 5.3088444423099006e+54 5.116818355403115e+54 4.977370849789391e+54 4.87528490103389e+54 4.7973344863668626e+54 4.731512589614774e+54 4.6773514128720006e+54 4.6665938031428536e+54 4.6665938031428536e+54 4.655860935229582e+54 4.655860935229582e+54 4.6451527522275115e+54 4.6451527522275115e+54 4.6451527522275115e+54 4.634469197362846e+54 4.623810213992594e+54 4.5919801283686756e+54 4.5185594437492354e+54 4.466835921509616e+54 4.425883723626274e+54 4.385306977749887e+54 4.345102241715697e+54 4.30526610491711e+54 4.2756288615158644e+54 4.2657951880159515e+54 4.24619563946313e+54 4.226686142656007e+54 4.2072662838444635e+54 4.197589839910052e+54 4.1879356511791826e+54 4.168693834703329e+54 4.1495404263436495e+54 4.120975190973321e+54 4.0926065973001265e+54 4.073802778041122e+54 4.05508535448381e+54 4.036453929676065e+54 4.027170343254562e+54 4.008667176273042e+54 3.999447497610945e+54 3.990249023621412e+54 
# total_gas_kinetic_energy_list
1.600408300236386e+57 7.226188382133851e+58 1.4330654278409621e+59 1.7413210214394917e+59 1.8331812623740552e+59 1.8134822630810882e+59 1.7496993586066617e+59 1.6739233918899108e+59 1.6138292400369913e+59 2.035584044702889e+59 2.129853330261385e+59 2.3319327620738023e+59 2.382685573177522e+59 2.4085424897214808e+59 2.424580747920007e+59 2.4356592648787463e+59 2.443877318541363e+59 2.4503501837228e+59 2.4556552881111245e+59 2.4601027022725004e+59 2.460509483225886e+59 2.4609115182770006e+59 2.461306949588779e+59 2.461695558787501e+59 2.4620773366625517e+59 2.4624525595618746e+59 2.462821311085165e+59 2.463188394314557e+59 2.4639103133369237e+59 2.467215381120537e+59 2.472692644468955e+59 2.477035007670761e+59 2.480633750817588e+59 2.483639092968798e+59 2.4872933344427778e+59 2.490256300248144e+59 2.4927008854847447e+59 2.4934415506341353e+59 2.4947624177252264e+59 2.496538069260131e+59 2.4980074965742618e+59 2.498903737622602e+59 2.4992939640980776e+59 2.500792622362898e+59 2.5022769767494494e+59 2.5045808203982598e+59 2.5062607485563404e+59 2.507691128443785e+59 2.5089735593443153e+59 2.510149177505822e+59 2.5111594751207473e+59 2.5121325657574903e+59 2.513008002179597e+59 2.5137970133869993e+59 
