# time_axis
5.999999999999999 7.0 7.30102999566398 7.477121254719661 7.602059991327962 7.698970004336018 7.778151250383643 7.845098040014256 7.903089986991943 7.954242509439324 8.0 8.301029995663981 8.47712125471966 8.60205999132796 8.698970004336019 8.778151250383644 8.845098040014257 8.903089986991942 8.954242509439323 8.999999999999998 9.004321373782641 9.008600171761916 9.012837224705171 9.017033339298779 9.021189299069936 9.02530586526477 9.02938377768521 9.033423755486949 9.041392685158224 9.079181246047623 9.146128035678236 9.204119982655923 9.255272505103305 9.301029995663981 9.361727836017593 9.414973347970816 9.462397997898954 9.477121254719663 9.505149978319904 9.544068044350274 9.57978359661681 9.60205999132796 9.612783856719734 9.653212513775342 9.698970004336017 9.778151250383642 9.845098040014257 9.903089986991944 9.954242509439325 10.0 10.041392685158225 10.079181246047623 10.113943352306835 10.146128035678236 
# total_gas_mass_list
8.435289640643646 10.099495541850105 10.386374599804501 10.459976940649089 10.477290510499037 10.471700922179664 10.457366419911892 10.433891473001227 10.424557933751847 10.534264885395036 10.55784402216941 10.59806710751867 10.607226812670696 10.611823422391893 10.614741572462096 10.61681096578023 10.61836982757369 10.619599250331522 10.62060262499687 10.621440822236313 10.621517432698264 10.621593020866927 10.621667355414571 10.621740401455098 10.621812163124174 10.621882688494226 10.62195200281624 10.622020935301228 10.622156417130691 10.62277632592483 10.623801318819226 10.624611892102749 10.625281227435133 10.625839428920662 10.626520934755282 10.627076207756529 10.627536245712387 10.627675823648126 10.627926288489554 10.628263630493596 10.628546528273702 10.628719387720983 10.628795851975104 10.629087808407794 10.629383183207572 10.629849223750712 10.630198614827007 10.63049695258394 10.6307632076497 10.631005665827796 10.63121635070801 10.631416756712332 10.631597980702795 10.631762044110442 
# ejected_gas_mass_list
-10.0 -10.0 -10.0 -10.0 -10.0 -10.0 -10.0 -10.0 -10.0 -10.0 9.240358902805152 9.717770234298218 9.782901936956138 9.812692745529382 9.83074945278164 9.84318423105961 9.852359489495205 9.859484069742834 9.865227944910623 9.869978698771831 9.870410787013702 9.870836763138456 9.871255339620303 9.871666337616052 9.872069797845029 9.872466007342975 9.872855123931366 9.873241813023592 9.874000999160451 9.877460887744792 9.883132544964582 9.887575206059568 9.891215978120574 9.894233329020333 9.897894202779677 9.900858542291244 9.903302079902412 9.90404126139499 9.905365128740547 9.9071430437711 9.908629486392595 9.909535726743515 9.909936113903125 9.911462135004706 9.913001624880229 9.91542169362563 9.91722890988187 9.918767268879353 9.920136497294594 9.921380332132731 9.922458843390606 9.92348274068205 9.924406966562097 9.925242313789726 
# stellar_mass_list
-10.0 8.271599771096968 9.937544127379379 10.264109569103473 10.381731494160581 10.43765212655432 10.46688203552172 10.483874477877823 10.491141033934278 10.13466036517033 10.05507957716095 9.851010429696045 9.782056287184423 9.740925674487773 9.7120571564774 9.690028117996542 9.672345726351853 9.65765003202223 9.645111000080977 9.63422361535178 9.633208000164577 9.632202433283506 9.631210502955978 9.630232900315299 9.629269818237566 9.62832075787471 9.627385197089657 9.626450957494477 9.62460506634571 9.616022306653493 9.601240016081341 9.588920502507067 9.578240287724096 9.568953974646467 9.55708100452484 9.546877637604457 9.538001556528837 9.535212601433221 9.530146929124127 9.523016688479457 9.516811880900713 9.512838244178306 9.511081258511707 9.503978971176933 9.496473881484736 9.483389077712655 9.472692878819032 9.463355156883049 9.454773916953037 9.44668233241702 9.439722291875855 9.432797384221209 9.426519094678753 9.420809603156872 
# remnant_mass_list
-10.0 -10.0 6.352106990857997 8.41911812319443 8.952191798223854 9.136900105131915 9.201508653528675 9.236790819472507 9.26522768468883 9.292545472473739 9.192702894778417 9.25550945845792 9.322730360085757 9.354573641309594 9.374067460733066 9.387576098134234 9.397644205336874 9.405524349239196 9.4119198820225 9.417236887304064 9.41772245180793 9.418201774981725 9.418672640131687 9.419134670345816 9.41958776560364 9.420032300170474 9.420468667790832 9.420904269793342 9.421761879494257 9.425666187791267 9.432103389631877 9.437192783925074 9.441433901715781 9.44497774017005 9.44930829870939 9.452881491022229 9.455873969431236 9.456803567839868 9.458436492945737 9.460709886503098 9.462598221849381 9.463806524486479 9.464311584549076 9.46640955284963 9.468495914008873 9.472041195234429 9.47477997117405 9.47711199027398 9.479254923756693 9.48129122637243 9.482948142546517 9.484651344900199 9.486151269239864 9.487474559643037 
# BH_mass_list
-10.0 -10.0 -10.0 -10.0 -10.0 -10.0 -10.0 -10.0 -10.0 -10.0 -10.0 -10.0 -10.0 -10.0 -10.0 -10.0 -10.0 -10.0 -10.0 -10.0 -10.0 -10.0 -10.0 -10.0 -10.0 -10.0 -10.0 -10.0 -10.0 -10.0 -10.0 -10.0 -10.0 -10.0 -10.0 -10.0 -10.0 -10.0 -10.0 -10.0 -10.0 -10.0 -10.0 -10.0 -10.0 -10.0 -10.0 -10.0 -10.0 -10.0 -10.0 -10.0 -10.0 -10.0 
# NS_mass_list
-10.0 -10.0 6.352106990857997 8.41911812319443 8.954143758166204 9.25727990625637 9.457252258515716 9.5991005793451 9.705071196518661 9.787335465025507 9.819902603526176 9.835186415458262 9.835186415458262 9.835186415458262 9.835186415458262 9.835186415458262 9.835186415458262 9.835186415458262 9.835186415458262 9.835186415458262 9.835186415458262 9.835186415458262 9.835186415458262 9.835186415458262 9.835186415458262 9.835186415458262 9.835186415458262 9.835186415458262 9.835186415458262 9.835186415458262 9.835186415458262 9.835186415458262 9.835186415458262 9.835186415458262 9.835186415458262 9.835186415458262 9.835186415458262 9.835186415458262 9.835186415458262 9.835186415458262 9.835186415458262 9.835186415458262 9.835186415458262 9.835186415458262 9.835186415458262 9.835186415458262 9.835186415458262 9.835186415458262 9.835186415458262 9.835186415458262 9.835186415458262 9.835186415458262 9.835186415458262 9.835186415458262 
# WD_mass_list
-10.0 -10.0 -10.0 -10.0 -10.0 -10.0 6.301962858903726 7.386445154284459 7.894146921927175 8.210580554372658 8.43318785391022 9.08414057666569 9.180490596114412 9.224072226191792 9.250197076912583 9.26807367175724 9.281282757335783 9.29155570386772 9.299852152667828 9.306722149071353 9.30734831776741 9.307966239182436 9.308573065055878 9.309168320431121 9.309751887287137 9.310324258107125 9.310885949650578 9.311446494159426 9.312549618980992 9.317563805390758 9.325803210752579 9.332293503285149 9.337686160079615 9.342181321201553 9.347661120225787 9.352171718397472 9.355941806410112 9.35711159502742 9.359164873782463 9.362020195139985 9.364388995090222 9.36590336452938 9.366536041993971 9.3691621353598 9.371770544105244 9.376195769700363 9.379608207162981 9.38250968229838 9.385172557345637 9.387699986014821 9.389754423240117 9.391864297060554 9.393720724734935 9.395357273644953 
