# time_axis
5.999999999999999 7.0 7.30102999566398 7.477121254719661 7.602059991327962 7.698970004336018 7.778151250383643 7.845098040014256 7.903089986991943 7.954242509439324 8.0 8.041392685158224 8.079181246047623 8.113943352306837 8.146128035678238 8.176091259055681 8.204119982655925 8.230448921378272 8.255272505103306 8.278753600952827 8.301029995663981 8.47712125471966 8.60205999132796 8.698970004336019 8.778151250383644 8.845098040014257 8.903089986991942 8.954242509439323 8.999999999999998 9.004321373782641 9.008600171761916 9.012837224705171 9.017033339298779 9.021189299069936 9.02530586526477 9.02938377768521 9.033423755486949 9.041392685158224 9.079181246047623 9.146128035678236 9.204119982655923 9.255272505103305 9.301029995663981 9.361727836017593 9.414973347970816 9.462397997898954 9.477121254719663 9.505149978319904 9.544068044350274 9.57978359661681 9.60205999132796 9.612783856719734 9.653212513775342 9.698970004336017 9.778151250383642 9.845098040014257 9.903089986991944 9.954242509439325 10.0 10.041392685158225 10.079181246047623 10.113943352306835 10.146128035678236 
# total_gas_mass_list
9.497940008672037 9.494947145745416 9.49334216373257 9.492037266240402 9.490850121349714 9.489725298776298 9.488598375965251 9.487468572779843 9.486335897435653 9.485200134729238 9.484061795607722 9.482920739215038 9.481776945211438 9.480630386165824 9.479481015419447 9.478328796103428 9.477173586348265 9.476015284867572 9.474853901029785 9.473689374758926 9.472521823131709 9.475365146785187 9.475395793182459 9.475416656397597 9.475432588744516 9.475445474462896 9.475456354386369 9.475465731521576 9.475473982189262 9.475474753943882 9.475475522205922 9.475476277024708 9.47547702423861 9.475477764996603 9.475478498982433 9.475479223240344 9.475479953525657 9.475481352919719 9.47548801687743 9.475499669847924 9.475509623476244 9.475518366222628 9.475526106673701 9.475536301655042 9.475545189463187 9.475553062509768 9.475555503812236 9.47556014011858 9.475566539845373 9.475572426691045 9.475576081038048 9.47557783954236 9.475584458192909 9.475591929565216 9.475604814566159 9.47561567437492 9.475625064380367 9.475633318125025 9.475640715794786 9.47564738547669 9.475653475195879 9.475659072179592 9.475664247555452 
# ejected_gas_mass_list
-10.0 -10.0 -10.0 -10.0 -10.0 6.599239765552933 6.932474418472002 7.118802897024873 7.248784051557793 7.348674461586902 7.42987683643343 7.498288029354006 7.557397588419243 7.609436359226973 7.655916422853977 7.697911555082907 7.736205627883378 7.77139447355295 7.803945312463663 7.834224385204752 7.862533591590873 7.965508760043215 7.966499035248961 7.967171937423063 7.967685124629139 7.968099749370515 7.968449535111148 7.968750787882472 7.969015684071035 7.969040454044166 7.969065110561394 7.969089334311486 7.9691133127153435 7.969137082680398 7.969160634092342 7.969183872151617 7.96920730238244 7.969252196654187 7.969465922897986 7.9698394118927105 7.970158189095962 7.970437999445063 7.9706855858009895 7.97101147434898 7.971295385191917 7.971546730558191 7.9716246400169934 7.971772561531003 7.971976664892222 7.972164329179451 7.972280785074919 7.972336813910702 7.972547632242935 7.9727854925659845 7.973195406197888 7.973540601126635 7.973838862129218 7.974100867593625 7.97433556794182 7.974547066714113 7.974740087516386 7.974917417249938 7.9750813267709235 
# stellar_mass_list
-10.0 7.454821665207646 7.601375376964093 7.689704322176413 7.755464917355557 7.80855070328688 7.853348233016101 7.892273381208778 7.926773888164155 7.957809472007605 7.986049550893653 8.011982652194035 8.035976500220654 8.058314579953846 8.079221856156595 8.098879525009378 8.117435886368238 8.135013164592973 8.151714656527629 8.16762696892529 8.182825869001167 8.019968082722569 7.9801445148122 7.954435740477559 7.935394671591871 7.920286730152837 7.907777386909812 7.897113939713061 7.887825542719427 7.8869586866602175 7.886105094345049 7.885261762405121 7.884430332016618 7.883604554953643 7.882784708671447 7.881976540882248 7.881176606158842 7.879611529639447 7.872249223813021 7.859490740651139 7.848705750263577 7.839357012396077 7.831137482826911 7.820419968269331 7.811149957990184 7.803003595907671 7.8004844870054875 7.795730219678883 7.7891536415603 7.783220917244209 7.7794905767212414 7.777743042035322 7.771045017603096 7.76362378752112 7.750798628663067 7.7401040117282225 7.730736659027217 7.722243958190669 7.714475207104616 7.707348455375513 7.700724509863692 7.69446500807204 7.688674908980407 
# remnant_mass_list
-10.0 -10.0 5.414683961242206 6.0467241728188945 6.349251615246998 6.546835940193816 6.692231782495662 6.806665514963363 6.900630132325272 6.980150849380241 7.048957102504874 7.10950994223878 7.163517964310896 7.212215827695333 7.256520415649807 7.297132111271926 7.334597236956611 7.369351647812766 7.4017458742644795 7.4320688877266115 7.460557360693276 7.57386775956381 7.6054563366986105 7.623902695638352 7.636672105308803 7.64630186242164 7.6539583898827255 7.660268993182052 7.665610467627663 7.666101839617521 7.666584288039606 7.667059811159091 7.667527375678522 7.667990902603512 7.6684502225028535 7.668901826882147 7.669347824460633 7.670217090600671 7.6742558997633035 7.681059726521066 7.686624820282304 7.69131690719377 7.695342980313542 7.700457614234428 7.70476375685964 7.708459811723363 7.709586912143371 7.711692447488559 7.714562822929792 7.7171064764461015 7.718687787461347 7.719421664393942 7.722209194685579 7.7252356479048085 7.730335326876306 7.734458204674623 7.737986607063764 7.7411262625542365 7.743948568011841 7.746494275643554 7.748824756167367 7.750998471064057 7.752979052435743 
# BH_mass_list
-10.0 -10.0 -10.0 -10.0 -10.0 -10.0 -10.0 -10.0 -10.0 -10.0 -10.0 -10.0 -10.0 -10.0 -10.0 -10.0 -10.0 -10.0 -10.0 -10.0 -10.0 -10.0 -10.0 -10.0 -10.0 -10.0 -10.0 -10.0 -10.0 -10.0 -10.0 -10.0 -10.0 -10.0 -10.0 -10.0 -10.0 -10.0 -10.0 -10.0 -10.0 -10.0 -10.0 -10.0 -10.0 -10.0 -10.0 -10.0 -10.0 -10.0 -10.0 -10.0 -10.0 -10.0 -10.0 -10.0 -10.0 -10.0 -10.0 -10.0 -10.0 -10.0 -10.0 
# NS_mass_list
-10.0 -10.0 5.949937624296689 6.3758792109221725 6.615819117469536 6.780834890579154 6.900128132593912 6.9932935647375825 7.069600204861848 7.134141191209554 7.190050657138967 7.239329661686638 7.2833611060960886 7.323134673571556 7.359384094091257 7.392668665414691 7.423411807876072 7.4519614019052165 7.4786107678010385 7.50358898089222 7.527085444069656 7.568129125026224 7.568129125026224 7.568129125026224 7.568129125026224 7.568129125026224 7.568129125026224 7.568129125026224 7.568129125026224 7.568129125026224 7.568129125026224 7.568129125026224 7.568129125026224 7.568129125026224 7.568129125026224 7.568129125026224 7.568129125026224 7.568129125026224 7.568129125026224 7.568129125026224 7.568129125026224 7.568129125026224 7.568129125026224 7.568129125026224 7.568129125026224 7.568129125026224 7.568129125026224 7.568129125026224 7.568129125026224 7.568129125026224 7.568129125026224 7.568129125026224 7.568129125026224 7.568129125026224 7.568129125026224 7.568129125026224 7.568129125026224 7.568129125026224 7.568129125026224 7.568129125026224 7.568129125026224 7.568129125026224 7.568129125026224 
# WD_mass_list
-10.0 -10.0 -10.0 -10.0 -10.0 4.015850655931237 5.126704266346766 5.5362335587370035 5.794380764653635 5.981951406236495 6.128010017849474 6.247146782592383 6.347411514681848 6.4337579838304935 6.509431719719702 6.576670439447543 6.637158091136622 6.692075858004428 6.742246989211987 6.788395187310368 6.831080538234149 7.101051301460054 7.188870098321144 7.2354557015529455 7.266049368541549 7.288327320056129 7.305592810922933 7.319543686681763 7.331164501286582 7.332225150170914 7.33326518696556 7.3342889902510136 7.335294400642956 7.336289902052984 7.337275167417042 7.338242721288033 7.33919713644838 7.3410541254493245 7.349627338363224 7.36387181372971 7.375345329818107 7.3848998237478725 7.393014101646673 7.4032139416327585 7.411710280741143 7.4189383478714666 7.42113090545203 7.425212495128143 7.430747071809615 7.435623542691391 7.438641972190005 7.4400394249274235 7.4453281295221165 7.451035973432429 7.460575272549876 7.468217097260169 7.474708445283758 7.480447734712967 7.485577847096896 7.49018198811258 7.494377876174617 7.4982753801160325 7.501813205019525 
