# time_axis
5.999999999999999 7.0 7.30102999566398 7.477121254719661 7.602059991327962 7.698970004336018 7.778151250383643 7.845098040014256 7.903089986991943 7.954242509439324 8.0 8.041392685158224 8.079181246047623 8.113943352306837 8.146128035678238 8.176091259055681 8.204119982655925 8.230448921378272 8.255272505103306 8.278753600952827 8.301029995663981 8.47712125471966 8.60205999132796 8.698970004336019 8.778151250383644 8.845098040014257 8.903089986991942 8.954242509439323 8.999999999999998 9.004321373782641 9.008600171761916 9.012837224705171 9.017033339298779 9.021189299069936 9.02530586526477 9.02938377768521 9.033423755486949 9.041392685158224 9.079181246047623 9.146128035678236 9.204119982655923 9.255272505103305 9.301029995663981 9.361727836017593 9.414973347970816 9.462397997898954 9.477121254719663 9.505149978319904 9.544068044350274 9.57978359661681 9.60205999132796 9.612783856719734 9.653212513775342 9.698970004336017 9.778151250383642 9.845098040014257 9.903089986991944 9.954242509439325 10.0 10.041392685158225 10.079181246047623 10.113943352306835 10.146128035678236 
# total_gas_mass_list
9.80996538863748 9.80909265416852 9.808551004766871 9.808080922214115 9.80763901047937 9.807212067182753 9.806784681170969 9.80635684708471 9.805928507481122 9.805499823610576 9.805070770440222 9.804641304854616 9.804211431382276 9.803781126262294 9.803350332915057 9.802918994100095 9.802487251351549 9.802055009647232 9.801622329057002 9.8011894353596 9.800756659030595 9.80141605653456 9.801423316810315 9.801428046040229 9.801431303632171 9.8014342607122 9.801436549221943 9.801438626841465 9.801440520165555 9.801440670970447 9.801440854625715 9.801441063875721 9.801441185151633 9.801441376687102 9.801441519891041 9.801441746445807 9.801441815839679 9.80144222490188 9.80144389274238 9.80144653982719 9.801448689841328 9.801450762374932 9.80145259857285 9.80145478539314 9.801456811241128 9.801458679975806 9.801459058001436 9.801460315166073 9.801461651958125 9.80146287030534 9.801463793209441 9.801464074330704 9.801465881622313 9.801466968509805 9.801470153344294 9.80147253505288 9.801474946919049 9.801476795723822 9.801478489138326 9.801479929057745 9.801481256777251 9.801482507190972 9.80148371678181 
# ejected_gas_mass_list
-10.0 -10.0 6.621914347723306 6.991882169125361 7.200483263083043 7.345297102001838 7.4537046478300635 7.540380225622055 7.612588968052551 7.6744965885396015 7.728676882874868 7.7768427503362005 7.820197700062163 7.8596142320758435 7.895744134357835 7.929088991243441 7.960056929466766 7.988958368049684 8.01605539166514 8.041573135406415 8.065704227867675 8.10015433365099 8.100519117888702 8.10075657121596 8.100920060028272 8.101068414834536 8.101183193815663 8.101287369970201 8.101382283845599 8.101389842943433 8.101399048492663 8.101409536721325 8.101415615314712 8.101425215289149 8.101432392696761 8.101443747425552 8.10144722532807 8.101467726273796 8.101551303520385 8.101683919378095 8.101791603375332 8.101895381976787 8.101987306169763 8.102096758434824 8.10219812977954 8.102291618779748 8.102310528235993 8.102373407851047 8.10244026040515 8.102501180786739 8.102547322706096 8.102561376813796 8.102651718181725 8.102706039729563 8.102865176235436 8.102984145644488 8.103104588925628 8.103196892003684 8.10328142023084 8.103353282354293 8.103419534587177 8.103481920263095 8.103542260847231 
# stellar_mass_list
-10.0 7.144004116335582 7.29055782809203 7.378886773304349 7.444647368483494 7.497735655731211 7.542580307590179 7.5815553236455795 7.616110591710978 7.647205682409481 7.675510217853954 7.701512233775697 7.725579172624048 7.747996264410124 7.768987940634822 7.788735348164689 7.807387777482922 7.82506606387629 7.841874324481503 7.85788739203714 7.873150278759582 7.710946628919114 7.671239437237296 7.645607369392368 7.62662693711377 7.6115615536225105 7.599088354228637 7.588458926309032 7.579194636258931 7.578334293337576 7.577481417760338 7.576644769876131 7.575810424756667 7.574989051825374 7.574170818658753 7.5733654575924625 7.572567944433912 7.571007064948336 7.563667682270984 7.550950606390414 7.54019662327107 7.530877781135709 7.522689331739294 7.5119943854283475 7.502761720313143 7.494641072060106 7.492119039185541 7.487394387610789 7.48083804173942 7.474904292080693 7.471212288465181 7.469458145752771 7.462798576374276 7.455376805272507 7.442619967133031 7.431967460521243 7.422692771353741 7.414271716394384 7.406618535151748 7.399597139573871 7.393051997171776 7.386862460420598 7.381218470560992 
# remnant_mass_list
-10.0 -10.0 6.110853715082936 6.458172000500879 6.661228503536518 6.804564630770204 6.914272737298687 7.002863442128017 7.076982057321963 7.140564732127633 7.19613663910987 7.245415429269612 7.289617086846467 7.329636799262374 7.366152279863243 7.399686827341868 7.430653683597638 7.459388177444593 7.486159804207033 7.511161432160742 7.534507502594237 7.593591165254667 7.608508094480279 7.617516834924446 7.623879375668022 7.628748290008065 7.632661345263033 7.635913527121521 7.638687853816512 7.638942588047692 7.639194716746579 7.6394414223926885 7.6396872164756475 7.639928655675478 7.640168945249063 7.640404903430894 7.640638250883433 7.641093485775394 7.643213932664965 7.646809096326644 7.6497728441070905 7.652286136976539 7.6544525299020005 7.657224796401034 7.659566850296573 7.661588511279397 7.662209724749011 7.663362896935153 7.664945143710623 7.6663568980408705 7.667226273303001 7.667636804505447 7.669182541574123 7.6708776502775855 7.673729835984357 7.676051726897055 7.678034174315106 7.6798079931163645 7.681396268896686 7.682833717436844 7.684157746481088 7.6853971143209785 7.686510734227013 
# BH_mass_list
-10.0 -10.0 5.93204337602581 6.233073371689791 6.4091646307454715 6.534035343797538 6.629820542107381 6.707344745456853 6.772312512466543 6.828102881103298 6.87688720995384 6.920147972299769 6.958934150684801 6.994022303646038 7.02600078547785 7.055323954956245 7.082352708016634 7.1073795676597795 7.13064097476866 7.152274418920381 7.17232242547098 7.1909356278416885 7.1909356278416885 7.1909356278416885 7.1909356278416885 7.1909356278416885 7.1909356278416885 7.1909356278416885 7.1909356278416885 7.1909356278416885 7.1909356278416885 7.1909356278416885 7.1909356278416885 7.1909356278416885 7.1909356278416885 7.1909356278416885 7.1909356278416885 7.1909356278416885 7.1909356278416885 7.1909356278416885 7.1909356278416885 7.1909356278416885 7.1909356278416885 7.1909356278416885 7.1909356278416885 7.1909356278416885 7.1909356278416885 7.1909356278416885 7.1909356278416885 7.1909356278416885 7.1909356278416885 7.1909356278416885 7.1909356278416885 7.1909356278416885 7.1909356278416885 7.1909356278416885 7.1909356278416885 7.1909356278416885 7.1909356278416885 7.1909356278416885 7.1909356278416885 7.1909356278416885 7.1909356278416885 
# NS_mass_list
-10.0 -10.0 5.639120075424626 6.065061662050109 6.305001568597473 6.469983425443601 6.588735461204809 6.681297070109905 6.757002616301401 6.821005308234844 6.8763744721981555 6.925109819215654 6.9685849556100825 7.007767603459956 7.043380766419086 7.076011950039704 7.106093746942778 7.133970437813515 7.159919631563622 7.184156885277132 7.20682833467153 7.246815469537536 7.246815469537536 7.246815469537536 7.246815469537536 7.246815469537536 7.246815469537536 7.246815469537536 7.246815469537536 7.246815469537536 7.246815469537536 7.246815469537536 7.246815469537536 7.246815469537536 7.246815469537536 7.246815469537536 7.246815469537536 7.246815469537536 7.246815469537536 7.246815469537536 7.246815469537536 7.246815469537536 7.246815469537536 7.246815469537536 7.246815469537536 7.246815469537536 7.246815469537536 7.246815469537536 7.246815469537536 7.246815469537536 7.246815469537536 7.246815469537536 7.246815469537536 7.246815469537536 7.246815469537536 7.246815469537536 7.246815469537536 7.246815469537536 7.246815469537536 7.246815469537536 7.246815469537536 7.246815469537536 7.246815469537536 
# WD_mass_list
-10.0 -10.0 -10.0 -10.0 -10.0 3.7050331070591738 4.816214490668951 5.225775613640359 5.483861476734324 5.670428720782315 5.815748743078677 5.934250087979607 6.03395590650955 6.119909634047069 6.195365052575401 6.262316236095194 6.322383740731672 6.376794867755472 6.4264506425983114 6.472067988805264 6.514208525130195 6.781978064446313 6.870630812049277 6.917758548258512 6.948732388728677 6.971310007640096 6.988813753237808 7.002957307197829 7.01474943875665 7.015820015240675 7.016877665288938 7.017910671406727 7.018938004574836 7.019945339647843 7.020946118012087 7.021927154684261 7.022895684816362 7.02478047499083 7.033478978714788 7.047933546567938 7.059584487865048 7.069285767840824 7.077521399634144 7.0878956217248605 7.096520992828058 7.103867601834221 7.106107107590171 7.110242380843896 7.115870573608006 7.1208484994979715 7.123893777240882 7.125326517228538 7.130691075496907 7.136520409271844 7.146205647218528 7.153979472094968 7.160540635002135 7.166353368288902 7.1715126911120235 7.176145839107307 7.1803835079544 7.184324651294027 7.187845156054176 
