# time_axis
5.999999999999999 7.0 7.30102999566398 7.477121254719661 7.602059991327962 7.698970004336018 7.778151250383643 7.845098040014256 7.903089986991943 7.954242509439324 8.0 8.041392685158224 8.079181246047623 8.113943352306837 8.146128035678238 8.176091259055681 8.301029995663981 8.47712125471966 8.60205999132796 8.698970004336019 8.778151250383644 8.845098040014257 8.903089986991942 8.954242509439323 8.999999999999998 9.004321373782641 9.008600171761916 9.012837224705171 9.017033339298779 9.021189299069936 9.02530586526477 9.02938377768521 9.033423755486949 9.041392685158224 9.079181246047623 9.146128035678236 9.204119982655923 9.255272505103305 9.301029995663981 9.361727836017593 9.414973347970816 9.462397997898954 9.477121254719663 9.505149978319904 9.544068044350274 9.57978359661681 9.60205999132796 9.612783856719734 9.653212513775342 9.698970004336017 9.778151250383642 9.845098040014257 9.903089986991944 9.954242509439325 10.0 10.041392685158225 10.079181246047623 10.113943352306835 10.146128035678236 
# total_gas_mass_list
8.684045203312506 9.706264339593634 9.213574777863126 8.663224321321776 8.110569308077562 7.558141955598239 7.006810019706294 6.459098602377821 5.923513060009257 5.427817683227607 5.0324998650690205 4.794012682521414 4.687033182472347 4.643554368057102 4.622560701534463 4.6085907875005585 5.243954914804483 5.612104052500247 5.787847733607275 5.902313996958532 5.98610224468164 6.051250035576973 6.1044324471368485 6.14906045103713 6.187667976167602 6.191182210357183 6.194595677460794 6.1979860159916536 6.201373556022872 6.204764115022407 6.208156297330353 6.2115513101164 6.214882816093606 6.221089329292574 6.250816478548792 6.3015969717598495 6.343368487157347 6.3788980803053965 6.409304311105358 6.44769367693963 6.480042071251099 6.507677223034518 6.516422891500745 6.531802580054256 6.553107509617381 6.571261965431971 6.582258802407407 6.587167758623424 6.6063799845948115 6.625906546342495 6.657834267930695 6.682300175693968 6.703009046516448 6.721536688202638 6.7387097143883326 6.753028298265232 6.767098033261844 6.779501727361906 6.790673324922931 
# ejected_gas_mass_list
-10.0 -10.0 3.0787899991109096 4.2055962085236125 4.661578941389149 4.903882669325846 5.062214169899274 5.173774991424352 5.259753702666527 5.332207916526718 5.393875442851874 5.446734807987607 5.492686079251593 5.533182925148691 5.569312129816658 5.601855730305374 5.728009215400709 5.885680368581352 5.988002450700797 6.06362518362075 6.1231037826160675 6.171568056754485 6.2124661466043944 6.247651925410049 6.278691449436095 6.281543378921188 6.2843176858898016 6.287077226743544 6.289838483150484 6.292606177830952 6.295379160071844 6.298158404862111 6.300889482620395 6.305987443462073 6.330582506384022 6.373246535794504 6.408918400065468 6.439642120383477 6.466198241572246 6.500052701417155 6.528846043833822 6.553625961337498 6.561501508198371 6.575388855134655 6.594703934941247 6.611231380255881 6.621272408885218 6.625761782211392 6.643373017279306 6.661337689964833 6.690847078062726 6.713568151220662 6.732869932475163 6.750190688748982 6.766287300701157 6.7797384230650515 6.792981571655967 6.804677189892688 6.815227176802178 
# stellar_mass_list
-10.0 6.541377699743776 7.602486429806117 7.709781732544182 7.732225448468038 7.735743643400819 7.73465341473854 7.732578829166955 7.7304357877138985 7.728427875248232 7.726579582804695 7.724873137195486 7.723287082128949 7.721802750975043 7.720405101843932 7.71908280180637 7.7133037358632315 7.704349083210605 7.6973011131090985 7.691379627937287 7.686208786391976 7.681598740072636 7.677400877437807 7.673541238444832 7.6699303287718115 7.669588431064756 7.669254192910037 7.668920048983129 7.668583992681056 7.668245473026223 7.667904528541863 7.667561093560569 7.667221914800968 7.666583023811076 7.663424245123782 7.6575632445658925 7.652222442165568 7.647272065396044 7.6427032976869445 7.636386078498202 7.630527666568757 7.62509276643135 7.623284899693249 7.619995179188497 7.615112570808663 7.610573814470265 7.607634124424132 7.606270041746362 7.600606214830976 7.5942452214088485 7.582193005600657 7.571576733917629 7.562286023123457 7.553750513868631 7.5456428672777776 7.538726361938182 7.5317901254553545 7.525553924034055 7.5198371790141385 
# remnant_mass_list
-10.0 -10.0 3.9872744812988437 5.084086572312842 5.416594477663887 5.5864816489313345 5.692938751378158 5.767719702590805 5.824753181232013 5.870632310455328 5.908873409015337 5.941599778603584 5.970153505920175 5.995444559905602 6.018119135515781 6.038641856460961 6.119189742235936 6.222052409674844 6.289585916197379 6.339517048393577 6.379010506570664 6.41148943100444 6.4391136553223935 6.463052857356926 6.484307366208144 6.486266166392398 6.4881721558580425 6.490069358948139 6.491969006130681 6.493873972225593 6.495784331694718 6.49770002916131 6.499583500304447 6.503108101860113 6.520116911846028 6.549959075629456 6.575401782352266 6.597651586379507 6.617155541922223 6.642644720550081 6.664896168853928 6.684458913517725 6.6907526523721215 6.701943950909465 6.717968917778343 6.7322741269881945 6.7412541308207405 6.745347311158491 6.761872136389501 6.779572138058301 6.81086988951764 6.836280189719091 6.857056301380423 6.875065678547015 6.891301646843872 6.904532143047581 6.917269883091133 6.928295474342465 6.938067371088713 
# BH_mass_list
-10.0 -10.0 3.567413009710567 4.629051233093253 4.740881951835545 4.767795335622688 4.7750446410120775 4.777054862605522 4.777600308105277 4.777736918653989 4.77776510523871 4.777769098940363 4.777770706085134 4.7777716341248215 4.7777723595393065 4.777773015845823 4.777773641180353 4.777773641180353 4.777773641180353 4.777773641180353 4.777773641180353 4.777773641180353 4.777773641180353 4.777773641180353 4.777773641180353 4.777773641180353 4.777773641180353 4.777773641180353 4.777773641180353 4.777773641180353 4.777773641180353 4.777773641180353 4.777773641180353 4.777773641180353 4.777773641180353 4.777773641180353 4.777773641180353 4.777773641180353 4.777773641180353 4.777773641180353 4.777773641180353 4.777773641180353 4.777773641180353 4.777773641180353 4.777773641180353 4.777773641180353 4.777773641180353 4.777773641180353 4.777773641180353 4.777773641180353 4.777773641180353 4.777773641180353 4.777773641180353 4.777773641180353 4.777773641180353 4.777773641180353 4.777773641180353 4.777773641180353 4.777773641180353 
# NS_mass_list
-10.0 -10.0 3.779448488492306 4.896516367669422 5.313670138680453 5.514397593991774 5.626513340656268 5.655806488899897 5.663694474153154 5.665871894190785 5.666472112987211 5.666637412163183 5.666680642019242 5.666695142843055 5.6666999914342595 5.6667019679933555 5.666705413921547 5.666705413921547 5.666705413921547 5.666705413921547 5.666705413921547 5.666705413921547 5.666705413921547 5.666705413921547 5.666705413921547 5.666705413921547 5.666705413921547 5.666705413921547 5.666705413921547 5.666705413921547 5.666705413921547 5.666705413921547 5.666705413921547 5.666705413921547 5.666705413921547 5.666705413921547 5.666705413921547 5.666705413921547 5.666705413921547 5.666705413921547 5.666705413921547 5.666705413921547 5.666705413921547 5.666705413921547 5.666705413921547 5.666705413921547 5.666705413921547 5.666705413921547 5.666705413921547 5.666705413921547 5.666705413921547 5.666705413921547 5.666705413921547 5.666705413921547 5.666705413921547 5.666705413921547 5.666705413921547 5.666705413921547 5.666705413921547 
# WD_mass_list
-10.0 -10.0 -10.0 -10.0 -10.0 2.6364335032085484 4.0155027056768775 4.8646026992262374 5.1674564833523 5.34071633989319 5.457620082926438 5.544195789406408 5.61221462025476 5.667853100759844 5.7147162762712576 5.755043734851972 5.898533998068952 6.0581603073250605 6.153460649471262 6.220417204299248 6.271661698412214 6.312828319498821 6.347225620439914 6.376618554167598 6.402416962687604 6.404781127175127 6.407079440394688 6.409365103158007 6.411651668356411 6.413942596417343 6.416237972265292 6.418537724775089 6.42079681365051 6.4250190968176115 6.445301272525109 6.480531720865117 6.510237210974366 6.535984178004718 6.558388321841608 6.587449833406977 6.61263095119824 6.634633123569797 6.6416858017537175 6.654196587527371 6.672046097693049 6.687918006087614 6.697852679066105 6.702373819501449 6.720581857516865 6.740008341114993 6.774176660836556 6.801757453543407 6.824208802540071 6.84360199550904 6.861033711501032 6.875203775573323 6.88881761069206 6.900579695418872 6.9109878867963825 
