# time_axis
1000000 10000000 20000000 30000000 40000000 50000000 60000000 70000000 80000000 90000000 100000000 110000000 120000000 130000000 140000000 150000000 200000000 300000000 400000000 500000000 600000000 700000000 800000000 900000000 1000000000 1010000000 1020000000 1030000000 1040000000 1050000000 1060000000 1070000000 1080000000 1100000000 1200000000 1400000000 1600000000 1800000000 2000000000 2300000000 2600000000 2900000000 3000000000 3200000000 3500000000 3800000000 4000000000 4100000000 4500000000 5000000000 6000000000 7000000000 8000000000 9000000000 10000000000 11000000000 12000000000 13000000000 14000000000 
# SNIa_energy_release_list
0 0.0 0.0 0.0 0.0 0.0 4.223718586736388e+54 2.3577225271910783e+55 4.426701930610383e+55 6.311841884197955e+55 7.976696394601899e+55 9.448605908770673e+55 1.0762087002842237e+56 1.1946379263692258e+56 1.3024267590008353e+56 1.4013273969656516e+56 1.8014077831337417e+56 2.34109220056963e+56 2.7126403575305076e+56 2.9963449010432424e+56 3.225929212427771e+56 3.418735526093962e+56 3.584968599295196e+56 3.7310625130995126e+56 3.8613813717532223e+56 3.87366737694167e+56 3.885841468495665e+56 3.8978875230962545e+56 3.9098149256936172e+56 3.921627892652473e+56 3.933321674370294e+56 3.944902175203927e+56 3.9563749809756454e+56 3.979001570556401e+56 4.0861842206272965e+56 4.2756296265351e+56 4.439344109529612e+56 4.58349648439232e+56 4.712279124557862e+56 4.882878717694508e+56 5.032334449065104e+56 5.16531613173276e+56 5.206623648154679e+56 5.285100922051466e+56 5.39406165493404e+56 5.494018455724086e+56 5.5563325840249775e+56 5.586322912199954e+56 5.69936872886911e+56 5.827229151085824e+56 6.048368444319351e+56 6.235221487035756e+56 6.3969931101923625e+56 6.53968680453007e+56 6.667213466832903e+56 6.782594023328043e+56 6.8879095633188085e+56 6.984773370624217e+56 7.07444170044222e+56 
# SNII_energy_release_list
0 0.0 4.1435857457549325e+54 2.580538883262352e+55 5.894900230055885e+55 9.330374613943116e+55 1.2050545285141028e+56 1.2867574622100887e+56 1.3112754438912926e+56 1.3186362310278908e+56 1.3208471743032236e+56 1.321520325925992e+56 1.3217341576256895e+56 1.3218064451405156e+56 1.3218427230535059e+56 1.3218604827794172e+56 1.321889655848824e+56 1.321889655848824e+56 1.321889655848824e+56 1.321889655848824e+56 1.321889655848824e+56 1.321889655848824e+56 1.321889655848824e+56 1.321889655848824e+56 1.321889655848824e+56 1.321889655848824e+56 1.321889655848824e+56 1.321889655848824e+56 1.321889655848824e+56 1.321889655848824e+56 1.321889655848824e+56 1.321889655848824e+56 1.321889655848824e+56 1.321889655848824e+56 1.321889655848824e+56 1.321889655848824e+56 1.321889655848824e+56 1.321889655848824e+56 1.321889655848824e+56 1.321889655848824e+56 1.321889655848824e+56 1.321889655848824e+56 1.321889655848824e+56 1.321889655848824e+56 1.321889655848824e+56 1.321889655848824e+56 1.321889655848824e+56 1.321889655848824e+56 1.321889655848824e+56 1.321889655848824e+56 1.321889655848824e+56 1.321889655848824e+56 1.321889655848824e+56 1.321889655848824e+56 1.321889655848824e+56 1.321889655848824e+56 1.321889655848824e+56 1.321889655848824e+56 1.321889655848824e+56 
# SN_energy_per_current_crossing_time_list
0.0 0.0 1.0197283333675364e+55 4.848626726284785e+55 7.284959328508706e+55 7.547263716079648e+55 6.032695015399788e+55 1.9702423667968546e+55 7.179433263978291e+54 3.222718601436533e+54 1.8951357553887087e+54 1.3930040099808187e+54 1.1597523807641465e+54 1.0215449984510356e+54 9.256920513572245e+53 8.48098664325354e+53 6.922715058498749e+53 4.74564374518812e+53 3.314486598069732e+53 2.5618715270769975e+53 2.0954055428258947e+53 1.7765584875622917e+53 1.545027721855212e+53 1.368677654246912e+53 1.2299869200272733e+53 1.1603996257175801e+53 1.1506188217437268e+53 1.1392995053158673e+53 1.128856621449825e+53 1.1188034540579648e+53 1.1082911424705208e+53 1.0983270402321465e+53 1.0888637450794797e+53 1.075130942867541e+53 1.025199907838733e+53 9.169183770302723e+52 8.009651672705782e+52 7.122439935791737e+52 6.420634421368038e+52 5.740112993263706e+52 5.084799986559421e+52 4.5702004850026613e+52 4.2729979769540563e+52 4.0833039006173825e+52 3.8124766212783046e+52 3.5247428010343876e+52 3.312199800655661e+52 3.195302741370617e+52 3.0384663984850184e+52 2.7762171509312067e+52 2.4425615079426086e+52 2.0936448356002558e+52 1.8357299109994965e+52 1.6383970530254045e+52 1.4808653508109435e+52 1.352876297005521e+52 1.2469907767305316e+52 1.1571695565009668e+52 1.0800129838517064e+52 
# SN_energy_per_final_crossing_time_list
0.0 0.0 1.3308679260414077e+55 6.957500270888135e+55 1.0645314185371747e+56 1.103431411534448e+56 8.787720748557444e+55 2.8572999733302705e+55 1.0366857788205541e+55 4.634755454602252e+54 2.7153665187927425e+54 1.9890538699985645e+54 1.6507064517878616e+54 1.449642338144171e+54 1.3099179548631777e+54 1.1969160079857094e+54 9.656301327889927e+53 6.5002457299719774e+53 4.475123317880123e+53 3.417088187026223e+53 2.7652353700264404e+53 2.3222616340765073e+53 2.002199413854319e+53 1.7596326829173588e+53 1.5696295411368315e+53 1.4797917113128087e+53 1.4663122388471589e+53 1.4508907882223525e+53 1.4365997108370542e+53 1.422816474810002e+53 1.4084611714313463e+53 1.394817020146693e+53 1.381845654961228e+53 1.3626333052650495e+53 1.2909647581833078e+53 1.1408905380905223e+53 9.859320879373575e+52 8.681238784126456e+52 7.755632549183617e+52 6.849306996177297e+52 6.000413996740646e+52 5.339006692293029e+52 4.975296646751852e+52 4.726109815909463e+52 4.374603106136611e+52 4.013109306880873e+52 3.752722269889445e+52 3.6121943929016653e+52 3.4039596260076656e+52 3.080037654210529e+52 2.6635190865799294e+52 2.250557277195918e+52 1.9484633402062264e+52 1.7186786339310394e+52 1.5359988454550022e+52 1.3897046967608913e+52 1.2684762928253547e+52 1.1666791359611373e+52 1.0800129838517064e+52 
# total_energy_release_list
0 0 4.1435857457549325e+54 2.580538883262352e+55 5.894900230055885e+55 9.330374613943116e+55 1.2472917143814667e+56 1.5225297149291965e+56 1.753945636952331e+56 1.9498204194476862e+56 2.1185168137634137e+56 2.2663809168030594e+56 2.3979428579099134e+56 2.516444371509741e+56 2.6242694820543412e+56 2.7231878797450686e+56 3.1232974389825657e+56 3.662981856418454e+56 4.034530013379332e+56 4.318234556892066e+56 4.547818868276595e+56 4.740625181942786e+56 4.90685825514402e+56 5.0529521689483365e+56 5.183271027602046e+56 5.1955570327904945e+56 5.207731124344489e+56 5.2197771789450785e+56 5.231704581542442e+56 5.2435175485012975e+56 5.255211330219119e+56 5.266791831052752e+56 5.278264636824469e+56 5.300891226405225e+56 5.40807387647612e+56 5.597519282383924e+56 5.761233765378436e+56 5.9053861402411435e+56 6.034168780406687e+56 6.2047683735433315e+56 6.354224104913929e+56 6.487205787581584e+56 6.5285133040035025e+56 6.60699057790029e+56 6.715951310782863e+56 6.815908111572909e+56 6.878222239873801e+56 6.908212568048777e+56 7.0212583847179335e+56 7.149118806934648e+56 7.370258100168175e+56 7.55711114288458e+56 7.718882766041187e+56 7.861576460378893e+56 7.989103122681726e+56 8.104483679176866e+56 8.209799219167632e+56 8.306663026473041e+56 8.396331356291045e+56 
# binding_energy_list
8.669618757582214e+54 8.669618757582214e+54 8.669618757582214e+54 8.669618757582214e+54 8.649679187756885e+54 8.649679187756885e+54 8.629785477669702e+54 8.629785477669702e+54 8.609937521846052e+54 8.609937521846052e+54 8.609937521846052e+54 8.590135215053907e+54 8.590135215053907e+54 8.570378452303692e+54 8.570378452303692e+54 8.570378452303692e+54 8.531001140175843e+54 8.472274141405911e+54 8.433347577642791e+54 8.394599865193965e+54 8.356030182312423e+54 8.336811846196331e+54 8.298507675144166e+54 8.279421637123327e+54 8.260379495771817e+54 8.241381150129963e+54 8.241381150129963e+54 8.241381150129963e+54 8.241381150129963e+54 8.241381150129963e+54 8.241381150129963e+54 8.241381150129963e+54 8.241381150129963e+54 8.222426499470695e+54 8.20351544329821e+54 8.165823713585906e+54 8.128305161640929e+54 8.090958991783846e+54 8.053784411990643e+54 8.016780633876855e+54 7.979946872679785e+54 7.94328234724279e+54 7.925013304804734e+54 7.90678627999831e+54 7.888601176185516e+54 7.852356346100775e+54 7.834296427662088e+54 7.834296427662088e+54 7.798301105232642e+54 7.780365510398008e+54 7.709034690644309e+54 7.673614893618154e+54 7.638357835776954e+54 7.603262769401822e+54 7.568328950209705e+54 7.533555637337217e+54 7.498942093324558e+54 7.464487584100623e+54 7.447319739059888e+54 
# total_gas_kinetic_energy_list
1.1342331802659502e+59 4.26892627257564e+59 1.2828162826498806e+59 3.8486813218184303e+58 1.1550169527485014e+58 3.4695777069055846e+57 1.0454529518762752e+57 3.183032207023532e+56 1.0019727326562593e+56 3.475818139438809e+55 1.5010723720844978e+55 8.922549788216792e+54 6.928785684768017e+54 6.17504912887095e+54 5.8067877268389094e+54 5.562213624942192e+54 2.298984297554251e+55 5.221111778886613e+55 7.644106460344389e+55 9.704129386313146e+55 1.1510605777346538e+56 1.3126897266695808e+56 1.4620606384018318e+56 1.6010692114695039e+56 1.7325406410190997e+56 1.7450148945509412e+56 1.7572676397272793e+56 1.7695384186215585e+56 1.7818883372728227e+56 1.7943353844388004e+56 1.80688324785401e+56 1.8194996595238212e+56 1.8318842488317257e+56 1.855401641117362e+56 1.9721610534963314e+56 2.189579037589822e+56 2.3874619149728676e+56 2.5700640613473373e+56 2.737959698382928e+56 2.9654087095580015e+56 3.1712531307767867e+56 3.3580719310286984e+56 3.4194280961174813e+56 3.5298494099698523e+56 3.6885821983629893e+56 3.829346974037436e+56 3.9169621737182886e+56 3.956790742147949e+56 4.116133650283145e+56 4.284570956257534e+56 4.574380072364899e+56 4.809750681522609e+56 5.019757291724821e+56 5.216306508516193e+56 5.406113486770554e+56 5.570087822745462e+56 5.736333162442402e+56 5.888049923667357e+56 6.0281688639604745e+56 
