# time_axis
1000000 10000000 20000000 30000000 40000000 50000000 60000000 70000000 80000000 90000000 100000000 110000000 120000000 130000000 140000000 150000000 200000000 300000000 400000000 500000000 600000000 700000000 800000000 900000000 1000000000 1010000000 1020000000 1030000000 1040000000 1050000000 1060000000 1070000000 1080000000 1100000000 1200000000 1400000000 1600000000 1800000000 2000000000 2300000000 2600000000 2900000000 3000000000 3200000000 3500000000 3800000000 4000000000 4100000000 4500000000 5000000000 6000000000 7000000000 8000000000 9000000000 10000000000 11000000000 12000000000 13000000000 14000000000 
# SNIa_energy_release_list
0 0.0 0.0 0.0 0.0 0.0 1.062296174386964e+56 2.990374094372214e+56 5.205286316267885e+56 7.432367799309032e+56 9.55052727528199e+56 1.1515050744051732e+57 1.3317909500960831e+57 1.4967502810854515e+57 1.647851728620803e+57 1.7867040634041563e+57 2.3447450266339335e+57 3.083689560613699e+57 3.586681706830733e+57 3.968885529956245e+57 4.2773255699351436e+57 4.535911208656299e+57 4.758569945122342e+57 4.954080797037788e+57 5.128361926492679e+57 5.144793931718055e+57 5.161060781227635e+57 5.177162979365005e+57 5.193107446451296e+57 5.2088936959104374e+57 5.2245233895575815e+57 5.240002829221909e+57 5.2553344921688355e+57 5.2855700078872996e+57 5.4287568909181465e+57 5.6817227272395545e+57 5.900215246916971e+57 6.092516641584498e+57 6.2642515725908294e+57 6.491685228786683e+57 6.690877379105486e+57 6.868072807688447e+57 6.92307792005209e+57 7.027656481227691e+57 7.172803265132902e+57 7.305929430015704e+57 7.388918512912988e+57 7.428859952751712e+57 7.579404097190824e+57 7.749641503866487e+57 8.044049593792371e+57 8.292764679896159e+57 8.508089089056536e+57 8.697974682160321e+57 8.867713426478766e+57 9.021260441290906e+57 9.161402441761435e+57 9.290293155493906e+57 9.409607578502023e+57 
# SNII_energy_release_list
0 0.0 2.705363097747237e+56 6.671353265111195e+56 1.0257314781531528e+57 1.3166436566980247e+57 1.5068241234801228e+57 1.617138530697192e+57 1.6811299583925283e+57 1.718252888041253e+57 1.739790962204153e+57 1.752288896595302e+57 1.7595418080512222e+57 1.763750758805177e+57 1.766193069181861e+57 1.767612461840641e+57 1.7689834431881428e+57 1.7689834431881428e+57 1.7689834431881428e+57 1.7689834431881428e+57 1.7689834431881428e+57 1.7689834431881428e+57 1.7689834431881428e+57 1.7689834431881428e+57 1.7689834431881428e+57 1.7689834431881428e+57 1.7689834431881428e+57 1.7689834431881428e+57 1.7689834431881428e+57 1.7689834431881428e+57 1.7689834431881428e+57 1.7689834431881428e+57 1.7689834431881428e+57 1.7689834431881428e+57 1.7689834431881428e+57 1.7689834431881428e+57 1.7689834431881428e+57 1.7689834431881428e+57 1.7689834431881428e+57 1.7689834431881428e+57 1.7689834431881428e+57 1.7689834431881428e+57 1.7689834431881428e+57 1.7689834431881428e+57 1.7689834431881428e+57 1.7689834431881428e+57 1.7689834431881428e+57 1.7689834431881428e+57 1.7689834431881428e+57 1.7689834431881428e+57 1.7689834431881428e+57 1.7689834431881428e+57 1.7689834431881428e+57 1.7689834431881428e+57 1.7689834431881428e+57 1.7689834431881428e+57 1.7689834431881428e+57 1.7689834431881428e+57 1.7689834431881428e+57 
# SN_energy_per_current_crossing_time_list
0.0 0.0 5.6790644196733225e+56 8.416854813524698e+56 7.833220769197748e+56 6.5434067744669285e+56 4.4828349089738465e+56 2.7753648416517964e+56 1.7396867472797932e+56 1.1118940112280371e+56 7.306843879425575e+55 4.980920283408901e+55 3.549218937640883e+55 2.655953945546574e+55 2.0879828114725023e+55 1.7182335483976008e+55 1.1880785610828538e+55 7.633748419405509e+54 5.310838125696597e+54 4.101415578854894e+54 3.352636004226628e+54 2.8406288937029616e+54 2.4680493090504368e+54 2.1840626232586236e+54 1.9603647422148877e+54 1.849499218947903e+54 1.8320594121896042e+54 1.8146441873422112e+54 1.797981802951855e+54 1.7812408262974755e+54 1.7646662669091687e+54 1.7487768411479173e+54 1.733118338083922e+54 1.7109169385682056e+54 1.62946112950568e+54 1.4533644747248236e+54 1.2655979083778775e+54 1.1218144272438897e+54 1.008052379412922e+54 8.971041827603087e+53 7.91086423847725e+53 7.079222364298976e+53 6.605131353962968e+53 6.3000620159824645e+53 5.85662115892534e+53 5.393500170780249e+53 5.055994148330577e+53 4.872265840945292e+53 4.611464606148178e+53 4.191124044524957e+53 3.652236506185083e+53 3.1044345272901914e+53 2.7021670174735845e+53 2.394738793845257e+53 2.1506912634737887e+53 1.953392270917109e+53 1.789957977139837e+53 1.6522983095580544e+53 1.534650668663873e+53 
# SN_energy_per_final_crossing_time_list
0.0 0.0 9.279207396754415e+56 1.3603070629263562e+57 1.2299598769330557e+57 9.978085533906136e+56 6.65969290787197e+56 4.031701493924707e+56 2.4797488062886264e+56 1.5597432369680786e+56 1.0111837163395988e+56 6.813521742585668e+55 4.8065783077184096e+55 3.5653872565016913e+55 2.7811984715208505e+55 2.272793783527196e+55 1.5295787038446012e+55 9.504481474971853e+54 6.469605384356258e+54 4.915997060016577e+54 3.967229624570573e+54 3.3259903820958374e+54 2.8638899655763486e+54 2.514707376179338e+54 2.2416456041970587e+54 2.1135238448831096e+54 2.0922811213891277e+54 2.0711032677744628e+54 2.0508155224285987e+54 2.0304651925039237e+54 2.010328609221688e+54 1.991002582293865e+54 1.9719951871731356e+54 1.9444822027751345e+54 1.841703963755053e+54 1.6268535692175758e+54 1.4051515439931398e+54 1.2367132844092575e+54 1.1044478951378974e+54 9.751020420331029e+53 8.540190391415367e+53 7.597100057230976e+53 7.074889216289951e+53 6.725572432476571e+53 6.223042259788927e+53 5.707668662437037e+53 5.337127245356574e+53 5.137363598676193e+53 4.840837052684044e+53 4.37926854775389e+53 3.786747324203093e+53 3.199032971646824e+53 2.769554092175073e+53 2.442353950842571e+53 2.1832203592749618e+53 1.9749584585995525e+53 1.8025399554198897e+53 1.65782321220837e+53 1.534650668663873e+53 
# total_energy_release_list
0 0 2.705363097747237e+56 6.671353265111195e+56 1.0257314781531528e+57 1.3166436566980247e+57 1.6130537409188193e+57 1.9161759401344134e+57 2.201658590019317e+57 2.461489667972156e+57 2.694843689732352e+57 2.903793971000475e+57 3.0913327581473055e+57 3.2605010398906286e+57 3.414044797802664e+57 3.5543165252447974e+57 4.113728469822076e+57 4.8526730038018414e+57 5.3556651500188764e+57 5.737868973144388e+57 6.046309013123286e+57 6.304894651844442e+57 6.527553388310485e+57 6.72306424022593e+57 6.897345369680822e+57 6.913777374906198e+57 6.930044224415777e+57 6.946146422553148e+57 6.962090889639439e+57 6.97787713909858e+57 6.993506832745725e+57 7.008986272410052e+57 7.024317935356979e+57 7.054553451075442e+57 7.19774033410629e+57 7.450706170427698e+57 7.669198690105114e+57 7.86150008477264e+57 8.033235015778973e+57 8.260668671974826e+57 8.459860822293629e+57 8.63705625087659e+57 8.692061363240234e+57 8.796639924415834e+57 8.941786708321045e+57 9.074912873203847e+57 9.157901956101132e+57 9.197843395939855e+57 9.348387540378967e+57 9.51862494705463e+57 9.813033036980514e+57 1.0061748123084302e+58 1.027707253224468e+58 1.0466958125348464e+58 1.0636696869666909e+58 1.0790243884479049e+58 1.0930385884949578e+58 1.1059276598682049e+58 1.1178591021690166e+58 
# binding_energy_list
8.472274141405912e+55 8.472274141405912e+55 8.452788451602891e+55 8.394599865193965e+55 8.336811846196331e+55 8.279421637123328e+55 8.222426499470696e+55 8.184647881347836e+55 8.165823713585906e+55 8.128305161640928e+55 8.090958991783847e+55 8.072350302488317e+55 8.053784411990644e+55 8.035261221856193e+55 8.016780633876855e+55 7.99834255007026e+55 7.925013304804734e+55 7.834296427662088e+55 7.780365510398009e+55 7.72680585095699e+55 7.691304402866146e+55 7.655966069112569e+55 7.620790100254083e+55 7.603262769401823e+55 7.585775750291883e+55 7.585775750291883e+55 7.585775750291883e+55 7.568328950209705e+55 7.568328950209705e+55 7.568328950209705e+55 7.568328950209705e+55 7.568328950209705e+55 7.568328950209705e+55 7.568328950209705e+55 7.550922276654341e+55 7.516228940182014e+55 7.481695005111584e+55 7.464487584100623e+55 7.447319739059888e+55 7.413102413009132e+55 7.396052750582375e+55 7.379042301291045e+55 7.362070974947315e+55 7.362070974947315e+55 7.345138681571144e+55 7.328245331389075e+55 7.328245331389075e+55 7.311390834834128e+55 7.311390834834128e+55 7.29457510254568e+55 7.261059574351499e+55 7.244359600749891e+55 7.227698036021732e+55 7.211074791828947e+55 7.194489780036983e+55 7.194489780036983e+55 7.177942912713644e+55 7.161434102128968e+55 7.161434102128968e+55 
# total_gas_kinetic_energy_list
2.144472615220798e+60 2.1400769946782286e+60 1.2412678841739444e+60 7.199747636395419e+59 4.176249400819099e+59 2.4225706672632253e+59 1.4053901258936309e+59 8.153871158455733e+58 4.731538796475564e+58 2.746317790336202e+58 1.5946570339305502e+58 9.26495376921294e+57 5.387945582102179e+57 3.1378854224696384e+57 1.8316762946961146e+57 1.0730783131400073e+57 1.1159313803726518e+57 1.1731413664787521e+57 1.2120046043405978e+57 1.2408659623261176e+57 1.2636818800343892e+57 1.282499594506055e+57 1.298695808148967e+57 1.3129003733950639e+57 1.3256170407223889e+57 1.3267959572453879e+57 1.3279630510262302e+57 1.329121101373351e+57 1.3302750258530318e+57 1.3314279071151214e+57 1.3325825520603373e+57 1.3337320851738203e+57 1.334850573771573e+57 1.3370156019441067e+57 1.3473962389469034e+57 1.3657187269958636e+57 1.3813228026136824e+57 1.3950138318889586e+57 1.407018226027769e+57 1.4224537470975644e+57 1.435673049866339e+57 1.4471667995527407e+57 1.4508355054418643e+57 1.4572973963753048e+57 1.4662952028005722e+57 1.474019453691936e+57 1.478726130603355e+57 1.4808349792746367e+57 1.4890694247198939e+57 1.4974945444404047e+57 1.511254751240304e+57 1.5219587348992613e+57 1.5314640346907866e+57 1.540324780212223e+57 1.5488320910846345e+57 1.5562031233431993e+57 1.5635432599648002e+57 1.5704159880936e+57 1.5766782856942806e+57 
