# time_axis
1000000 10000000 20000000 30000000 40000000 50000000 60000000 70000000 80000000 90000000 100000000 110000000 120000000 130000000 140000000 150000000 200000000 300000000 400000000 500000000 600000000 700000000 800000000 900000000 1000000000 1010000000 1020000000 1030000000 1040000000 1050000000 1060000000 1070000000 1080000000 1100000000 1200000000 1400000000 1600000000 1800000000 2000000000 2300000000 2600000000 2900000000 3000000000 3200000000 3500000000 3800000000 4000000000 4100000000 4500000000 5000000000 6000000000 7000000000 8000000000 9000000000 10000000000 11000000000 12000000000 13000000000 14000000000 
# SNIa_energy_release_list
0 0.0 0.0 0.0 0.0 0.0 5.910790767468939e+52 7.294381317167309e+53 1.4039136221942412e+54 1.9918448752137465e+54 2.5018321438663183e+54 2.9503974464633347e+54 3.350517003287586e+54 3.7116353653170894e+54 4.040704048663169e+54 4.342967032754958e+54 5.5682960590101155e+54 7.225470560037687e+54 8.36802586681914e+54 9.241017483013179e+54 9.94773980937234e+54 1.0541379639288592e+55 1.105330034928085e+55 1.1503251568873825e+55 1.1904648856310162e+55 1.1942484660253394e+55 1.197999520621407e+55 1.2017099749737943e+55 1.2053837849321885e+55 1.2090230159998102e+55 1.2126250706975082e+55 1.2161920755383635e+55 1.2197263639428391e+55 1.2266964981412648e+55 1.259715504343323e+55 1.3180792835560262e+55 1.3685190780519274e+55 1.4129349234672174e+55 1.4526176111443562e+55 1.5051875716570956e+55 1.5512433052072824e+55 1.5922238104718657e+55 1.6049573831192686e+55 1.6291383329393926e+55 1.662717259909505e+55 1.693522618267326e+55 1.712727267936578e+55 1.7219696973589403e+55 1.7568079967345938e+55 1.7962154197790373e+55 1.864370507138967e+55 1.9219608622507636e+55 1.971820560841694e+55 2.015803904033862e+55 2.0551076637230813e+55 2.0906689036039655e+55 2.1231296192778134e+55 2.1529853235900064e+55 2.1806232247625158e+55 
# SNII_energy_release_list
0 0.0 4.7828093960798057e+52 6.398353170433865e+53 1.7662775481862357e+54 3.0207439277453252e+54 4.135133398913406e+54 4.350823139066104e+54 4.3858041997737854e+54 4.39140710014667e+54 4.3923581429612836e+54 4.3925284885576036e+54 4.3925866021181585e+54 4.392617224406953e+54 4.392643239581127e+54 4.392668082413586e+54 4.392732136313045e+54 4.392732136313045e+54 4.392732136313045e+54 4.392732136313045e+54 4.392732136313045e+54 4.392732136313045e+54 4.392732136313045e+54 4.392732136313045e+54 4.392732136313045e+54 4.392732136313045e+54 4.392732136313045e+54 4.392732136313045e+54 4.392732136313045e+54 4.392732136313045e+54 4.392732136313045e+54 4.392732136313045e+54 4.392732136313045e+54 4.392732136313045e+54 4.392732136313045e+54 4.392732136313045e+54 4.392732136313045e+54 4.392732136313045e+54 4.392732136313045e+54 4.392732136313045e+54 4.392732136313045e+54 4.392732136313045e+54 4.392732136313045e+54 4.392732136313045e+54 4.392732136313045e+54 4.392732136313045e+54 4.392732136313045e+54 4.392732136313045e+54 4.392732136313045e+54 4.392732136313045e+54 4.392732136313045e+54 4.392732136313045e+54 4.392732136313045e+54 4.392732136313045e+54 4.392732136313045e+54 4.392732136313045e+54 4.392732136313045e+54 4.392732136313045e+54 4.392732136313045e+54 
# SN_energy_per_current_crossing_time_list
0.0 0.0 4.0760251938269156e+52 4.660001615382554e+53 8.800840865437234e+53 9.822086132744083e+53 8.770270331508692e+53 1.89715351791627e+53 4.7609631347061777e+52 2.189564273322069e+52 1.593484025274492e+52 1.351677984566156e+52 1.200736344459117e+52 1.0841053664558924e+52 9.896114429278895e+51 9.107243673467996e+51 7.438486962051195e+51 5.090393120364992e+51 3.548504440699304e+51 2.737527646124943e+51 2.2353716866881422e+51 1.8924815965919254e+51 1.6438574912561913e+51 1.454656545230628e+51 1.3060104980976286e+51 1.2317911047436574e+51 1.2219252061320625e+51 1.2094187678011193e+51 1.198193066405021e+51 1.1876338044621293e+51 1.1762186625295814e+51 1.1654897974076608e+51 1.1554997487401297e+51 1.1407019161884256e+51 1.086914680342755e+51 9.7087705061488e+50 8.472640389973822e+50 7.528419138142122e+50 6.7824826099133784e+50 6.05918621032533e+50 5.36460971058558e+50 4.81996004062478e+50 4.507455718429353e+50 4.3047516474531775e+50 4.019178557240062e+50 3.7156783890509094e+50 3.4915903050389724e+50 3.3682349781713727e+50 3.203053770794302e+50 2.9272978150345318e+50 2.576755573911957e+50 2.2101281961663934e+50 1.9389149656726493e+50 1.7315331287741357e+50 1.5656598557378457e+50 1.4310079436991766e+50 1.3197017484356846e+50 1.2251076748151232e+50 1.1438556198148394e+50 
# SN_energy_per_final_crossing_time_list
0.0 0.0 5.278590316547626e+52 6.533740603694883e+53 1.2432080313161893e+54 1.3845030264017395e+54 1.2323522064860323e+54 2.6579100630637083e+53 6.652181891343601e+52 3.0516525284164365e+52 2.2156577083941438e+52 1.875286981690369e+52 1.6623969674067041e+52 1.4979478047136953e+52 1.364794658179147e+52 1.2537239612123652e+52 1.0156728677671233e+52 6.85858290824085e+51 4.728717641957474e+51 3.613068734857592e+51 2.9249265333455435e+51 2.4569096305729733e+51 2.1186969928334464e+51 1.862222561552171e+51 1.661271382897853e+51 1.5659183633568733e+51 1.5524568429285253e+51 1.535653534815408e+51 1.5204874425201355e+51 1.5061762043799526e+51 1.4907899420887485e+51 1.4762837842323863e+51 1.4627433640028182e+51 1.4423720390285823e+51 1.3665645437104589e+51 1.2077569933654528e+51 1.0437811836057713e+51 9.19123960788327e+50 8.211778641498487e+50 7.2524133182915895e+50 6.353727720646132e+50 5.6535625911144175e+50 5.270070452217072e+50 5.003910241151221e+50 4.6324603404060515e+50 4.249826118375728e+50 3.974134344289138e+50 3.825183674231356e+50 3.6046500308488487e+50 3.2619265862809865e+50 2.8207489132051084e+50 2.3835041210467847e+50 2.0635538161717747e+50 1.8203478612423849e+50 1.6266729560883952e+50 1.4717805028477417e+50 1.343458456377834e+50 1.2356443040978968e+50 1.1438556198148394e+50 
# total_energy_release_list
0 0 4.7828093960798057e+52 6.398353170433865e+53 1.7662775481862357e+54 3.0207439277453252e+54 4.194241306588095e+54 5.080261270782835e+54 5.7897178219680264e+54 6.383251975360416e+54 6.894190286827601e+54 7.342925935020938e+54 7.743103605405744e+54 8.104252589724042e+54 8.433347288244297e+54 8.735635115168545e+54 9.96102819532316e+54 1.1618202696350732e+55 1.2760758003132186e+55 1.3633749619326223e+55 1.4340471945685386e+55 1.4934111775601638e+55 1.5446032485593894e+55 1.589598370518687e+55 1.6297380992623207e+55 1.633521679656644e+55 1.6372727342527115e+55 1.640983188605099e+55 1.644656998563493e+55 1.6482962296311146e+55 1.6518982843288127e+55 1.655465289169668e+55 1.6589995775741435e+55 1.6659697117725694e+55 1.6989887179746276e+55 1.7573524971873308e+55 1.807792291683232e+55 1.852208137098522e+55 1.8918908247756608e+55 1.9444607852884002e+55 1.990516518838587e+55 2.0314970241031703e+55 2.0442305967505732e+55 2.0684115465706972e+55 2.1019904735408096e+55 2.1327958318986305e+55 2.1520004815678827e+55 2.161242910990245e+55 2.1960812103658984e+55 2.235488633410342e+55 2.3036437207702715e+55 2.3612340758820682e+55 2.4110937744729987e+55 2.4550771176651667e+55 2.494380877354386e+55 2.52994211723527e+55 2.562402832909118e+55 2.592258537221311e+55 2.6198964383938204e+55 
# binding_energy_list
2.074913517454911e+53 2.074913517454911e+53 2.074913517454911e+53 2.074913517454911e+53 2.074913517454911e+53 2.074913517454911e+53 2.0701413487910543e+53 2.0701413487910543e+53 2.0701413487910543e+53 2.0653801558105185e+53 2.0653801558105185e+53 2.0653801558105185e+53 2.0653801558105185e+53 2.0606299132700006e+53 2.0606299132700006e+53 2.0606299132700006e+53 2.0558905959841533e+53 2.046444636724674e+53 2.0370420777057063e+53 2.0323570109362208e+53 2.0230191786782596e+53 2.0183663636815596e+53 2.0137242498623976e+53 2.0044720273651593e+53 1.999861869632753e+53 1.999861869632753e+53 1.999861869632753e+53 1.999861869632753e+53 1.999861869632753e+53 1.999861869632753e+53 1.999861869632753e+53 1.999861869632753e+53 1.9952623149688667e+53 1.9952623149688667e+53 1.990673338987184e+53 1.981527025805085e+53 1.9724227361148613e+53 1.9678862897068307e+53 1.958844673505997e+53 1.9498445997580415e+53 1.9408858775927632e+53 1.93196831701693e+53 1.93196831701693e+53 1.9230917289101536e+53 1.918668740670295e+53 1.9098532585662328e+53 1.9098532585662328e+53 1.9054607179632522e+53 1.8967059212111406e+53 1.8923436186449799e+53 1.8793168168032724e+53 1.8663796908346733e+53 1.8578044550916913e+53 1.8450154191794662e+53 1.8365383433483587e+53 1.8281002161427446e+53 1.8238957023196497e+53 1.815515662773137e+53 1.8071741260109183e+53 
# total_gas_kinetic_energy_list
2.7635862844463932e+57 2.904649223226264e+58 5.855630729597447e+57 9.519460183600487e+56 1.5263298908023154e+56 2.46091318496968e+55 4.117899519546944e+54 8.39116656969364e+53 3.2116739468316833e+53 2.471186071430578e+53 2.359895347640068e+53 2.3067201642685644e+53 2.254779022365277e+53 2.203904964541646e+53 2.15594062823677e+53 2.1082026408222862e+53 1.039256754215492e+54 2.5037547668790624e+54 3.777304991116691e+54 4.8965130203366256e+54 5.90378190992527e+54 6.822988366291493e+54 7.68759990128117e+54 8.504508580778306e+54 9.287822455248412e+54 9.362239566524519e+54 9.435380248030263e+54 9.508951155316822e+54 9.583199458098803e+54 9.658170459367734e+54 9.733803764251979e+54 9.810128630618999e+54 9.885400892684387e+54 1.0026761884177293e+55 1.0737109349617646e+55 1.207781516355693e+55 1.3317208791417986e+55 1.4477802000659478e+55 1.5556812165368859e+55 1.7038151201302924e+55 1.8397363973772463e+55 1.9645772871469655e+55 2.005899457197904e+55 2.080600098764625e+55 2.188832710972825e+55 2.2856708124577832e+55 2.3463345381689495e+55 2.3739795112311584e+55 2.485442294283696e+55 2.604351422706356e+55 2.8118144178290966e+55 2.982428792279623e+55 3.1345819532711317e+55 3.2770137704846394e+55 3.414660326642242e+55 3.533573512006851e+55 3.65438660098763e+55 3.764129074240279e+55 3.8657417844251184e+55 
