# time_axis
5.999999999999999 7.0 7.30102999566398 7.477121254719661 7.602059991327962 7.698970004336018 7.778151250383643 7.845098040014256 7.903089986991943 7.954242509439324 8.0 8.041392685158224 8.079181246047623 8.113943352306837 8.146128035678238 8.176091259055681 8.204119982655925 8.230448921378272 8.255272505103306 8.278753600952827 8.301029995663981 8.47712125471966 8.60205999132796 8.698970004336019 8.778151250383644 8.845098040014257 8.903089986991942 8.954242509439323 8.999999999999998 9.004321373782641 9.008600171761916 9.012837224705171 9.017033339298779 9.021189299069936 9.02530586526477 9.02938377768521 9.033423755486949 9.041392685158224 9.079181246047623 9.146128035678236 9.204119982655923 9.255272505103305 9.301029995663981 9.361727836017593 9.414973347970816 9.462397997898954 9.477121254719663 9.505149978319904 9.544068044350274 9.57978359661681 9.60205999132796 9.612783856719734 9.653212513775342 9.698970004336017 9.778151250383642 9.845098040014257 9.903089986991944 9.954242509439325 10.0 10.041392685158225 10.079181246047623 10.113943352306835 10.146128035678236 
# total_gas_mass_list
8.767561540084394 8.757840762501331 8.751706492499805 8.746317585997456 8.741173225993496 8.736134108323839 8.731072688390755 8.726060931013484 8.720969292971718 8.715817695355753 8.710598587861108 8.705296466565374 8.699926064675553 8.694490209177646 8.688985598679382 8.683411781021048 8.677765011256282 8.672045783676378 8.666249678248201 8.66037601950853 8.654422957878332 8.663397298958852 8.663500366366655 8.663569880236617 8.663606069725233 8.663651730882016 8.663676839101381 8.663714519209435 8.66373907903493 8.663740726771845 8.663742851897377 8.663747187477552 8.663749562502641 8.663752163796412 8.663754390401229 8.663756374910713 8.663758063736632 8.663759757594422 8.66377705167127 8.663820072676788 8.663850509463842 8.66387806475064 8.663901912009564 8.663933611228423 8.66396463039616 8.663985327198642 8.663993183451174 8.664008658979078 8.664027594435964 8.664045714160942 8.664058478030256 8.664065876139126 8.66408414344222 8.66410225089809 8.664142382989825 8.664187061806848 8.664207545407939 8.664235420266618 8.664257587447358 8.66428481329109 8.664280716743312 8.664313618779264 8.664333463803343 
# ejected_gas_mass_list
-10.0 -10.0 6.621914347723306 6.991864182891022 7.19969356220619 7.343809936345337 7.452533185808018 7.541092191005047 7.614342452815486 7.6770075276783025 7.731706274372338 7.780115678138898 7.823645460283083 7.863219061700999 7.899486778427353 7.932966059558443 7.964045642571499 7.993058051911789 8.02025064548329 8.045843978995693 8.070016969765122 8.10351704292206 8.103891038212325 8.104143147875256 8.104274356283733 8.10443986417195 8.104530854417973 8.104667378322581 8.104756347630468 8.104762316175057 8.104770013861442 8.104785718009298 8.104794320546459 8.10480374250595 8.104811807213933 8.104818994967198 8.10482511170763 8.104831246610305 8.104893879611973 8.105049658051113 8.105159844793711 8.105259582530271 8.105345885496137 8.105460585408304 8.105572803419237 8.105647666552247 8.10567608123532 8.105732049562707 8.105800523866943 8.105866041013284 8.105912188210633 8.105938934117868 8.10600496962117 8.106070420116456 8.106215454567016 8.106376879352798 8.106450872199636 8.106551549820757 8.10663160056803 8.106729904704896 8.106715114360735 8.106833894938786 8.10690552667211 
# stellar_mass_list
-10.0 7.144004116335582 7.29055782809203 7.378886773304349 7.44511048555096 7.4988873190508345 7.543971916191761 7.5820878074905735 7.616390629908879 7.647534162832 7.67599217011118 7.7021819118274335 7.726442510496035 7.74904291808764 7.770201878136284 7.790095805035517 7.808870618291094 7.82664896448884 7.843533477945619 7.85961292242152 7.8749622296847805 7.718369633406711 7.680629640820336 7.656230127595101 7.638149918687342 7.623800129662528 7.6119124853738045 7.6017839549031105 7.592957496932502 7.592134634728897 7.591323785285896 7.590523001934578 7.589728975122229 7.588944226928915 7.588166648097585 7.587398518158224 7.586639789875805 7.5851542600701976 7.578155313869612 7.566036383202477 7.555787036174528 7.54690614603687 7.5391100432353975 7.528912053466016 7.520121215185241 7.512383311686941 7.509950105208694 7.505497893605782 7.499263271296947 7.493529035258983 7.49010687744522 7.488401547291148 7.4820998308707996 7.474989708001579 7.462879150137976 7.452740161809123 7.444058763387144 7.436347467987915 7.429354385837541 7.423332242203389 7.417364351891002 7.412202382621918 7.40713173116544 
# remnant_mass_list
-10.0 -10.0 6.110853715082936 6.458172000500879 6.649566240933605 6.775257201017079 6.8594642668836565 6.912370528838333 6.954887145627685 6.992687642334661 7.027268642168182 7.059343606188597 7.089342964679508 7.117566543433449 7.144236125556103 7.169528423836849 7.193586954533081 7.216530304829871 7.238459997487312 7.25946176887507 7.279611571152151 7.345068949276646 7.3658030689061285 7.378778280875154 7.38813150783215 7.3953878734917815 7.40128535148346 7.406227465336274 7.410473233481128 7.410866058995827 7.411252491673354 7.41163372558362 7.412011448182667 7.412384248310928 7.412753340622053 7.413117542759781 7.413476744099606 7.414178339151202 7.417463876111875 7.423068127738028 7.427724736455097 7.431699374879985 7.435141058996445 7.439579414560594 7.443346874261486 7.4466193625467145 7.447642471289083 7.449496259453398 7.452075064399814 7.4544269804083925 7.455813178202117 7.456504878594196 7.459038396091193 7.46186774441492 7.466608781324007 7.470508071341962 7.473793766146101 7.476677792868258 7.479267164476956 7.481455947184661 7.483633948155625 7.4854808178142145 7.48729601748767 
# BH_mass_list
-10.0 -10.0 5.93204337602581 6.233073371689791 6.394572541577353 6.496900351589564 6.558601899005086 6.587539852623996 6.611685569549275 6.634559254847794 6.6562882527626686 6.676981692843623 6.696733806217467 6.7156265198779845 6.733731509768922 6.751111842735407 6.767823302346428 6.783915468926323 6.799432606525889 6.814414396820095 6.828896550578443 6.842911320426449 6.842911320426449 6.842911320426449 6.842911320426449 6.842911320426449 6.842911320426449 6.842911320426449 6.842911320426449 6.842911320426449 6.842911320426449 6.842911320426449 6.842911320426449 6.842911320426449 6.842911320426449 6.842911320426449 6.842911320426449 6.842911320426449 6.842911320426449 6.842911320426449 6.842911320426449 6.842911320426449 6.842911320426449 6.842911320426449 6.842911320426449 6.842911320426449 6.842911320426449 6.842911320426449 6.842911320426449 6.842911320426449 6.842911320426449 6.842911320426449 6.842911320426449 6.842911320426449 6.842911320426449 6.842911320426449 6.842911320426449 6.842911320426449 6.842911320426449 6.842911320426449 6.842911320426449 6.842911320426449 6.842911320426449 
# NS_mass_list
-10.0 -10.0 5.639120075424626 6.065061662050109 6.297034963750653 6.449523395282968 6.550328872302777 6.617127027828277 6.665998028214966 6.706790636049512 6.742593608375497 6.775044554377515 6.8051897075791645 6.83337755728191 6.859846852986595 6.884795160404159 6.908387820782757 6.930764599072114 6.95204470139043 6.972330619414683 6.991711116160754 7.027816089866217 7.027816089866217 7.027816089866217 7.027816089866217 7.027816089866217 7.027816089866217 7.027816089866217 7.027816089866217 7.027816089866217 7.027816089866217 7.027816089866217 7.027816089866217 7.027816089866217 7.027816089866217 7.027816089866217 7.027816089866217 7.027816089866217 7.027816089866217 7.027816089866217 7.027816089866217 7.027816089866217 7.027816089866217 7.027816089866217 7.027816089866217 7.027816089866217 7.027816089866217 7.027816089866217 7.027816089866217 7.027816089866217 7.027816089866217 7.027816089866217 7.027816089866217 7.027816089866217 7.027816089866217 7.027816089866217 7.027816089866217 7.027816089866217 7.027816089866217 7.027816089866217 7.027816089866217 7.027816089866217 7.027816089866217 
# WD_mass_list
-10.0 -10.0 -10.0 -10.0 -10.0 3.7050331070591738 4.816214490668951 5.2124811108578255 5.461312583471761 5.634848594272709 5.769160399468199 5.877262844356273 5.965833996780103 6.041315405892342 6.107440645913059 6.166491423818329 6.219959487231177 6.2688735649045215 6.31399166947973 6.3558738639277355 6.394967552545597 6.654000537290084 6.7474545042315 6.798971853413521 6.833492449364275 6.858971864890231 6.878925381973945 6.895165924754132 6.908790171382002 6.910035993731884 6.911259159768136 6.912463566415845 6.913654633804045 6.9148279970142985 6.915987564144524 6.917129703735005 6.918254161246511 6.9204447667866935 6.930604769611894 6.947574286806411 6.961346060873039 6.97287758252059 6.982703934995996 6.995167254272207 7.0055696716956115 7.014478702171695 7.017240503780487 7.022216715101351 7.02908031187402 7.035281696489236 7.03891120444432 7.040715316561302 7.047284210618613 7.054548926326079 7.066559007702218 7.076288996449138 7.084388051635802 7.091424039190199 7.097684545407628 7.1029356650529225 7.108124511280914 7.112496525888287 7.11676899201565 
