# time_axis
5.999999999999999 7.0 7.30102999566398 7.477121254719661 7.602059991327962 7.698970004336018 7.778151250383643 7.845098040014256 7.903089986991943 7.954242509439324 8.0 8.301029995663981 8.47712125471966 8.60205999132796 8.698970004336019 8.778151250383644 8.845098040014257 8.903089986991942 8.954242509439323 8.999999999999998 9.004321373782641 9.008600171761916 9.012837224705171 9.017033339298779 9.021189299069936 9.02530586526477 9.02938377768521 9.033423755486949 9.041392685158224 9.079181246047623 9.146128035678236 9.204119982655923 9.255272505103305 9.301029995663981 9.361727836017593 9.414973347970816 9.462397997898954 9.477121254719663 9.505149978319904 9.544068044350274 9.57978359661681 9.60205999132796 9.612783856719734 9.653212513775342 9.698970004336017 9.778151250383642 9.845098040014257 9.903089986991944 9.954242509439325 10.0 10.041392685158225 10.079181246047623 10.113943352306835 10.146128035678236 
# total_gas_mass_list
10.045757490560673 10.04153715539282 10.03813265341433 10.035071973155413 10.032697403704647 10.029193072414541 10.026232235805217 10.023200522235076 10.020363073807234 10.018245921872733 10.016415677783623 10.032080496491172 10.033377206760346 10.034023964770956 10.034435369757647 10.03472713484045 10.034947552467674 10.035121445164027 10.035263472823775 10.035382550505817 10.035393389358862 10.035404026499837 10.035414535364364 10.035424809542954 10.035434961478273 10.035445082188064 10.03545516536882 10.035464937751918 10.035483947857074 10.035571687165794 10.035717234876811 10.035833293388409 10.035928655306215 10.036008409967533 10.036106816931582 10.036186827073706 10.036253285569185 10.036273314426486 10.036309577573983 10.036357966160537 10.036399951808516 10.036424998415885 10.036436783176514 10.036479870581141 10.036525338766928 10.036597661243352 10.036653051671879 10.0366991636005 10.03674004111201 10.03677664260369 10.036809481501608 10.036839799150037 10.036867708576157 10.036893063474245 
# ejected_gas_mass_list
-10.0 -10.0 6.821285575803528 7.4764621966488125 7.850285468594049 7.925267672676938 8.04736568435267 8.13870454846773 8.227712210676799 8.338390825690395 8.437922238011776 8.816596837359233 8.83741884151017 8.847464789936238 8.853743799689514 8.858145980005254 8.861444259901013 8.864029959643211 8.866131241775639 8.867885706399417 8.86804507615419 8.868201427048243 8.86835584096464 8.868506757032753 8.868655829497547 8.86880439599293 8.868952364500684 8.86909572730501 8.869374483064586 8.870658897500386 8.872781795188823 8.874467677496478 8.875848372470179 8.876999968901684 8.878416984981161 8.879565932731131 8.88051813331183 8.880804721335306 8.881323154741985 8.882014043400792 8.882612684350335 8.882969439547711 8.883137203377654 8.88375006861775 8.88439592684026 8.88542140407292 8.886205278833987 8.886856844651515 8.887433689147565 8.887949589070034 8.888411970980709 8.888838447304868 8.88923070373374 8.889586772192922 
# stellar_mass_list
-10.0 8.6456945314229 8.721611291974474 8.765485229087599 8.798442131372264 8.82552960786904 8.849076954889215 8.87005179459466 8.889104557890846 8.906654030913895 8.92291258766525 8.41212606730033 8.340418346791418 8.298546273973415 8.269355846637476 8.247153083965621 8.229352412028526 8.21457570584731 8.201988745999575 8.191035305800801 8.190017081449463 8.189019275737234 8.18802994998643 8.187057174349142 8.186092397418976 8.185127055516963 8.184162994342678 8.183227135649547 8.181396387050865 8.17280532539351 8.157981271874876 8.145560440211487 8.134888218336325 8.125600876112985 8.113624640122056 8.103372272680767 8.094462518751241 8.091688443399088 8.08659314179498 8.079550745348985 8.073210071035017 8.069316342016483 8.067462408852105 8.060467105712354 8.052806622624832 8.039773610307375 8.029098268667601 8.019874679111101 8.011481016884018 8.003782858357345 7.996838335969193 7.990243097846611 7.984084857589464 7.978466461662197 
# remnant_mass_list
-10.0 -10.0 6.544429898208307 7.144630325457003 7.432532236384718 7.620329274738561 7.756876614109576 7.862924146177679 7.949151047175531 8.021413079853957 8.083457730049505 8.254829631494477 8.281063446543683 8.294178608998337 8.302471778651714 8.308347198950045 8.31280226830052 8.316334482276586 8.319228288191647 8.32166412404327 8.321886577078663 8.322103496395375 8.322318142843892 8.322528357412864 8.32273648928471 8.322944863180906 8.323152946861937 8.323353392845886 8.323743416146513 8.32554747112493 8.328555834709322 8.330975298989319 8.332983513672906 8.334675917869241 8.33678450027726 8.338527884886062 8.33999538100395 8.340446635808679 8.34125583750562 8.34235615501938 8.343323116036297 8.343905534370146 8.344179596274726 8.345202963387697 8.346286436901014 8.348068177359739 8.349461392638178 8.350633705015674 8.351696861786357 8.352665621851365 8.353522122248862 8.354339099807966 8.355095831811077 8.355769806783487 
# BH_mass_list
-10.0 -10.0 -10.0 -10.0 -10.0 -10.0 -10.0 -10.0 -10.0 -10.0 -10.0 -10.0 -10.0 -10.0 -10.0 -10.0 -10.0 -10.0 -10.0 -10.0 -10.0 -10.0 -10.0 -10.0 -10.0 -10.0 -10.0 -10.0 -10.0 -10.0 -10.0 -10.0 -10.0 -10.0 -10.0 -10.0 -10.0 -10.0 -10.0 -10.0 -10.0 -10.0 -10.0 -10.0 -10.0 -10.0 -10.0 -10.0 -10.0 -10.0 -10.0 -10.0 -10.0 -10.0 
# NS_mass_list
-10.0 -10.0 7.12305299669598 7.525007168682383 7.751207352594064 7.9069648684087985 8.019086183273979 8.106199648259794 8.177001567917946 8.236473516897222 8.28753465886247 8.363233203454246 8.363233203454246 8.363233203454246 8.363233203454246 8.363233203454246 8.363233203454246 8.363233203454246 8.363233203454246 8.363233203454246 8.363233203454246 8.363233203454246 8.363233203454246 8.363233203454246 8.363233203454246 8.363233203454246 8.363233203454246 8.363233203454246 8.363233203454246 8.363233203454246 8.363233203454246 8.363233203454246 8.363233203454246 8.363233203454246 8.363233203454246 8.363233203454246 8.363233203454246 8.363233203454246 8.363233203454246 8.363233203454246 8.363233203454246 8.363233203454246 8.363233203454246 8.363233203454246 8.363233203454246 8.363233203454246 8.363233203454246 8.363233203454246 8.363233203454246 8.363233203454246 8.363233203454246 8.363233203454246 8.363233203454246 8.363233203454246 
# WD_mass_list
-10.0 -10.0 -10.0 -10.0 -10.0 4.964597501297123 6.059360566581407 6.462484188082743 6.715518688431638 6.894468936482665 7.034272337021885 7.608849800428928 7.714555818674811 7.76105023488369 7.788725450862824 7.807616093452571 7.821573907721468 7.8324282668394005 7.841186906153459 7.848469091145098 7.849130110306384 7.849774044003069 7.850410608138202 7.8510334302311255 7.85164949945849 7.852265706069683 7.852880477678763 7.853472140377914 7.85462185974059 7.859913922020777 7.868645561339914 7.875585651552605 7.881291865474682 7.886063358439255 7.891961368561382 7.896799382005161 7.900845279721509 7.902084583540612 7.904301323038354 7.907304082680338 7.9099321103407805 7.91151018667855 7.912251514570889 7.91501266466726 7.917924011592642 7.9226851989679945 7.926385580427152 7.92948410729311 7.932282307231501 7.934822370893053 7.937060471523157 7.939188687936219 7.941154254609753 7.9429002740533186 
