# time_axis
5.999999999999999 7.0 7.30102999566398 7.477121254719661 7.602059991327962 7.698970004336018 7.778151250383643 7.845098040014256 7.903089986991943 7.954242509439324 8.0 8.041392685158224 8.079181246047623 8.113943352306837 8.146128035678238 8.176091259055681 8.301029995663981 8.47712125471966 8.60205999132796 8.698970004336019 8.778151250383644 8.845098040014257 8.903089986991942 8.954242509439323 8.999999999999998 9.004321373782641 9.008600171761916 9.012837224705171 9.017033339298779 9.021189299069936 9.02530586526477 9.02938377768521 9.033423755486949 9.041392685158224 9.079181246047623 9.146128035678236 9.204119982655923 9.255272505103305 9.301029995663981 9.361727836017593 9.414973347970816 9.462397997898954 9.477121254719663 9.505149978319904 9.544068044350274 9.57978359661681 9.60205999132796 9.612783856719734 9.653212513775342 9.698970004336017 9.778151250383642 9.845098040014257 9.903089986991944 9.954242509439325 10.0 10.041392685158225 10.079181246047623 10.113943352306835 10.146128035678236 
# total_gas_mass_list
8.628290912707383 10.297439597481013 10.392220556520094 10.189740270724585 9.905907762645157 9.583391857562058 9.238321311486152 8.878821641805862 8.510086677525873 8.136642705738836 7.764215420308846 7.402218009105074 7.066932386202663 6.781996850547356 6.568793218101439 6.429088506609006 7.07780463087181 7.39587370364374 7.537647303295942 7.626298094281898 7.689433138945632 7.737451396837573 7.776067023540435 7.808010745522635 7.835129524821181 7.837646424625807 7.840085703912434 7.842472877494914 7.844831069180104 7.847173637485623 7.8495074777448455 7.851835838978063 7.854159599993787 7.858578165358437 7.879116996998809 7.913832638144509 7.941870460420844 7.965504284479671 7.985733806067167 8.010471771783623 8.031179111827921 8.048768733438969 8.054313858522221 8.063935454013091 8.077219687475354 8.08841093712606 8.095200316546286 8.098193387508529 8.10986431470658 8.121612872793435 8.140511960679369 8.154866095492844 8.167269899555555 8.178583088654813 8.188872149559275 8.197934840660785 8.206783655696006 8.214772785994164 8.222140291629234 
# ejected_gas_mass_list
-10.0 -10.0 4.4450646783884595 6.1357379720567105 6.680907771486561 6.968417982824302 7.138738799503314 7.251805043903654 7.334109155422693 7.397862318829812 7.449152784920166 7.4914469598019755 7.527021972322331 7.557477508890865 7.5839703458675 7.607315123486501 7.693727936878506 7.794600875133845 7.8568569642832 7.901625760266347 7.936256539252644 7.964105838069102 7.987432049465899 8.007343212540038 8.024676155976833 8.026304566476268 8.027885933481665 8.029436542724504 8.03097125683051 8.03249868202405 8.034023264807066 8.035547096965605 8.037070730639915 8.039975609727106 8.053610538605545 8.077143969175863 8.096587242068761 8.113271951713612 8.127763213079891 8.145741248996108 8.161002725844183 8.174115199971515 8.178276777052256 8.185529025688272 8.195606541170967 8.204153641699591 8.209364132543582 8.211667157114148 8.220682138499452 8.229812356755906 8.244613778796507 8.255948023645168 8.265805181940468 8.274845642715468 8.283108493222775 8.290418202062497 8.297583693869075 8.304076756301647 8.310084317776067 
# stellar_mass_list
-10.0 7.02623092137942 8.702537015278047 9.003903943190908 9.088016929505544 9.107753188458195 9.105376742065308 9.096113943068437 9.085637943740094 9.075857762046148 9.067233518600432 9.059722086864248 9.053147398408132 9.047329461866376 9.042118742516218 9.037401038680793 9.01867622473897 8.994008142115733 8.977081426327064 8.964094881408295 8.953512439629446 8.944558650021682 8.936780750827417 8.929887510445779 8.92368858954539 8.923095091783908 8.922518564068238 8.921952901982795 8.921391718012769 8.92083129119729 8.920269763480498 8.919706103397383 8.919143231155367 8.918060717731384 8.91291591008439 8.90370308827703 8.895679993420636 8.888471411184016 8.882028840682722 8.873454761954294 8.86578831568368 8.858898484915615 8.856666386298132 8.85261880299137 8.846760394355348 8.841477561531025 8.83808479406914 8.836542009613638 8.830221442767392 8.82334162066752 8.810815131869951 8.800167638463261 8.790858129572454 8.782304831814429 8.774204988332524 8.767269822173503 8.760339476386807 8.754085615082753 8.74837136060699 
# remnant_mass_list
-10.0 -10.0 5.6476131770758125 7.329464437673702 7.742250574728486 7.933935948765697 8.038402532559072 8.101097936416801 8.141854461888299 8.17039670460805 8.191722772986477 8.208530951174447 8.222338018847969 8.234038689713778 8.244182239642921 8.253132593831015 8.286628826148744 8.326737253828936 8.351912747636378 8.37007146184361 8.384183526960715 8.395672581653452 8.405333949206247 8.413659393663835 8.420963238513782 8.421653863784732 8.422322898428535 8.422977736565693 8.423626061133158 8.424272273652322 8.42491857313329 8.425566257746462 8.426211811719858 8.427448642148569 8.433259357091588 8.44339459082852 8.451947426089985 8.4594260043563 8.465947579212527 8.474398472403912 8.48174463998794 8.488182350332565 8.490237136145238 8.49391870016479 8.499162714258356 8.503799937549127 8.50673659869077 8.50805883744865 8.51341571245437 8.51911304334312 8.529169265291008 8.537396884363403 8.54436061805545 8.550581640599889 8.556323902759523 8.561116548442378 8.56581070256729 8.569956889468331 8.573672635261014 
# BH_mass_list
-10.0 -10.0 5.413698635189931 7.09205234522338 7.437974704627387 7.5665314275494575 7.620870895198224 7.644521064290591 7.654797533246382 7.659213302659235 7.661066070573164 7.661824094163914 7.662122606806057 7.662236741477038 7.66226801429391 7.662276902826691 7.662282343082 7.662282343082 7.662282343082 7.662282343082 7.662282343082 7.662282343082 7.662282343082 7.662282343082 7.662282343082 7.662282343082 7.662282343082 7.662282343082 7.662282343082 7.662282343082 7.662282343082 7.662282343082 7.662282343082 7.662282343082 7.662282343082 7.662282343082 7.662282343082 7.662282343082 7.662282343082 7.662282343082 7.662282343082 7.662282343082 7.662282343082 7.662282343082 7.662282343082 7.662282343082 7.662282343082 7.662282343082 7.662282343082 7.662282343082 7.662282343082 7.662282343082 7.662282343082 7.662282343082 7.662282343082 7.662282343082 7.662282343082 7.662282343082 7.662282343082 
# NS_mass_list
-10.0 -10.0 5.2671656954585115 6.953871181769062 7.4444423740103804 7.690429785175994 7.827484741430297 7.898848561451418 7.932456814039356 7.947747137106758 7.954524560843752 7.957458675906538 7.958701286265339 7.959220347482948 7.959433529595838 7.959518040710081 7.959577315135037 7.959577315135037 7.959577315135037 7.959577315135037 7.959577315135037 7.959577315135037 7.959577315135037 7.959577315135037 7.959577315135037 7.959577315135037 7.959577315135037 7.959577315135037 7.959577315135037 7.959577315135037 7.959577315135037 7.959577315135037 7.959577315135037 7.959577315135037 7.959577315135037 7.959577315135037 7.959577315135037 7.959577315135037 7.959577315135037 7.959577315135037 7.959577315135037 7.959577315135037 7.959577315135037 7.959577315135037 7.959577315135037 7.959577315135037 7.959577315135037 7.959577315135037 7.959577315135037 7.959577315135037 7.959577315135037 7.959577315135037 7.959577315135037 7.959577315135037 7.959577315135037 7.959577315135037 7.959577315135037 7.959577315135037 7.959577315135037 
# WD_mass_list
-10.0 -10.0 -10.0 -10.0 -10.0 3.6372383858722555 5.409520065517983 6.459442670285204 6.8958602403938185 7.138490628763603 7.292646832100245 7.399035947341126 7.4770199934484385 7.536920063349089 7.584685192448845 7.623933739535398 7.751392595726581 7.875836518476449 7.943485869064507 7.988556414982073 8.021781220831002 8.047804800323615 8.069041375031722 8.086902475659727 8.102258016081326 8.103695404542329 8.105085505653367 8.106443879943743 8.10778658002499 8.109122774667851 8.110457030768147 8.111792030976908 8.113120542046454 8.115660050250076 8.12749041539386 8.147744553018315 8.164480441171229 8.178862459221904 8.191221554893886 8.206995848361615 8.220497086864544 8.232174589730786 8.235872461687809 8.242463282972404 8.251776059970897 8.259939574806037 8.265075431514639 8.267379417511401 8.276661021957144 8.286441910071114 8.303486772183211 8.317233068344384 8.32873390359434 8.33890822891201 8.348218604860717 8.355931492353468 8.36343620096398 8.370024899025273 8.375898401037995 
