# time_axis
1000000 10000000 20000000 30000000 40000000 50000000 60000000 70000000 80000000 90000000 100000000 110000000 120000000 130000000 140000000 150000000 200000000 300000000 400000000 500000000 600000000 700000000 800000000 900000000 1000000000 1010000000 1020000000 1030000000 1040000000 1050000000 1060000000 1070000000 1080000000 1100000000 1200000000 1400000000 1600000000 1800000000 2000000000 2300000000 2600000000 2900000000 3000000000 3200000000 3500000000 3800000000 4000000000 4100000000 4500000000 5000000000 6000000000 7000000000 8000000000 9000000000 10000000000 11000000000 12000000000 13000000000 14000000000 
# SNIa_energy_release_list
0 0.0 0.0 0.0 0.0 0.0 5.981157324224524e+52 7.381159378417487e+53 1.4143207090504906e+54 2.001890148809484e+54 2.5112496316468733e+54 2.959302157475225e+54 3.359047699839166e+54 3.7198986208617114e+54 4.04877657947293e+54 4.35090428191498e+54 5.576003102873179e+54 7.233447040105082e+54 8.376444280669348e+54 9.24987083625059e+54 9.956993493460412e+54 1.0550994927492041e+55 1.1063244551936752e+55 1.1513495704934424e+55 1.1915167872237874e+55 1.1953029860229945e+55 1.1990567174929886e+55 1.2027697305152664e+55 1.2064461029932622e+55 1.2100878976991938e+55 1.2136924581075848e+55 1.2172619605106748e+55 1.2207987502283801e+55 1.2277738191078804e+55 1.26081639381312e+55 1.3192226208670357e+55 1.3696998356166023e+55 1.414149197586597e+55 1.4538621969165722e+55 1.5064727798482728e+55 1.5525644560327875e+55 1.593577218891476e+55 1.606321071691971e+55 1.630521010282823e+55 1.6641266834546335e+55 1.6949566634637536e+55 1.7141767217344293e+55 1.7234265903470837e+55 1.7582929700100981e+55 1.7977322738800823e+55 1.8659426744574914e+55 1.9235801073335815e+55 1.9734807099810875e+55 2.0175003734694706e+55 2.056836616434022e+55 2.0924269296464663e+55 2.1249144806467884e+55 2.1547949000922434e+55 2.1824556914775726e+55 
# SNII_energy_release_list
0 0.0 4.839747603175995e+52 6.474475644034428e+53 1.78219690573994e+54 3.0403526520796416e+54 4.1544718922833996e+54 4.359421967449054e+54 4.3906382720554655e+54 4.395326453246642e+54 4.396073120977028e+54 4.3962239304696016e+54 4.3962725787466674e+54 4.3963014679667585e+54 4.396327183187323e+54 4.3963519789172046e+54 4.396416028359271e+54 4.396416028359271e+54 4.396416028359271e+54 4.396416028359271e+54 4.396416028359271e+54 4.396416028359271e+54 4.396416028359271e+54 4.396416028359271e+54 4.396416028359271e+54 4.396416028359271e+54 4.396416028359271e+54 4.396416028359271e+54 4.396416028359271e+54 4.396416028359271e+54 4.396416028359271e+54 4.396416028359271e+54 4.396416028359271e+54 4.396416028359271e+54 4.396416028359271e+54 4.396416028359271e+54 4.396416028359271e+54 4.396416028359271e+54 4.396416028359271e+54 4.396416028359271e+54 4.396416028359271e+54 4.396416028359271e+54 4.396416028359271e+54 4.396416028359271e+54 4.396416028359271e+54 4.396416028359271e+54 4.396416028359271e+54 4.396416028359271e+54 4.396416028359271e+54 4.396416028359271e+54 4.396416028359271e+54 4.396416028359271e+54 4.396416028359271e+54 4.396416028359271e+54 4.396416028359271e+54 4.396416028359271e+54 4.396416028359271e+54 4.396416028359271e+54 4.396416028359271e+54 
# SN_energy_per_current_crossing_time_list
0.0 0.0 4.1033259274318807e+52 4.709575162660283e+53 8.865844223334825e+53 9.854021504453141e+53 8.771567907215031e+53 1.8155821391473017e+53 4.470366993381551e+52 2.1168339724123728e+52 1.575969327325898e+52 1.3490845755718314e+52 1.1992975406254918e+52 1.0835561550011511e+52 9.893701445157544e+51 9.10639639116196e+51 7.439721125356189e+51 5.092998170999506e+51 3.551107486398772e+51 2.739836310481437e+51 2.2374072637713495e+51 1.894283544956162e+51 1.6454766438220264e+51 1.4561232009080636e+51 1.3073509697343179e+51 1.2330637642469218e+51 1.223213825832961e+51 1.2106651478569417e+51 1.1994374668604155e+51 1.1888755558188042e+51 1.1774381789427143e+51 1.1667035670782318e+51 1.1567117126586801e+51 1.1418980232736576e+51 1.0880604445249789e+51 9.719129062547659e+50 8.481802505551672e+50 7.536650209100843e+50 6.7899578028780246e+50 6.065916525549797e+50 5.370608177830592e+50 4.825380186917013e+50 4.512616683974741e+50 4.309582997051984e+50 4.0237330393096936e+50 3.7198998778712066e+50 3.495566000270089e+50 3.3720785926302154e+50 3.2067117649456183e+50 2.9306500174938376e+50 2.5797121642388827e+50 2.2126766426092052e+50 1.941155844104737e+50 1.7335427504924747e+50 1.5674787224775439e+50 1.4326570183262466e+50 1.321234997805744e+50 1.2265318280683884e+50 1.1451861202432286e+50 
# SN_energy_per_final_crossing_time_list
0.0 0.0 5.343218327515317e+52 6.613682517631177e+53 1.2527953882938512e+54 1.3890395520418103e+54 1.2324954353854557e+54 2.5435320403155084e+53 6.245927895955791e+52 2.950188312299892e+52 2.1912365488152648e+52 1.8716348043403866e+52 1.6603598785643764e+52 1.4971505624440687e+52 1.3644286861832958e+52 1.2535782722164946e+52 1.0158220760725699e+52 6.861993807617422e+51 4.7321298842691546e+51 3.6160786384224286e+51 2.9275628490358217e+51 2.459228979321204e+51 2.120767811166176e+51 1.86408755936723e+51 1.6629654028188667e+51 1.567526486473983e+51 1.5540846675984504e+51 1.53722679809138e+51 1.5220572238861972e+51 1.5077416592716158e+51 1.4923262649154103e+51 1.4778118786441381e+51 1.4642684797092909e+51 1.4438762718807552e+51 1.367997661470045e+51 1.209039893800614e+51 1.0449051314995991e+51 9.201253802286876e+50 8.220801601872723e+50 7.260446566403912e+50 6.36081437318605e+50 5.6599063664183314e+50 5.276090312184523e+50 5.009515707435769e+50 4.6377017853748095e+50 4.254646309281786e+50 3.9786540549809e+50 3.829543776141996e+50 3.608762805896333e+50 3.2656580757061494e+50 2.8239829768179093e+50 2.3862508927042383e+50 2.0659379100052127e+50 1.8224607872720044e+50 1.6285622069877461e+50 1.4734767396285632e+50 1.3450190910299082e+50 1.2370810776632047e+50 1.1451861202432286e+50 
# total_energy_release_list
0 0 4.839747603175995e+52 6.474475644034428e+53 1.78219690573994e+54 3.0403526520796416e+54 4.214283465525645e+54 5.0975379052908025e+54 5.804958981105956e+54 6.397216602056127e+54 6.907322752623902e+54 7.355526087944827e+54 7.755320278585833e+54 8.11620008882847e+54 8.445103762660253e+54 8.747256260832186e+54 9.97241913123245e+54 1.1629863068464353e+55 1.277286030902862e+55 1.364628686460986e+55 1.4353409521819683e+55 1.4947410955851313e+55 1.5459660580296022e+55 1.5909911733293696e+55 1.6311583900597146e+55 1.6349445888589217e+55 1.6386983203289158e+55 1.6424113333511935e+55 1.6460877058291892e+55 1.6497295005351208e+55 1.653334060943512e+55 1.6569035633466018e+55 1.6604403530643071e+55 1.6674154219438075e+55 1.700457996649047e+55 1.7588642237029627e+55 1.8093414384525293e+55 1.853790800422524e+55 1.8935037997524992e+55 1.9461143826841999e+55 1.9922060588687146e+55 2.0332188217274031e+55 2.045962674527898e+55 2.07016261311875e+55 2.1037682862905605e+55 2.1345982662996807e+55 2.1538183245703563e+55 2.1630681931830107e+55 2.1979345728460252e+55 2.2373738767160093e+55 2.3055842772934185e+55 2.3632217101695086e+55 2.4131223128170145e+55 2.457141976305398e+55 2.496478219269949e+55 2.5320685324823936e+55 2.5645560834827154e+55 2.5944365029281704e+55 2.6220972943134997e+55 
# binding_energy_list
2.074913517454911e+53 2.074913517454911e+53 2.074913517454911e+53 2.074913517454911e+53 2.074913517454911e+53 2.074913517454911e+53 2.0701413487910543e+53 2.0701413487910543e+53 2.0701413487910543e+53 2.0653801558105185e+53 2.0653801558105185e+53 2.0653801558105185e+53 2.0653801558105185e+53 2.0606299132700006e+53 2.0606299132700006e+53 2.0606299132700006e+53 2.0558905959841533e+53 2.046444636724674e+53 2.0370420777057063e+53 2.0323570109362208e+53 2.0230191786782596e+53 2.0183663636815596e+53 2.0137242498623976e+53 2.0044720273651593e+53 1.999861869632753e+53 1.999861869632753e+53 1.999861869632753e+53 1.999861869632753e+53 1.999861869632753e+53 1.999861869632753e+53 1.999861869632753e+53 1.999861869632753e+53 1.9952623149688667e+53 1.9952623149688667e+53 1.990673338987184e+53 1.981527025805085e+53 1.9724227361148613e+53 1.9678862897068307e+53 1.958844673505997e+53 1.9498445997580415e+53 1.9408858775927632e+53 1.93196831701693e+53 1.93196831701693e+53 1.9230917289101536e+53 1.918668740670295e+53 1.9098532585662328e+53 1.9098532585662328e+53 1.9054607179632522e+53 1.8967059212111406e+53 1.8923436186449799e+53 1.8793168168032724e+53 1.8663796908346733e+53 1.8578044550916913e+53 1.8450154191794662e+53 1.8365383433483587e+53 1.8281002161427446e+53 1.8238957023196497e+53 1.815515662773137e+53 1.8071741260109183e+53 
# total_gas_kinetic_energy_list
2.7635862844463932e+57 2.904621587363374e+58 5.5651244302951814e+57 8.498147409387311e+56 1.2779523002275894e+56 1.9357621549316946e+55 3.084208566283207e+54 6.430254841244995e+53 2.8357917858184085e+53 2.3855716192264082e+53 2.324386985082047e+53 2.2790424251820746e+53 2.228573848023291e+53 2.178367874893623e+53 2.1310477727895366e+53 2.0838336286784004e+53 1.0372797521279011e+54 2.5026962016168804e+54 3.777070238481568e+54 4.897028325654403e+54 5.90503132648598e+54 6.824889296289274e+54 7.690179628251951e+54 8.507690166701631e+54 9.291664388843842e+54 9.36608977601304e+54 9.439269086361817e+54 9.512907472037612e+54 9.587228199866426e+54 9.66227129565107e+54 9.737976219515114e+54 9.814373687222607e+54 9.889697154556207e+54 1.0031112428904683e+55 1.0742032950538678e+55 1.2083782856022299e+55 1.3324207125620382e+55 1.4485681372491342e+55 1.556554055761436e+55 1.7048088366030403e+55 1.8408402195137512e+55 1.9657810154045373e+55 2.007141301435262e+55 2.0818967783801277e+55 2.1902145383907087e+55 2.2871355921924552e+55 2.347842853325794e+55 2.3755097495649298e+55 2.4870630434241423e+55 2.606072207097032e+55 2.8137037363644885e+55 2.9844584944605704e+55 3.1367359188232434e+55 3.2792807225547877e+55 3.417047762719554e+55 3.536055234788884e+55 3.656972955904732e+55 3.76680195345644e+55 3.8685032275211715e+55 
