# time_axis
5.999999999999999 7.0 7.30102999566398 7.477121254719661 7.602059991327962 7.698970004336018 7.778151250383643 7.845098040014256 7.903089986991943 7.954242509439324 8.0 8.041392685158224 8.079181246047623 8.113943352306837 8.146128035678238 8.176091259055681 8.301029995663981 8.47712125471966 8.60205999132796 8.698970004336019 8.778151250383644 8.845098040014257 8.903089986991942 8.954242509439323 8.999999999999998 9.004321373782641 9.008600171761916 9.012837224705171 9.017033339298779 9.021189299069936 9.02530586526477 9.02938377768521 9.033423755486949 9.041392685158224 9.079181246047623 9.146128035678236 9.204119982655923 9.255272505103305 9.301029995663981 9.361727836017593 9.414973347970816 9.462397997898954 9.477121254719663 9.505149978319904 9.544068044350274 9.57978359661681 9.60205999132796 9.612783856719734 9.653212513775342 9.698970004336017 9.778151250383642 9.845098040014257 9.903089986991944 9.954242509439325 10.0 10.041392685158225 10.079181246047623 10.113943352306835 10.146128035678236 
# total_gas_mass_list
8.684045203312506 9.706210693840108 8.988608539603202 8.172467533447147 7.349704887557068 6.530450201888153 5.736247745910011 5.063273196980764 4.700157262521598 4.612078867788488 4.5938460848416005 4.581615197292844 4.569528706896251 4.557629866510831 4.5463188636906136 4.5352628533215835 5.230152288227645 5.608086460556706 5.786407884850663 5.9021180012904555 5.986665579311028 6.05228361189424 6.105839357754102 6.150726136146337 6.189592248827474 6.193097479433229 6.196515521559198 6.199926074583504 6.203339714060787 6.206758194173472 6.210177711310908 6.213600007227869 6.216946586586362 6.223147110457854 6.253032262004905 6.304042858853705 6.346018954372489 6.381667920656484 6.412179845657359 6.450714123949896 6.483172327433318 6.510890261681054 6.519672233517038 6.535082297725717 6.5564379057597515 6.574653389565754 6.585664132624717 6.590587319636885 6.609844718918515 6.629426533060859 6.661426176761824 6.685946420036323 6.706697025900162 6.725260261817119 6.742474693170294 6.75681683892843 6.770917349683239 6.783339647819429 6.794534543531937 
# ejected_gas_mass_list
-10.0 -10.0 3.150876428393934 4.277640473735628 4.717805256548271 4.945193627137401 5.093989558241831 5.198998341872943 5.2808252180945745 5.3508707973050065 5.410662534998168 5.461956014227041 5.50663239553695 5.546095017637643 5.581383764666028 5.6132316399527635 5.737200077535187 5.89304827595325 5.994599333175646 6.069792729602758 6.129009034728945 6.177264937333972 6.21803427356567 6.253102057945297 6.284089609288782 6.286911636849323 6.28966773460721 6.2924219705379345 6.295182856824771 6.297951806519547 6.300725729210206 6.303506024497743 6.306228772135167 6.31128376099478 6.335831713944527 6.378406697209978 6.414040058360828 6.44469868867043 6.471211766105274 6.505034131096586 6.5337996685561475 6.5585528386012095 6.566430243922638 6.580292210088147 6.599582673208974 6.616107873001279 6.626127685839157 6.630615150428666 6.648210849646537 6.666170736600765 6.695660460388101 6.7183697818132435 6.737660264308852 6.7549712141778935 6.771068180396062 6.78451046157917 6.797753036540508 6.809440901275565 6.8199906644588655 
# stellar_mass_list
-10.0 6.6134641290267995 7.674523808586903 7.739501705191498 7.74452633667582 7.742262470340676 7.739479270116884 7.736971040023754 7.734750054497845 7.732754830295503 7.730937361232544 7.72926124325596 7.72770152568667 7.7262395412678995 7.7248609067134435 7.72355507021069 7.717832998305955 7.708937005736457 7.701920024352054 7.696018615617523 7.690859774612198 7.686261554842027 7.682070679108666 7.678218785446127 7.674609640732389 7.674270949220294 7.673938557918584 7.673604694250905 7.67326831896366 7.672929279389403 7.672587837964842 7.672243899874604 7.67190539302729 7.671271026533743 7.668115562651005 7.662261213174146 7.65692157193188 7.651978009557277 7.647413439214979 7.64109797393636 7.635241664869774 7.629809613429694 7.628000516407925 7.624715212886927 7.619835816102637 7.615294843549728 7.6123595707969836 7.610995185822401 7.605333813109688 7.598970729693562 7.586919948278009 7.576306362046494 7.567019033879982 7.558486856634574 7.550377802606391 7.543464634126689 7.536527477091373 7.530294529799679 7.524577109863901 
# remnant_mass_list
-10.0 -10.0 4.0593609105818675 5.156127822434825 5.465939217700044 5.620347438008473 5.717775326391292 5.787194585479765 5.840950852190177 5.884693669618185 5.921445676438581 5.9530827042250625 5.980804703736929 6.005440518527294 6.0275864649468565 6.047672574621042 6.126850029938715 6.2285486910642645 6.29557227830783 6.345216349558771 6.384543092346421 6.41688707247173 6.444427742548506 6.468290347869442 6.489511611476928 6.491450009858427 6.493343548531481 6.495237357626016 6.497136988168797 6.499043018889899 6.500954359742392 6.502871002717958 6.504748917509835 6.508245248414147 6.52522161292789 6.555007074315939 6.580427011473271 6.602632640402794 6.62210846349643 6.647578521981276 6.669812446212352 6.689357196027264 6.695652858833522 6.706825113908387 6.722834540309712 6.737142475136436 6.74610638144187 6.750199434344296 6.766712940749227 6.784414502068502 6.815701247377639 6.8410998781111045 6.861864754503007 6.879864426801503 6.896100997287375 6.909323424326735 6.9220613759698475 6.933080013910265 6.942852116156597 
# BH_mass_list
-10.0 -10.0 3.639499438993591 4.70108867164351 4.7711170151177695 4.780882574742746 4.7823324669378255 4.782533305130978 4.782542791961969 4.782544806339479 4.7825456793580585 4.782546392119665 4.782547075576069 4.782547740052002 4.782548386289434 4.782549015060621 4.782549627666286 4.782549627666286 4.782549627666286 4.782549627666286 4.782549627666286 4.782549627666286 4.782549627666286 4.782549627666286 4.782549627666286 4.782549627666286 4.782549627666286 4.782549627666286 4.782549627666286 4.782549627666286 4.782549627666286 4.782549627666286 4.782549627666286 4.782549627666286 4.782549627666286 4.782549627666286 4.782549627666286 4.782549627666286 4.782549627666286 4.782549627666286 4.782549627666286 4.782549627666286 4.782549627666286 4.782549627666286 4.782549627666286 4.782549627666286 4.782549627666286 4.782549627666286 4.782549627666286 4.782549627666286 4.782549627666286 4.782549627666286 4.782549627666286 4.782549627666286 4.782549627666286 4.782549627666286 4.782549627666286 4.782549627666286 4.782549627666286 
# NS_mass_list
-10.0 -10.0 3.85153491777533 4.968559676695073 5.367986034829742 5.551832109879352 5.65254767358192 5.668655907377405 5.671049839479773 5.671401515839009 5.671452814907962 5.6714603589963595 5.671462696308449 5.671464141526795 5.6714654407186895 5.671466694799295 5.671469833347726 5.671469833347726 5.671469833347726 5.671469833347726 5.671469833347726 5.671469833347726 5.671469833347726 5.671469833347726 5.671469833347726 5.671469833347726 5.671469833347726 5.671469833347726 5.671469833347726 5.671469833347726 5.671469833347726 5.671469833347726 5.671469833347726 5.671469833347726 5.671469833347726 5.671469833347726 5.671469833347726 5.671469833347726 5.671469833347726 5.671469833347726 5.671469833347726 5.671469833347726 5.671469833347726 5.671469833347726 5.671469833347726 5.671469833347726 5.671469833347726 5.671469833347726 5.671469833347726 5.671469833347726 5.671469833347726 5.671469833347726 5.671469833347726 5.671469833347726 5.671469833347726 5.671469833347726 5.671469833347726 5.671469833347726 5.671469833347726 
# WD_mass_list
-10.0 -10.0 -10.0 -10.0 -10.0 2.7085199324915727 4.087565548093101 4.933115383807277 5.2145004069184635 5.3746811544587905 5.48376485263542 5.565468615447871 5.630265335556713 5.683660101761044 5.728884622313358 5.767966854571319 5.908100188116153 6.0654476580771925 6.159895487746812 6.226410652680272 6.2774090713268365 6.318386979933492 6.352668812795798 6.381959859158008 6.407712145839935 6.410051209313773 6.412334063467232 6.414615203060199 6.416901317154985 6.419193095113831 6.4214892200695886 6.423789678016874 6.426041686449747 6.430229367294115 6.45046966756625 6.485628629860025 6.515304433517693 6.540998072796045 6.563368358823866 6.592406405240088 6.617566476113737 6.639547516021153 6.646602088703904 6.659091161997458 6.676922858849961 6.692797386152505 6.70271402067381 6.7072349262739275 6.725430147894965 6.7448580123940935 6.7790138029584375 6.806581604933209 6.8290206111781755 6.848403223613706 6.865835487692641 6.879996841032363 6.89361084701553 6.905365473660651 6.915773854426244 
