# time_axis
1000000 10000000 20000000 30000000 40000000 50000000 60000000 70000000 80000000 90000000 100000000 110000000 120000000 130000000 140000000 150000000 200000000 300000000 400000000 500000000 600000000 700000000 800000000 900000000 1000000000 1010000000 1020000000 1030000000 1040000000 1050000000 1060000000 1070000000 1080000000 1100000000 1200000000 1400000000 1600000000 1800000000 2000000000 2300000000 2600000000 2900000000 3000000000 3200000000 3500000000 3800000000 4000000000 4100000000 4500000000 5000000000 6000000000 7000000000 8000000000 9000000000 10000000000 11000000000 12000000000 13000000000 14000000000 
# SNIa_energy_release_list
0 0.0 0.0 0.0 0.0 0.0 1.0316167116330984e+54 5.039964829688251e+55 1.7865852178690862e+56 3.245730210638664e+56 4.646271283938308e+56 5.920862764532555e+56 7.060995515718569e+56 8.08038664978938e+56 8.99820892516786e+56 9.83196471950915e+56 1.3136596270532361e+57 1.7473669937432208e+57 2.0407915398994593e+57 2.2629091707541007e+57 2.4417057187845977e+57 2.591357017856443e+57 2.7200515563773093e+57 2.8329416990802362e+57 2.933494763886902e+57 2.942967144583875e+57 2.9523457373527408e+57 2.961634118456262e+57 2.970827468533459e+57 2.9799305250712865e+57 2.9889446684708592e+57 2.99786895411967e+57 3.006707161363233e+57 3.024135228541922e+57 3.1066539321891934e+57 3.252347995825255e+57 3.378107272479157e+57 3.488733365797379e+57 3.587493314780665e+57 3.718233916228102e+57 3.8326978725222726e+57 3.934492274237163e+57 3.966080803874077e+57 4.026144344577947e+57 4.109490760961203e+57 4.18592937586223e+57 4.2335739587466275e+57 4.2564996308657486e+57 4.3429004586164516e+57 4.440611538336576e+57 4.6095604070136574e+57 4.7522505906993975e+57 4.875766254885578e+57 4.984678289037619e+57 5.0820025182741385e+57 5.170092536301264e+57 5.2504601670632324e+57 5.3243721610655194e+57 5.392790791072949e+57 
# SNII_energy_release_list
0 0.0 2.2792110294898353e+53 2.724879013924465e+55 1.016786265072253e+56 1.69752323946236e+56 2.2527571553749876e+56 2.640541476372865e+56 2.842560947924609e+56 2.93643791255415e+56 2.976377776709242e+56 2.9919571006942016e+56 2.9976049770476583e+56 2.9995308706198876e+56 3.0001723170636e+56 3.0004314952685497e+56 3.000537448163249e+56 3.000537448163249e+56 3.000537448163249e+56 3.000537448163249e+56 3.000537448163249e+56 3.000537448163249e+56 3.000537448163249e+56 3.000537448163249e+56 3.000537448163249e+56 3.000537448163249e+56 3.000537448163249e+56 3.000537448163249e+56 3.000537448163249e+56 3.000537448163249e+56 3.000537448163249e+56 3.000537448163249e+56 3.000537448163249e+56 3.000537448163249e+56 3.000537448163249e+56 3.000537448163249e+56 3.000537448163249e+56 3.000537448163249e+56 3.000537448163249e+56 3.000537448163249e+56 3.000537448163249e+56 3.000537448163249e+56 3.000537448163249e+56 3.000537448163249e+56 3.000537448163249e+56 3.000537448163249e+56 3.000537448163249e+56 3.000537448163249e+56 3.000537448163249e+56 3.000537448163249e+56 3.000537448163249e+56 3.000537448163249e+56 3.000537448163249e+56 3.000537448163249e+56 3.000537448163249e+56 3.000537448163249e+56 3.000537448163249e+56 3.000537448163249e+56 3.000537448163249e+56 
# SN_energy_per_current_crossing_time_list
0.0 0.0 3.266423689547581e+53 2.3866804723590782e+55 6.443992985947253e+55 5.916169553564536e+55 4.8924502251566356e+55 3.634723475398871e+55 2.2743598013338164e+55 1.372056820705885e+55 8.65813463875459e+54 6.0103237050960766e+54 4.643000530768104e+54 3.891617156552829e+54 3.430090169330323e+54 3.110970319753712e+54 2.5360266680932605e+54 1.7465423884370456e+54 1.2243264109652135e+54 9.535632711397436e+53 7.861936263974695e+53 6.717815211296274e+53 5.883494401900537e+53 5.2461127588436525e+53 4.742538854959097e+53 4.4739906127778525e+53 4.4358061383789025e+53 4.399169905793795e+53 4.360065296895263e+53 4.323104057571223e+53 4.2866000621580345e+53 4.249639422899593e+53 4.214345205422222e+53 4.166041210294305e+53 3.9946960624189715e+53 3.606956984412367e+53 3.1753313927306777e+53 2.8431148053812072e+53 2.578686231369772e+53 2.324077315673646e+53 2.072850103299484e+53 1.874213424867978e+53 1.7540646628227233e+53 1.6841449220390848e+53 1.5795622590934722e+53 1.4664828797832992e+53 1.3816099007016296e+53 1.3342065565096128e+53 1.2746353744265055e+53 1.1704179166455547e+53 1.0383489667857262e+53 8.950613765874375e+52 7.880062276045684e+52 7.050130308136927e+52 6.382694332102453e+52 5.839262386489544e+52 5.381243244265618e+52 4.994504846739739e+52 4.660868176055882e+52 
# SN_energy_per_final_crossing_time_list
0.0 0.0 4.140432570372946e+53 4.908632188512291e+55 1.352098224860272e+56 1.2366321082839005e+56 1.0093450374459886e+56 7.380829104414471e+55 4.5436367801283223e+55 2.699386601264408e+55 1.6796383915403024e+55 1.1513025343551263e+55 8.792900384069742e+54 7.294236462840875e+54 6.368987358965388e+54 5.7268598625143094e+54 4.506264125452926e+54 2.9545357206170638e+54 1.998889964772357e+54 1.5131273410164737e+54 1.2180120248147186e+54 1.0194664483542529e+54 8.767031420520498e+53 7.690391834173463e+53 6.8499556292105505e+53 6.4528503036693165e+53 6.388959347453672e+53 6.3275046413200506e+53 6.262766851878115e+53 6.201256370873961e+53 6.140686257662591e+53 6.079472648029174e+53 6.020833634118104e+53 5.93624307257337e+53 5.621404575291699e+53 4.962543276354941e+53 4.2835365918341525e+53 3.7680792331876044e+53 3.363901785486713e+53 2.9688049806443814e+53 2.599201470608295e+53 2.3115063221915148e+53 2.151898868730831e+53 2.0458480780563536e+53 1.8925968929166103e+53 1.7357373158709405e+53 1.6228410310410223e+53 1.5617608184072045e+53 1.4714664280927735e+53 1.3312703334344279e+53 1.1509268825057287e+53 9.720453860362542e+52 8.414232035737155e+52 7.419391968439499e+52 6.629998331717472e+52 6.000938072075291e+52 5.47486748218702e+52 5.035091474890363e+52 4.660868176055882e+52 
# total_energy_release_list
0 0 2.2792110294898353e+53 2.724879013924465e+55 1.016786265072253e+56 1.69752323946236e+56 2.2630733224913184e+56 3.14453795934169e+56 4.629146165793695e+56 6.182168123192814e+56 7.62264906064755e+56 8.912819865226756e+56 1.0058600492766228e+57 1.1079917520409268e+57 1.199838124223146e+57 1.28323962147777e+57 1.613713371869561e+57 2.047420738559546e+57 2.3408452847157843e+57 2.5629629155704254e+57 2.7417594636009225e+57 2.8914107626727678e+57 3.0201053011936343e+57 3.132995443896561e+57 3.2335485087032266e+57 3.2430208894002e+57 3.2523994821690655e+57 3.2616878632725866e+57 3.270881213349784e+57 3.2799842698876116e+57 3.288998413287184e+57 3.297922698935995e+57 3.306760906179558e+57 3.324188973358247e+57 3.406707677005518e+57 3.5524017406415796e+57 3.678161017295482e+57 3.7887871106137035e+57 3.88754705959699e+57 4.0182876610444266e+57 4.132751617338597e+57 4.234546019053488e+57 4.2661345486904016e+57 4.3261980893942715e+57 4.409544505777528e+57 4.485983120678555e+57 4.533627703562952e+57 4.556553375682073e+57 4.642954203432776e+57 4.740665283152901e+57 4.909614151829982e+57 5.052304335515722e+57 5.1758199997019025e+57 5.2847320338539435e+57 5.382056263090463e+57 5.470146281117589e+57 5.550513911879557e+57 5.624425905881844e+57 5.692844535889274e+57 
# binding_energy_list
3.837072454922816e+54 3.837072454922816e+54 3.837072454922816e+54 3.828247433168213e+54 3.793149849736825e+54 3.767037989839093e+54 3.749730022454819e+54 3.7239170625456675e+54 3.7068072178257826e+54 3.6982817978026435e+54 3.6812897364253355e+54 3.664375746478333e+54 3.655947916131269e+54 3.647539469256058e+54 3.630780547701032e+54 3.622429984166965e+54 3.580964371026377e+54 3.5237087104248475e+54 3.4753616144320326e+54 3.435579478998757e+54 3.404081897009981e+54 3.380648362059843e+54 3.3496543915782655e+54 3.3265955329400337e+54 3.311311214825935e+54 3.303695410368136e+54 3.303695410368136e+54 3.303695410368136e+54 3.303695410368136e+54 3.2960971217745825e+54 3.2960971217745825e+54 3.2960971217745825e+54 3.2960971217745825e+54 3.288516308759853e+54 3.273406948788386e+54 3.243396173493513e+54 3.2136605386403015e+54 3.191537855100745e+54 3.162277660168379e+54 3.1332857243156014e+54 3.111716337106033e+54 3.090295432513605e+54 3.0831879502493346e+54 3.0690219883911704e+54 3.0478949896279954e+54 3.0338911841942658e+54 3.0199517204019945e+54 3.0199517204019945e+54 2.9991625189876288e+54 2.9785164294291667e+54 2.951209226666378e+54 2.9241523778433426e+54 2.904022654464457e+54 2.8840315031266116e+54 2.8707805820246804e+54 2.857590543374967e+54 2.84446110744792e+54 2.831391995799367e+54 2.8248799749157104e+54 
# total_gas_kinetic_energy_list
1.4698392966937008e+57 6.557371842281074e+58 1.3912033623336258e+59 8.064340108397385e+58 4.2008797768290545e+58 2.0039807834943195e+58 8.958200777928066e+57 3.817411993066012e+57 1.5704371789285376e+57 6.302435842025846e+56 2.495955599017139e+56 9.927330029416877e+55 4.0961164190140575e+55 1.8559409854547063e+55 9.93266251548404e+54 6.529645919988622e+54 2.097986930634286e+55 4.187210002889994e+55 5.754853916119529e+55 7.004567181761637e+55 8.046263333742599e+55 8.939298414945166e+55 9.73254976820938e+55 1.0450248057235965e+56 1.1103617659443144e+56 1.1167164713622847e+56 1.1227863701271796e+56 1.1288902599185875e+56 1.1348949975551913e+56 1.140989765959209e+56 1.146906202750497e+56 1.1529861313742464e+56 1.1590333108930545e+56 1.1706651950076823e+56 1.2262419554356604e+56 1.3268364531067462e+56 1.414744069079915e+56 1.4942379410732736e+56 1.565267070435996e+56 1.658587913793935e+56 1.7404843627694525e+56 1.812950701801315e+56 1.8361071871930531e+56 1.8792693224569078e+56 1.9386561442660464e+56 1.9907132616663487e+56 2.022559557145554e+56 2.0368993876291646e+56 2.0937234706875482e+56 2.1531606769591098e+56 2.2532041845254247e+56 2.3295145449444304e+56 2.392979854588589e+56 2.447584298578655e+56 2.4968264515867843e+56 2.5373273489084867e+56 2.574343310661315e+56 2.609442955903339e+56 2.640323698981425e+56 
