# time_axis
5.999999999999999 7.0 7.30102999566398 7.477121254719661 7.602059991327962 7.698970004336018 7.778151250383643 7.845098040014256 7.903089986991943 7.954242509439324 8.0 8.041392685158224 8.079181246047623 8.113943352306837 8.146128035678238 8.176091259055681 8.301029995663981 8.47712125471966 8.60205999132796 8.698970004336019 8.778151250383644 8.845098040014257 8.903089986991942 8.954242509439323 8.999999999999998 9.004321373782641 9.008600171761916 9.012837224705171 9.017033339298779 9.021189299069936 9.02530586526477 9.02938377768521 9.033423755486949 9.041392685158224 9.079181246047623 9.146128035678236 9.204119982655923 9.255272505103305 9.301029995663981 9.361727836017593 9.414973347970816 9.462397997898954 9.477121254719663 9.505149978319904 9.544068044350274 9.57978359661681 9.60205999132796 9.612783856719734 9.653212513775342 9.698970004336017 9.778151250383642 9.845098040014257 9.903089986991944 9.954242509439325 10.0 10.041392685158225 10.079181246047623 10.113943352306835 10.146128035678236 
# total_gas_mass_list
8.40231034070977 10.059728783226301 10.38648508767809 10.149711261267452 9.866520703099713 9.54510302553011 9.195467812446573 8.825103907441523 8.439577394843857 8.04348024368243 7.641958977385485 7.242921145123288 6.860928815260606 6.521278426774505 6.255414250349315 6.078483690607075 6.58304954749213 6.877633163787335 7.012734841740348 7.098318813833734 7.159667710663029 7.206588423813088 7.244141169676522 7.275302497544557 7.301684484206963 7.304151720531598 7.306505818378363 7.30885733577741 7.311148933303618 7.313460244990001 7.315700017203586 7.317982340546937 7.320233231474838 7.324547738432547 7.3445299385131095 7.378247068182936 7.405527648440063 7.428520675383274 7.448006921661939 7.472273558057521 7.492417174991599 7.509473672634499 7.514764109441014 7.5244808988150105 7.537408238968842 7.548452631469857 7.55508960511103 7.558043628589416 7.5695442808635685 7.581290046413195 7.600345455137835 7.6143239799926725 7.625701973693986 7.635257792527023 7.643706401740812 7.650512924984262 7.65681708755447 7.662598327474707 7.667649862392504 
# ejected_gas_mass_list
-10.0 -10.0 3.8165649172191873 5.884365849406725 6.458463870276478 6.684232229831367 6.809206063065477 6.892375928251085 6.955199512076113 7.003946238625839 7.043441095656088 7.07632623868252 7.104270006339826 7.128405975980393 7.149559954426466 7.168329314922142 7.238718875162289 7.323097101705387 7.376495087360435 7.4156168981798265 7.4462463635523966 7.471132363225393 7.491955972868209 7.509841490951416 7.525409004859338 7.526884651589058 7.5282957698417885 7.529708398551443 7.531087968155962 7.532482338947204 7.533836358513852 7.53521894089358 7.536585286077295 7.539212068522794 7.55151035838682 7.5727513135640105 7.590379878145487 7.605539531740242 7.6185995122642405 7.635131108433883 7.649075506965426 7.661037212484718 7.66477578036205 7.671676961254352 7.6809273379666285 7.68889201568733 7.693705333519727 7.695854159308025 7.7042577786603434 7.71290197617033 7.727055766722262 7.737539277376517 7.746134303640606 7.753395142030555 7.759846473654466 7.765065396683952 7.769916083393761 7.774378628720591 7.778288969762577 
# stellar_mass_list
-10.0 6.3054003277017125 7.970734770897925 8.379858718421714 8.370517438786653 8.351780801468804 8.330978664902398 8.311464719689177 8.293909735962162 8.27840749319881 8.264657091230404 8.25252149819216 8.241730959653822 8.232070316080176 8.223334170918108 8.21537848940548 8.1832688379148 8.139374547438894 8.107821552516269 8.082607247488616 8.061373115052124 8.042959202250579 8.026550746441265 8.011758640711177 7.998256436517028 7.996944873057088 7.99566587869352 7.994412732151247 7.993163181439977 7.991930509333342 7.990694626541884 7.98944889313801 7.988204140071852 7.985777244657664 7.974221711215294 7.953127206616667 7.934328428266226 7.917020782810098 7.901211778084899 7.879661532813499 7.859851183000131 7.841545357069243 7.835530769768951 7.824426161614024 7.808089687921992 7.793012775654599 7.783117483156436 7.778582943885068 7.7596604106330975 7.738397768249733 7.69774761997594 7.661917393269785 7.63163495466433 7.604701643532426 7.579979805123231 7.5592120208622555 7.539008168214783 7.521060301720353 7.5049643860430395 
# remnant_mass_list
-10.0 -10.0 4.795952191639302 6.941170939271879 7.4804165910373825 7.6428966774879035 7.718518634615575 7.759314206149905 7.783632484389913 7.799939179540845 7.811983473001499 7.821523519466303 7.829442302189568 7.836223046248949 7.842161197946115 7.847441304018336 7.867520867386312 7.892367379974411 7.908535913772339 7.920538125293202 7.9300541416497685 7.93789926753514 7.944560083460836 7.950339441411833 7.955423908754411 7.955908753360482 7.956378682068098 7.956838214007466 7.957290526576002 7.957741029117409 7.958190844559707 7.958644701306141 7.9590937985566965 7.959964517442011 7.964041267787248 7.9711817722425025 7.977226664799358 7.982546354912612 7.987199848221292 7.993247954705743 7.998531631343866 8.00318481638312 8.00467577463398 8.0073474071374 8.011170245452638 8.014545639806961 8.016705718346559 8.017671238593172 8.021612394964261 8.025807463685693 8.033269307792244 8.039231024449974 8.04382579036755 8.047620582850081 8.050886816433298 8.053431628702876 8.055809252229878 8.057800709300931 8.05949154451189 
# BH_mass_list
-10.0 -10.0 4.5411133823678815 6.789118240490495 7.308082388342962 7.423103500333409 7.461747752457087 7.474804898518043 7.478844033656365 7.479939041557612 7.480185223310715 7.480231441884021 7.480236227417197 7.4802368107304495 7.480236896552004 7.480236901061481 7.480236901061481 7.480236901061481 7.480236901061481 7.480236901061481 7.480236901061481 7.480236901061481 7.480236901061481 7.480236901061481 7.480236901061481 7.480236901061481 7.480236901061481 7.480236901061481 7.480236901061481 7.480236901061481 7.480236901061481 7.480236901061481 7.480236901061481 7.480236901061481 7.480236901061481 7.480236901061481 7.480236901061481 7.480236901061481 7.480236901061481 7.480236901061481 7.480236901061481 7.480236901061481 7.480236901061481 7.480236901061481 7.480236901061481 7.480236901061481 7.480236901061481 7.480236901061481 7.480236901061481 7.480236901061481 7.480236901061481 7.480236901061481 7.480236901061481 7.480236901061481 7.480236901061481 7.480236901061481 7.480236901061481 7.480236901061481 7.480236901061481 
# NS_mass_list
-10.0 -10.0 4.443226943983533 6.411570309164572 6.995682288606786 7.241832475142215 7.367321009875207 7.4332268466941676 7.463213289629681 7.476187149522686 7.4814604918432766 7.483445375507926 7.484134214534334 7.484352725239045 7.484417544167882 7.484439629154794 7.48444729341127 7.48444729341127 7.48444729341127 7.48444729341127 7.48444729341127 7.48444729341127 7.48444729341127 7.48444729341127 7.48444729341127 7.48444729341127 7.48444729341127 7.48444729341127 7.48444729341127 7.48444729341127 7.48444729341127 7.48444729341127 7.48444729341127 7.48444729341127 7.48444729341127 7.48444729341127 7.48444729341127 7.48444729341127 7.48444729341127 7.48444729341127 7.48444729341127 7.48444729341127 7.48444729341127 7.48444729341127 7.48444729341127 7.48444729341127 7.48444729341127 7.48444729341127 7.48444729341127 7.48444729341127 7.48444729341127 7.48444729341127 7.48444729341127 7.48444729341127 7.48444729341127 7.48444729341127 7.48444729341127 7.48444729341127 7.48444729341127 
# WD_mass_list
-10.0 -10.0 -10.0 -10.0 -10.0 2.9557905147377834 4.674872896256265 5.69609747890566 6.200939483985534 6.470715682303895 6.638222498009934 6.751730029740058 6.833607022956042 6.895661953195587 6.94467864011214 6.984657643280928 7.11336524668668 7.238614437751516 7.307135200452799 7.353207222816334 7.387355346517044 7.414132823245316 7.435992947819862 7.454363489602057 7.470098778781164 7.471579351172619 7.473011144292074 7.474408201884846 7.475780373960964 7.4771441736602755 7.478503039350665 7.479871238353988 7.481222261347735 7.483833692398487 7.495923681062734 7.516579981393015 7.5335815047199945 7.548198730082184 7.560735113692627 7.576697798470025 7.590352606887485 7.602165014551492 7.6059092016149785 7.612570286882557 7.621996864708892 7.63022058521759 7.635435712479427 7.637754997281672 7.647148054818985 7.657018979367996 7.674266186431921 7.687774068935382 7.698027820527404 7.70639720209429 7.713531198398295 7.719045926611546 7.724164586833369 7.728427226873793 7.732029016295481 
