# time_axis
1000000 10000000 20000000 30000000 40000000 50000000 60000000 70000000 80000000 90000000 100000000 110000000 120000000 130000000 140000000 150000000 200000000 300000000 400000000 500000000 600000000 700000000 800000000 900000000 1000000000 1010000000 1020000000 1030000000 1040000000 1050000000 1060000000 1070000000 1080000000 1100000000 1200000000 1400000000 1600000000 1800000000 2000000000 2300000000 2600000000 2900000000 3000000000 3200000000 3500000000 3800000000 4000000000 4100000000 4500000000 5000000000 6000000000 7000000000 8000000000 9000000000 10000000000 11000000000 12000000000 13000000000 14000000000 
# SNIa_energy_release_list
0 0.0 0.0 0.0 0.0 0.0 3.7465755209705255e+53 1.9592721082860937e+55 7.50647009178937e+55 1.4654396916719606e+56 2.202073746704526e+56 2.8947652973541225e+56 3.522987557051558e+56 4.087228228166163e+56 4.595043556218426e+56 5.0551068750646415e+56 6.863374898535797e+56 9.210101798778643e+56 1.0787315093007939e+57 1.1977509082797752e+57 1.2933795472190853e+57 1.3733252252109963e+57 1.4420144521810396e+57 1.5022298766542682e+57 1.5558372843950747e+57 1.560886467699693e+57 1.5658847721350451e+57 1.570834438122653e+57 1.5757340473077235e+57 1.580585205479159e+57 1.585388816787255e+57 1.5901447327413754e+57 1.59485443464161e+57 1.6041405512821016e+57 1.6481007509901063e+57 1.725688096327756e+57 1.7926329690683904e+57 1.8515038441727173e+57 1.904046240374106e+57 1.9735888719963514e+57 2.03446014317203e+57 2.088584784338899e+57 2.1053772332616588e+57 2.137309962190299e+57 2.181616186926572e+57 2.222243970493967e+57 2.2475670297452034e+57 2.2597520189397644e+57 2.305669034734745e+57 2.357593429442118e+57 2.447365389690546e+57 2.523172540512369e+57 2.5887931344521864e+57 2.6466478136756014e+57 2.698350259185467e+57 2.7451399356751044e+57 2.787827983745454e+57 2.8270862611549922e+57 2.8634261029404414e+57 
# SNII_energy_release_list
0 0.0 2.031323791847122e+53 2.6085863879040026e+55 9.835943750553513e+55 1.636600922512431e+56 2.1633480357990373e+56 2.5301786021004525e+56 2.724475906082723e+56 2.8166341064563075e+56 2.856651576486452e+56 2.872768584164809e+56 2.8788615866016152e+56 2.8810699267584076e+56 2.8818262688578457e+56 2.882072577598882e+56 2.882173781133678e+56 2.882173781133678e+56 2.882173781133678e+56 2.882173781133678e+56 2.882173781133678e+56 2.882173781133678e+56 2.882173781133678e+56 2.882173781133678e+56 2.882173781133678e+56 2.882173781133678e+56 2.882173781133678e+56 2.882173781133678e+56 2.882173781133678e+56 2.882173781133678e+56 2.882173781133678e+56 2.882173781133678e+56 2.882173781133678e+56 2.882173781133678e+56 2.882173781133678e+56 2.882173781133678e+56 2.882173781133678e+56 2.882173781133678e+56 2.882173781133678e+56 2.882173781133678e+56 2.882173781133678e+56 2.882173781133678e+56 2.882173781133678e+56 2.882173781133678e+56 2.882173781133678e+56 2.882173781133678e+56 2.882173781133678e+56 2.882173781133678e+56 2.882173781133678e+56 2.882173781133678e+56 2.882173781133678e+56 2.882173781133678e+56 2.882173781133678e+56 2.882173781133678e+56 2.882173781133678e+56 2.882173781133678e+56 2.882173781133678e+56 2.882173781133678e+56 2.882173781133678e+56 
# SN_energy_per_current_crossing_time_list
0.0 0.0 3.54144971590794e+53 2.767478740377561e+55 7.523745426104004e+55 6.799225478033466e+55 5.540307841071991e+55 3.984072083555347e+55 2.3223779232759438e+55 1.3012695801183133e+55 7.488617344861373e+54 4.711061943331636e+54 3.351209978106e+54 2.66441251580467e+54 2.2757470533226716e+54 2.026067178229932e+54 1.620019355316419e+54 1.0931906018669875e+54 7.5631971439967155e+53 5.840121694068237e+53 4.783847604779971e+53 4.066501994738937e+53 3.545609848966927e+53 3.149743223262849e+53 2.8380054898162816e+53 2.6761776045475187e+53 2.6522391217324787e+53 2.6293284095799326e+53 2.6055957160979767e+53 2.582620061056324e+53 2.5601019172151905e+53 2.537468530676556e+53 2.5155720745325126e+53 2.485232887047951e+53 2.377027638533576e+53 2.1360197147826548e+53 1.8723109678524815e+53 1.6699153308451542e+53 1.5094170037717219e+53 1.3542575069121112e+53 1.202970786920163e+53 1.0837211539937862e+53 1.0129108510736262e+53 9.705434124168894e+52 9.075100848657331e+52 8.401180133327852e+52 7.901578808869561e+52 7.624729453331116e+52 7.261183518920839e+52 6.644639825104396e+52 5.859062460039815e+52 5.027008336025915e+52 4.4111662709617404e+52 3.9368220216831203e+52 3.5578597301851606e+52 3.2504486969121367e+52 2.9931489468710093e+52 2.7756208085921094e+52 2.588678554583532e+52 
# SN_energy_per_final_crossing_time_list
0.0 0.0 3.858717469320802e+53 4.916702526356667e+55 1.3729140683633004e+56 1.240455993459429e+56 1.0008795410799908e+56 7.105240554524999e+55 4.0860419006922524e+55 2.2598284058556827e+55 1.284918056172633e+55 7.996005696329693e+54 5.632589605206722e+54 4.43888173554764e+54 3.761111654696827e+54 3.3240626047088414e+54 2.5800942698182418e+54 1.671697316677767e+54 1.123532197768209e+54 8.478379392385834e+53 6.812132212565874e+53 5.694952206208272e+53 4.893095843347112e+53 4.289462208154365e+53 3.8187383314642977e+53 3.5967995171794672e+53 3.5605558156984586e+53 3.5259080846086856e+53 3.4902499846083067e+53 3.455735772718075e+53 3.4218656347593854e+53 3.3878897190916155e+53 3.3549690115878782e+53 3.307495275368198e+53 3.1315168324395194e+53 2.763477867741646e+53 2.3844181467019303e+53 2.0968414333212427e+53 1.8714359717910482e+53 1.6512961189417698e+53 1.4453938757085722e+53 1.2851945319448595e+53 1.1962146853015628e+53 1.1373683332876106e+53 1.052055339944382e+53 9.647104195088342e+52 9.01947520948962e+52 8.68001033191623e+52 8.177277902083354e+52 7.397696876739199e+52 6.394930106467452e+52 5.400143092948518e+52 4.6745009313458467e+52 4.121293875526238e+52 3.6830378266672615e+52 3.333075383754834e+52 3.0408947630860207e+52 2.7965741133373723e+52 2.588678554583532e+52 
# total_energy_release_list
0 0 2.031323791847122e+53 2.6085863879040026e+55 9.835943750553513e+55 1.636600922512431e+56 2.167094611320008e+56 2.7261058129290618e+56 3.4751229152616596e+56 4.282073798128268e+56 5.058725323190978e+56 5.767533881518932e+56 6.401849143653173e+56 6.9682981549245705e+56 7.476869825076271e+56 7.937179452663524e+56 9.745548679669475e+56 1.2092275579912322e+57 1.3669488874141616e+57 1.485968286393143e+57 1.581596925332453e+57 1.661542603324364e+57 1.7302318302944075e+57 1.790447254767636e+57 1.8440546625084424e+57 1.849103845813061e+57 1.854102150248413e+57 1.8590518162360207e+57 1.8639514254210912e+57 1.868802583592527e+57 1.8736061949006227e+57 1.878362110854743e+57 1.8830718127549778e+57 1.8923579293954693e+57 1.936318129103474e+57 2.013905474441124e+57 2.080850347181758e+57 2.139721222286085e+57 2.1922636184874737e+57 2.261806250109719e+57 2.3226775212853978e+57 2.3768021624522666e+57 2.3935946113750265e+57 2.4255273403036668e+57 2.4698335650399395e+57 2.510461348607335e+57 2.535784407858571e+57 2.547969397053132e+57 2.5938864128481127e+57 2.6458108075554858e+57 2.735582767803914e+57 2.8113899186257366e+57 2.877010512565554e+57 2.934865191788969e+57 2.9865676372988346e+57 3.033357313788472e+57 3.0760453618588218e+57 3.11530363926836e+57 3.151643481053809e+57 
# binding_energy_list
3.6057864302164424e+54 3.6057864302164424e+54 3.6057864302164424e+54 3.597493351557402e+54 3.580964371026377e+54 3.556313185689869e+54 3.5399734108343426e+54 3.531831697919584e+54 3.515604405282976e+54 3.507518739525694e+54 3.491403154785855e+54 3.4833731503601304e+54 3.4753616144320326e+54 3.46736850452531e+54 3.459393778261231e+54 3.451437393358536e+54 3.41979442513708e+54 3.372873086588679e+54 3.334264127632374e+54 3.303695410368136e+54 3.280952931131177e+54 3.258367010020074e+54 3.235936569296268e+54 3.221068791283454e+54 3.2062693245054675e+54 3.2062693245054675e+54 3.198895109691417e+54 3.198895109691417e+54 3.198895109691417e+54 3.198895109691417e+54 3.198895109691417e+54 3.191537855100745e+54 3.191537855100745e+54 3.191537855100745e+54 3.1768740706497886e+54 3.155004623374643e+54 3.1332857243156014e+54 3.111716337106033e+54 3.097419299216578e+54 3.0690219883911704e+54 3.054921113215509e+54 3.0338911841942658e+54 3.026913428101317e+54 3.0199517204019945e+54 3.0060763026282413e+54 2.992264636608183e+54 2.9853826189179692e+54 2.9785164294291667e+54 2.9648313895243513e+54 2.951209226666378e+54 2.9308932452503125e+54 2.9107171180665963e+54 2.8906798823654658e+54 2.87739841473569e+54 2.8641779699065856e+54 2.851018267503898e+54 2.84446110744792e+54 2.831391995799367e+54 2.8248799749157104e+54 
# total_gas_kinetic_energy_list
1.4698392966937008e+57 6.557371842281074e+58 1.3912032511937121e+59 8.064215791500429e+58 4.200522198977284e+58 2.0036212744492112e+58 8.955454646018977e+57 3.8155098400919174e+57 1.5690625401454946e+57 6.292084510982012e+56 2.4874214521213452e+56 9.851934234149597e+55 4.0275498736722625e+55 1.7931091235368527e+55 9.3560972822561e+54 5.997540302039677e+54 1.8758741351939878e+55 3.707713192086079e+55 5.071838789376236e+55 6.153797467009087e+55 7.055958551176297e+55 7.830074279868259e+55 8.523084477170927e+55 9.155046237670459e+55 9.730811637419328e+55 9.787500874205295e+55 9.842480955606507e+55 9.896521661829393e+55 9.94982098742462e+55 1.0001406117419706e+56 1.0054533920617198e+56 1.0107723416963022e+56 1.016125491386396e+56 1.026381970086565e+56 1.0759776934485565e+56 1.1641742174377588e+56 1.2414335439259838e+56 1.31121473853622e+56 1.3740101195941416e+56 1.456192445378535e+56 1.5284546106441956e+56 1.5919732783383834e+56 1.6122638775180923e+56 1.6498032598229986e+56 1.7017591927507014e+56 1.747103481473463e+56 1.775017083336519e+56 1.7876619588334365e+56 1.8374871006521904e+56 1.8892307733583076e+56 1.976205919779885e+56 2.0440787035034502e+56 2.10247029441455e+56 2.1553670230806144e+56 2.2041727004346124e+56 2.2461744162814873e+56 2.286408026131729e+56 2.323056186157566e+56 2.3565081648849105e+56 
