# time_axis
5.999999999999999 7.0 7.30102999566398 7.477121254719661 7.602059991327962 7.698970004336018 7.778151250383643 7.845098040014256 7.903089986991943 7.954242509439324 8.0 8.041392685158224 8.079181246047623 8.113943352306837 8.146128035678238 8.176091259055681 8.301029995663981 8.47712125471966 8.60205999132796 8.698970004336019 8.778151250383644 8.845098040014257 8.903089986991942 8.954242509439323 8.999999999999998 9.004321373782641 9.008600171761916 9.012837224705171 9.017033339298779 9.021189299069936 9.02530586526477 9.02938377768521 9.033423755486949 9.041392685158224 9.079181246047623 9.146128035678236 9.204119982655923 9.255272505103305 9.301029995663981 9.361727836017593 9.414973347970816 9.462397997898954 9.477121254719663 9.505149978319904 9.544068044350274 9.57978359661681 9.60205999132796 9.612783856719734 9.653212513775342 9.698970004336017 9.778151250383642 9.845098040014257 9.903089986991944 9.954242509439325 10.0 10.041392685158225 10.079181246047623 10.113943352306835 10.146128035678236 
# total_gas_mass_list
8.40231034070977 10.059728783226301 10.386485035919378 10.149700715620705 9.8664677338411 9.545011943780764 9.195319986026748 8.824829015835038 8.438997163498946 8.042301354002998 7.639528083876394 7.237770262319098 6.850019347098362 6.499577684101122 6.218109343757379 6.025665503454932 6.5173860846656515 6.807787885972717 6.941424345246986 7.026114896117722 7.087061368331496 7.133810161279343 7.171513695182661 7.203045763665049 7.229768914363196 7.232284759617043 7.234749965152565 7.23709737430312 7.239434707867108 7.241708145501668 7.24400619625296 7.246308265262723 7.248595704863278 7.25296179286479 7.27337217268378 7.307323008920236 7.334789248657855 7.357904908068191 7.377655021939889 7.402079598952907 7.422389676129169 7.439531593603328 7.444839936239877 7.4545174283497655 7.467509133684639 7.478460671578938 7.485083662864908 7.488055179589513 7.499544599357827 7.511192754718897 7.530014168993453 7.5441270619092835 7.555939574136929 7.566327537554807 7.575692603227694 7.583471581976285 7.591032744019145 7.59773137343635 7.603717512824164 
# ejected_gas_mass_list
-10.0 -10.0 3.562646210300365 5.624682866366086 6.237566440244986 6.5055343322059676 6.651920248380195 6.746119386036324 6.815528582034093 6.87004805155279 6.914543716766547 6.951600475087759 6.982964919633263 7.009895536601718 7.033361221471709 7.054075443910505 7.1309269254562855 7.221428693796853 7.277954285387244 7.3190348162213175 7.351149376237014 7.377220845037225 7.399146401244236 7.418090531903306 7.434572383215722 7.43614402269278 7.4376873397989 7.439159954515785 7.440629193623083 7.442061083544702 7.443511293569227 7.444966875948772 7.446416016384472 7.449189779868385 7.462290686049948 7.484566443364033 7.503020904247857 7.5188460287471885 7.532575634767093 7.549815252726234 7.564365655657795 7.5767951370330335 7.580671395323287 7.587770842608671 7.5973674483916716 7.605514940648327 7.610467582738648 7.61269584475495 7.621347156654864 7.630175315431042 7.6445600602529975 7.655441679862483 7.6646113642343545 7.6727210088745235 7.680068337409481 7.686197119091324 7.692176496354098 7.697491889748756 7.702256183075333 
# stellar_mass_list
-10.0 6.3054003277017125 7.970889180083692 8.383134771972776 8.376780354787655 8.359730493328323 8.341170068425775 8.323811776491318 8.308158581863843 8.294234508439443 8.281938692461882 8.27116347199525 8.261639995496061 8.253148417126491 8.245515124827486 8.238602868463776 8.211076870892787 8.174316961963086 8.148521200624542 8.128312434506926 8.111465252529978 8.096921490147357 8.08413199210509 8.072555706318026 8.062015055819666 8.060997829223359 8.06000254080994 8.059029064656862 8.058068165206743 8.057110689894905 8.056152354785018 8.05519047261776 8.054227436829066 8.0523564551558 8.0434711393802 8.027415824759212 8.01328062194535 8.000421180811415 7.988797199023545 7.973138267789021 7.958951811303031 7.946027393348209 7.941810036564581 7.93408019788271 7.922805368633289 7.912544643186869 7.905862191255427 7.9028317742245315 7.890250733164936 7.876352213501752 7.850450963428633 7.828050487396114 7.808707796354348 7.7911998002845255 7.774834978963247 7.7609282299052085 7.7472016446514695 7.734908886329908 7.723726213079719 
# remnant_mass_list
-10.0 -10.0 4.748941450211383 6.924438565668716 7.470520940400735 7.633419909666065 7.7083993066936936 7.748587339879633 7.7727948378569325 7.789105040962805 7.801144830493056 7.81065457108646 7.818520705249519 7.825233802524122 7.831091700435344 7.836288585640081 7.855953449372785 7.880080783419384 7.895648738013484 7.907131131848114 7.916232887908583 7.92376564080873 7.9301994993392535 7.935811423842273 7.94078253089468 7.941252673443672 7.941713588387367 7.942162378476099 7.942605445014817 7.9430448726255145 7.943483691484651 7.94392259651017 7.944361177530794 7.945214570403616 7.949191857900331 7.956146935038216 7.962033944353272 7.96720599012492 7.971735535800706 7.9776149874177165 7.982747391834203 7.987263708817253 7.988708827167313 7.991304342343841 7.995011610547647 7.998289249809297 8.000379657565139 8.001317234747201 8.00513257475788 8.009197879334534 8.016421765928968 8.022294736047192 8.027081037349678 8.031230524012795 8.034948141994073 8.037952811519704 8.04086804669097 8.043381023148038 8.045579583239443 
# BH_mass_list
-10.0 -10.0 4.499777531490789 6.774963742589677 7.303173265292253 7.420939795339738 7.460409209742626 7.473565803348604 7.477676529375846 7.478859398711321 7.47915857981124 7.479225287854379 7.479237016854072 7.479237898322762 7.479237936622054 7.479237936622054 7.479237936622054 7.479237936622054 7.479237936622054 7.479237936622054 7.479237936622054 7.479237936622054 7.479237936622054 7.479237936622054 7.479237936622054 7.479237936622054 7.479237936622054 7.479237936622054 7.479237936622054 7.479237936622054 7.479237936622054 7.479237936622054 7.479237936622054 7.479237936622054 7.479237936622054 7.479237936622054 7.479237936622054 7.479237936622054 7.479237936622054 7.479237936622054 7.479237936622054 7.479237936622054 7.479237936622054 7.479237936622054 7.479237936622054 7.479237936622054 7.479237936622054 7.479237936622054 7.479237936622054 7.479237936622054 7.479237936622054 7.479237936622054 7.479237936622054 7.479237936622054 7.479237936622054 7.479237936622054 7.479237936622054 7.479237936622054 7.479237936622054 
# NS_mass_list
-10.0 -10.0 4.389000354296703 6.388626362978034 6.975366010494641 7.221017166300817 7.346110037122249 7.41195289868922 7.442354735176595 7.455766307848417 7.461349302775252 7.463535805361853 7.464341465900302 7.464621276799594 7.464710248244401 7.4647358936426045 7.464744439993661 7.464744439993661 7.464744439993661 7.464744439993661 7.464744439993661 7.464744439993661 7.464744439993661 7.464744439993661 7.464744439993661 7.464744439993661 7.464744439993661 7.464744439993661 7.464744439993661 7.464744439993661 7.464744439993661 7.464744439993661 7.464744439993661 7.464744439993661 7.464744439993661 7.464744439993661 7.464744439993661 7.464744439993661 7.464744439993661 7.464744439993661 7.464744439993661 7.464744439993661 7.464744439993661 7.464744439993661 7.464744439993661 7.464744439993661 7.464744439993661 7.464744439993661 7.464744439993661 7.464744439993661 7.464744439993661 7.464744439993661 7.464744439993661 7.464744439993661 7.464744439993661 7.464744439993661 7.464744439993661 7.464744439993661 7.464744439993661 
# WD_mass_list
-10.0 -10.0 -10.0 -10.0 -10.0 2.8751818922947563 4.6270773172820086 5.677890418743383 6.185859686776243 6.4551080668264165 6.622333895455111 6.7356818289949745 6.817440287388403 6.879381047986049 6.928246089170032 6.968075643106652 7.095798744352352 7.2192750516075925 7.28639511349985 7.331309865439085 7.364632360321097 7.390882691954213 7.412447632755331 7.43066691166793 7.44637800199458 7.447844008742851 7.449277987589277 7.450671165234951 7.45204361138738 7.453401892276071 7.4547554311927104 7.456106391625713 7.457453528132117 7.4600667492639685 7.47210851496727 7.492646508311862 7.509545663842842 7.524048982512803 7.536500937416291 7.552334320452855 7.5658670785066615 7.5775637789716175 7.581266096229092 7.58786785493332 7.597193402234686 7.605339317496186 7.610487452806148 7.612784759338028 7.6220600787724715 7.631816987340001 7.648847421450759 7.662417095837527 7.6733018662001395 7.682616892843045 7.6908697732442475 7.6974777741244145 7.703837280861524 7.7092792049151555 7.714010414098825 
