# time_axis
1000000 10000000 20000000 30000000 40000000 50000000 60000000 70000000 80000000 90000000 100000000 200000000 300000000 400000000 500000000 600000000 700000000 800000000 900000000 1000000000 1010000000 1020000000 1030000000 1040000000 1050000000 1060000000 1070000000 1080000000 1100000000 1200000000 1400000000 1600000000 1800000000 2000000000 2300000000 2600000000 2900000000 3000000000 3200000000 3500000000 3800000000 4000000000 4100000000 4500000000 5000000000 6000000000 7000000000 8000000000 9000000000 10000000000 11000000000 12000000000 13000000000 14000000000 
# SNIa_energy_release_list
0 0.0 0.0 0.0 0.0 0.0 1.632570058048507e+56 7.758622153065052e+57 2.3448119169355258e+58 4.2393060548798084e+58 7.331946014596629e+58 8.024045874875595e+59 1.1569591822272713e+60 1.384547963518371e+60 1.552592774831653e+60 1.6858952070180275e+60 1.7964032504468535e+60 1.8907823906449908e+60 1.9731514565845355e+60 2.0462247442261207e+60 2.053098131303823e+60 2.0599026307675546e+60 2.066630380487359e+60 2.0732927796153026e+60 2.0798851429031216e+60 2.086409015552581e+60 2.092878086064049e+60 2.099276057658781e+60 2.111889216891148e+60 2.1715074730377998e+60 2.2764617426441337e+60 2.366768264489001e+60 2.4460205715968042e+60 2.5166309739923877e+60 2.6099438968366975e+60 2.691500170573318e+60 2.7639342761515294e+60 2.7863930007167185e+60 2.829083402464032e+60 2.888281214202143e+60 2.9425257974516765e+60 2.9763223880872456e+60 2.9925805889894233e+60 3.0538220431971208e+60 3.1230453951931628e+60 3.242619538858086e+60 3.343537226252049e+60 3.430847414955405e+60 3.507785469764701e+60 3.576533992668231e+60 3.638721626725449e+60 3.695453668503218e+60 3.7476141487080064e+60 3.795891462525989e+60 
# SNII_energy_release_list
0 -7.909768389968092e+56 -3.637919364467787e+58 -5.689904377409043e+58 -4.5675633668375545e+58 -8.389107114386986e+58 -2.511703029985166e+58 -5.071054122831338e+59 -1.3410470648098447e+59 -2.3272562248091255e+58 3.2056622391269085e+58 7.148460166150299e+58 7.148460166150299e+58 7.148460166150299e+58 7.148460166150299e+58 7.148460166150299e+58 7.148460166150299e+58 7.148460166150299e+58 7.148460166150299e+58 7.148460166150299e+58 7.148460166150299e+58 7.148460166150299e+58 7.148460166150299e+58 7.148460166150299e+58 7.148460166150299e+58 7.148460166150299e+58 7.148460166150299e+58 7.148460166150299e+58 7.148460166150299e+58 7.148460166150299e+58 7.148460166150299e+58 7.148460166150299e+58 7.148460166150299e+58 7.148460166150299e+58 7.148460166150299e+58 7.148460166150299e+58 7.148460166150299e+58 7.148460166150299e+58 7.148460166150299e+58 7.148460166150299e+58 7.148460166150299e+58 7.148460166150299e+58 7.148460166150299e+58 7.148460166150299e+58 7.148460166150299e+58 7.148460166150299e+58 7.148460166150299e+58 7.148460166150299e+58 7.148460166150299e+58 7.148460166150299e+58 7.148460166150299e+58 7.148460166150299e+58 7.148460166150299e+58 7.148460166150299e+58 
# SN_energy_per_current_crossing_time_list
0.0 -7.583115394257855e+56 -2.5806612085725236e+57 -1.0290336089670663e+57 7.320413603577293e+56 -8.909722904560163e+56 2.3415913625193488e+58 -1.518496726923104e+58 3.696767386439528e+59 2.003022291110946e+59 1.441251501397612e+59 4.3904735470526896e+58 1.101564755387653e+58 8.019019261007005e+57 6.436040535190795e+57 5.426224261893067e+57 4.716145920034407e+57 4.184750825326488e+57 3.769953527588294e+57 3.436112280836654e+57 3.2402962385134704e+57 3.2154504827504214e+57 3.1866900640385904e+57 3.1631807367776785e+57 3.1373030525557282e+57 3.1120136318428036e+57 3.0930673406316423e+57 3.066122633960519e+57 3.035394481941416e+57 2.9290967746566547e+57 2.6697784963572175e+57 2.3635378486780953e+57 2.1246400807105014e+57 1.9323648484699266e+57 1.746843247147896e+57 1.5602285772169245e+57 1.4115098101471661e+57 1.3203944505514133e+57 1.2678654439465565e+57 1.1886407594970874e+57 1.1029517495037154e+57 1.0385352208035736e+57 1.0028687883093749e+57 9.56973264120389e+56 8.779841910137142e+56 7.765887473783379e+56 6.679223851212612e+56 5.869139046681359e+56 5.241120642627652e+56 4.738456167536539e+56 4.328520354135503e+56 3.986726531063567e+56 3.6957123107844563e+56 3.4480350974894117e+56 
# SN_energy_per_final_crossing_time_list
0.0 -1.673857836596684e+58 -6.778030833319788e+59 -3.9081524548332225e+59 2.1375788555774094e+59 -7.27840383045986e+59 1.1195103122283105e+60 -9.174389297147809e+60 7.115271311986267e+60 2.1244083327968433e+60 1.0758720363397108e+60 1.2716571805397476e+59 2.532279843174111e+58 1.6254717663977935e+58 1.2002001800343835e+58 9.520651179811992e+57 7.892643193324344e+57 6.74069375734078e+57 5.8829170027514266e+57 5.218999164433179e+57 4.909071778910878e+57 4.859871255524331e+57 4.805055485993041e+57 4.758381154602553e+57 4.708360551604502e+57 4.659443553901222e+57 4.62030307978094e+57 4.569523212196432e+57 4.5042497483801256e+57 4.258021488515464e+57 3.747992344793773e+57 3.2249107523596235e+57 2.83015680506785e+57 2.5215481812612735e+57 2.221514327478739e+57 1.9416220720464616e+57 1.7244492877860446e+57 1.6040343677277517e+57 1.5245049062343769e+57 1.409330914979711e+57 1.2914086838541382e+57 1.2069005239840094e+57 1.161184061401977e+57 1.0934881563914861e+57 9.888062461309267e+56 8.540157094559197e+56 7.20768618991069e+56 6.235819087876859e+56 5.4950263868286725e+56 4.910118254832028e+56 4.4415301494932625e+56 4.05188391258675e+56 3.725376418541029e+56 3.4480350974894117e+56 
# total_energy_release_list
0 -7.909768389968092e+56 -3.637919364467787e+58 -5.689904377409043e+58 -4.5675633668375545e+58 -8.389107114386986e+58 -2.495377329404681e+58 -4.993467901300687e+59 -1.1065658731162922e+59 1.912049830070683e+58 1.0537608253723537e+59 8.738891891490626e+59 1.2284437838887744e+60 1.4560325651798741e+60 1.6240773764931558e+60 1.7573798086795306e+60 1.8678878521083565e+60 1.962266992306494e+60 2.0446360582460385e+60 2.1177093458876237e+60 2.1245827329653262e+60 2.1313872324290577e+60 2.138114982148862e+60 2.1447773812768057e+60 2.1513697445646247e+60 2.157893617214084e+60 2.164362687725552e+60 2.170760659320284e+60 2.183373818552651e+60 2.242992074699303e+60 2.3479463443056368e+60 2.438252866150504e+60 2.5175051732583073e+60 2.5881155756538907e+60 2.6814284984982006e+60 2.762984772234821e+60 2.8354188778130324e+60 2.8578776023782215e+60 2.900568004125535e+60 2.959765815863646e+60 3.0140103991131796e+60 3.0478069897487487e+60 3.0640651906509264e+60 3.1253066448586238e+60 3.194529996854666e+60 3.3141041405195884e+60 3.415021827913552e+60 3.5023320166169074e+60 3.579270071426204e+60 3.648018594329734e+60 3.710206228386952e+60 3.766938270164721e+60 3.819098750369509e+60 3.8673760641874915e+60 
# binding_energy_list
1.5346169827992942e+55 3.6307805477010325e+55 5.284452517751791e+55 5.915616341754719e+55 5.272298614228243e+55 8.298507675144167e+55 1.7218685749859956e+55 3.767037989839093e+55 6.208690342300624e+54 4.570881896148715e+54 3.953666200681291e+54 2.371373705661655e+54 2.10862814993328e+54 1.9724227361148615e+54 1.89234361864498e+54 1.8323144223712037e+54 1.7906058540352947e+54 1.7538805018417604e+54 1.725837891990211e+54 1.702158508394957e+54 1.702158508394957e+54 1.6982436524617323e+54 1.6982436524617323e+54 1.6943378004473253e+54 1.6943378004473253e+54 1.6904409316432702e+54 1.6904409316432702e+54 1.6865530253887285e+54 1.682674061070464e+54 1.667247212551068e+54 1.6368165214278036e+54 1.6143585568264803e+54 1.5922087270511633e+54 1.5776112696993502e+54 1.5559656316050752e+54 1.5417004529495678e+54 1.5275660582380638e+54 1.5205475297325032e+54 1.5135612484362072e+54 1.5031419660900209e+54 1.4927944095789944e+54 1.4893610777109215e+54 1.4859356422869969e+54 1.4757065332758841e+54 1.4655478409559009e+54 1.448771853544766e+54 1.4354894333536443e+54 1.4256075936021995e+54 1.4157937799570925e+54 1.4092887984218776e+54 1.4028137045619532e+54 1.3963683610559477e+54 1.3899526312133554e+54 1.3835663789717753e+54 
# total_gas_kinetic_energy_list
7.53133317758284e+56 3.3476062010927635e+58 4.252864890529765e+58 2.66786727115045e+58 6.16859758524991e+58 6.596943682084026e+57 3.498987507039765e+59 1.2969615480079656e+57 2.4766486570308192e+60 2.687773851310768e+60 2.7714201106136023e+60 2.9856027741781788e+60 3.0398792654820724e+60 3.0674336600323828e+60 3.084837093373587e+60 3.097114560635722e+60 3.1063878743580106e+60 3.113728080552456e+60 3.119710537681537e+60 3.1247245268760557e+60 3.1251952245770746e+60 3.125632341865367e+60 3.1260659939580034e+60 3.1264989893275607e+60 3.1269311422448782e+60 3.12736247314398e+60 3.1277893955412372e+60 3.1282107190578914e+60 3.128996158953109e+60 3.1327062051604458e+60 3.138870893177869e+60 3.143801195659214e+60 3.1478858510233302e+60 3.1513330474142515e+60 3.155547974463877e+60 3.1590286081695452e+60 3.161934632359312e+60 3.1628190742714768e+60 3.164403431006273e+60 3.166545217182138e+60 3.168437422384204e+60 3.1695523611714986e+60 3.1700971501547366e+60 3.1720296169044528e+60 3.1741103920194126e+60 3.1774381882320434e+60 3.1799954267040888e+60 3.182047241126316e+60 3.1837665939114405e+60 3.185257961191312e+60 3.186473868014687e+60 3.1876686733189057e+60 3.1886761012302716e+60 3.189665082375398e+60 
