# time_axis
5.999999999999999 7.0 7.30102999566398 7.477121254719661 7.602059991327962 7.698970004336018 7.778151250383643 7.845098040014256 7.903089986991943 7.954242509439324 8.0 8.301029995663981 8.47712125471966 8.60205999132796 8.698970004336019 8.778151250383644 8.845098040014257 8.903089986991942 8.954242509439323 8.999999999999998 9.004321373782641 9.008600171761916 9.012837224705171 9.017033339298779 9.021189299069936 9.02530586526477 9.02938377768521 9.033423755486949 9.041392685158224 9.079181246047623 9.146128035678236 9.204119982655923 9.255272505103305 9.301029995663981 9.361727836017593 9.414973347970816 9.462397997898954 9.477121254719663 9.505149978319904 9.544068044350274 9.57978359661681 9.60205999132796 9.612783856719734 9.653212513775342 9.698970004336017 9.778151250383642 9.845098040014257 9.903089986991944 9.954242509439325 10.0 10.041392685158225 10.079181246047623 10.113943352306835 10.146128035678236 
# total_gas_mass_list
8.107930706257315 9.767912637443589 9.871859859581704 9.669342493003112 10.070199523565304 9.062521050307819 10.915937566370458 8.356105374191308 11.760709897556195 11.795587652040062 11.808069245952497 11.834800051912104 11.840665193413832 11.84364847973233 11.845537627226795 11.846871614250517 11.847879143392445 11.848675834860762 11.849324827387786 11.84986905633526 11.849920113017024 11.84996771232397 11.850014910514261 11.85006199973054 11.850108963401597 11.850155803755719 11.850202164123186 11.85024792143439 11.850333514747819 11.850737468065368 11.85141004039076 11.851949739254033 11.852398247450054 11.852778040324417 11.85324536099797 11.853633220518882 11.853958806592768 11.854058091961381 11.854237028367203 11.854479522054055 11.85469466778742 11.854822266901426 11.854884518317203 11.855106837174818 11.85534780963257 11.85573708824779 11.85604026599343 11.856286310814308 11.856494104954978 11.856675157752711 11.856825611421488 11.856971270242578 11.857096103080597 11.857217267972802 
# ejected_gas_mass_list
-10.0 -10.0 -10.0 -10.0 -10.0 -10.0 -10.0 -10.0 -10.0 -10.0 10.079098395013729 10.72257705575596 10.793005383169104 10.82519051545095 10.844509028057836 10.857698755287092 10.86742759031698 10.874984706322383 10.881055096837223 10.88608783933686 10.886557327412735 10.886994616411922 10.887427833337185 10.887859666657851 10.888289967983654 10.888718761461778 10.88914278997472 10.88956094147272 10.890342171527186 10.894012357991196 10.900062586901576 10.904863965289378 10.908818556847306 10.91214249842833 10.916201815523166 10.91954560540046 10.922335069398345 10.923182559860427 10.924706267470217 10.926763689249853 10.928581910462249 10.929657103664027 10.93018080495605 10.932046574334443 10.934060950547622 10.937297800958524 10.93980410900044 10.941828808939187 10.943532311029799 10.94501181998823 10.946237926366669 10.947422071950866 10.948434662958844 10.949415525841546 
# stellar_mass_list
-10.0 9.148360819366562 10.81009816213093 10.973940885221538 10.875977374389182 11.193016119858443 10.759972334604361 11.973766307218552 11.304595118951958 11.15617692209107 11.085670829224851 10.875230100073015 10.806002718202386 10.765263336723583 10.736825905016731 10.715195330721468 10.69785084690045 10.683425523392808 10.671153736638814 10.66048357635412 10.659461397226035 10.65851205939575 10.657567409852383 10.656620635706634 10.655672206183684 10.654721943594952 10.65377839496283 10.652843727967369 10.651099216829078 10.642712842414467 10.628239008715779 10.616124732287298 10.605678599005776 10.596535780794172 10.584893445517057 10.57482943274569 10.566080467802323 10.56334574496104 10.558387380837146 10.551493113852821 10.545214742689888 10.541429739522512 10.53955414793634 10.53275324105655 10.525176128093467 10.512343724137324 10.501816842424104 10.492940604000884 10.485142084472551 10.478051482873328 10.472144270100447 10.466150135786537 10.461092216365072 10.456050760022809 
# remnant_mass_list
-10.0 -10.0 7.228868039127591 9.291712991818045 9.731951879387983 9.730266006650458 9.637483188748142 9.578557523803742 10.11246492759399 10.28896109917389 9.51727939917952 10.07330545211442 10.15522305936027 10.194579192826128 10.2190120393416 10.236144499839964 10.249060604566386 10.25928792652027 10.26763549378704 10.27464563864496 10.275310931202034 10.27591572394186 10.276517061575944 10.277120709696803 10.277726231686044 10.278333702876527 10.278936120584012 10.279531660562746 10.280621074013009 10.285820946742096 10.29449817767151 10.30147264181118 10.307296876023726 10.312251179070742 10.318330224176735 10.323439228608942 10.327754255019258 10.329092643722557 10.331447620523624 10.334687038266525 10.337590725191774 10.33929577620758 10.340148563236717 10.343155997108946 10.346436886468467 10.351827174068946 10.356085061182572 10.359557002672599 10.362551090913193 10.365261997456088 10.367377433853713 10.36964846824076 10.371441587212884 10.373300989753655 
# BH_mass_list
-10.0 -10.0 -10.0 -10.0 -10.0 -10.0 -10.0 -10.0 -10.0 -10.0 -10.0 -10.0 -10.0 -10.0 -10.0 -10.0 -10.0 -10.0 -10.0 -10.0 -10.0 -10.0 -10.0 -10.0 -10.0 -10.0 -10.0 -10.0 -10.0 -10.0 -10.0 -10.0 -10.0 -10.0 -10.0 -10.0 -10.0 -10.0 -10.0 -10.0 -10.0 -10.0 -10.0 -10.0 -10.0 -10.0 -10.0 -10.0 -10.0 -10.0 -10.0 -10.0 -10.0 -10.0 
# NS_mass_list
-10.0 -10.0 7.228868039127591 9.291712991818045 9.734390970912143 9.93642176827802 10.068122857605976 10.132497789629417 10.401905235337443 10.505747053613709 10.544325882452066 10.567630799730397 10.567630799730397 10.567630799730397 10.567630799730397 10.567630799730397 10.567630799730397 10.567630799730397 10.567630799730397 10.567630799730397 10.567630799730397 10.567630799730397 10.567630799730397 10.567630799730397 10.567630799730397 10.567630799730397 10.567630799730397 10.567630799730397 10.567630799730397 10.567630799730397 10.567630799730397 10.567630799730397 10.567630799730397 10.567630799730397 10.567630799730397 10.567630799730397 10.567630799730397 10.567630799730397 10.567630799730397 10.567630799730397 10.567630799730397 10.567630799730397 10.567630799730397 10.567630799730397 10.567630799730397 10.567630799730397 10.567630799730397 10.567630799730397 10.567630799730397 10.567630799730397 10.567630799730397 10.567630799730397 10.567630799730397 10.567630799730397 
# WD_mass_list
-10.0 -10.0 -10.0 -10.0 -10.0 -10.0 7.174937317410742 8.237171454904889 8.665300039975461 8.892850082788458 9.06810860429489 9.898318876704094 10.015784418090034 10.0691569949548 10.101472576993743 10.123795162400105 10.140452277091699 10.153542065264244 10.164163053816154 10.173039991891738 10.173880478289576 10.174644239357761 10.175403360272426 10.176165120821905 10.17692896772921 10.177694993978422 10.178454371849638 10.179204810511676 10.180576886565635 10.18711371248423 10.197977740861692 10.206670735940369 10.213904002263861 10.220038571230972 10.227543270412578 10.233831556658744 10.23912939640268 10.24077019708699 10.243654521725901 10.247616374554372 10.251162050662131 10.25324164508767 10.254281089704847 10.257943236803646 10.261932106608466 10.268471550594057 10.273625037277034 10.277819445122876 10.281430990146493 10.284696545157887 10.287241911327392 10.289971703810565 10.292125009264806 10.294356032236212 
