# time_axis
5.999999999999999 7.0 7.30102999566398 7.477121254719661 7.602059991327962 7.698970004336018 7.778151250383643 7.845098040014256 7.903089986991943 7.954242509439324 8.0 8.041392685158224 8.079181246047623 8.113943352306837 8.146128035678238 8.176091259055681 8.301029995663981 8.47712125471966 8.60205999132796 8.698970004336019 8.778151250383644 8.845098040014257 8.903089986991942 8.954242509439323 8.999999999999998 9.004321373782641 9.008600171761916 9.012837224705171 9.017033339298779 9.021189299069936 9.02530586526477 9.02938377768521 9.033423755486949 9.041392685158224 9.079181246047623 9.146128035678236 9.204119982655923 9.255272505103305 9.301029995663981 9.361727836017593 9.414973347970816 9.462397997898954 9.477121254719663 9.505149978319904 9.544068044350274 9.57978359661681 9.60205999132796 9.612783856719734 9.653212513775342 9.698970004336017 9.778151250383642 9.845098040014257 9.903089986991944 9.954242509439325 10.0 10.041392685158225 10.079181246047623 10.113943352306835 10.146128035678236 
# total_gas_mass_list
7.787367376730502 9.42589340087283 9.608538369925212 9.534670101579607 9.364446620385761 9.146551243254724 8.902192792179013 8.642318091441787 8.373125448467931 8.098324880080938 7.820235534729606 7.540395244511378 7.259952618752887 6.979974476326059 6.701756598947531 6.4272119366269225 6.464002088192138 6.513271654426571 6.5473987373416005 6.573780761477661 6.595280719511604 6.613303332027428 6.6287971964629895 6.6423957839620265 6.654475851170087 6.655626705156241 6.656752086558631 6.657855032784243 6.658944006280635 6.6600258764244815 6.661105317082015 6.662185182608965 6.663262834461574 6.665357354891927 6.675210808917766 6.692533181283387 6.707180907538264 6.720009370498268 6.731224288234904 6.745587522969696 6.757909180715157 6.768598128124078 6.771974517748165 6.7780441149918955 6.786478592769635 6.793655102204643 6.798094783529106 6.8000504563907995 6.807764706542977 6.815615667379554 6.828524131618975 6.8385094400119035 6.847213811667863 6.8551950515209485 6.862727510723071 6.869169551117443 6.8755161866681505 6.8813455974580355 6.886592668577742 
# ejected_gas_mass_list
-10.0 -10.0 2.7163283956321678 4.374974954019636 4.917380073387089 5.223507258612022 5.418915383975408 5.553062539780362 5.6501933281662975 5.724310363480012 5.78343053540928 5.83206268007883 5.872959204220505 5.907960147295445 5.938370060547414 5.965137343906335 6.0637921030424415 6.1783710282195 6.2490599418006925 6.300013980330361 6.339557641542689 6.371510443080377 6.398198099988653 6.421076236557811 6.44100321032244 6.442883081747507 6.444718302181472 6.446514034246656 6.448284214607557 6.450040106336831 6.451789346580873 6.453536583432681 6.455277569247813 6.458653770704355 6.474405507558476 6.501597177225375 6.5241259526405475 6.543531272790723 6.560261496578731 6.581387181595709 6.599255355063933 6.614575456222852 6.619381186987049 6.627980912303972 6.639849462628317 6.649875125835073 6.656044839334966 6.658754835361975 6.669399184918968 6.680159584971547 6.6976984676609295 6.711140075736329 6.722771623047899 6.7333690346364365 6.743312850726177 6.751773928713835 6.760071688895334 6.767660732991328 6.774465622916844 
# stellar_mass_list
-10.0 5.292517355050408 6.939627279876188 7.313069885674071 7.4681827610205636 7.537565700420638 7.567434667844036 7.578250179840525 7.579943544989282 7.57746806738466 7.573279187920559 7.568559542275405 7.5638494394021825 7.559372894496088 7.55520310223957 7.551345845446346 7.535625602566661 7.514908898095841 7.500517028636093 7.489344519279835 7.480146762821623 7.4722948986094195 7.465422278505646 7.459289260554325 7.453747595938931 7.453214967405748 7.4526933994559235 7.452181506478879 7.451675404677469 7.45117180842756 7.450668481862647 7.450164056004743 7.449659801732007 7.448677748912462 7.444019030659354 7.435627791693716 7.428266502370205 7.421599781411898 7.415592597151514 7.407553289461508 7.400312277832965 7.393755827187757 7.3916298906913545 7.387739888235807 7.38209401323039 7.376993408216084 7.37368378115444 7.372184411259669 7.366008347988979 7.35924475531576 7.346813325047217 7.336157950716121 7.326837097540243 7.318272231500534 7.310174411248267 7.30322856621933 7.296299433754186 7.290035149614658 7.284321927019556 
# remnant_mass_list
-10.0 -10.0 3.6890177258770436 5.342100367603954 5.8113344672291785 6.056824295894869 6.202995918699153 6.296630188078518 6.360071783602182 6.4052740821644 6.4390051853527455 6.465248320947023 6.486420964149787 6.504027691789185 6.519040598531802 6.53210263688841 6.579744171795174 6.635583728590029 6.670386026326397 6.695457839258928 6.714949860080648 6.730834112950648 6.744203347952313 6.755736504292236 6.765850784082177 6.766808266670226 6.767743162201662 6.768658166267684 6.769560476897334 6.770456092500725 6.77134908006181 6.772241945676391 6.773132421666616 6.77485984458329 6.782940109182241 6.797037973768742 6.808944494158783 6.819377832178015 6.828504781443936 6.840331591259453 6.8506247509901215 6.859663564016673 6.862540392986001 6.867732495500209 6.875118146972776 6.881636215247972 6.885792452441969 6.887654645675459 6.895211633422707 6.903262962784468 6.917500656659984 6.929148768600528 6.9389420477884505 6.947635991037104 6.955600994091661 6.962234143027777 6.968687524276918 6.974378176860066 6.979452815892472 
# BH_mass_list
-10.0 -10.0 3.4187081863045203 5.067104138278395 5.463057456456365 5.64048059610882 5.729192226300935 5.775244849122441 5.799450351555012 5.812203015805251 5.818912490162056 5.822434376837265 5.824279406858606 5.825232814502187 5.825722496949958 5.825971950859184 5.826097466853892 5.826097466853892 5.826097466853892 5.826097466853892 5.826097466853892 5.826097466853892 5.826097466853892 5.826097466853892 5.826097466853892 5.826097466853892 5.826097466853892 5.826097466853892 5.826097466853892 5.826097466853892 5.826097466853892 5.826097466853892 5.826097466853892 5.826097466853892 5.826097466853892 5.826097466853892 5.826097466853892 5.826097466853892 5.826097466853892 5.826097466853892 5.826097466853892 5.826097466853892 5.826097466853892 5.826097466853892 5.826097466853892 5.826097466853892 5.826097466853892 5.826097466853892 5.826097466853892 5.826097466853892 5.826097466853892 5.826097466853892 5.826097466853892 5.826097466853892 5.826097466853892 5.826097466853892 5.826097466853892 5.826097466853892 5.826097466853892 
# NS_mass_list
-10.0 -10.0 3.3549276730101685 5.013375934697525 5.5529120701776025 5.846783007594159 6.023660152846057 6.127104003666262 6.184941524592906 6.216605803919897 6.233707841869123 6.242849917471041 6.247698316317472 6.250251422541153 6.251587412504792 6.252282547061817 6.252895742133836 6.252895742133836 6.252895742133836 6.252895742133836 6.252895742133836 6.252895742133836 6.252895742133836 6.252895742133836 6.252895742133836 6.252895742133836 6.252895742133836 6.252895742133836 6.252895742133836 6.252895742133836 6.252895742133836 6.252895742133836 6.252895742133836 6.252895742133836 6.252895742133836 6.252895742133836 6.252895742133836 6.252895742133836 6.252895742133836 6.252895742133836 6.252895742133836 6.252895742133836 6.252895742133836 6.252895742133836 6.252895742133836 6.252895742133836 6.252895742133836 6.252895742133836 6.252895742133836 6.252895742133836 6.252895742133836 6.252895742133836 6.252895742133836 6.252895742133836 6.252895742133836 6.252895742133836 6.252895742133836 6.252895742133836 6.252895742133836 
# WD_mass_list
-10.0 -10.0 -10.0 -10.0 -10.0 1.8343559384853385 3.5842681740273936 4.64191824380098 5.114630035232603 5.392647744563967 5.575281615676895 5.703674988530364 5.798524394284802 5.871415226287089 5.929294427148673 5.976531047927373 6.126924574687044 6.269695878204113 6.346607167881945 6.397856051946885 6.435715467113091 6.465446976553039 6.489767801337376 6.510273283436137 6.527917929306337 6.529572612914069 6.5311857061610405 6.532762045284014 6.534314171854597 6.535852491032784 6.537384035405484 6.538913124824034 6.5404358963269145 6.543383604679862 6.557063733890163 6.580523045066149 6.5999549103445085 6.616713358717256 6.6311780496243165 6.649664151095412 6.66552829640349 6.679295112506647 6.68364566697412 6.691460564974068 6.7024970021320405 6.712161118301971 6.718287280843211 6.721023133478633 6.732069747728076 6.743742994483435 6.764153451023339 6.780641516361399 6.794364908221544 6.806445655195271 6.8174321721888145 6.826524089494428 6.835320839770122 6.84303897542065 6.849891543486228 
