# time_axis
5.999999999999999 7.0 7.30102999566398 7.477121254719661 7.602059991327962 7.698970004336018 7.778151250383643 7.845098040014256 7.903089986991943 7.954242509439324 8.0 8.041392685158224 8.079181246047623 8.113943352306837 8.146128035678238 8.176091259055681 8.301029995663981 8.47712125471966 8.60205999132796 8.698970004336019 8.778151250383644 8.845098040014257 8.903089986991942 8.954242509439323 8.999999999999998 9.004321373782641 9.008600171761916 9.012837224705171 9.017033339298779 9.021189299069936 9.02530586526477 9.02938377768521 9.033423755486949 9.041392685158224 9.079181246047623 9.146128035678236 9.204119982655923 9.255272505103305 9.301029995663981 9.361727836017593 9.414973347970816 9.462397997898954 9.477121254719663 9.505149978319904 9.544068044350274 9.57978359661681 9.60205999132796 9.612783856719734 9.653212513775342 9.698970004336017 9.778151250383642 9.845098040014257 9.903089986991944 9.954242509439325 10.0 10.041392685158225 10.079181246047623 10.113943352306835 10.146128035678236 
# total_gas_mass_list
9.734045203312506 10.756437584780008 10.772876875552331 10.171707947256316 9.569906617749227 8.968601828205896 8.36870998486493 7.774338591456279 7.20113218696798 6.690630610449093 6.316275632542662 6.108395065753945 6.007721764145117 5.951710384113052 5.911668234374869 5.878432520531584 6.487441822406495 6.807938284691587 6.950804189099601 7.040227324523609 7.103709811134561 7.151861335263536 7.190271843157855 7.221961509810181 7.248839574646271 7.251316048439348 7.2537545064933004 7.256102161083286 7.258495727374494 7.260757825874654 7.263129991025267 7.26540672817066 7.2676265963752416 7.272061899938407 7.292148217701524 7.326257718551089 7.353755711553774 7.376897169078356 7.396194729262858 7.421034161332417 7.441234996551822 7.458478190580406 7.463797300806176 7.473322075956191 7.486375295094535 7.497405434065895 7.5041302565116705 7.507111465356776 7.518776987567655 7.53023335354171 7.549499259341526 7.563551860750832 7.574766137711536 7.583961353408579 7.591949006919241 7.598892113788789 7.604740477392004 7.6095111509669815 7.613983971475855 
# ejected_gas_mass_list
-10.0 -10.0 -10.0 6.00310981732826 6.4669507265727235 6.657461162094949 6.756496039048883 6.829421342904205 6.890602027467152 6.939797132374611 6.980039648114909 7.013529496872922 7.041925201313781 7.066466785212664 7.087995887605455 7.1071387442965985 7.179385225888589 7.266420342763429 7.321620888486633 7.361965294952715 7.393387590327846 7.418766854011454 7.439962678270696 7.458079340703369 7.473886754689065 7.475363436181415 7.47682076928723 7.478226943133869 7.479663753351043 7.481024553813243 7.482454598462692 7.483830030873693 7.485173854307134 7.487866928991271 7.500197894855375 7.521638047710219 7.539373581426348 7.554605572982446 7.567517953660593 7.584415405917453 7.5983831117144796 7.610463078466987 7.614218315889019 7.620976365906729 7.630307456306777 7.638254325626887 7.643126918284803 7.645293641240413 7.653810946517746 7.662235264033588 7.676533658477973 7.687065181294239 7.695530390227793 7.702511239937522 7.708604073307442 7.713921646332595 7.718416164078025 7.722092810912193 7.725548297815509 
# stellar_mass_list
-10.0 7.245548685321521 8.342933991217869 8.482040883754495 8.341415136260414 8.278825289398513 8.242707905550343 8.21706140011409 8.197050714906252 8.180630682231541 8.166679533288436 8.154515139763783 8.143709480543981 8.13395563183597 8.125066890585133 8.1168943507552 8.083250631300253 8.035700188637488 8.000729190139708 7.972390159716639 7.9483274255839715 7.927364776882254 7.908687753081791 7.89175305408494 7.876200580742505 7.874697184487287 7.87324368846964 7.871813774523797 7.870421339222076 7.868940123672175 7.86749286787827 7.866037648128623 7.86459228702247 7.861829547979124 7.848450921558923 7.8238524056553915 7.80170597428849 7.781248714287201 7.762453653313117 7.736549435276869 7.712520269450905 7.690135008951628 7.682698576102402 7.669032857681277 7.648711098167784 7.629712471692299 7.617264074931741 7.611485011176824 7.587265113051804 7.559671356928446 7.505801854828432 7.457379159717497 7.4166122179729355 7.380446739081872 7.347198729962928 7.319512073915688 7.292483495046082 7.26865809221082 7.24728005878376 
# remnant_mass_list
-10.0 -10.0 5.953009602921367 7.251042448217426 7.575251351119498 7.664508948623741 7.704962092854416 7.728310710246427 7.7437820067530865 7.755465349748498 7.76489369115854 7.772797422958359 7.779592986442269 7.785546728996799 7.7908416678860775 7.795603604306051 7.814109357092398 7.837595433572755 7.8531239635493035 7.864737438888082 7.873950627144635 7.8815262518325 7.887947270894829 7.89350075580854 7.898405478915731 7.8988669306596595 7.89931018945946 7.8997466277069375 7.900180287786591 7.900618160457195 7.901056292193263 7.901497821496122 7.901934066546728 7.902755964504695 7.906668431017449 7.913533506499099 7.919359786589271 7.924468685698343 7.928930405350343 7.934748031032376 7.939828859020979 7.944297094590216 7.945738259580526 7.948293562192607 7.951964284490907 7.9552189867334135 7.957279392551269 7.958205902909507 7.961997733552843 7.966024162387228 7.973196644493605 7.978853018976476 7.983044058096913 7.986398744265353 7.989213837224498 7.9913284940861535 7.993268003142149 7.994839923525044 7.996142819936802 
# BH_mass_list
-10.0 -10.0 5.705360653145222 7.046952117560486 7.320473032569654 7.349258082834003 7.353028257234517 7.35350646071066 7.353561964057058 7.353565966849268 7.353566050527977 7.353566050527977 7.353566050527977 7.353566050527977 7.353566050527977 7.353566050527977 7.353566050527977 7.353566050527977 7.353566050527977 7.353566050527977 7.353566050527977 7.353566050527977 7.353566050527977 7.353566050527977 7.353566050527977 7.353566050527977 7.353566050527977 7.353566050527977 7.353566050527977 7.353566050527977 7.353566050527977 7.353566050527977 7.353566050527977 7.353566050527977 7.353566050527977 7.353566050527977 7.353566050527977 7.353566050527977 7.353566050527977 7.353566050527977 7.353566050527977 7.353566050527977 7.353566050527977 7.353566050527977 7.353566050527977 7.353566050527977 7.353566050527977 7.353566050527977 7.353566050527977 7.353566050527977 7.353566050527977 7.353566050527977 7.353566050527977 7.353566050527977 7.353566050527977 7.353566050527977 7.353566050527977 7.353566050527977 7.353566050527977 
# NS_mass_list
-10.0 -10.0 5.591105509530751 6.825024291447444 7.222450307976958 7.3771010250498215 7.446917484186019 7.475247355245915 7.481731986627192 7.483105206020789 7.48337837065743 7.483430227606829 7.4834380475180025 7.483440159966406 7.48344039075523 7.483440443781908 7.4834404869692595 7.4834404869692595 7.4834404869692595 7.4834404869692595 7.4834404869692595 7.4834404869692595 7.4834404869692595 7.4834404869692595 7.4834404869692595 7.4834404869692595 7.4834404869692595 7.4834404869692595 7.4834404869692595 7.4834404869692595 7.4834404869692595 7.4834404869692595 7.4834404869692595 7.4834404869692595 7.4834404869692595 7.4834404869692595 7.4834404869692595 7.4834404869692595 7.4834404869692595 7.4834404869692595 7.4834404869692595 7.4834404869692595 7.4834404869692595 7.4834404869692595 7.4834404869692595 7.4834404869692595 7.4834404869692595 7.4834404869692595 7.4834404869692595 7.4834404869692595 7.4834404869692595 7.4834404869692595 7.4834404869692595 7.4834404869692595 7.4834404869692595 7.4834404869692595 7.4834404869692595 7.4834404869692595 7.4834404869692595 
# WD_mass_list
-10.0 -10.0 -10.0 -10.0 -10.0 3.909257997295343 5.220869404060143 6.023320031084762 6.405340214275063 6.597505741550662 6.715077561422485 6.796164821796884 6.856619200336315 6.904119890816073 6.942881655772703 6.975373702695236 7.085210236032 7.1983713283731285 7.262312293584638 7.305924205767887 7.338395609226169 7.363862226282005 7.38466117913732 7.402114398815823 7.417143033739024 7.418539148884655 7.419877399645653 7.421192370657398 7.42249634306299 7.423810337650985 7.425122463198931 7.426442099211536 7.4277433278081855 7.430187865914477 7.441701355465484 7.461432244631644 7.477733936357735 7.491713752889143 7.503694552649893 7.519012903041517 7.5321240428537966 7.543458413237535 7.547076366349265 7.553447155348148 7.562502377571441 7.57043884540706 7.5754193219720785 7.577648059069753 7.586700588464162 7.596195173773078 7.612819759445011 7.625681494464983 7.635076231054624 7.642516229384856 7.648706147829817 7.653324574929272 7.657537248489047 7.660935435659036 7.663741271855707 
