# time_axis
5.999999999999999 7.0 7.30102999566398 7.477121254719661 7.602059991327962 7.698970004336018 7.778151250383643 7.845098040014256 7.903089986991943 7.954242509439324 8.0 8.041392685158224 8.079181246047623 8.113943352306837 8.146128035678238 8.176091259055681 8.204119982655925 8.230448921378272 8.255272505103306 8.278753600952827 8.301029995663981 8.47712125471966 8.60205999132796 8.698970004336019 8.778151250383644 8.845098040014257 8.903089986991942 8.954242509439323 8.999999999999998 9.004321373782641 9.008600171761916 9.012837224705171 9.017033339298779 9.021189299069936 9.02530586526477 9.02938377768521 9.033423755486949 9.041392685158224 9.079181246047623 9.146128035678236 9.204119982655923 9.255272505103305 9.301029995663981 9.361727836017593 9.414973347970816 9.462397997898954 9.477121254719663 9.505149978319904 9.544068044350274 9.57978359661681 9.60205999132796 9.612783856719734 9.653212513775342 9.698970004336017 9.778151250383642 9.845098040014257 9.903089986991944 9.954242509439325 10.0 10.041392685158225 10.079181246047623 10.113943352306835 10.146128035678236 
# total_gas_mass_list
9.099999999999998 9.095385208633889 9.093042540087776 9.090997307950666 9.089043254749871 9.087126804208435 9.085199803694133 9.083280548426508 9.081367890404158 9.079475537924127 9.077581095515724 9.075670022290021 9.073745272847464 9.07180887123339 9.069862212250317 9.067906718882368 9.065942435795774 9.063969667254131 9.061988131050395 9.059997444817514 9.057997985162942 9.061788638055194 9.061819272776503 9.061839889015202 9.061855231226502 9.061867390020499 9.061875530240663 9.061887773827216 9.061895411075145 9.061896719645473 9.061897452145148 9.061898127704794 9.061898773768492 9.061899149731502 9.06190020222369 9.061901137510128 9.06190184262828 9.061902799182018 9.061908172265941 9.061921354858827 9.061931031696494 9.061940153666681 9.06194715267851 9.0619554068723 9.061967439653298 9.061973930335723 9.061976359765136 9.061981202536089 9.061987158693317 9.061992831216244 9.061996815037828 9.061998732691045 9.062005560145003 9.062011054110428 9.062024939858551 9.062038070686356 9.062043565064425 9.062053042000137 9.06205961881082 9.062069526127257 9.06206912080182 9.062078702672073 9.062083956278276 
# ejected_gas_mass_list
-10.0 -10.0 6.713577202779788 7.0769876020975095 7.278595674204426 7.4179250000071315 7.523170930328201 7.608309724909639 7.679843627104373 7.7418706972911355 7.79625428961489 7.844437581227742 7.88772473357252 7.927042691446649 7.963074444150726 7.996343630168047 8.02724517256956 8.05609773833842 8.08315453434524 8.108623476285578 8.132684498332548 8.163613639788455 8.16385590056974 8.164018868304105 8.164140111124011 8.164236175787707 8.164300479979326 8.164397183319531 8.16445749496014 8.164467828056333 8.164473612129827 8.164478946525294 8.164484047959526 8.16448701660646 8.164495327110874 8.164502712039255 8.16450827950931 8.164515832164156 8.164558254254661 8.164662319404956 8.164738695797347 8.16481068204759 8.16486590785645 8.164931029817685 8.165025947897968 8.165077140770686 8.16509630064737 8.165134491320572 8.165181458270652 8.165226184515111 8.165257593421453 8.165272711712236 8.16532653389461 8.165369839692234 8.165479276324808 8.165582741119808 8.165626027869148 8.165700681834828 8.16575248366311 8.165830507824694 8.165827315961488 8.165902765946202 8.16594412926696 
# stellar_mass_list
-10.0 7.181441326329612 7.257358086881186 7.30123202399431 7.33446898925243 7.3621518134140045 7.386201926733278 7.407186559301348 7.425828967850116 7.442113924217343 7.4574039234603555 7.472090306171612 7.486018609738029 7.49922604995959 7.511778399102499 7.5237359181076116 7.535157041564207 7.546089421565782 7.556578633494755 7.566661314754568 7.57637126013651 7.2249643916899045 7.1694604197532765 7.134911786980552 7.10994037540149 7.090504274173619 7.074646078623251 7.061332330593634 7.049870122750311 7.048810110760863 7.047762950469142 7.046728051123263 7.045704102920339 7.044695083049212 7.043700257332637 7.04271438829415 7.041745118745367 7.0398414520548425 7.0309344376225695 7.015714341526354 7.0030361699212405 6.992208966001849 6.982809392500727 6.970670531543949 6.9603818600459135 6.9514301878325675 6.948638185945421 6.943541200453101 6.936476935688983 6.9300723927138534 6.926248073962458 6.924372241099322 6.917424208091678 6.909702031347879 6.8967448607771145 6.886107687941677 6.877110337617543 6.869208433323097 6.8621239291418945 6.855970790791744 6.849973082668965 6.844680140581372 6.839549178507744 
# remnant_mass_list
-10.0 -10.0 6.241870858088601 6.57160418576128 6.757136838246486 6.882350261338196 6.973999651335235 7.041601088960035 7.0908885258908585 7.1250502846296655 7.151691461766652 7.176040050575945 7.198854594014905 7.220443583825729 7.2409862878603635 7.260608602102554 7.279404120087268 7.297449637323457 7.314807074686924 7.331530835754924 7.347667376566139 7.385460441347983 7.393846772566784 7.398788882958264 7.402211913571106 7.4047861169961635 7.406828134474752 7.4085004624769155 7.409910376765508 7.410039257008908 7.410166393407552 7.410291886645344 7.410415916596393 7.410537816476359 7.410657711942631 7.410776447305178 7.410892834576644 7.411120838132999 7.4121782134432195 7.41394557243042 7.4153803222963965 7.4165789216251055 7.417598734784767 7.418889058462341 7.419957035023167 7.420868798664126 7.42115175007383 7.421658200762359 7.422355068350926 7.422979090609324 7.423342859812412 7.423522592516935 7.4241790404386085 7.424897117598172 7.426071988730124 7.427011223195063 7.427787187095974 7.428460128829815 7.429058225227931 7.429561920585899 7.4300659866589625 7.430497279908668 7.430922933078626 
# BH_mass_list
-10.0 -10.0 6.110413384344447 6.4114433800084285 6.579799863261958 6.692500079266036 6.773990093578426 6.831872822304224 6.871425524066897 6.895454490843503 6.913172525709957 6.930195958225054 6.946577201263868 6.962362950349206 6.977594986112887 6.992310840729408 7.006544355087173 7.020326147512983 7.0336840103809095 7.046643247523459 7.059226962741423 7.07145630767812 7.07145630767812 7.07145630767812 7.07145630767812 7.07145630767812 7.07145630767812 7.07145630767812 7.07145630767812 7.07145630767812 7.07145630767812 7.07145630767812 7.07145630767812 7.07145630767812 7.07145630767812 7.07145630767812 7.07145630767812 7.07145630767812 7.07145630767812 7.07145630767812 7.07145630767812 7.07145630767812 7.07145630767812 7.07145630767812 7.07145630767812 7.07145630767812 7.07145630767812 7.07145630767812 7.07145630767812 7.07145630767812 7.07145630767812 7.07145630767812 7.07145630767812 7.07145630767812 7.07145630767812 7.07145630767812 7.07145630767812 7.07145630767812 7.07145630767812 7.07145630767812 7.07145630767812 7.07145630767812 7.07145630767812 
# NS_mass_list
-10.0 -10.0 5.658799791602692 6.060753963589094 6.2824963468488155 6.430995210002722 6.536125062214052 6.614680428950246 6.6737181794961575 6.717453776244291 6.751326446496072 6.780388900126219 6.806761063860993 6.831254216141589 6.854375896352148 6.876328562474424 6.897224756171697 6.917161511062145 6.9362230773354225 6.954483073099126 6.972006201371024 7.0021240963907445 7.0021240963907445 7.0021240963907445 7.0021240963907445 7.0021240963907445 7.0021240963907445 7.0021240963907445 7.0021240963907445 7.0021240963907445 7.0021240963907445 7.0021240963907445 7.0021240963907445 7.0021240963907445 7.0021240963907445 7.0021240963907445 7.0021240963907445 7.0021240963907445 7.0021240963907445 7.0021240963907445 7.0021240963907445 7.0021240963907445 7.0021240963907445 7.0021240963907445 7.0021240963907445 7.0021240963907445 7.0021240963907445 7.0021240963907445 7.0021240963907445 7.0021240963907445 7.0021240963907445 7.0021240963907445 7.0021240963907445 7.0021240963907445 7.0021240963907445 7.0021240963907445 7.0021240963907445 7.0021240963907445 7.0021240963907445 7.0021240963907445 7.0021240963907445 7.0021240963907445 7.0021240963907445 
# WD_mass_list
-10.0 -10.0 -10.0 -10.0 -10.0 3.500344296203836 4.59696442118214 4.988060277670237 5.237645309595598 5.412938347168293 5.546521117024811 5.65515352123246 5.7451331321144945 5.821238691405246 5.8860289572000335 5.942554108897631 5.992979997767376 6.038696429202031 6.080603162208836 6.119365480057826 6.155463328866899 6.389940657411644 6.466573026807705 6.50670046131881 6.5327105536289585 6.551419271333599 6.565782312226312 6.577249515181871 6.586720706407114 6.587577767654435 6.588421826773603 6.589253612914211 6.5900743733579965 6.590879757396553 6.591670664098798 6.592452715709905 6.59321814423496 6.594714317935696 6.601596385039691 6.612897666367862 6.621893388794544 6.629290406239275 6.635502093582523 6.643256661008511 6.649588913783845 6.654934934043367 6.656582955791441 6.65951986100353 6.66353433181363 6.667103336690705 6.669172755820683 6.670192232380677 6.673899075134708 6.677924353994376 6.684444933511464 6.689600665831486 6.693822754600817 6.697457381436024 6.700667101584197 6.70335532980931 6.706032075151763 6.708311797083538 6.710552238006962 
