# time_axis
1000000 10000000 20000000 30000000 40000000 50000000 60000000 70000000 80000000 90000000 100000000 110000000 120000000 130000000 140000000 150000000 160000000 170000000 180000000 190000000 200000000 300000000 400000000 500000000 600000000 700000000 800000000 900000000 1000000000 1010000000 1020000000 1030000000 1040000000 1050000000 1060000000 1070000000 1080000000 1100000000 1200000000 1400000000 1600000000 1800000000 2000000000 2300000000 2600000000 2900000000 3000000000 3200000000 3500000000 3800000000 4000000000 4100000000 4500000000 5000000000 6000000000 7000000000 8000000000 9000000000 10000000000 11000000000 12000000000 13000000000 14000000000 
# SNIa_energy_release_list
0 0 0 0 0 0 0 0 0 0 0 0 0 0 0 0 0 0 0 0 0 0 0 0 0 0 0 0 0 0 0 0 0 0 0 0 0 0 0 0 0 0 0 0 0 0 0 0 0 0 0 0 0 0 0 0 0 0 0 0 0 0 1e-10 
# SNII_energy_release_list
0 -8.928412583655998e+54 -4.170572424185861e+56 -9.345662112668278e+56 -1.1344117994659786e+57 -9.542082433015695e+56 -4.620769210149273e+56 2.2976397427549225e+56 1.2538649738506085e+57 2.2961259966837267e+57 2.140456028196098e+57 1.6904201998460707e+57 1.1293685046263188e+57 5.393201568377315e+56 6.243082957099028e+56 8.771499503556368e+56 1.187061039362366e+57 1.5107155408103557e+57 1.4798926765243466e+57 1.3589714602669774e+57 1.2069003152945174e+57 2.530689237897068e+57 4.214318936118062e+57 5.0938893885187234e+57 5.66149124741286e+57 6.0838669302809146e+57 6.420024317367694e+57 6.698857615268319e+57 6.936789067376763e+57 6.95876562414417e+57 6.980444197095739e+57 7.00183115099159e+57 7.022937732920155e+57 7.04377644004311e+57 7.064348929976904e+57 7.084650632646994e+57 7.104708412555618e+57 7.144075711238122e+57 7.327573819184713e+57 7.641036950276886e+57 7.902267619088613e+57 8.125914415500874e+57 8.321216018196178e+57 8.401839128658608e+57 8.401839128658608e+57 8.401839128658608e+57 8.401839128658608e+57 8.401839128658608e+57 8.401839128658608e+57 8.401839128658608e+57 8.401839128658608e+57 8.401839128658608e+57 8.401839128658608e+57 8.401839128658608e+57 8.401839128658608e+57 8.401839128658608e+57 8.401839128658608e+57 8.401839128658608e+57 8.401839128658608e+57 8.401839128658608e+57 8.401839128658608e+57 8.401839128658608e+57 8.401839128658608e+57 
# SN_energy_per_current_crossing_time_list
0.0 -2.3974107831577534e+56 -9.058411792907997e+56 -5.802957464802249e+56 -1.7041891722006546e+56 1.386399320725564e+56 3.6638362910985184e+56 5.117625671118276e+56 8.582527301064236e+56 9.98536493172607e+56 -1.145429425837247e+56 -2.6927068599462154e+56 -2.886249557954102e+56 -2.712682274978325e+56 3.9798168187215874e+55 1.2123765757736836e+56 1.5204844021661978e+56 1.6250713649556024e+56 -1.49271619942366e+55 -5.652942495434232e+55 -6.901338956605232e+55 1.0386696310308263e+56 2.475584218019833e+56 1.6559576308686784e+56 1.2759407717436817e+56 1.0999503215546158e+56 9.607337984772763e+55 8.541439241975214e+55 7.706114348366813e+55 7.153017494888998e+55 7.090331786108037e+55 7.028330956873324e+55 6.968677449442348e+55 6.911845840873339e+55 6.854290793801281e+55 6.793967916171368e+55 6.741518652070562e+55 6.672019450974756e+55 6.463738792491838e+55 5.871256230404236e+55 5.128407174004417e+55 4.55787126836389e+55 4.1037195475966883e+55 1.172199346540079e+55 0.0 0.0 0.0 0.0 0.0 0.0 0.0 0.0 0.0 0.0 0.0 0.0 0.0 0.0 0.0 0.0 0.0 0.0 0.0 
# SN_energy_per_final_crossing_time_list
0.0 -5.857019272753466e+55 -2.409584637516394e+57 -3.055362841233298e+57 -1.1798844482387197e+57 1.0639182748623847e+57 2.9055337117501324e+57 4.084615128932769e+57 6.046272293088047e+57 6.1534887156013026e+57 -9.190724525443667e+56 -2.657002737990305e+57 -3.3124382470133976e+57 -3.483633917256846e+57 5.01768311443032e+56 1.4927721891271397e+57 1.8297090145987e+57 1.9108498531395763e+57 -1.8197758854197833e+56 -7.139164982816878e+56 -8.978250688229283e+56 7.815623935480386e+56 9.940116844331942e+56 5.1929667663399e+56 3.3511102853729432e+56 2.4936977794756484e+56 1.9846666456754917e+56 1.6462263430915173e+56 1.404742644655493e+56 1.2974916178715675e+56 1.2798987116031617e+56 1.2626815795286137e+56 1.246128473357829e+56 1.2303131971706703e+56 1.2145957863348558e+56 1.1986085591910923e+56 1.1842074070102922e+56 1.1621188114088012e+56 1.0833692442169836e+56 9.253401008365225e+55 7.711503824312696e+55 6.602031582560544e+55 5.765284233011376e+55 1.5866575633126172e+55 0.0 0.0 0.0 0.0 0.0 0.0 0.0 0.0 0.0 0.0 0.0 0.0 0.0 0.0 0.0 0.0 0.0 0.0 0.0 
# total_energy_release_list
0 -8.928412583655998e+54 -4.170572424185861e+56 -9.345662112668278e+56 -1.1344117994659786e+57 -9.542082433015695e+56 -4.620769210149273e+56 2.2976397427549225e+56 1.2538649738506085e+57 2.2961259966837267e+57 2.140456028196098e+57 1.6904201998460707e+57 1.1293685046263188e+57 5.393201568377315e+56 6.243082957099028e+56 8.771499503556368e+56 1.187061039362366e+57 1.5107155408103557e+57 1.4798926765243466e+57 1.3589714602669774e+57 1.2069003152945174e+57 2.530689237897068e+57 4.214318936118062e+57 5.0938893885187234e+57 5.66149124741286e+57 6.0838669302809146e+57 6.420024317367694e+57 6.698857615268319e+57 6.936789067376763e+57 6.95876562414417e+57 6.980444197095739e+57 7.00183115099159e+57 7.022937732920155e+57 7.04377644004311e+57 7.064348929976904e+57 7.084650632646994e+57 7.104708412555618e+57 7.144075711238122e+57 7.327573819184713e+57 7.641036950276886e+57 7.902267619088613e+57 8.125914415500874e+57 8.321216018196178e+57 8.401839128658608e+57 8.401839128658608e+57 8.401839128658608e+57 8.401839128658608e+57 8.401839128658608e+57 8.401839128658608e+57 8.401839128658608e+57 8.401839128658608e+57 8.401839128658608e+57 8.401839128658608e+57 8.401839128658608e+57 8.401839128658608e+57 8.401839128658608e+57 8.401839128658608e+57 8.401839128658608e+57 8.401839128658608e+57 8.401839128658608e+57 8.401839128658608e+57 8.401839128658608e+57 8.401839128658608e+57 
# binding_energy_list
1.5205475297325031e+56 2.0844908830973013e+56 2.84446110744792e+56 3.3265955329400334e+56 3.499451670283548e+56 3.491403154785855e+56 3.404081897009981e+56 3.311311214825935e+56 3.0619634336906567e+56 2.831391995799367e+56 3.0478949896279955e+56 3.250872973854347e+56 3.4119291162192953e+56 3.5399734108343427e+56 3.491403154785855e+56 3.443499307633377e+56 3.396252725904075e+56 3.3496543915782656e+56 3.3884415613920344e+56 3.41979442513708e+56 3.459393778261231e+56 2.7415741719278974e+56 2.0989398836235373e+56 1.8749945080674327e+56 1.7218685749859956e+56 1.6180800376430777e+56 1.545254439538414e+56 1.4927944095789944e+56 1.4521116175877391e+56 1.4454397707459161e+56 1.4421153515248652e+56 1.4387985782558497e+56 1.4354894333536443e+56 1.4321878992735395e+56 1.4288939585111066e+56 1.4256075936021996e+56 1.4223287871228155e+56 1.4157937799570925e+56 1.3899526312133555e+56 1.3458603540559414e+56 1.3152248321922377e+56 1.2912192736135255e+56 1.2705741052085394e+56 1.2473835142429331e+56 1.2274392311584034e+56 1.213388850464986e+56 1.2078138351067823e+56 1.1994993031493806e+56 1.1857687481671549e+56 1.1776059735208019e+56 1.169499391019865e+56 1.166809617060963e+56 1.1561122421921052e+56 1.145512941445529e+56 1.1297959146727907e+56 1.1168632477805658e+56 1.1066237839776586e+56 1.099005839432513e+56 1.0914403364487483e+56 1.086425623617069e+56 1.078946722229832e+56 1.076465213629826e+56 1.0715193052376093e+56 
# total_gas_kinetic_energy_list
1.6583823186752574e+58 7.578870532268294e+59 1.6968154642656943e+60 2.283183381910975e+60 2.5859967358388574e+60 2.7281277528749832e+60 2.7905679205137756e+60 2.4017168572053597e+60 2.0560867154383197e+60 1.755173708033874e+60 1.4911237229438402e+60 1.2660451047322744e+60 1.0744714519369277e+60 9.11704787200265e+59 7.758477615683097e+59 6.6045779090322905e+59 5.623235034632725e+59 4.788547516453085e+59 4.063517919052281e+59 3.4470676094070803e+59 2.9256248855377694e+59 3.0338714831970505e+59 3.119492429531028e+59 3.1509091377502e+59 3.169173838199597e+59 3.180976408739452e+59 3.1893849614159894e+59 3.1957998430977913e+59 3.2008685089109107e+59 3.2013183307210336e+59 3.2017595428504543e+59 3.2021925320823146e+59 3.2026174271501937e+59 3.203034071450911e+59 3.203442481506977e+59 3.203843091313386e+59 3.204237049502057e+59 3.2050057289532753e+59 3.208482090906468e+59 3.2140479368603972e+59 3.2183487497841523e+59 3.2218129424135082e+59 3.2246795291577715e+59 3.2281966987170187e+59 3.2310885537782155e+59 3.2335305351191263e+59 3.234267578547253e+59 3.2356357539919483e+59 3.2374789404540692e+59 3.239079924800677e+59 3.240041075939705e+59 3.240486218933202e+59 3.2421125955762e+59 3.243811743163561e+59 3.246483115454472e+59 3.248502951074047e+59 3.25012030031778e+59 3.2514639874756325e+59 3.2526094482484595e+59 3.25358695477998e+59 3.254452149048095e+59 3.2552119273242213e+59 3.255886090680564e+59 
