# time_axis
5.999999999999999 7.0 7.30102999566398 7.477121254719661 7.602059991327962 7.698970004336018 7.778151250383643 7.845098040014256 7.903089986991943 7.954242509439324 8.0 8.041392685158224 8.079181246047623 8.113943352306837 8.146128035678238 8.176091259055681 8.204119982655925 8.230448921378272 8.255272505103306 8.278753600952827 8.301029995663981 8.47712125471966 8.60205999132796 8.698970004336019 8.778151250383644 8.845098040014257 8.903089986991942 8.954242509439323 8.999999999999998 9.004321373782641 9.008600171761916 9.012837224705171 9.017033339298779 9.021189299069936 9.02530586526477 9.02938377768521 9.033423755486949 9.041392685158224 9.079181246047623 9.146128035678236 9.204119982655923 9.255272505103305 9.301029995663981 9.361727836017593 9.414973347970816 9.462397997898954 9.477121254719663 9.505149978319904 9.544068044350274 9.57978359661681 9.60205999132796 9.612783856719734 9.653212513775342 9.698970004336017 9.778151250383642 9.845098040014257 9.903089986991944 9.954242509439325 10.0 10.041392685158225 10.079181246047623 10.113943352306835 10.146128035678236 
# total_gas_mass_list
9.453229649315682 11.122574195085583 11.472712554531777 11.60157237201447 11.655656772335133 11.67892706652999 11.688774094496639 11.623597420974143 11.556165974020573 11.487492858945226 11.416552986774692 11.345045688930151 11.273342997048273 11.201583587337877 11.131593753701257 11.06170198393876 10.991867025868915 10.922158408427766 10.85074133517253 10.77907527760117 10.707373889665359 10.725248681318297 10.737827486957924 10.742334129414708 10.74542754047867 10.74743528614136 10.748838509030483 10.749894699780825 10.750719844344381 10.750792585352107 10.75086379423418 10.750933513384435 10.751001769265866 10.751068569150313 10.75113391892359 10.751197879688888 10.751260636080916 10.751382598529485 10.751926420178668 10.752768518012086 10.753393011227603 10.753877691139408 10.75426547044973 10.754727510443631 10.75510321466814 10.755418026588774 10.75551257049265 10.755687566462631 10.755922148117016 10.75612492499902 10.75624613321127 10.756302172044723 10.756506524505847 10.756719861922786 10.75705314229647 10.757302733709054 10.757501531447325 10.757665759412518 10.757805025864991 10.757923344683707 10.758027962565972 10.758119951834956 10.758201659989693 
# ejected_gas_mass_list
-10.0 -10.0 -10.0 -10.0 -10.0 -10.0 -10.0 -10.0 -10.0 8.482811237671477 -10.0 -10.0 -10.0 -10.0 -10.0 -10.0 -10.0 -10.0 -10.0 -10.0 -10.0 8.705586231485936 9.315696494764065 9.421449002784573 9.482015863835194 9.517439444583454 9.540675086986916 9.557425739853798 9.570103926059232 9.57120516324439 9.572280685304664 9.573331302826562 9.574357576481408 9.575359771202063 9.576338125797585 9.577293698096812 9.578229374345284 9.580042431667934 9.588041929230567 9.600164446192034 9.60895550402138 9.61566631741286 9.62096706157707 9.62720564508832 9.63221806204472 9.636377287521105 9.637619226978675 9.639909373743896 9.642961920790578 9.645584737803484 9.647145555555236 9.647865431556774 9.650481265793497 9.653196707823202 9.657407776351347 9.66053698314005 9.663014617335007 9.6650516464201 9.666772205925621 9.668229063758117 9.669513492876607 9.670640000816435 9.671638360266298 
# stellar_mass_list
-10.0 7.3532811687283965 9.024398342838598 9.408796222067325 9.575243833696918 9.663848959573539 9.71807587951104 9.755479532523628 9.740733568306622 9.71914330727146 9.861349636999963 9.96091480369718 10.032088711017733 10.08500635309217 10.08441380612705 10.08071886641786 10.076374491558333 10.071969530709746 10.090551021457594 10.107081493983598 10.120939695660052 9.927298557689156 9.68969949735601 9.58400946046301 9.52198091825601 9.478067202067693 9.444326765680572 9.417098662357297 9.394389762561472 9.392316608286496 9.39027428306687 9.388262057647685 9.38627938214088 9.384327264343474 9.382406013036933 9.380514942140044 9.378647592969807 9.37498479561917 9.358093533445173 9.329864352678658 9.306946170045155 9.287711773762021 9.271233615331557 9.250350398062324 9.232824070404956 9.21778175612966 9.213193014583679 9.204636300960752 9.192966242226294 9.182616215981232 9.176201511303066 9.173210608706022 9.161896141070855 9.149579375816069 9.128858498280014 9.11207297892135 9.097877876946546 9.085457963564268 9.074357360868525 9.064632155251344 9.055602643695106 9.047427184513054 9.040001233209663 
# remnant_mass_list
-10.0 -10.0 5.830639634001477 7.50466663681431 7.941026777968051 8.187681561398145 8.3671039436144 8.509498408997333 8.62675073550534 8.71111572366293 8.715276142130394 8.7597795765361 8.787469039374184 8.807085348047941 8.85034565849135 8.87086050447438 8.892594430746497 8.913076816418856 8.91962679155424 8.932526573766411 8.942069103078646 8.986952148532694 9.036811275517056 9.104251317927126 9.115413727204198 9.060942537006717 9.070913435346535 9.08716247926673 9.099829433449067 9.100948247276174 9.102044737441036 9.103119566261102 9.104173170993382 9.10520490049775 9.106214733459929 9.107203538018 9.108175656484205 9.110070196076457 9.11857789384756 9.132009901722485 9.142244664499762 9.150411848317344 9.157117019671794 9.165248602860052 9.171778678837311 9.177180526043928 9.1787941826272 9.181755320668053 9.185709206732918 9.189124394651103 9.19120878467124 9.192165733018781 9.195747359671534 9.199538408538421 9.205709231915534 9.210514337715301 9.214457437046125 9.217826791264903 9.220777797851275 9.22330332311048 9.225616861682571 9.227674567396976 9.229512278597028 
# BH_mass_list
-10.0 -10.0 -10.0 -10.0 -10.0 -10.0 -10.0 -10.0 -10.0 -10.0 -10.0 -10.0 -10.0 -10.0 -10.0 -10.0 -10.0 -10.0 -10.0 -10.0 -10.0 -10.0 -10.0 -10.0 -10.0 -10.0 -10.0 -10.0 -10.0 -10.0 -10.0 -10.0 -10.0 -10.0 -10.0 -10.0 -10.0 -10.0 -10.0 -10.0 -10.0 -10.0 -10.0 -10.0 -10.0 -10.0 -10.0 -10.0 -10.0 -10.0 -10.0 -10.0 -10.0 -10.0 -10.0 -10.0 -10.0 -10.0 -10.0 -10.0 -10.0 -10.0 -10.0 
# NS_mass_list
-10.0 -10.0 5.830639634001477 7.513922581932935 8.079719043096366 8.41315450554439 8.637830019496377 8.80035344266786 8.92402260367069 9.015037612130568 9.05053543921771 9.063012535623901 9.067056981903907 9.067056981903907 9.083398187312977 9.104845876833814 9.125217266974003 9.143336631743642 9.151064261433747 9.153820899123248 9.154723981659005 9.154723981659005 9.176590536954714 9.219173751898479 9.244663782681723 9.260199484414114 9.270923295694878 9.278890197920882 9.285106188289141 9.28565540934823 9.28619321972666 9.286719982580093 9.287236153298057 9.2877422210451 9.288238386065405 9.288724705410228 9.289201976999076 9.290129539769621 9.294298352455089 9.300872324794662 9.30587499820988 9.309848802379939 9.31310530750665 9.314396454329868 9.314396454329868 9.314396454329868 9.314396454329868 9.314396454329868 9.314396454329868 9.314396454329868 9.314396454329868 9.314396454329868 9.314396454329868 9.314396454329868 9.314396454329868 9.314396454329868 9.314396454329868 9.314396454329868 9.314396454329868 9.314396454329868 9.314396454329868 9.314396454329868 9.314396454329868 
# WD_mass_list
-10.0 -10.0 -10.0 -10.0 -10.0 3.67218413860262 5.441514762132255 6.510703466070971 7.0480197800972775 7.391953629930584 7.63716436995786 7.823750989128799 7.971690865609508 8.086406101672987 8.159690470185865 8.211851065357019 8.251462517319402 8.283594961425742 8.317120030245938 8.349446507076863 8.379558569364464 8.524940591308866 8.578907549429182 8.60999941292191 8.631004779193827 8.646474058491323 8.658516173538192 8.668262054762188 8.676366868206454 8.677104058566885 8.677831839423344 8.678550282280842 8.679258498811677 8.679952577452354 8.680631457611073 8.681297035659323 8.681957490113787 8.683262755470846 8.689234643677416 8.699103954647622 8.706980728560557 8.71353961883518 8.719078483110774 8.736165753309688 8.753487064834678 8.767499467029502 8.771632142239147 8.779154182535482 8.789076951974454 8.797539814201436 8.8026571626615 8.804994650783145 8.813678143788048 8.822760042191367 8.837311763586555 8.848452728340668 8.857475771519612 8.865103490089494 8.871723454158403 8.877344998371948 8.88245984269594 8.88698159433074 8.890998387504297 
