# time_axis
1000000 10000000 20000000 30000000 40000000 50000000 60000000 70000000 80000000 90000000 100000000 200000000 300000000 400000000 500000000 600000000 700000000 800000000 900000000 1000000000 1010000000 1020000000 1030000000 1040000000 1050000000 1060000000 1070000000 1080000000 1100000000 1200000000 1400000000 1600000000 1800000000 2000000000 2300000000 2600000000 2900000000 3000000000 3200000000 3500000000 3800000000 4000000000 4100000000 4500000000 5000000000 6000000000 7000000000 8000000000 9000000000 10000000000 11000000000 12000000000 13000000000 14000000000 
# SNIa_energy_release_list
0 0.0 0.0 0.0 0.0 0.0 7.096079919808598e+55 1.9990079305752947e+56 3.778616332038689e+56 5.273252094027034e+56 6.562652100963505e+56 1.4339301518406968e+57 1.8560277563627835e+57 2.1475476749793605e+57 2.3705003221634935e+57 2.5510960398988874e+57 2.7028602026359397e+57 2.8337647930426493e+57 2.948852225414564e+57 3.0515455293190525e+57 3.0612315005071235e+57 3.0708212512087742e+57 3.080318110862429e+57 3.0897186333556504e+57 3.0990272237663802e+57 3.108244766526619e+57 3.117372750217463e+57 3.126414631843478e+57 3.144249675485626e+57 3.228739028382189e+57 3.378114551963369e+57 3.507230404038434e+57 3.620935130339049e+57 3.722529124382222e+57 3.857125465386832e+57 3.975058566917124e+57 4.080001009939438e+57 4.112584677537687e+57 4.1745377683678565e+57 4.260534691013101e+57 4.339432410387337e+57 4.388619014238407e+57 4.4122908766814524e+57 4.501534976561303e+57 4.6024610997162834e+57 4.777036808457888e+57 4.92456473973958e+57 5.0522839551621675e+57 5.164937311118651e+57 5.265629294320073e+57 5.356747403586118e+57 5.4399053100485766e+57 5.516389915508403e+57 5.587194283315787e+57 
# SNII_energy_release_list
0 -4.954818527482586e+55 1.7742621402675995e+56 4.906546358378707e+56 8.985203590199648e+56 1.0583253793838501e+57 1.1318763772382105e+57 1.1603382589964133e+57 1.1603382589964133e+57 1.1603382589964133e+57 1.1603382589964133e+57 1.1603382589964133e+57 1.1603382589964133e+57 1.1603382589964133e+57 1.1603382589964133e+57 1.1603382589964133e+57 1.1603382589964133e+57 1.1603382589964133e+57 1.1603382589964133e+57 1.1603382589964133e+57 1.1603382589964133e+57 1.1603382589964133e+57 1.1603382589964133e+57 1.1603382589964133e+57 1.1603382589964133e+57 1.1603382589964133e+57 1.1603382589964133e+57 1.1603382589964133e+57 1.1603382589964133e+57 1.1603382589964133e+57 1.1603382589964133e+57 1.1603382589964133e+57 1.1603382589964133e+57 1.1603382589964133e+57 1.1603382589964133e+57 1.1603382589964133e+57 1.1603382589964133e+57 1.1603382589964133e+57 1.1603382589964133e+57 1.1603382589964133e+57 1.1603382589964133e+57 1.1603382589964133e+57 1.1603382589964133e+57 1.1603382589964133e+57 1.1603382589964133e+57 1.1603382589964133e+57 1.1603382589964133e+57 1.1603382589964133e+57 1.1603382589964133e+57 1.1603382589964133e+57 1.1603382589964133e+57 1.1603382589964133e+57 1.1603382589964133e+57 1.1603382589964133e+57 
# SN_energy_per_current_crossing_time_list
0.0 -2.954829157833909e+55 1.1351783126527736e+56 1.5414749218408598e+56 4.042423762230767e+56 2.031414624666826e+56 1.0837180011420917e+56 5.079076191997823e+55 1.069888428777596e+55 9.328099862403074e+54 8.289842022428127e+54 5.766225343754113e+54 3.306276789261744e+54 2.3568142782778914e+54 1.8415409846530354e+54 1.5154589888629302e+54 1.2891564327093749e+54 1.1230044059184697e+54 9.95423710275303e+53 8.944310425678013e+53 8.44163075858153e+53 8.362866657847039e+53 8.28690397863683e+53 8.207840821489572e+53 8.132516786063966e+53 8.057842976927153e+53 7.984334396843389e+53 7.913613100591576e+53 7.813490920295503e+53 7.44172870986103e+53 6.636502137068963e+53 5.777267740921669e+53 5.117817535829234e+53 4.595499305379505e+53 4.083960062123559e+53 3.5966436446329813e+53 3.214179608203904e+53 2.997847406051369e+53 2.856602821889108e+53 2.6519748450180247e+53 2.4396759244024563e+53 2.285217725416007e+53 2.2012670389399827e+53 2.080577016221878e+53 1.8880567853548754e+53 1.6407427521014214e+53 1.391700090761621e+53 1.2086588084211378e+53 1.0690995886521994e+53 9.58181413117686e+52 8.689164576701524e+52 7.947560327224644e+52 7.321458156743103e+52 6.791330225321883e+52 
# SN_energy_per_final_crossing_time_list
0.0 -1.4081495302021405e+56 5.805510389018138e+56 8.011700273491827e+56 1.0432316157875606e+57 4.08746408755584e+56 1.949337549360157e+56 8.516680454039227e+55 1.706943893485972e+55 1.433607182801465e+55 1.236751560787825e+55 7.459115288493094e+54 4.048626247783266e+54 2.796166530248478e+54 2.1384910260849648e+54 1.732216803003707e+54 1.4556736786643692e+54 1.255595281750034e+54 1.1038821222841921e+54 9.850015759507624e+53 9.290476128547843e+53 9.198184492034732e+53 9.109086347180852e+53 9.016682800658028e+53 8.928504465078666e+53 8.841174448602262e+53 8.755272231864869e+53 8.6726858641815e+53 8.55340388649146e+53 8.103950558604765e+53 7.1638130502052e+53 6.1921913571136334e+53 5.453098222612571e+53 4.872286723423046e+53 4.303351272381978e+53 3.7705895920970737e+53 3.355248681622646e+53 3.1253219746812486e+53 2.9711719159164057e+53 2.749517287945243e+53 2.522539606374004e+53 2.3589114609668865e+53 2.270529910477478e+53 2.14000269939016e+53 1.9361026782177706e+53 1.674474787500593e+53 1.4150410911345751e+53 1.225042175947999e+53 1.0805352338890681e+53 9.658055429909386e+52 8.739759829733725e+52 7.976242442688292e+52 7.336160591733344e+52 6.791330225321883e+52 
# total_energy_release_list
0 -4.954818527482586e+55 1.7742621402675995e+56 4.906546358378707e+56 8.985203590199648e+56 1.0583253793838501e+57 1.2028371764362964e+57 1.3602390520539428e+57 1.5381998922002823e+57 1.687663468399117e+57 1.8166034690927638e+57 2.59426841083711e+57 3.016366015359197e+57 3.307885933975774e+57 3.530838581159907e+57 3.711434298895301e+57 3.863198461632353e+57 3.9941030520390626e+57 4.1091904844109775e+57 4.2118837883154655e+57 4.221569759503537e+57 4.231159510205188e+57 4.240656369858842e+57 4.2500568923520634e+57 4.2593654827627936e+57 4.268583025523032e+57 4.2777110092138765e+57 4.2867528908398915e+57 4.3045879344820396e+57 4.3890772873786024e+57 4.538452810959783e+57 4.667568663034847e+57 4.781273389335462e+57 4.8828673833786355e+57 5.017463724383245e+57 5.135396825913537e+57 5.240339268935851e+57 5.2729229365341005e+57 5.33487602736427e+57 5.4208729500095144e+57 5.49977066938375e+57 5.5489572732348206e+57 5.572629135677866e+57 5.6618732355577166e+57 5.762799358712697e+57 5.9373750674543015e+57 6.084902998735993e+57 6.212622214158581e+57 6.325275570115064e+57 6.425967553316486e+57 6.517085662582531e+57 6.60024356904499e+57 6.676728174504816e+57 6.747532542312201e+57 
# binding_energy_list
4.6881338214526454e+58 4.6881338214526454e+58 4.5185594437492353e+58 4.3151907682776327e+58 3.435579478998757e+58 3.0130060241861157e+58 2.837919028441575e+58 2.735268726306697e+58 2.6668586645214914e+58 2.6181830082189807e+58 2.5763211570025835e+58 2.387811282913178e+58 2.322736796357105e+58 2.2855988033754393e+58 2.2594357702209736e+58 2.2438819237827616e+58 2.2284351492702984e+58 2.2181964198002013e+58 2.208004733018906e+58 2.202926463053474e+58 2.1978598727848185e+58 2.1978598727848185e+58 2.1978598727848185e+58 2.1978598727848185e+58 2.1978598727848185e+58 2.1978598727848185e+58 2.1978598727848185e+58 2.1978598727848185e+58 2.192804935350454e+58 2.1877616239495697e+58 2.1777097723531636e+58 2.1727011788637612e+58 2.1627185237270245e+58 2.1577444091526822e+58 2.152781734724365e+58 2.1478304741305376e+58 2.1428906011200737e+58 2.1428906011200737e+58 2.1379620895022238e+58 2.1379620895022238e+58 2.1330449131465794e+58 2.1330449131465794e+58 2.1330449131465794e+58 2.1281390459827264e+58 2.1281390459827264e+58 2.1232444620002106e+58 2.1183611352485042e+58 2.1134890398366605e+58 2.1134890398366605e+58 2.10862814993328e+58 2.10862814993328e+58 2.1037784397664772e+58 2.1037784397664772e+58 2.1037784397664772e+58 
# total_gas_kinetic_energy_list
1.3832875029998308e+59 1.3509750000303807e+59 1.3203593261725385e+59 1.2903717992522533e+59 1.2967426695613272e+59 1.2999523130199842e+59 1.3013066214723482e+59 1.3021249622826986e+59 1.302721340257109e+59 1.3031900584133288e+59 1.3035693640912626e+59 1.305314979134708e+59 1.3059720411776104e+59 1.3063388516202354e+59 1.3065764127790582e+59 1.306745939311731e+59 1.3068733315341546e+59 1.3069759438277745e+59 1.3070607114348622e+59 1.3071325411512e+59 1.3071390958164625e+59 1.307145347163539e+59 1.3071515831152229e+59 1.3071578334630598e+59 1.307164097041103e+59 1.3071703115578319e+59 1.3071764881634351e+59 1.3071824616407817e+59 1.3071938565217687e+59 1.3072472555612899e+59 1.3073363928845636e+59 1.30740779487175e+59 1.3074667298705534e+59 1.307516083002242e+59 1.3075761201397562e+59 1.3076250964647915e+59 1.3076655345578458e+59 1.3076778986448358e+59 1.3076993737369596e+59 1.3077289854405357e+59 1.3077531909480938e+59 1.3077678158892372e+59 1.307774478819491e+59 1.3077989035722185e+59 1.3078243289603103e+59 1.3078625408226614e+59 1.3078910604508693e+59 1.3079151240409315e+59 1.3079366142573472e+59 1.3079578614686537e+59 1.3079734700854783e+59 1.3079904572338048e+59 1.3080022691896894e+59 1.308018128840522e+59 
