# time_axis
5.999999999999999 7.0 7.30102999566398 7.477121254719661 7.602059991327962 7.698970004336018 7.778151250383643 7.845098040014256 7.903089986991943 7.954242509439324 8.0 8.301029995663981 8.47712125471966 8.60205999132796 8.698970004336019 8.778151250383644 8.845098040014257 8.903089986991942 8.954242509439323 8.999999999999998 9.004321373782641 9.008600171761916 9.012837224705171 9.017033339298779 9.021189299069936 9.02530586526477 9.02938377768521 9.033423755486949 9.041392685158224 9.079181246047623 9.146128035678236 9.204119982655923 9.255272505103305 9.301029995663981 9.361727836017593 9.414973347970816 9.462397997898954 9.477121254719663 9.505149978319904 9.544068044350274 9.57978359661681 9.60205999132796 9.612783856719734 9.653212513775342 9.698970004336017 9.778151250383642 9.845098040014257 9.903089986991944 9.954242509439325 10.0 10.041392685158225 10.079181246047623 10.113943352306835 10.146128035678236 
# total_gas_mass_list
10.332023214705405 10.321758128535672 10.311971221473138 10.3022981720386 10.304865013198745 10.30619588039154 10.306766270783493 10.307112603100032 10.307352231549558 10.307528913965982 10.307667325168435 10.308291977132516 10.308523741511575 10.308654663477489 10.308742360470807 10.308806410780637 10.308855301117147 10.308894598362006 10.308926926419872 10.30895425756699 10.308956779414096 10.308959162744507 10.30896154665289 10.308963932532812 10.308966312244912 10.308968673712306 10.308971012116364 10.308973277605178 10.308977644837682 10.308997963267208 10.309031866604164 10.309058983093859 10.30908134320873 10.30910003196089 10.309122920828383 10.309141672267362 10.309157258760498 10.30916198490715 10.309170334258058 10.309181780874066 10.309191348262216 10.309197172048735 10.309199827964314 10.309209433398697 10.309219835047495 10.309235578086309 10.309247596025173 10.309257805634312 10.309266870804692 10.309275752724446 10.30928236908226 10.309289500102931 10.30929404727498 10.309300897742677 
# ejected_gas_mass_list
-10.0 -10.0 7.520931719196179 7.916958297434258 8.304275017737487 8.420660492121993 8.462437458297243 8.485996743810627 8.501590609676532 8.512745211140471 8.521290845919909 8.557924592029575 8.570780015679235 8.577880153858525 8.582573195726972 8.585969629117045 8.588544740754594 8.590603769411263 8.592290489335287 8.593711499759028 8.593842387003862 8.593966049499324 8.59408970744732 8.594213433099116 8.594336804478704 8.594459196031389 8.594580358920426 8.594697712145715 8.594923848814148 8.595974427769098 8.597721894462817 8.599114603706004 8.60025973925327 8.601214586152622 8.602381228518382 8.603334702496335 8.604125686359671 8.604365250241559 8.604788154593258 8.605367283736548 8.60585075527912 8.606144792239688 8.606278821912564 8.606763217967881 8.60728717008556 8.608079002227234 8.608682520996386 8.609194583811256 8.609648751905848 8.610093288090612 8.6104241443217 8.610780460314398 8.611007519546858 8.611349372423016 
# stellar_mass_list
-10.0 8.847842856620996 8.92375961717257 8.967633554285694 8.47264291746148 8.355662138777282 8.293116599124014 8.250201728732026 8.217659281712686 8.191566101129954 8.169864908000443 8.052114864487505 7.996059608053549 7.96004344040013 7.933874454563927 7.913512195765395 7.896954174279171 7.883040392982631 7.871119288327724 7.8606341914509485 7.859667538270847 7.858733454558028 7.857801939192657 7.856867388436128 7.85593079706508 7.8549916688110795 7.854057442580667 7.85315328535587 7.851431459338904 7.843171536354554 7.828843494896818 7.816769080512573 7.80635827782032 7.7973212288944564 7.7856395659971716 7.775576282597429 7.766833259635908 7.76403626364672 7.759103300309051 7.752087235355917 7.745870073440139 7.7420065784953005 7.740247042757068 7.733199332665799 7.725721603497835 7.7127131478367925 7.7020744068461315 7.692788440703875 7.684257842688291 7.676147550939145 7.669236469639166 7.662298332345089 7.656067742613802 7.650349492203978 
# remnant_mass_list
-10.0 -10.0 7.833026163353074 8.167982397144037 8.362907228327817 8.395104956732853 8.409252399401309 8.417780718946943 8.423590276888847 8.427952790996374 8.431391981534059 8.447391515760716 8.45362856331146 8.457228224685684 8.459657417290456 8.461443909332008 8.462831985574073 8.463955062459235 8.464885821569487 8.465682446932796 8.465754586291602 8.465823723448924 8.46589264864885 8.465961894355582 8.466031367841623 8.466101133021988 8.466170465122907 8.466237046635928 8.466362331499125 8.46695891039074 8.467963830295712 8.468780674628333 8.46946382860542 8.470039043568082 8.470759925233263 8.471362581714933 8.471870830149244 8.472033107751 8.47230879304914 8.472699438224101 8.473035542236266 8.473241778116847 8.473332741808544 8.473703685857833 8.474079458393655 8.47471954531657 8.475220249185806 8.475648800767306 8.47604245471199 8.476420713098054 8.476727567123232 8.477045257351213 8.477322671781018 8.477572319435362 
# BH_mass_list
-10.0 -10.0 7.6715092877994095 7.972539283463392 8.148630542519072 8.148630542519072 8.148630542519072 8.148630542519072 8.148630542519072 8.148630542519072 8.148630542519072 8.148630542519072 8.148630542519072 8.148630542519072 8.148630542519072 8.148630542519072 8.148630542519072 8.148630542519072 8.148630542519072 8.148630542519072 8.148630542519072 8.148630542519072 8.148630542519072 8.148630542519072 8.148630542519072 8.148630542519072 8.148630542519072 8.148630542519072 8.148630542519072 8.148630542519072 8.148630542519072 8.148630542519072 8.148630542519072 8.148630542519072 8.148630542519072 8.148630542519072 8.148630542519072 8.148630542519072 8.148630542519072 8.148630542519072 8.148630542519072 8.148630542519072 8.148630542519072 8.148630542519072 8.148630542519072 8.148630542519072 8.148630542519072 8.148630542519072 8.148630542519072 8.148630542519072 8.148630542519072 8.148630542519072 8.148630542519072 8.148630542519072 
# NS_mass_list
-10.0 -10.0 7.325201321894077 7.727155493880479 7.95335567779216 8.031074958969523 8.056734697226135 8.065345469794421 8.065345469794421 8.065345469794421 8.065345469794421 8.065345469794421 8.065345469794421 8.065345469794421 8.065345469794421 8.065345469794421 8.065345469794421 8.065345469794421 8.065345469794421 8.065345469794421 8.065345469794421 8.065345469794421 8.065345469794421 8.065345469794421 8.065345469794421 8.065345469794421 8.065345469794421 8.065345469794421 8.065345469794421 8.065345469794421 8.065345469794421 8.065345469794421 8.065345469794421 8.065345469794421 8.065345469794421 8.065345469794421 8.065345469794421 8.065345469794421 8.065345469794421 8.065345469794421 8.065345469794421 8.065345469794421 8.065345469794421 8.065345469794421 8.065345469794421 8.065345469794421 8.065345469794421 8.065345469794421 8.065345469794421 8.065345469794421 8.065345469794421 8.065345469794421 8.065345469794421 8.065345469794421 
# WD_mass_list
-10.0 -10.0 -10.0 -10.0 -10.0 5.16674582649522 6.263186530698598 6.666500078865516 6.911897834432487 7.035084601519346 7.112980602495612 7.363691753589202 7.433875525854352 7.470146086660245 7.493170893021106 7.509434761392408 7.5217081795426655 7.531418437762577 7.539323059234518 7.545989252574148 7.5465884940807015 7.547162115471152 7.547733315833229 7.548306507912816 7.548880917894897 7.549457068400403 7.550028977630398 7.5505775754925475 7.5516082114688885 7.556486627511898 7.564597073832584 7.571093318475623 7.5764619119232695 7.580937806626091 7.586491042631618 7.591086621901004 7.594929735169142 7.596150607462626 7.598217890329201 7.6011327018912285 7.60362707097178 7.605151521623721 7.6058224378806845 7.608549155256326 7.611296373316283 7.615941711995756 7.619545886608072 7.62261037944613 7.625409037190024 7.628083724981505 7.630243169642037 7.632469212961185 7.634405079946083 7.6361408880768895 
