# time_axis
5.999999999999999 7.0 7.30102999566398 7.477121254719661 7.602059991327962 7.698970004336018 7.778151250383643 7.845098040014256 7.903089986991943 7.954242509439324 8.0 8.041392685158224 8.079181246047623 8.113943352306837 8.146128035678238 8.176091259055681 8.301029995663981 8.47712125471966 8.60205999132796 8.698970004336019 8.778151250383644 8.845098040014257 8.903089986991942 8.954242509439323 8.999999999999998 9.004321373782641 9.008600171761916 9.012837224705171 9.017033339298779 9.021189299069936 9.02530586526477 9.02938377768521 9.033423755486949 9.041392685158224 9.079181246047623 9.146128035678236 9.204119982655923 9.255272505103305 9.301029995663981 9.361727836017593 9.414973347970816 9.462397997898954 9.477121254719663 9.505149978319904 9.544068044350274 9.57978359661681 9.60205999132796 9.612783856719734 9.653212513775342 9.698970004336017 9.778151250383642 9.845098040014257 9.903089986991944 9.954242509439325 10.0 10.041392685158225 10.079181246047623 10.113943352306835 10.146128035678236 
# total_gas_mass_list
10.425925345093205 10.87318928449783 10.306240454506106 9.739231674683712 9.172357067173731 8.605945396180596 8.041185972560518 7.482718434348646 6.946557111240114 6.478477382853413 6.1523965696428045 5.988978028539352 5.923502124064981 5.8956009167402845 5.879629301992371 5.867273405738808 6.507676169838699 6.877060522867446 7.053297805554348 7.168064336560918 7.252022109425645 7.317312772396911 7.370620705381755 7.415301102294899 7.453981680309488 7.457482061499472 7.46090330039794 7.464309199492592 7.467714559601464 7.471122433299387 7.474533299340033 7.477934700221159 7.481235808196127 7.487458024054494 7.517237302086876 7.568092002665796 7.609962500229372 7.645510463966123 7.675961897645848 7.714419834219528 7.746817415019744 7.774485489786308 7.783255803110174 7.798637490352118 7.819959540161353 7.838149771656392 7.849143201431385 7.854065218428689 7.873292911532 7.892853319410608 7.9248212525343975 7.949319631400137 7.97005531739954 7.988602224917616 8.005808696993341 8.020131598789616 8.034214916296836 8.046643116291515 8.057830974332614 
# ejected_gas_mass_list
-10.0 -10.0 4.712261031801012 5.516555205104497 5.935990100516405 6.157706945511518 6.303484280334167 6.415751289830378 6.506686083055206 6.582574949360607 6.646336446055133 6.700646456563095 6.747693543658643 6.789066968366814 6.825916240700426 6.8590677621566085 6.987256040098047 7.146957388274551 7.2503678887936465 7.326693420932924 7.386640563214294 7.4354659272631265 7.476657348322117 7.512040804631869 7.543267788285729 7.546119816418259 7.548911465443153 7.551694607412314 7.5544812889684625 7.557273991718638 7.560073097744584 7.562868352884361 7.565584909061625 7.570715213266063 7.595444322242276 7.638317587133236 7.67418728257483 7.705017655782697 7.731686999150897 7.765690155580603 7.794597481212637 7.819463932216745 7.827379199024451 7.841298451395062 7.860669411835884 7.877262688748248 7.887320191113182 7.89183014936515 7.909488593209339 7.927516853668006 7.95711403818396 7.979902104576263 7.999258778963272 8.016623319715677 8.03277440864129 8.046248270388741 8.059522067759165 8.071256166581664 8.081835045782201 
# stellar_mass_list
-10.0 8.334410363971855 8.912664408373036 8.98717942346993 9.002016156023366 9.003492828780077 9.001875884837114 8.999699337568902 8.99756691976751 8.99559429346281 8.993782037688778 8.992107334289118 8.99054839132201 8.989087191475358 8.98770961942832 8.986404682795687 8.980687172400335 8.971797093292135 8.96478418350721 8.958884682105296 8.953729971243325 8.949130978524181 8.944941139391252 8.941091102240582 8.937486204746516 8.93714682969733 8.9368129952879 8.936478472300168 8.936141796261836 8.935802657499005 8.93546097652425 8.935118030243846 8.93478290719738 8.934145911141396 8.930990512458532 8.925137565836112 8.91979795214389 8.914857258046885 8.910292125345544 8.903976734696958 8.898120881848474 8.892689257453128 8.890879924478655 8.887595548389923 8.88271647106657 8.878175242153773 8.875240599522048 8.873876070222508 8.86821547605158 8.86185186576597 8.849800819535135 8.83918797406282 8.829901151593361 8.821369204372457 8.813259844573164 8.806347255617617 8.79940987542639 8.793177462128236 8.787460016526426 
# remnant_mass_list
-10.0 -10.0 5.780307145526923 6.459092822728224 6.7351967887014395 6.884798311570384 6.981550581508012 7.051026482793926 7.104818767718191 7.148529267384318 7.185229918480076 7.2168060847079145 7.244468988381964 7.269051279085167 7.291146681678664 7.311191416667643 7.390203669223649 7.49174627269199 7.558690747446334 7.6082954366287465 7.647575888642028 7.679914993906515 7.707440590265423 7.731285339462675 7.752477090124896 7.754419010435924 7.756320487480689 7.758217634862892 7.760118520417752 7.762024783880067 7.763937016329661 7.765847716345021 7.767706451502829 7.771216685533865 7.788189420718589 7.817962646200816 7.843378465006547 7.865568275356912 7.885044153754591 7.910511006483981 7.932740709453439 7.952282076272613 7.958577954499826 7.9697460535584455 7.985753033349177 8.000060583458065 8.009021887406105 8.013115036072152 8.029625075654572 8.047326892102388 8.078612148948347 8.104007355742887 8.124769878718617 8.142768083644805 8.159004396712223 8.172225027971658 8.184962750951783 8.19597992381304 8.205751602760985 
# BH_mass_list
-10.0 -10.0 5.360445673938646 5.940307310579029 6.019392522610324 6.038558266449184 6.0436115578784175 6.044972869790166 6.045339040658936 6.045433936861993 6.045456324434064 6.045459050254574 6.045460336768334 6.04546121983768 6.045461979320726 6.0454626915439675 6.04546337804916 6.04546337804916 6.04546337804916 6.04546337804916 6.04546337804916 6.04546337804916 6.04546337804916 6.04546337804916 6.04546337804916 6.04546337804916 6.04546337804916 6.04546337804916 6.04546337804916 6.04546337804916 6.04546337804916 6.04546337804916 6.04546337804916 6.04546337804916 6.04546337804916 6.04546337804916 6.04546337804916 6.04546337804916 6.04546337804916 6.04546337804916 6.04546337804916 6.04546337804916 6.04546337804916 6.04546337804916 6.04546337804916 6.04546337804916 6.04546337804916 6.04546337804916 6.04546337804916 6.04546337804916 6.04546337804916 6.04546337804916 6.04546337804916 6.04546337804916 6.04546337804916 6.04546337804916 6.04546337804916 6.04546337804916 6.04546337804916 
# NS_mass_list
-10.0 -10.0 5.572481152720385 6.302424740820981 6.64239532259595 6.816262883979987 6.905397213887674 6.926707622344594 6.932308006721437 6.933813055268591 6.934218806750317 6.934327988303748 6.934357589022172 6.934365841078732 6.934369434190317 6.9343712365349415 6.934374886864395 6.934374886864395 6.934374886864395 6.934374886864395 6.934374886864395 6.934374886864395 6.934374886864395 6.934374886864395 6.934374886864395 6.934374886864395 6.934374886864395 6.934374886864395 6.934374886864395 6.934374886864395 6.934374886864395 6.934374886864395 6.934374886864395 6.934374886864395 6.934374886864395 6.934374886864395 6.934374886864395 6.934374886864395 6.934374886864395 6.934374886864395 6.934374886864395 6.934374886864395 6.934374886864395 6.934374886864395 6.934374886864395 6.934374886864395 6.934374886864395 6.934374886864395 6.934374886864395 6.934374886864395 6.934374886864395 6.934374886864395 6.934374886864395 6.934374886864395 6.934374886864395 6.934374886864395 6.934374886864395 6.934374886864395 6.934374886864395 
# WD_mass_list
-10.0 -10.0 -10.0 -10.0 -10.0 4.429466167436627 5.63932221901754 6.2280229492903985 6.48613891341738 6.641563239483028 6.749286130143771 6.830415009532814 6.89488033207021 6.948046520360933 6.993091988185572 7.032039439382057 7.1717466676784705 7.3287780550618375 7.423091828008577 7.489544169836106 7.540477322091073 7.5814459229985856 7.615706782512523 7.644974408517678 7.670689940797315 7.673033185943355 7.6753255379985035 7.677610620565782 7.679898164795987 7.682190141859561 7.684487256813389 7.686780503838597 7.6890094494724135 7.693213670761769 7.71344907428023 7.748592779523611 7.778263232115319 7.8039382190491455 7.82630834189966 7.855342470696156 7.880497579152485 7.902474684806995 7.9095294617929675 7.922013831689095 7.9398427395344875 7.955716790956055 7.965630520412467 7.970151521442979 7.988342889769551 8.00777100717168 8.04192513233275 8.06948920081271 8.09192566280378 8.11130670079053 8.128738695940687 8.142898134181127 8.156511905602203 8.168264979073792 8.178672918886594 
