# time_axis
1000000 10000000 20000000 30000000 40000000 50000000 60000000 70000000 80000000 90000000 100000000 110000000 120000000 130000000 140000000 150000000 200000000 300000000 400000000 500000000 600000000 700000000 800000000 900000000 1000000000 1010000000 1020000000 1030000000 1040000000 1050000000 1060000000 1070000000 1080000000 1100000000 1200000000 1400000000 1600000000 1800000000 2000000000 2300000000 2600000000 2900000000 3000000000 3200000000 3500000000 3800000000 4000000000 4100000000 4500000000 5000000000 6000000000 7000000000 8000000000 9000000000 10000000000 11000000000 12000000000 13000000000 14000000000 
# SNIa_energy_release_list
0 0.0 0.0 0.0 0.0 0.0 1.7183652652143447e+54 5.830345142393066e+55 1.3374591050341573e+56 2.036158914096116e+56 2.6465617089977835e+56 3.1813403902306047e+56 3.6559660692697927e+56 4.082470835281147e+56 4.469741463788684e+56 4.8244232778831445e+56 6.2538437595464095e+56 8.171389561045141e+56 9.486448982443084e+56 1.0488555317393318e+57 1.1298460030042068e+57 1.1978064290754934e+57 1.2563642490182078e+57 1.3078029148244452e+57 1.3536702195656632e+57 1.3579925664549495e+57 1.362276089099793e+57 1.3665155959816197e+57 1.370712196230565e+57 1.374868834355076e+57 1.378983820993412e+57 1.383058165499412e+57 1.3870945272193404e+57 1.3950547365089301e+57 1.4327586654190325e+57 1.4993809218049725e+57 1.5569370674992188e+57 1.6076035887720064e+57 1.6528609354093383e+57 1.7128025998027567e+57 1.765306477225561e+57 1.8120167937492495e+57 1.826524531166653e+57 1.8540866251135426e+57 1.8923512741655502e+57 1.9274534524266247e+57 1.9493351579229978e+57 1.9598650074034222e+57 1.9995551074452567e+57 2.0444485660594528e+57 2.1220858209489926e+57 2.1876795777408773e+57 2.2444634532273233e+57 2.2945493494906566e+57 2.3393033496814327e+57 2.3798066051884264e+57 2.4167697660219633e+57 2.4507655389924744e+57 2.482235659209369e+57 
# SNII_energy_release_list
0 0.0 4.376182545931026e+54 1.4695468977739144e+56 2.882352512526439e+56 3.8067055507350262e+56 4.396969672962993e+56 4.608785187656918e+56 4.655379096157257e+56 4.664196253760577e+56 4.665818424217183e+56 4.666136215763958e+56 4.66623943592369e+56 4.666295799624246e+56 4.6663396301551286e+56 4.666377829148761e+56 4.66643936164254e+56 4.66643936164254e+56 4.66643936164254e+56 4.66643936164254e+56 4.66643936164254e+56 4.66643936164254e+56 4.66643936164254e+56 4.66643936164254e+56 4.66643936164254e+56 4.66643936164254e+56 4.66643936164254e+56 4.66643936164254e+56 4.66643936164254e+56 4.66643936164254e+56 4.66643936164254e+56 4.66643936164254e+56 4.66643936164254e+56 4.66643936164254e+56 4.66643936164254e+56 4.66643936164254e+56 4.66643936164254e+56 4.66643936164254e+56 4.66643936164254e+56 4.66643936164254e+56 4.66643936164254e+56 4.66643936164254e+56 4.66643936164254e+56 4.66643936164254e+56 4.66643936164254e+56 4.66643936164254e+56 4.66643936164254e+56 4.66643936164254e+56 4.66643936164254e+56 4.66643936164254e+56 4.66643936164254e+56 4.66643936164254e+56 4.66643936164254e+56 4.66643936164254e+56 4.66643936164254e+56 4.66643936164254e+56 4.66643936164254e+56 4.66643936164254e+56 4.66643936164254e+56 
# SN_energy_per_current_crossing_time_list
0.0 0.0 4.635084697119042e+54 1.5168242964482933e+56 1.7133912138309249e+56 1.211245680945994e+56 8.062870965602546e+55 3.260718715761528e+55 1.0672555984699856e+55 5.064580249776412e+54 3.5886936675159216e+54 3.0138192642415182e+54 2.6725268877057545e+54 2.4154542514871886e+54 2.2079731419230128e+54 2.0350724890847468e+54 1.6800403573375302e+54 1.1631138226667227e+54 8.150810120959502e+53 6.3118774663290104e+53 5.166891605172561e+53 4.381512103299017e+53 3.809276388427082e+53 3.3722511777510453e+53 3.0277764133817413e+53 2.8550762110703276e+53 2.831184696313619e+53 2.803814822799322e+53 2.7771460005165346e+53 2.7523936879760843e+53 2.726492742365988e+53 2.7012326686040125e+53 2.677685470862068e+53 2.6433961809070565e+53 2.517923261654233e+53 2.2461802835105966e+53 1.9564098880401174e+53 1.7344717321267261e+53 1.5588872176860348e+53 1.3874377808435883e+53 1.2235954772764203e+53 1.0950614956873311e+53 1.0222802826043961e+53 9.743289238674614e+52 9.059950563451398e+52 8.345088531383114e+52 7.822669023429407e+52 7.537335027749185e+52 7.134212783618632e+52 6.485544854950628e+52 5.651535002883757e+52 4.80429960792526e+52 4.181493842803297e+52 3.7065460354142784e+52 3.3274961128813095e+52 3.023622280729914e+52 2.7703377680972815e+52 2.557297276139911e+52 2.3752220530486112e+52 
# SN_energy_per_final_crossing_time_list
0.0 0.0 8.807851358365855e+54 2.8696478846844424e+56 2.843524401095919e+56 1.860426085462347e+56 1.1893092348918977e+56 4.6902452828965236e+55 1.507191371667528e+55 7.048080437085955e+54 4.933534529858343e+54 4.100228369034785e+54 3.6030344338523565e+54 3.230408888628147e+54 2.9317648745272513e+54 2.6846658246565058e+54 2.1602005012995077e+54 1.4472766688083439e+54 9.925472534727863e+53 7.563444466906275e+53 6.112793726534847e+53 5.129344966799358e+53 4.419678868329007e+53 3.882357377738271e+53 3.461856293664662e+53 3.262311545555703e+53 3.233008765343429e+53 3.1997876621908928e+53 3.1674036801970886e+53 3.1372420797365917e+53 3.1058054255950945e+53 3.075130585987224e+53 3.0464629004211114e+53 3.004002609651171e+53 2.8457216819201573e+53 2.514172991731843e+53 2.1720385177947307e+53 1.9120397038358686e+53 1.7079097101406257e+53 1.5080417253194006e+53 1.3209182410246682e+53 1.175161000840255e+53 1.094978271965927e+53 1.0401309705785904e+53 9.626807656923599e+52 8.83117777976022e+52 8.257659820663998e+52 7.947453180606797e+52 7.48907219430152e+52 6.776709602832606e+52 5.85970815112404e+52 4.950719495210199e+52 4.2857895801924973e+52 3.7802564633200075e+52 3.377829111634852e+52 3.0570021670531777e+52 2.7898118646228606e+52 2.5658468767666226e+52 2.3752220530486112e+52 
# total_energy_release_list
0 0 4.376182545931026e+54 1.4695468977739144e+56 2.882352512526439e+56 3.8067055507350262e+56 4.414153325615136e+56 5.191819701896224e+56 5.992838201191415e+56 6.7003551678566925e+56 7.312380133214966e+56 7.847476605994562e+56 8.322205505193483e+56 8.748766634905394e+56 9.136081093943812e+56 9.490801107031906e+56 1.092028312118895e+57 1.283782892268768e+57 1.4152888344085624e+57 1.5154994679035857e+57 1.5964899391684607e+57 1.6644503652397474e+57 1.723008185182462e+57 1.7744468509886992e+57 1.8203141557299173e+57 1.8246365026192035e+57 1.828920025264047e+57 1.8331595321458738e+57 1.837356132394819e+57 1.84151277051933e+57 1.845627757157666e+57 1.849702101663666e+57 1.8537384633835943e+57 1.8616986726731843e+57 1.8994026015832865e+57 1.9660248579692266e+57 2.023581003663473e+57 2.0742475249362604e+57 2.1195048715735923e+57 2.1794465359670107e+57 2.2319504133898148e+57 2.2786607299135034e+57 2.293168467330907e+57 2.3207305612777965e+57 2.358995210329804e+57 2.3940973885908787e+57 2.4159790940872518e+57 2.4265089435676762e+57 2.4661990436095107e+57 2.5110925022237068e+57 2.5887297571132465e+57 2.6543235139051313e+57 2.7111073893915772e+57 2.7611932856549106e+57 2.8059472858456866e+57 2.8464505413526803e+57 2.8834137021862172e+57 2.9174094751567283e+57 2.948879595373623e+57 
# binding_energy_list
8.790225168308896e+54 8.790225168308896e+54 8.790225168308896e+54 8.749837752274363e+54 8.669618757582214e+54 8.590135215053907e+54 8.550667128846876e+54 8.51138038202376e+54 8.472274141405911e+54 8.433347577642791e+54 8.413951416451895e+54 8.394599865193965e+54 8.375292821268861e+54 8.356030182312423e+54 8.336811846196331e+54 8.317637711026743e+54 8.241381150129963e+54 8.147042840208421e+54 8.090958991783846e+54 8.035261221856194e+54 7.99834255007026e+54 7.96159350417325e+54 7.94328234724279e+54 7.90678627999831e+54 7.888601176185516e+54 7.888601176185516e+54 7.888601176185516e+54 7.888601176185516e+54 7.870457896951001e+54 7.870457896951001e+54 7.870457896951001e+54 7.870457896951001e+54 7.870457896951001e+54 7.870457896951001e+54 7.852356346100775e+54 7.816278045883308e+54 7.780365510398008e+54 7.762471166286928e+54 7.744617978025239e+54 7.709034690644309e+54 7.691304402866145e+54 7.673614893618154e+54 7.673614893618154e+54 7.655966069112569e+54 7.638357835776954e+54 7.620790100254084e+54 7.620790100254084e+54 7.620790100254084e+54 7.603262769401822e+54 7.585775750291883e+54 7.550922276654341e+54 7.533555637337217e+54 7.516228940182015e+54 7.498942093324558e+54 7.498942093324558e+54 7.481695005111584e+54 7.464487584100623e+54 7.447319739059888e+54 7.447319739059888e+54 
# total_gas_kinetic_energy_list
7.971549577055461e+57 2.542924218847008e+59 1.3439211515891627e+59 3.172855391194504e+58 6.128922725594198e+57 1.0788884133586157e+57 1.8047455648504145e+56 2.981018689773615e+55 5.350078516253234e+54 3.677419301428809e+54 3.170033398731986e+54 2.7858431314195918e+54 2.5044738408935775e+54 2.271605915582577e+54 2.077324983795311e+54 1.9158249929143886e+54 1.2863655372204695e+55 2.7677469171669516e+55 3.782484873337775e+55 4.5376303143868645e+55 5.13578257542586e+55 5.62895501200875e+55 6.054117325290925e+55 6.42756469973683e+55 6.762475642084834e+55 6.793634007066795e+55 6.823989324174127e+55 6.854131298036191e+55 6.884324170920447e+55 6.914562321170044e+55 6.94488406472892e+55 6.975332811693652e+55 7.005450673352309e+55 7.061981461247023e+55 7.33421355040333e+55 7.816551172864215e+55 8.227567078263144e+55 8.587923540558216e+55 8.903455867732694e+55 9.309516978964126e+55 9.657563017025502e+55 9.96010749547981e+55 1.0056756146293042e+56 1.0226852529294757e+56 1.0463528354919432e+56 1.0667061787920895e+56 1.0790841309934609e+56 1.0846398587933724e+56 1.1063254213078758e+56 1.1284895966159281e+56 1.164692937773795e+56 1.1928537050773833e+56 1.2178632240122951e+56 1.241183793160767e+56 1.2635851000627176e+56 1.2829988072738668e+56 1.3023205027156807e+56 1.3204241223654674e+56 1.3369150827149555e+56 
