# time_axis
5.999999999999999 7.0 7.30102999566398 7.477121254719661 7.602059991327962 7.698970004336018 7.778151250383643 7.845098040014256 7.903089986991943 7.954242509439324 8.0 8.041392685158224 8.079181246047623 8.113943352306837 8.146128035678238 8.176091259055681 8.301029995663981 8.47712125471966 8.60205999132796 8.698970004336019 8.778151250383644 8.845098040014257 8.903089986991942 8.954242509439323 8.999999999999998 9.004321373782641 9.008600171761916 9.012837224705171 9.017033339298779 9.021189299069936 9.02530586526477 9.02938377768521 9.033423755486949 9.041392685158224 9.079181246047623 9.146128035678236 9.204119982655923 9.255272505103305 9.301029995663981 9.361727836017593 9.414973347970816 9.462397997898954 9.477121254719663 9.505149978319904 9.544068044350274 9.57978359661681 9.60205999132796 9.612783856719734 9.653212513775342 9.698970004336017 9.778151250383642 9.845098040014257 9.903089986991944 9.954242509439325 10.0 10.041392685158225 10.079181246047623 10.113943352306835 10.146128035678236 
# total_gas_mass_list
9.141744852470868 10.648419559439846 10.371553292844524 9.744772440168171 9.031581576641331 8.280624238036616 7.517377140495825 6.795281456286372 6.259089513592727 6.0096760899490596 5.909883317249484 5.8479245764399375 5.796592728918108 5.750942913764956 5.709737645033662 5.6719105050362835 6.373607982934087 6.689637974097634 6.8215561749746465 6.9010638044893655 6.956182548482606 6.997322406830765 7.02977754359496 7.0562612339563895 7.0785912180013675 7.08061369012523 7.08256991378874 7.0845023118534 7.086428885959636 7.0883465293526955 7.0902583425961065 7.092168159498551 7.094048561612012 7.097563765663764 7.114021813127333 7.141665939950731 7.1637227007555655 7.182046878493549 7.19741316950589 7.2163700219868625 7.23196548687848 7.2451044541050775 7.249225754682127 7.2563668667416845 7.266043859429707 7.274253414324039 7.279174773140318 7.281379774489645 7.2898247608162015 7.298349649090665 7.311928429798644 7.3222557539491815 7.331198232926092 7.3393264257149875 7.346938859809768 7.353452295065215 7.359780652433058 7.365635842963786 7.370899756524729 
# ejected_gas_mass_list
-10.0 -10.0 4.843684130769419 6.374382865096693 6.735220418605152 6.887659548871815 6.965892023473296 7.018821640311902 7.059513854130907 7.092360219728016 7.11938554655768 7.141943101753941 7.161109105511074 7.177676777299356 7.192216218083232 7.205128566662398 7.253609072198097 7.310929198746934 7.3463149106597925 7.371625001241908 7.3910709734060465 7.406641318259693 7.419577585097071 7.430567168175723 7.440139120829922 7.441019978553564 7.441874186337716 7.442720119096906 7.443565609614061 7.444409271443058 7.445252445674771 7.446096811479113 7.44693019682504 7.448493509329742 7.455906472184416 7.46870612100176 7.479233069570821 7.488191287463931 7.495852442224442 7.50549099153083 7.513575431345087 7.520494904057535 7.522685741932542 7.526504923619579 7.531726915885598 7.536198998708545 7.53889830456726 7.540112199801249 7.544786928377571 7.549547002701366 7.557214105916069 7.5631150596479735 7.568273232538997 7.573000645923063 7.577461609846481 7.581304211990323 7.58506023061724 7.5885552024520795 7.591713433743625 
# stellar_mass_list
-10.0 7.105532679816425 8.617167438999301 8.569499315357351 8.399427944776074 8.292620367084485 8.234693964646985 8.1993161381212 8.174260848833077 8.154739855140168 8.138701410833065 8.125080430619406 8.113250193060257 8.102804184220492 8.093459762253186 8.085015983467024 8.051943322468986 8.009855286468351 7.9822573839224304 7.9618566913504285 7.945727183545584 7.932453083033941 7.921166979514533 7.911378880531846 7.9026943563340035 7.9018866370202225 7.901106980150628 7.90033352969021 7.8995586945739396 7.898781427384044 7.898002042985829 7.897219878993277 7.896446803884101 7.895000823065336 7.888047852940503 7.875841504231195 7.865438664532905 7.856327837759904 7.848346620425387 7.837915358151713 7.828805964322329 7.82079405475616 7.818218697683262 7.8136311197361925 7.807065524323182 7.801207896416258 7.79752534374633 7.795848239031892 7.789075959618329 7.781823836438929 7.768994609418946 7.758352610519471 7.749058943410639 7.740520885349264 7.732415544862855 7.72549553985204 7.718561321898237 7.712321651480979 7.706605746399334 
# remnant_mass_list
-10.0 -10.0 6.155827461828237 7.678205494412714 7.905618932463239 7.9750313758895635 8.003674102117268 8.019035570651756 8.029092170845447 8.036508890596897 8.04236438529214 8.047172775907669 8.051229596024497 8.054721916989697 8.057776401700002 8.060481281182145 8.07058188138745 8.082402282665944 8.089574303911068 8.094601806658504 8.098420097256394 8.101462056920202 8.103980007181361 8.1061138104017 8.107970280742204 8.10814101065801 8.108305074996556 8.108467610425752 8.108630352735911 8.108793627393043 8.108957280239853 8.109121531872944 8.109283547186855 8.109584139821802 8.111019609742744 8.11348836138957 8.115540797489306 8.117301593836405 8.118813580305735 8.120749467076205 8.122405796258894 8.123835044863734 8.124291538201277 8.125091829684514 8.12622890936637 8.127226588787249 8.127848493279997 8.128127786783848 8.12925762535328 8.130440578337499 8.13249758955343 8.134158540836335 8.135581158881713 8.136871978843056 8.138086810142395 8.139098401117401 8.140111093391285 8.141006553914488 8.141814818988319 
# BH_mass_list
-10.0 -10.0 6.011948224982328 7.5319407681733805 7.711677503484491 7.745116693673101 7.751282239334743 7.75232471227396 7.752492263750948 7.752500953532715 7.752503481732081 7.752504905358106 7.752506036720837 7.752507017659996 7.752507889244093 7.752508673862792 7.7525093874591695 7.7525093874591695 7.7525093874591695 7.7525093874591695 7.7525093874591695 7.7525093874591695 7.7525093874591695 7.7525093874591695 7.7525093874591695 7.7525093874591695 7.7525093874591695 7.7525093874591695 7.7525093874591695 7.7525093874591695 7.7525093874591695 7.7525093874591695 7.7525093874591695 7.7525093874591695 7.7525093874591695 7.7525093874591695 7.7525093874591695 7.7525093874591695 7.7525093874591695 7.7525093874591695 7.7525093874591695 7.7525093874591695 7.7525093874591695 7.7525093874591695 7.7525093874591695 7.7525093874591695 7.7525093874591695 7.7525093874591695 7.7525093874591695 7.7525093874591695 7.7525093874591695 7.7525093874591695 7.7525093874591695 7.7525093874591695 7.7525093874591695 7.7525093874591695 7.7525093874591695 7.7525093874591695 7.7525093874591695 
# NS_mass_list
-10.0 -10.0 5.606085942422827 7.134478988361397 7.46213717695999 7.588866837539359 7.645966200303369 7.663724358819342 7.66747511816846 7.668164932997254 7.668284266721381 7.668304514954191 7.668309368167911 7.668311829649186 7.668313729081521 7.668315379935475 7.668318217893159 7.668318217893159 7.668318217893159 7.668318217893159 7.668318217893159 7.668318217893159 7.668318217893159 7.668318217893159 7.668318217893159 7.668318217893159 7.668318217893159 7.668318217893159 7.668318217893159 7.668318217893159 7.668318217893159 7.668318217893159 7.668318217893159 7.668318217893159 7.668318217893159 7.668318217893159 7.668318217893159 7.668318217893159 7.668318217893159 7.668318217893159 7.668318217893159 7.668318217893159 7.668318217893159 7.668318217893159 7.668318217893159 7.668318217893159 7.668318217893159 7.668318217893159 7.668318217893159 7.668318217893159 7.668318217893159 7.668318217893159 7.668318217893159 7.668318217893159 7.668318217893159 7.668318217893159 7.668318217893159 7.668318217893159 7.668318217893159 
# WD_mass_list
-10.0 -10.0 -10.0 -10.0 -10.0 3.6440982337475702 5.287313173840281 6.265322430054886 6.58749067525288 6.7508743547987535 6.85114019576886 6.92028570620807 6.971675533883541 7.011853181514772 7.044420157627062 7.071526060079493 7.161204519309323 7.248967795226208 7.2956464821867515 7.32602175324237 7.347967013797996 7.364819916060504 7.378376582357381 7.389601944458086 7.399181161966308 7.4000536265517365 7.400890702773592 7.401718701406599 7.402546484975827 7.403375704677865 7.404205571337196 7.4050371965634625 7.405856249216483 7.407372592549391 7.414555941295528 7.426692446530064 7.436581129611998 7.44492506333368 7.4519905666831106 7.460907289755407 7.468424440545617 7.474830588161874 7.4768613145299945 7.480403784578502 7.485398924345692 7.4897454760081885 7.492438057214662 7.49364311606322 7.498491973598045 7.50352473032809 7.512171440282689 7.519059001188152 7.524893170197654 7.530136113033357 7.535027269122518 7.53906881988791 7.543086755802883 7.546616575191132 7.549784414214603 
