# time_axis
1000000 10000000 20000000 30000000 40000000 50000000 60000000 70000000 80000000 90000000 100000000 110000000 120000000 130000000 140000000 150000000 200000000 300000000 400000000 500000000 600000000 700000000 800000000 900000000 1000000000 1010000000 1020000000 1030000000 1040000000 1050000000 1060000000 1070000000 1080000000 1100000000 1200000000 1400000000 1600000000 1800000000 2000000000 2300000000 2600000000 2900000000 3000000000 3200000000 3500000000 3800000000 4000000000 4100000000 4500000000 5000000000 6000000000 7000000000 8000000000 9000000000 10000000000 11000000000 12000000000 13000000000 14000000000 
# SNIa_energy_release_list
0 0.0 0.0 0.0 0.0 0.0 1.8974400636857124e+54 8.594253439808615e+55 3.174536094722432e+56 5.492741253134483e+56 7.618782669000037e+56 9.51501665437834e+56 1.1201629838240433e+57 1.2711529042941065e+57 1.4075316001312757e+57 1.5317942601643035e+57 2.027196100664739e+57 2.6819276385212936e+57 3.1267006861837524e+57 3.464052748464839e+57 3.735929009240203e+57 3.963659621433407e+57 4.159610857078633e+57 4.3315681842981386e+57 4.4847845080444305e+57 4.4992189783906454e+57 4.5135119424758815e+57 4.527670491743257e+57 4.541680737293575e+57 4.555554764104529e+57 4.5692940729183975e+57 4.582895243247784e+57 4.596366123928837e+57 4.622931517846978e+57 4.7487263871216875e+57 4.970884041222926e+57 5.162691992246819e+57 5.3314521272542245e+57 5.482137162882224e+57 5.6816417160121196e+57 5.856334810850715e+57 6.01170809032951e+57 6.059927807267332e+57 6.151613883427013e+57 6.27884479712009e+57 6.395545602482185e+57 6.468286932419781e+57 6.503286783770444e+57 6.635206738280405e+57 6.784401032005577e+57 7.042382110960114e+57 7.260297008932993e+57 7.448920947446555e+57 7.615258449020758e+57 7.763886710449407e+57 7.898438941489495e+57 8.021189520239291e+57 8.134080399657148e+57 8.23858242876334e+57 
# SNII_energy_release_list
0 -1.986080793760736e+53 -5.996022877106033e+54 1.0277970085054527e+56 4.504395901926815e+56 8.011038946952857e+56 1.0961674320210696e+57 1.2863621236405144e+57 1.3435898467192047e+57 1.3656827763215136e+57 1.3736777567306265e+57 1.3764733630504016e+57 1.377471298038607e+57 1.3778432013300597e+57 1.3780291717610036e+57 1.3781235823809683e+57 1.3782609059133079e+57 1.3782609059133079e+57 1.3782609059133079e+57 1.3782609059133079e+57 1.3782609059133079e+57 1.3782609059133079e+57 1.3782609059133079e+57 1.3782609059133079e+57 1.3782609059133079e+57 1.3782609059133079e+57 1.3782609059133079e+57 1.3782609059133079e+57 1.3782609059133079e+57 1.3782609059133079e+57 1.3782609059133079e+57 1.3782609059133079e+57 1.3782609059133079e+57 1.3782609059133079e+57 1.3782609059133079e+57 1.3782609059133079e+57 1.3782609059133079e+57 1.3782609059133079e+57 1.3782609059133079e+57 1.3782609059133079e+57 1.3782609059133079e+57 1.3782609059133079e+57 1.3782609059133079e+57 1.3782609059133079e+57 1.3782609059133079e+57 1.3782609059133079e+57 1.3782609059133079e+57 1.3782609059133079e+57 1.3782609059133079e+57 1.3782609059133079e+57 1.3782609059133079e+57 1.3782609059133079e+57 1.3782609059133079e+57 1.3782609059133079e+57 1.3782609059133079e+57 1.3782609059133079e+57 1.3782609059133079e+57 1.3782609059133079e+57 1.3782609059133079e+57 
# SN_energy_per_current_crossing_time_list
0.0 -7.033651494529048e+54 -2.776429735961177e+55 3.145095329035178e+56 9.97399406682311e+56 1.0146172749554412e+57 8.662963808116687e+56 5.755731871383961e+56 1.9866817251107104e+56 9.380182369201193e+55 4.910859079467089e+55 3.071878760809855e+55 2.2873721037301025e+55 1.8973075735628044e+55 1.6766254996743038e+55 1.5122925411677487e+55 1.2181470719421683e+55 8.248863227942541e+54 5.7327521456586145e+54 4.4273783094244975e+54 3.6220826556752545e+54 3.073317933443706e+54 2.67456257342763e+54 2.3709183713983478e+54 2.1319830830397166e+54 2.0103109104471378e+54 1.992286682793489e+54 1.9752134146255742e+54 1.9561891207296165e+54 1.93879954656111e+54 1.9215631199378068e+54 1.903823796213744e+54 1.8871916275368594e+54 1.8637832488740802e+54 1.7787012064234e+54 1.59249482585588e+54 1.3915962352295912e+54 1.2376486620032914e+54 1.1157607663807407e+54 9.974042325758139e+53 8.831849849189145e+53 7.933735678467814e+53 7.410296757744596e+53 7.085834761190143e+53 6.609214971464091e+53 6.106144763406744e+53 5.734863426196428e+53 5.529931897783324e+53 5.253454958646347e+53 4.793979133238307e+53 4.206687859185946e+53 3.5953093371647095e+53 3.145766836205459e+53 2.80091047422521e+53 2.5266018424362472e+53 2.30569441489688e+53 2.120538942155253e+53 1.964627761528111e+53 1.830867228239204e+53 
# SN_energy_per_final_crossing_time_list
0.0 -1.0309919215165337e+54 -2.7085398825794457e+55 5.081978713825167e+56 1.6242596203829446e+57 1.6382961842133267e+57 1.3788630106442208e+57 9.03310194026421e+56 3.079272629783023e+56 1.4383246772660883e+56 7.460045500157408e+55 4.6282881783759854e+55 3.4211659746507755e+55 2.8190838110354866e+55 2.476228881389558e+55 2.2211803496644173e+55 1.7487116116896767e+55 1.1470844405691604e+55 7.792388376897002e+54 5.9103812671588924e+54 4.7632504387450514e+54 3.9898221909900425e+54 3.433050044523555e+54 3.0126786795868557e+54 2.6843377911189717e+54 2.528907710205239e+54 2.504115925965765e+54 2.4805665569139805e+54 2.4545838637828093e+54 2.4307184491195747e+54 2.407115963308811e+54 2.3829142108302552e+54 2.3600875681943498e+54 2.3271179299573678e+54 2.203916092400988e+54 1.9460922045021987e+54 1.6802300139478076e+54 1.4783320633147688e+54 1.3199949124289607e+54 1.1651012946324259e+54 1.0202030368062616e+54 9.073758279299279e+53 8.448056009201811e+53 8.03166376587843e+53 7.4302515875192875e+53 6.815296056100284e+53 6.372111539860245e+53 6.131946085569244e+53 5.778067744924976e+53 5.227744290862114e+53 4.519807959744718e+53 3.817851659494507e+53 3.3046763822638764e+53 2.9142197817988223e+53 2.6039553046701876e+53 2.35734437316456e+53 2.1505803648273644e+53 1.9778392176788876e+53 1.830867228239204e+53 
# total_energy_release_list
0 -1.986080793760736e+53 -5.996022877106033e+54 1.0277970085054527e+56 4.504395901926815e+56 8.011038946952857e+56 1.0980648720847553e+57 1.3723046580386005e+57 1.6610434561914478e+57 1.914956901634962e+57 2.1355560236306302e+57 2.3279750284882357e+57 2.4976342818626505e+57 2.648996105624166e+57 2.7855607718922793e+57 2.9099178425452718e+57 3.405457006578047e+57 4.060188544434602e+57 4.50496159209706e+57 4.842313654378146e+57 5.1141899151535114e+57 5.3419205273467145e+57 5.5378717629919415e+57 5.709829090211446e+57 5.863045413957739e+57 5.877479884303953e+57 5.891772848389189e+57 5.905931397656565e+57 5.9199416432068834e+57 5.9338156700178376e+57 5.947554978831706e+57 5.9611561491610924e+57 5.974627029842144e+57 6.001192423760286e+57 6.126987293034996e+57 6.349144947136233e+57 6.540952898160127e+57 6.709713033167532e+57 6.860398068795532e+57 7.059902621925428e+57 7.234595716764023e+57 7.389968996242818e+57 7.43818871318064e+57 7.529874789340322e+57 7.657105703033398e+57 7.773806508395493e+57 7.84654783833309e+57 7.881547689683753e+57 8.013467644193713e+57 8.162661937918885e+57 8.420643016873422e+57 8.638557914846301e+57 8.827181853359863e+57 8.993519354934067e+57 9.142147616362715e+57 9.276699847402803e+57 9.399450426152599e+57 9.512341305570457e+57 9.616843334676648e+57 
# binding_energy_list
8.9536476554959e+54 8.9536476554959e+54 8.9536476554959e+54 8.9536476554959e+54 8.912509381337514e+54 8.892011178579445e+54 8.85115609830841e+54 8.830799004185586e+54 8.810488730080146e+54 8.790225168308896e+54 8.770008211436303e+54 8.749837752274363e+54 8.729713683881166e+54 8.709635899560761e+54 8.68960429286302e+54 8.68960429286302e+54 8.629785477669702e+54 8.531001140175843e+54 8.452788451602891e+54 8.394599865193965e+54 8.356030182312423e+54 8.317637711026743e+54 8.279421637123327e+54 8.241381150129963e+54 8.20351544329821e+54 8.20351544329821e+54 8.20351544329821e+54 8.20351544329821e+54 8.20351544329821e+54 8.20351544329821e+54 8.184647881347836e+54 8.184647881347836e+54 8.184647881347836e+54 8.184647881347836e+54 8.147042840208421e+54 8.109610578538388e+54 8.072350302488317e+54 8.035261221856194e+54 7.99834255007026e+54 7.94328234724279e+54 7.90678627999831e+54 7.870457896951001e+54 7.870457896951001e+54 7.852356346100775e+54 7.816278045883308e+54 7.798301105232642e+54 7.780365510398008e+54 7.780365510398008e+54 7.744617978025239e+54 7.72680585095699e+54 7.673614893618154e+54 7.638357835776954e+54 7.603262769401822e+54 7.568328950209705e+54 7.533555637337217e+54 7.516228940182015e+54 7.481695005111584e+54 7.464487584100623e+54 7.447319739059888e+54 
# total_gas_kinetic_energy_list
3.555417159551863e+57 1.5226430884069252e+59 3.0042900599356704e+59 7.505031536711287e+58 3.047538413121632e+58 1.1298406962393812e+58 3.981020675606072e+57 1.3494538712827588e+57 4.531338473515542e+56 1.4549492042336546e+56 5.18062781459256e+55 1.477207833699823e+55 9.040197790767626e+54 1.292909918462022e+55 4.1812725936504584e+54 1.6537258039999872e+55 1.0425480672383468e+56 2.344498452656019e+56 3.320239389221742e+56 4.093239623475778e+56 4.734799687286253e+56 5.28544786480184e+56 5.775315522187156e+56 6.218232101722092e+56 6.624337656403625e+56 6.6636642744506225e+56 6.701399384107096e+56 6.738908943082791e+56 6.776766951968029e+56 6.814313386929443e+56 6.8514565914838784e+56 6.888742652817206e+56 6.926728207724635e+56 6.998030814898626e+56 7.343114202167793e+56 7.970199064944767e+56 8.52072197360867e+56 9.01749552501909e+56 9.462570342551614e+56 1.0048645782632675e+57 1.0563831377907575e+57 1.1022597714906564e+57 1.1169876305116963e+57 1.1434790534157798e+57 1.1808459383983092e+57 1.2133421057774734e+57 1.233460931559161e+57 1.2424489611332822e+57 1.278181069225011e+57 1.3150863737841097e+57 1.377403512354619e+57 1.4248615677096644e+57 1.4701204066713386e+57 1.50996272644265e+57 1.5505434769147804e+57 1.584488013810893e+57 1.6192604058737917e+57 1.6509381010789287e+57 1.67977539933337e+57 
