# time_axis
5.999999999999999 7.0 7.30102999566398 7.477121254719661 7.602059991327962 7.698970004336018 7.778151250383643 7.845098040014256 7.903089986991943 7.954242509439324 8.0 8.041392685158224 8.079181246047623 8.113943352306837 8.146128035678238 8.176091259055681 8.301029995663981 8.47712125471966 8.60205999132796 8.698970004336019 8.778151250383644 8.845098040014257 8.903089986991942 8.954242509439323 8.999999999999998 9.004321373782641 9.008600171761916 9.012837224705171 9.017033339298779 9.021189299069936 9.02530586526477 9.02938377768521 9.033423755486949 9.041392685158224 9.079181246047623 9.146128035678236 9.204119982655923 9.255272505103305 9.301029995663981 9.361727836017593 9.414973347970816 9.462397997898954 9.477121254719663 9.505149978319904 9.544068044350274 9.57978359661681 9.60205999132796 9.612783856719734 9.653212513775342 9.698970004336017 9.778151250383642 9.845098040014257 9.903089986991944 9.954242509439325 10.0 10.041392685158225 10.079181246047623 10.113943352306835 10.146128035678236 
# total_gas_mass_list
8.7873673767305 10.425625741829663 10.720846124044998 10.11859532487942 9.727604861218952 9.298157174272646 8.84706136788343 8.385148932781266 7.925516932633828 7.490720136706715 7.121769241019843 6.8600422446034095 6.707439978669278 6.625151027894144 6.576303467507539 6.541481091747974 7.258223437411958 7.596892801102414 7.744639619333651 7.8363918536156705 7.901373911574164 7.950813828595067 7.9903516817845395 8.023008943508255 8.0507755091111 8.05336874529644 8.05583923273739 8.058303386924596 8.060799085365012 8.063229163811897 8.06557842693591 8.067922538072736 8.07034722909902 8.074780094580069 8.095683837252297 8.131051243013578 8.159654271225767 8.183715358847115 8.204093779579722 8.229444294800437 8.250492946952196 8.268341214039847 8.273899357345297 8.283743707501193 8.297210819128441 8.308584543496174 8.315453201954204 8.31849194599302 8.330349644936542 8.342225872396252 8.361471449280458 8.375547101350493 8.38853622556162 8.399666167789599 8.410674277966129 8.419677010358694 8.428660317552753 8.436744005804721 8.443960698947816 
# ejected_gas_mass_list
-10.0 -10.0 -10.0 6.308980657106124 6.971386262642967 7.2667130141636305 7.418471954634174 7.515858475810733 7.588881255981199 7.646546769494968 7.693666513246855 7.7328137112150435 7.765955829715342 7.7945153314225335 7.819512507496928 7.841674195564884 7.924709313334282 8.023200467342066 8.084593370496318 8.128952018575612 8.16329551248026 8.19103924344976 8.214216727193257 8.234014181028407 8.251304395835165 8.252940429274345 8.254502373742875 8.256063566642423 8.257648050765335 8.25919406574344 8.26069165567185 8.262188886365866 8.263740654578577 8.266585680028669 8.280141221149846 8.30359274142229 8.323023900904825 8.339683904117159 8.354013908648055 8.372115687182987 8.387372678601695 8.400467725122974 8.404574776356625 8.411882533472477 8.421948234315963 8.430510259705938 8.435707631480954 8.438013351542109 8.447047689935568 8.456154592691634 8.471034470197223 8.482010936388216 8.49220900133282 8.500999115585234 8.50973924986088 8.516920875293357 8.52411683683146 8.530617338079566 8.536440560596107 
# stellar_mass_list
-10.0 7.283080535664624 8.9290193022264 9.363107864017932 9.36057880296292 9.348678099854075 9.33341763225857 9.319447043155385 9.307757422800906 9.298082563437916 9.289950719241029 9.282969606351536 9.27685391167968 9.271409947494782 9.266498751531705 9.262022305127525 9.244003039764639 9.219885483068309 9.203194756101547 9.19033911370014 9.179847380524198 9.170953574387937 9.163220110884591 9.15636169453136 9.150182414457426 9.149587587627636 9.149019898463893 9.148461016552618 9.14790285837632 9.147343251320446 9.146781434717582 9.146216976833774 9.145653007804183 9.144581130550408 9.139458278749984 9.13027365598049 9.122264530124571 9.115070830361699 9.10865046711479 9.100089062807342 9.092432632937793 9.085552853935877 9.08331897849253 9.079283260402033 9.073434494120173 9.068148896800308 9.064767117116986 9.063223544815465 9.056906996779 9.050029189904567 9.037508187864109 9.02686741362262 9.017564570356676 9.009018428291048 9.00091524534907 8.993987368620584 8.98705434377292 8.980808161050064 8.975092126227212 
# remnant_mass_list
-10.0 -10.0 5.8329610940857455 7.485511363820788 8.011205516944445 8.180039278634993 8.264923070235069 8.315887204329881 8.34989334712433 8.37477388331334 8.394177053897383 8.41002730511315 8.423386049320902 8.434925946131319 8.445058521577094 8.454082761824573 8.48827546977187 8.529740750123565 8.555918234043354 8.574835968901462 8.589537801057721 8.601515304606437 8.611587282145358 8.620264904823951 8.62788664115119 8.628611039609579 8.629300138581995 8.629976910014761 8.630651522673716 8.631326633841512 8.632003119737279 8.632681655638859 8.633358337692309 8.634638948330045 8.640688188839537 8.651244626497856 8.660157025455343 8.667941483154328 8.674715854062104 8.68350622236707 8.691143309441811 8.697830788440866 8.699969414547331 8.70378562901806 8.709226602982097 8.714046580669512 8.717086254818101 8.718459912465361 8.724016955431424 8.72992639422989 8.740348560403818 8.748867463434408 8.756072742423896 8.762505437593797 8.768447896482597 8.773398118269732 8.778252034296901 8.78253078924859 8.786370298270162 
# BH_mass_list
-10.0 -10.0 5.539705186674152 7.187839495729115 7.654566909196525 7.720734705817042 7.744990089119657 7.753678448655433 7.756712250816472 7.75772523602847 7.75803523352571 7.758153577767577 7.758169159640823 7.75820020378445 7.758206205129108 7.758224279280135 7.758228716273349 7.758228716273349 7.758228716273349 7.758228716273349 7.758228716273349 7.758228716273349 7.758228716273349 7.758228716273349 7.758228716273349 7.758228716273349 7.758228716273349 7.758228716273349 7.758228716273349 7.758228716273349 7.758228716273349 7.758228716273349 7.758228716273349 7.758228716273349 7.758228716273349 7.758228716273349 7.758228716273349 7.758228716273349 7.758228716273349 7.758228716273349 7.758228716273349 7.758228716273349 7.758228716273349 7.758228716273349 7.758228716273349 7.758228716273349 7.758228716273349 7.758228716273349 7.758228716273349 7.758228716273349 7.758228716273349 7.758228716273349 7.758228716273349 7.758228716273349 7.758228716273349 7.758228716273349 7.758228716273349 7.758228716273349 7.758228716273349 
# NS_mass_list
-10.0 -10.0 5.5240153097437155 7.181097071806337 7.759465253819597 7.994723424186696 8.107266669501898 8.16179141054066 8.177367040307931 8.18316758962399 8.185221151478736 8.185929424985824 8.186169416240363 8.186256031086641 8.186296087118079 8.186316890902374 8.186344142789434 8.186344142789434 8.186344142789434 8.186344142789434 8.186344142789434 8.186344142789434 8.186344142789434 8.186344142789434 8.186344142789434 8.186344142789434 8.186344142789434 8.186344142789434 8.186344142789434 8.186344142789434 8.186344142789434 8.186344142789434 8.186344142789434 8.186344142789434 8.186344142789434 8.186344142789434 8.186344142789434 8.186344142789434 8.186344142789434 8.186344142789434 8.186344142789434 8.186344142789434 8.186344142789434 8.186344142789434 8.186344142789434 8.186344142789434 8.186344142789434 8.186344142789434 8.186344142789434 8.186344142789434 8.186344142789434 8.186344142789434 8.186344142789434 8.186344142789434 8.186344142789434 8.186344142789434 8.186344142789434 8.186344142789434 8.186344142789434 
# WD_mass_list
-10.0 -10.0 -10.0 -10.0 -10.0 3.894088000157459 5.642194035127681 6.708122177122292 7.211276594650172 7.436265441995759 7.5725491751658405 7.66576025497209 7.734496229046563 7.7879242665001 7.831079122284726 7.866980564999994 7.986376341501616 8.106356884436453 8.172569311271843 8.216963400177354 8.249780763029886 8.275554377313046 8.296618660612644 8.314353122464562 8.329632997660458 8.331071378937468 8.332437479369705 8.333777073198517 8.335110363921372 8.33644262012711 8.33777557178937 8.339110543413593 8.340439862763553 8.342950131998178 8.35471326365873 8.3748810534269 8.391570825376531 8.405909972014886 8.418216185212852 8.433956571100296 8.447432116095491 8.459086291133378 8.462785409608802 8.469353484665458 8.478646937658787 8.486811785414414 8.491928857096113 8.494233322399563 8.503506043956033 8.513281083733151 8.530313673262285 8.544047761557556 8.555537772756109 8.565701580562006 8.575014373418757 8.582717699571058 8.590224298118597 8.59680379045549 8.602678456936516 
