# time_axis
5.999999999999999 7.0 7.30102999566398 7.477121254719661 7.602059991327962 7.698970004336018 7.778151250383643 7.845098040014256 7.903089986991943 7.954242509439324 8.0 8.041392685158224 8.079181246047623 8.113943352306837 8.146128035678238 8.176091259055681 8.301029995663981 8.47712125471966 8.60205999132796 8.698970004336019 8.778151250383644 8.845098040014257 8.903089986991942 8.954242509439323 8.999999999999998 9.004321373782641 9.008600171761916 9.012837224705171 9.017033339298779 9.021189299069936 9.02530586526477 9.02938377768521 9.033423755486949 9.041392685158224 9.079181246047623 9.146128035678236 9.204119982655923 9.255272505103305 9.301029995663981 9.361727836017593 9.414973347970816 9.462397997898954 9.477121254719663 9.505149978319904 9.544068044350274 9.57978359661681 9.60205999132796 9.612783856719734 9.653212513775342 9.698970004336017 9.778151250383642 9.845098040014257 9.903089986991944 9.954242509439325 10.0 10.041392685158225 10.079181246047623 10.113943352306835 10.146128035678236 
# total_gas_mass_list
8.7873673767305 10.425853467292905 10.725948685105575 10.4477115584241 10.12008547897066 9.753731664240265 9.359058489642186 8.943632770666165 8.513244182959925 8.073473657851135 7.632288938646564 7.204904290067378 6.820858749966375 6.5218391008870045 6.330677198577613 6.225436895597846 6.788171307712915 7.100283464582456 7.24063837033961 7.328638551364002 7.391376526988933 7.439131527670811 7.477578863091714 7.509393297701654 7.536399723259171 7.538919063421955 7.541348752068755 7.543721800632584 7.5460665434025085 7.548399356367396 7.550723744291922 7.553044500749311 7.555360227542243 7.55977322033202 7.580233024847641 7.614838888620728 7.642788680248583 7.666363640808232 7.686535959584547 7.711205828157038 7.731865832320175 7.749415331524785 7.754945769315134 7.764548963136668 7.777804798641755 7.7889723997827485 7.795747222293787 7.7987350633092865 7.810384366160594 7.8221073316990495 7.840973853062952 7.855295165764218 7.867673802551983 7.878971160679758 7.889205246404257 7.898248448867695 7.907118276244129 7.915090283410963 7.922449518449981 
# ejected_gas_mass_list
-10.0 -10.0 4.0635336301708085 5.72507787453058 6.349814501098541 6.666243023106827 6.842517306465971 6.955616509984045 7.037269574026925 7.100358706387043 7.151181962283504 7.193110652003615 7.228381784294893 7.2585880104296425 7.284876699813592 7.308064337941081 7.394022863968883 7.494612730194217 7.5567730618084274 7.601496783356321 7.636091260245348 7.663914922699831 7.687235320558574 7.70714118871056 7.724463367772182 7.726098923740014 7.727679428044357 7.729226068851976 7.730757149512257 7.732283284509983 7.733806724851958 7.735330585761903 7.736853928824721 7.739764590567987 7.7533900029320195 7.776918446813063 7.796353909608698 7.813040082819535 7.827525852084736 7.845496103713707 7.8607562489558696 7.873866380617386 7.878025442909172 7.88527839721313 7.895354088734213 7.9038993770484165 7.909108392532825 7.911411631307116 7.9204262206633835 7.929552612573308 7.944353658965905 7.955680469632663 7.9655331833779774 7.974574876222697 7.982805835382593 7.9901103895876275 7.9973031294770935 8.003791367448876 8.00980045312231 
# stellar_mass_list
-10.0 6.644699873161771 8.290862374342337 8.728437831454825 8.804998917072654 8.816991075099036 8.809603392910365 8.797533902470507 8.78569767106386 8.77536135985357 8.766565364762036 8.759040789810728 8.7525044138511 8.746732953942345 8.741564046904287 8.73687936102373 8.718279824155333 8.69368103364646 8.676778730191675 8.663803611514473 8.653231754556318 8.644281293065575 8.636508104520448 8.62961646309905 8.623421230704622 8.622824579900472 8.622248263316271 8.621684178358615 8.62112430918781 8.620564608937558 8.620003406220835 8.619439858203991 8.61887625247843 8.617792097386399 8.612650378088619 8.603439128244585 8.595418544305083 8.588208249156601 8.58176835829814 8.57319650783708 8.565530864934981 8.558641589046795 8.556409310554827 8.552362455276636 8.546504367309002 8.541221600781483 8.537829581489818 8.536286603160134 8.529965027103621 8.523086668340053 8.51056043057912 8.499913441646278 8.49060421556618 8.482051553877618 8.473951270986568 8.467016513918791 8.460085932763388 8.453832802851641 8.448117961912194 
# remnant_mass_list
-10.0 -10.0 5.266082128858162 6.918185634032682 7.43834554694603 7.641547900426659 7.7458311621885825 7.806648701203281 7.845611258692598 7.872845620852522 7.893306466306372 7.909564623014671 7.923025384325766 7.934500234502378 7.944500696866068 7.953354906798708 7.986627467235981 8.02661065376262 8.051744315116343 8.06988397717961 8.083979885470109 8.095463433226248 8.105117936282213 8.11344074108225 8.120739594459723 8.121433934730808 8.12210267668874 8.122755588027927 8.123402303152668 8.124047623298614 8.124693489854769 8.125340980896224 8.125987379902671 8.127226049126582 8.13303278411531 8.14316565313401 8.15171527931962 8.159195294886839 8.1657137549722 8.174162034615945 8.181507155518085 8.187944061417706 8.189998969204595 8.193679730130361 8.198923268382773 8.203560282404036 8.206496193075369 8.207818565749884 8.213176143252452 8.218872055104606 8.228927778946288 8.237154774041489 8.24411811170488 8.25033850985946 8.256080962283798 8.260873190688672 8.265567396915602 8.26971298723259 8.273429045520277 
# BH_mass_list
-10.0 -10.0 5.03216758697228 6.680524502716114 7.150471976620538 7.280280810800867 7.330083187302121 7.34986671276292 7.357591881750246 7.360514508771275 7.36156156292241 7.361914804976658 7.362019262195488 7.362034720511708 7.36204030932253 7.362043116666074 7.362044924386863 7.362044924386863 7.362044924386863 7.362044924386863 7.362044924386863 7.362044924386863 7.362044924386863 7.362044924386863 7.362044924386863 7.362044924386863 7.362044924386863 7.362044924386863 7.362044924386863 7.362044924386863 7.362044924386863 7.362044924386863 7.362044924386863 7.362044924386863 7.362044924386863 7.362044924386863 7.362044924386863 7.362044924386863 7.362044924386863 7.362044924386863 7.362044924386863 7.362044924386863 7.362044924386863 7.362044924386863 7.362044924386863 7.362044924386863 7.362044924386863 7.362044924386863 7.362044924386863 7.362044924386863 7.362044924386863 7.362044924386863 7.362044924386863 7.362044924386863 7.362044924386863 7.362044924386863 7.362044924386863 7.362044924386863 7.362044924386863 
# NS_mass_list
-10.0 -10.0 4.885634647240861 6.542934477848596 7.1237480835244105 7.393377033522357 7.534181994104246 7.6075860836555655 7.638419194830656 7.6511940895419706 7.656289666402932 7.658238324906216 7.658952959358381 7.659203858673832 7.659286906246505 7.6593156199713865 7.659333544498068 7.659333544498068 7.659333544498068 7.659333544498068 7.659333544498068 7.659333544498068 7.659333544498068 7.659333544498068 7.659333544498068 7.659333544498068 7.659333544498068 7.659333544498068 7.659333544498068 7.659333544498068 7.659333544498068 7.659333544498068 7.659333544498068 7.659333544498068 7.659333544498068 7.659333544498068 7.659333544498068 7.659333544498068 7.659333544498068 7.659333544498068 7.659333544498068 7.659333544498068 7.659333544498068 7.659333544498068 7.659333544498068 7.659333544498068 7.659333544498068 7.659333544498068 7.659333544498068 7.659333544498068 7.659333544498068 7.659333544498068 7.659333544498068 7.659333544498068 7.659333544498068 7.659333544498068 7.659333544498068 7.659333544498068 7.659333544498068 
# WD_mass_list
-10.0 -10.0 -10.0 -10.0 -10.0 3.2557073376546053 5.003990818301538 6.0706088933288225 6.580672442250288 6.838292988532545 6.995932746306553 7.102705378617736 7.180230059827816 7.239524499619294 7.286754343712796 7.3255710483476415 7.451974459564199 7.575919701852109 7.643431698029287 7.688445128758917 7.721627109752145 7.747635541741103 7.768855323819798 7.786709616105805 7.802053863424169 7.803498912435666 7.804888331053609 7.8062426399237275 7.807581945074416 7.808916237327536 7.810249544857158 7.811584092400254 7.812914288103648 7.815457459992102 7.82727924070035 7.847528005632366 7.864257204742739 7.878641674773287 7.89099462866096 7.906763838506382 7.920263031363096 7.931938992814115 7.935637061040806 7.942226407750222 7.951538299208631 7.9597014157498975 7.964835945708081 7.967140159922358 7.976422954632419 7.986201384568113 8.003245391333563 8.016990648272591 8.028490840958106 8.038664162603641 8.047974865626092 8.055687097893726 8.063191907293923 8.069779674854923 8.075653687366286 
