# time_axis
1000000 10000000 20000000 30000000 40000000 50000000 60000000 70000000 80000000 90000000 100000000 110000000 120000000 130000000 140000000 150000000 200000000 300000000 400000000 500000000 600000000 700000000 800000000 900000000 1000000000 1010000000 1020000000 1030000000 1040000000 1050000000 1060000000 1070000000 1080000000 1100000000 1200000000 1400000000 1600000000 1800000000 2000000000 2300000000 2600000000 2900000000 3000000000 3200000000 3500000000 3800000000 4000000000 4100000000 4500000000 5000000000 6000000000 7000000000 8000000000 9000000000 10000000000 11000000000 12000000000 13000000000 14000000000 
# SNIa_energy_release_list
0 0.0 0.0 0.0 0.0 0.0 6.162515004791477e+52 7.606384604112999e+53 1.6066760329741634e+54 2.4193552860498948e+54 3.153771365183956e+54 3.808358825903303e+54 4.3930957579485324e+54 4.919313437699454e+54 5.396884463998632e+54 5.8337880374170953e+54 7.589544359034002e+54 9.936365735983266e+54 1.15427448366573e+55 1.2765831692935946e+55 1.375387630106941e+55 1.4582720216958017e+55 1.5296735247268744e+55 1.5923854327191108e+55 1.6482982517859885e+55 1.6535675091312714e+55 1.6587889141621648e+55 1.6639559311589103e+55 1.6690714268154013e+55 1.674137950865045e+55 1.6791534903478877e+55 1.6841198763665885e+55 1.6890398381791693e+55 1.698742240909269e+55 1.74469600921076e+55 1.8258892424398772e+55 1.8960274595739438e+55 1.9577658922937417e+55 2.0129092104178406e+55 2.0859420123145967e+55 2.149909355623396e+55 2.2068162502426393e+55 2.2244901537869435e+55 2.2580682972980285e+55 2.304684465004631e+55 2.3474451076434983e+55 2.374101120318189e+55 2.386928987958342e+55 2.4352788033759986e+55 2.48996526281324e+55 2.584536863500524e+55 2.664434260622947e+55 2.7336029855171044e+55 2.794609967278158e+55 2.8491268780670417e+55 2.898457911555978e+55 2.94347998075999e+55 2.9848877849035134e+55 3.0232190473980117e+55 
# SNII_energy_release_list
0 0.0 4.986496025306034e+52 6.671938371668659e+53 1.9573015385169354e+54 3.54669116560738e+54 5.084115076821938e+54 5.7073199635302874e+54 5.944636473093811e+54 6.034838207969766e+54 6.0691199883931584e+54 6.0821385137892005e+54 6.0871126602852664e+54 6.0890451318328816e+54 6.089795622221942e+54 6.0901157040628623e+54 6.090403611497123e+54 6.090403611497123e+54 6.090403611497123e+54 6.090403611497123e+54 6.090403611497123e+54 6.090403611497123e+54 6.090403611497123e+54 6.090403611497123e+54 6.090403611497123e+54 6.090403611497123e+54 6.090403611497123e+54 6.090403611497123e+54 6.090403611497123e+54 6.090403611497123e+54 6.090403611497123e+54 6.090403611497123e+54 6.090403611497123e+54 6.090403611497123e+54 6.090403611497123e+54 6.090403611497123e+54 6.090403611497123e+54 6.090403611497123e+54 6.090403611497123e+54 6.090403611497123e+54 6.090403611497123e+54 6.090403611497123e+54 6.090403611497123e+54 6.090403611497123e+54 6.090403611497123e+54 6.090403611497123e+54 6.090403611497123e+54 6.090403611497123e+54 6.090403611497123e+54 6.090403611497123e+54 6.090403611497123e+54 6.090403611497123e+54 6.090403611497123e+54 6.090403611497123e+54 6.090403611497123e+54 6.090403611497123e+54 6.090403611497123e+54 6.090403611497123e+54 6.090403611497123e+54 
# SN_energy_per_current_crossing_time_list
0.0 0.0 5.583834829597014e+52 5.898961439907786e+53 1.1774692872312446e+54 1.4306395493016719e+54 1.381687448873998e+54 5.83137291196006e+53 2.4203939332026924e+53 1.0880983784389583e+53 5.58709494272456e+52 3.40249317111814e+52 2.4418127169136354e+52 1.9705290337113364e+52 1.7003919544848284e+52 1.5250154836429983e+52 1.2175274681092147e+52 8.21142038512316e+51 5.683357005651566e+51 4.369348640314262e+51 3.560436089400927e+51 3.0103836852336103e+51 2.6122716971132762e+51 2.3099620371680887e+51 2.072742939590939e+51 1.9545613447833146e+51 1.9379705619253327e+51 1.9189285140519577e+51 1.90093318332717e+51 1.8838717112807215e+51 1.8660483497244095e+51 1.8488933907443334e+51 1.832723263587387e+51 1.8091900160292636e+51 1.72357911429488e+51 1.5389671130542157e+51 1.3424278104808767e+51 1.1924006883696827e+51 1.073961691776546e+51 9.591944649190722e+50 8.490416686204996e+50 7.626977116829342e+50 7.129080115879025e+50 6.811742118818387e+50 6.3582895988547375e+50 5.877433094372804e+50 5.522693204815453e+50 5.3273278551132705e+50 5.065768996153939e+50 4.629261439326112e+50 4.0745902243334515e+50 3.494240076911533e+50 3.065323098340324e+50 2.7370578537374555e+50 2.474885745560372e+50 2.262302999459129e+50 2.0859687567262102e+50 1.9364147637285064e+50 1.8079582223339171e+50 
# SN_energy_per_final_crossing_time_list
0.0 0.0 6.271905073746107e+52 7.7646268955926e+53 1.622669104058864e+54 1.9990993306158714e+54 1.936644649099982e+54 8.16823539526464e+53 3.3839626809073125e+53 1.5178513773782907e+53 7.775883467926556e+52 4.72491294271662e+52 3.383646927597344e+52 2.7250558808615684e+52 2.346938797194052e+52 2.1009881006161926e+52 1.6635062489201516e+52 1.1069176251143645e+52 7.576756188674724e+51 5.768894094617825e+51 4.6602779482257606e+51 3.909381208034505e+51 3.3677715288026e+51 2.9579122187558576e+51 2.6372217972299077e+51 2.485333517090667e+51 2.4627631712092195e+51 2.4371101435925705e+51 2.4128092401849653e+51 2.3897109612599755e+51 2.365663236046354e+51 2.3424791810818034e+51 2.3205824263943536e+51 2.2881504091856034e+51 2.1674864807763204e+51 1.9148074451699812e+51 1.6540932663720763e+51 1.4559983132018e+51 1.3004634979548684e+51 1.1482381577202956e+51 1.0057089763445128e+51 8.947030121007146e+50 8.336192745607562e+50 7.918847006446622e+50 7.329098862053619e+50 6.722924528624532e+50 6.2863775093194985e+50 6.0504787126054305e+50 5.701250144397709e+50 5.1587569808890994e+50 4.460628007919218e+50 3.7684946091012904e+50 3.2624588067950254e+50 2.8774965163358913e+50 2.5713814443538157e+50 2.3267808521923303e+50 2.1235413317148898e+50 1.9530684641766036e+50 1.8079582223339171e+50 
# total_energy_release_list
0 0 4.986496025306034e+52 6.671938371668659e+53 1.9573015385169354e+54 3.54669116560738e+54 5.145740226869853e+54 6.467958423941587e+54 7.551312506067975e+54 8.454193494019661e+54 9.222891353577115e+54 9.890497339692504e+54 1.04802084182338e+55 1.1008358569532336e+55 1.1486680086220575e+55 1.1923903741479958e+55 1.3679947970531124e+55 1.6026769347480388e+55 1.7633148448154423e+55 1.8856235304433068e+55 1.9844279912566533e+55 2.067312382845514e+55 2.1387138858765866e+55 2.201425793868823e+55 2.2573386129357007e+55 2.2626078702809836e+55 2.267829275311877e+55 2.2729962923086225e+55 2.2781117879651135e+55 2.2831783120147573e+55 2.2881938514976e+55 2.2931602375163007e+55 2.2980801993288815e+55 2.3077826020589812e+55 2.3537363703604722e+55 2.4349296035895894e+55 2.505067820723656e+55 2.566806253443454e+55 2.621949571567553e+55 2.694982373464309e+55 2.7589497167731085e+55 2.8158566113923515e+55 2.8335305149366557e+55 2.867108658447741e+55 2.913724826154343e+55 2.956485468793211e+55 2.983141481467901e+55 2.9959693491080543e+55 3.044319164525711e+55 3.0990056239629527e+55 3.1935772246502367e+55 3.2734746217726594e+55 3.342643346666817e+55 3.40365032842787e+55 3.458167239216754e+55 3.5074982727056905e+55 3.5525203419097024e+55 3.593928146053226e+55 3.632259408547724e+55 
# binding_energy_list
3.3728730865886787e+53 3.3728730865886787e+53 3.3728730865886787e+53 3.3728730865886787e+53 3.3728730865886787e+53 3.365115693754915e+53 3.365115693754915e+53 3.365115693754915e+53 3.3573761424295727e+53 3.3573761424295727e+53 3.3573761424295727e+53 3.3573761424295727e+53 3.349654391578266e+53 3.349654391578266e+53 3.349654391578266e+53 3.349654391578266e+53 3.3419504002611496e+53 3.3265955329400333e+53 3.311311214825935e+53 3.2960971217745828e+53 3.2885163087598533e+53 3.2809529311311768e+53 3.26587832172338e+53 3.2583670100200737e+53 3.250872973854347e+53 3.250872973854347e+53 3.250872973854347e+53 3.250872973854347e+53 3.250872973854347e+53 3.243396173493513e+53 3.243396173493513e+53 3.243396173493513e+53 3.243396173493513e+53 3.243396173493513e+53 3.235936569296268e+53 3.2210687912834544e+53 3.2062693245054672e+53 3.1915378551007453e+53 3.1841975217261254e+53 3.169567463043474e+53 3.1550046233746437e+53 3.1405086938762164e+53 3.1332857243156016e+53 3.1260793671239364e+53 3.1188895840939355e+53 3.1045595881283368e+53 3.097419299216578e+53 3.097419299216578e+53 3.0831879502493343e+53 3.0690219883911705e+53 3.0478949896279957e+53 3.0338911841942657e+53 3.0130060241861156e+53 2.9991625189876286e+53 2.9853826189179694e+53 2.971666031738019e+53 2.958012466551522e+53 2.9444216337987693e+53 2.9376496519615546e+53 
# total_gas_kinetic_energy_list
3.90366938458508e+57 4.103784889030969e+58 1.7300996713416972e+58 6.595600224733265e+57 2.5067333266981524e+57 9.527979725645413e+56 3.6230758826055003e+56 1.379246768159956e+56 5.266737748341185e+55 2.0280644193306692e+55 7.977079078805871e+54 3.299281661156368e+54 1.5169333167267372e+54 8.341653004695319e+53 5.692439663805088e+53 4.630535742449253e+53 1.6217777053894318e+54 3.665699700645161e+54 5.441912806372674e+54 7.001661417862087e+54 8.403575775595638e+54 9.68302899749098e+54 1.0884390575851118e+55 1.2020347073890142e+55 1.310666470641438e+55 1.3211365305970225e+55 1.3313820599117724e+55 1.3416075169002286e+55 1.3518869016262122e+55 1.3622493059840128e+55 1.3726990987868847e+55 1.3832435204027918e+55 1.3937026339106916e+55 1.4135516778086924e+55 1.512201959102915e+55 1.6984480847579301e+55 1.870340031412968e+55 2.0316382371288555e+55 2.1815452084493552e+55 2.3870926391422927e+55 2.5757246697809275e+55 2.7490312397575473e+55 2.8062606037887544e+55 2.910121170312667e+55 3.0604742412272447e+55 3.1946992106507483e+55 3.279115918004108e+55 3.3174488628120197e+55 3.4721840550652346e+55 3.6370813503334246e+55 3.9249798777539196e+55 4.161689808549078e+55 4.3728417989452986e+55 4.5704914963387475e+55 4.761287632407366e+55 4.926347450081232e+55 5.093829706775961e+55 5.246165708514646e+55 5.387050504790214e+55 
