# time_axis
5.999999999999999 7.0 7.30102999566398 7.477121254719661 7.602059991327962 7.698970004336018 7.778151250383643 7.845098040014256 7.903089986991943 7.954242509439324 8.0 8.041392685158224 8.079181246047623 8.113943352306837 8.146128035678238 8.176091259055681 8.301029995663981 8.47712125471966 8.60205999132796 8.698970004336019 8.778151250383644 8.845098040014257 8.903089986991942 8.954242509439323 8.999999999999998 9.004321373782641 9.008600171761916 9.012837224705171 9.017033339298779 9.021189299069936 9.02530586526477 9.02938377768521 9.033423755486949 9.041392685158224 9.079181246047623 9.146128035678236 9.204119982655923 9.255272505103305 9.301029995663981 9.361727836017593 9.414973347970816 9.462397997898954 9.477121254719663 9.505149978319904 9.544068044350274 9.57978359661681 9.60205999132796 9.612783856719734 9.653212513775342 9.698970004336017 9.778151250383642 9.845098040014257 9.903089986991944 9.954242509439325 10.0 10.041392685158225 10.079181246047623 10.113943352306835 10.146128035678236 
# total_gas_mass_list
8.834045203312508 9.856305601049177 9.481197825624127 9.062382363611402 8.642239318309576 8.222142588512321 7.802256959234968 7.382890374901878 6.964841886150173 6.550318546408384 6.144649656488783 5.759853921708385 5.4191945737347655 5.154036562697082 4.981796915340104 4.887094175007196 5.426282115304183 5.775159860112013 5.945778453312181 6.057784103812102 6.140108884104677 6.204308536450645 6.256784651752304 6.300895308115214 6.339046797075987 6.3425428275687885 6.345935573976988 6.349293695290171 6.352641958258897 6.355989944492208 6.359338376089731 6.362689665676342 6.3659870777113925 6.3721658655701106 6.401607600380364 6.451948623423252 6.493362427647277 6.528646306226709 6.558855425189423 6.596988346963368 6.629139999432654 6.656622154405261 6.665310436826554 6.680622720214041 6.70182928645573 6.719882784946996 6.7308425688164 6.73572583776648 6.754853486477866 6.77428721849061 6.8060818037518 6.830448678851279 6.8510808540203545 6.869542395833968 6.88664658976087 6.900920332328518 6.914937362512746 6.927305186014614 6.93843845788584 
# ejected_gas_mass_list
-10.0 -10.0 3.163849192177895 4.290687832706047 4.758458423776641 5.012711237256606 5.179710874425065 5.297678486505713 5.3880728256361134 5.46333455079836 5.5270989407724445 5.581656797325706 5.6289897523080334 5.670613308389898 5.707666988863361 5.740978624774625 5.869544230169109 6.029203107652773 6.132356738853433 6.208437016394581 6.268204334968133 6.316885873410573 6.3579256598261935 6.393233486853669 6.424332485813818 6.427207238852289 6.430000984372505 6.432770002943146 6.435534622754532 6.438302719622845 6.4410748722283016 6.443853064804351 6.4465901625133615 6.451728487405366 6.476378740352554 6.519136060053491 6.554850949662168 6.585637769473735 6.612243068743211 6.64613244163783 6.674955686907721 6.699763344667754 6.7076374482318775 6.721550313500823 6.740891482305258 6.757421225685841 6.7674839113731 6.771974116556503 6.789600739483481 6.80757065833685 6.837097496164118 6.859828033750127 6.879140188386439 6.896469395384051 6.91256412043737 6.926023641496426 6.939265300886856 6.950968356256824 6.961518357072288 
# stellar_mass_list
-10.0 6.62643689281076 7.68758335025927 7.824837918844619 7.864383967051652 7.8762771092725075 7.878920762472519 7.878395856280983 7.8768525833351735 7.875054623381718 7.8732641651078685 7.871560001332597 7.869958031125416 7.868453452489499 7.8670360009528455 7.865695657153302 7.85985206624907 7.8508326938330955 7.843751008281256 7.837807997082429 7.832623346762275 7.828001005595757 7.823795116070327 7.819927452364293 7.816314038353012 7.815969796499352 7.815633584216239 7.815298660402732 7.814962570310853 7.814624372999874 7.814283917147194 7.813940996239139 7.813601444582941 7.812958338700327 7.809795341511823 7.803927228960671 7.798584650672938 7.793627833487877 7.789053830735498 7.782734303910693 7.776873268113879 7.771435172031037 7.769628400093003 7.7663341320539185 7.76144781193954 7.756911054511686 7.753966695757887 7.752603083977976 7.746936710006275 7.740576925749838 7.728522789947483 7.717903169883745 7.7086084949874865 7.700069269845429 7.691962906382205 7.685042494542097 7.678107298972481 7.671867448072449 7.6661509085657356 
# remnant_mass_list
-10.0 -10.0 4.072333674365829 5.169180515382727 5.518374794453045 5.701293793994239 5.816530086558377 5.897091979199777 5.957918703530963 6.00635324209916 6.046383928844688 6.080410393449386 6.1099436224993795 6.1359960386775425 6.159277938115961 6.180297021107678 6.262379827636793 6.366517485808339 6.4346013634948935 6.484838553148034 6.524515990987343 6.557135114285568 6.58485088065709 6.608869089103713 6.6301615340660005 6.632135844593779 6.634055064371145 6.635958547646848 6.637860223481397 6.6397652353269585 6.641674677098654 6.643589362001156 6.645476741362624 6.649027976353778 6.6660742411131215 6.695975363322881 6.7214435063759 6.7437355250959845 6.763271746590854 6.788781641497527 6.81105196458576 6.8306332996398975 6.836925356714889 6.8481357511857945 6.864177296697902 6.878479888674805 6.8874763770284355 6.891569010515802 6.908104741103219 6.9258048652036805 6.957113384527764 6.982535672549942 7.003323228394107 7.021342140017624 7.037576857410832 7.050815789271063 7.063552369818583 7.074585009080503 7.084356945600497 
# BH_mass_list
-10.0 -10.0 3.652472202777552 4.71414810757907 4.855602325356738 4.899347981582057 4.914883007447465 4.920645184753512 4.922816570287216 4.923631569614443 4.923932503873113 4.924042661710387 4.924082442275128 4.9240954484371 4.924098643819878 4.924099950958044 4.924100830144026 4.924100830144026 4.924100830144026 4.924100830144026 4.924100830144026 4.924100830144026 4.924100830144026 4.924100830144026 4.924100830144026 4.924100830144026 4.924100830144026 4.924100830144026 4.924100830144026 4.924100830144026 4.924100830144026 4.924100830144026 4.924100830144026 4.924100830144026 4.924100830144026 4.924100830144026 4.924100830144026 4.924100830144026 4.924100830144026 4.924100830144026 4.924100830144026 4.924100830144026 4.924100830144026 4.924100830144026 4.924100830144026 4.924100830144026 4.924100830144026 4.924100830144026 4.924100830144026 4.924100830144026 4.924100830144026 4.924100830144026 4.924100830144026 4.924100830144026 4.924100830144026 4.924100830144026 4.924100830144026 4.924100830144026 4.924100830144026 
# NS_mass_list
-10.0 -10.0 3.864507681559291 4.981608727252073 5.411923529399744 5.626178384819463 5.748674391862628 5.789658199360337 5.804298771129421 5.809735317245346 5.811780926517767 5.812552227535241 5.812843828186308 5.8129549103229845 5.812996390363875 5.8130125952038325 5.813024296867848 5.813024296867848 5.813024296867848 5.813024296867848 5.813024296867848 5.813024296867848 5.813024296867848 5.813024296867848 5.813024296867848 5.813024296867848 5.813024296867848 5.813024296867848 5.813024296867848 5.813024296867848 5.813024296867848 5.813024296867848 5.813024296867848 5.813024296867848 5.813024296867848 5.813024296867848 5.813024296867848 5.813024296867848 5.813024296867848 5.813024296867848 5.813024296867848 5.813024296867848 5.813024296867848 5.813024296867848 5.813024296867848 5.813024296867848 5.813024296867848 5.813024296867848 5.813024296867848 5.813024296867848 5.813024296867848 5.813024296867848 5.813024296867848 5.813024296867848 5.813024296867848 5.813024296867848 5.813024296867848 5.813024296867848 5.813024296867848 
# WD_mass_list
-10.0 -10.0 -10.0 -10.0 -10.0 2.7214926962755337 4.100580041615896 4.952391640720791 5.271142678453827 5.455759328983785 5.5803257714529675 5.672085933434653 5.7436856792005555 5.801876651229629 5.850615123873751 5.89236338440357 6.039639414527377 6.201772411318071 6.29799493365082 6.3654232324400395 6.41693855756859 6.458301893129896 6.492825452773288 6.522323809789099 6.548174438230468 6.550557843191194 6.552872596876043 6.555166295047192 6.55745576362862 6.559747205105853 6.56204193540323 6.564340928911123 6.5666051512103785 6.570860141727824 6.591190418095989 6.626495367591274 6.656233895522374 6.682032115011896 6.704475013034131 6.733561960146569 6.758765764394808 6.780789824625512 6.787840904677227 6.80037350620203 6.818242043908302 6.8341114997281665 6.844064667667344 6.848585310591774 6.866805761070535 6.886232759419887 6.920413425161876 6.948007611851817 6.970471572572877 6.9898751980167795 7.007305701022693 7.021484893554486 7.035097568687349 7.046867233482643 7.057275514476091 
