# time_axis
1000000 10000000 20000000 30000000 40000000 50000000 60000000 70000000 80000000 90000000 100000000 110000000 120000000 130000000 140000000 150000000 200000000 300000000 400000000 500000000 600000000 700000000 800000000 900000000 1000000000 1010000000 1020000000 1030000000 1040000000 1050000000 1060000000 1070000000 1080000000 1100000000 1200000000 1400000000 1600000000 1800000000 2000000000 2300000000 2600000000 2900000000 3000000000 3200000000 3500000000 3800000000 4000000000 4100000000 4500000000 5000000000 6000000000 7000000000 8000000000 9000000000 10000000000 11000000000 12000000000 13000000000 14000000000 
# SNIa_energy_release_list
0 0.0 0.0 0.0 0.0 0.0 1.453967573499424e+54 6.586464724548608e+55 1.8195637731098306e+56 3.0950072671834583e+56 4.300524155162508e+56 5.386512538652917e+56 6.355091422369366e+56 7.222360307639796e+56 8.005257528892093e+56 8.718096446353395e+56 1.1555691752255586e+57 1.5299644258874977e+57 1.7840964270434165e+57 1.9767882702491186e+57 2.13205553427235e+57 2.2620961785129774e+57 2.3739821492317824e+57 2.4721631904090346e+57 2.5596386065594824e+57 2.5678798186660644e+57 2.5760419194827096e+57 2.5841229681627852e+57 2.592122343906426e+57 2.600043779759326e+57 2.6078869072448144e+57 2.615652342780751e+57 2.6233436161689046e+57 2.6385102031950614e+57 2.7103282031038546e+57 2.8371542118867625e+57 2.9466515009825166e+57 3.042990688229141e+57 3.1290082922898657e+57 3.242895365380908e+57 3.342615653234857e+57 3.431307284335909e+57 3.458837570913732e+57 3.511168710252377e+57 3.583797158348686e+57 3.650409445575913e+57 3.691930373355829e+57 3.7119104366536044e+57 3.787211047468578e+57 3.8723732757907575e+57 4.0196305914377835e+57 4.144010339558834e+57 4.251680822088103e+57 4.346628873909298e+57 4.4314750075678405e+57 4.508262784723467e+57 4.578327402540716e+57 4.642765125516469e+57 4.7024140155997944e+57 
# SNII_energy_release_list
0 0.0 2.1748308916028026e+54 9.862269629732485e+55 2.7665251062442617e+56 4.674797402222689e+56 6.3485886783575935e+56 7.3537409749858154e+56 7.792645774361014e+56 7.961846914956797e+56 8.022920855742367e+56 8.044139931995116e+56 8.051513456558386e+56 8.054164727724312e+56 8.05524511127137e+56 8.055825077571132e+56 8.05648384566445e+56 8.05648384566445e+56 8.05648384566445e+56 8.05648384566445e+56 8.05648384566445e+56 8.05648384566445e+56 8.05648384566445e+56 8.05648384566445e+56 8.05648384566445e+56 8.05648384566445e+56 8.05648384566445e+56 8.05648384566445e+56 8.05648384566445e+56 8.05648384566445e+56 8.05648384566445e+56 8.05648384566445e+56 8.05648384566445e+56 8.05648384566445e+56 8.05648384566445e+56 8.05648384566445e+56 8.05648384566445e+56 8.05648384566445e+56 8.05648384566445e+56 8.05648384566445e+56 8.05648384566445e+56 8.05648384566445e+56 8.05648384566445e+56 8.05648384566445e+56 8.05648384566445e+56 8.05648384566445e+56 8.05648384566445e+56 8.05648384566445e+56 8.05648384566445e+56 8.05648384566445e+56 8.05648384566445e+56 8.05648384566445e+56 8.05648384566445e+56 8.05648384566445e+56 8.05648384566445e+56 8.05648384566445e+56 8.05648384566445e+56 8.05648384566445e+56 8.05648384566445e+56 
# SN_energy_per_current_crossing_time_list
0.0 0.0 7.284255546581345e+54 2.4100490798201774e+56 4.182954940306336e+56 4.469760924480986e+56 3.967101601133434e+56 2.4719314848545137e+56 1.1730186686011847e+56 5.334101513751047e+55 2.636706437517855e+55 1.5494336208862024e+55 1.1009984808704326e+55 8.921429081076125e+54 7.766996142404929e+54 7.007511282807246e+54 5.620497686418678e+54 3.80317111208119e+54 2.640438100657271e+54 2.0381650947829106e+54 1.6669339530797948e+54 1.4140009748129325e+54 1.2303193426430812e+54 1.0904804448169665e+54 9.804300599543821e+53 9.244799545536841e+53 9.163744979138558e+53 9.080253799628023e+53 8.995892672772358e+53 8.915600373138288e+53 8.834774885743455e+53 8.754537468743023e+53 8.678143113626584e+53 8.56983742236086e+53 8.178035393041096e+53 7.3204683132043955e+53 6.395943103842223e+53 5.687623583115494e+53 5.127065389097015e+53 4.5822850511999264e+53 4.0568790600617655e+53 3.643912557276899e+53 3.404112484794003e+53 3.253748910615918e+53 3.0349956704613025e+53 2.8035184930330816e+53 2.6329387468830755e+53 2.5390497584321844e+53 2.41160580837386e+53 2.2005223551187073e+53 1.9304711449982313e+53 1.6499470763787164e+53 1.44325800153051e+53 1.2850913203521012e+53 1.1587971931300202e+53 1.0571610980143153e+53 9.723204222127638e+52 9.007491216970997e+52 8.39462794789459e+52 
# SN_energy_per_final_crossing_time_list
0.0 0.0 8.161938373746224e+54 3.6195988237996907e+56 6.681293606954444e+56 7.161568717935837e+56 6.28362945217563e+56 3.8628909645488753e+56 1.810549509656789e+56 8.14494455209477e+55 3.988620631793896e+55 2.3246873099390987e+55 1.6398415064013832e+55 1.3200420905874783e+55 1.1423485045287018e+55 1.0249724443425624e+55 8.036369665058515e+54 5.269014780283623e+54 3.5765017528031036e+54 2.7118297256599175e+54 2.1851385870578538e+54 1.8301142317645518e+54 1.5746162174372247e+54 1.3817412378814805e+54 1.2310766757678664e+54 1.1598188898030312e+54 1.1486852401315446e+54 1.1372784473154252e+54 1.1257842868401386e+54 1.1148154928837737e+54 1.1037948417246309e+54 1.0928609415278584e+54 1.0824238045148295e+54 1.0672273628738106e+54 1.0107235664469414e+54 8.924366877251354e+53 7.704996706374684e+53 6.779100437645861e+53 6.052801502679661e+53 5.342595116960905e+53 4.678012249243931e+53 4.160643191321434e+53 3.874447836278163e+53 3.682385742833076e+53 3.4070977646568353e+53 3.124871601408738e+53 2.921703490851921e+53 2.8118745801624267e+53 2.649339372274409e+53 2.3970445082200797e+53 2.0724113654680625e+53 1.7504461663418135e+53 1.515289958523658e+53 1.3362420797819903e+53 1.1940737269139589e+53 1.0806652383083987e+53 9.860475158306662e+52 9.06857964054759e+52 8.39462794789459e+52 
# total_energy_release_list
0 0 2.1748308916028026e+54 9.862269629732485e+55 2.7665251062442617e+56 4.674797402222689e+56 6.363128354092588e+56 8.012387447440676e+56 9.612209547470844e+56 1.1056854182140256e+57 1.2323445010904874e+57 1.3430652470648033e+57 1.4406604878927752e+57 1.5276525035364108e+57 1.6060502640163464e+57 1.6773921523924527e+57 1.9612175597920034e+57 2.3356128104539427e+57 2.5897448116098614e+57 2.7824366548155636e+57 2.937703918838795e+57 3.0677445630794224e+57 3.179630533798227e+57 3.27781157497548e+57 3.365286991125928e+57 3.3735282032325094e+57 3.3816903040491546e+57 3.3897713527292305e+57 3.397770728472871e+57 3.405692164325771e+57 3.413535291811259e+57 3.421300727347196e+57 3.4289920007353496e+57 3.444158587761507e+57 3.5159765876702996e+57 3.6428025964532075e+57 3.752299885548962e+57 3.848639072795586e+57 3.934656676856311e+57 4.0485437499473534e+57 4.1482640378013025e+57 4.2369556689023544e+57 4.2644859554801776e+57 4.3168170948188226e+57 4.3894455429151315e+57 4.456057830142358e+57 4.497578757922274e+57 4.517558821220049e+57 4.592859432035023e+57 4.678021660357203e+57 4.825278976004228e+57 4.9496587241252795e+57 5.0573292066545486e+57 5.152277258475742e+57 5.237123392134286e+57 5.3139111692899124e+57 5.3839757871071615e+57 5.448413510082914e+57 5.508062400166239e+57 
# binding_energy_list
8.933054837332963e+54 8.933054837332963e+54 8.933054837332963e+54 8.933054837332963e+54 8.892011178579445e+54 8.871560120379617e+54 8.85115609830841e+54 8.810488730080146e+54 8.790225168308896e+54 8.770008211436303e+54 8.749837752274363e+54 8.729713683881166e+54 8.709635899560761e+54 8.68960429286302e+54 8.68960429286302e+54 8.669618757582214e+54 8.609937521846052e+54 8.51138038202376e+54 8.452788451602891e+54 8.394599865193965e+54 8.336811846196331e+54 8.298507675144166e+54 8.260379495771817e+54 8.222426499470695e+54 8.20351544329821e+54 8.20351544329821e+54 8.20351544329821e+54 8.184647881347836e+54 8.184647881347836e+54 8.184647881347836e+54 8.184647881347836e+54 8.184647881347836e+54 8.184647881347836e+54 8.165823713585906e+54 8.147042840208421e+54 8.090958991783846e+54 8.053784411990643e+54 8.016780633876855e+54 7.979946872679785e+54 7.94328234724279e+54 7.90678627999831e+54 7.870457896951001e+54 7.852356346100775e+54 7.834296427662088e+54 7.816278045883308e+54 7.798301105232642e+54 7.780365510398008e+54 7.762471166286928e+54 7.744617978025239e+54 7.709034690644309e+54 7.673614893618154e+54 7.638357835776954e+54 7.603262769401822e+54 7.568328950209705e+54 7.533555637337217e+54 7.516228940182015e+54 7.481695005111584e+54 7.464487584100623e+54 7.447319739059888e+54 
# total_gas_kinetic_energy_list
3.555417159551863e+57 1.5228565333728597e+59 1.5273289858147365e+59 7.505164224003407e+58 3.0470114041646274e+58 1.1300413872488628e+58 3.974869414424455e+57 1.3511307208667732e+57 4.484752986865452e+56 1.4705361010053137e+56 4.775055856971782e+55 1.6227147787299766e+55 5.461243161407242e+54 8.470739133798792e+54 3.145239160105322e+54 8.206969493724836e+54 5.838102179214221e+55 1.3279746234133207e+56 1.8853794532138882e+56 2.3268753159724566e+56 2.693428551645454e+56 3.0067207888208426e+56 3.286984064524212e+56 3.540191364742671e+56 3.771942207491039e+56 3.7941837362248253e+56 3.8157966578572175e+56 3.837128847377575e+56 3.8584092587334258e+56 3.879737609919817e+56 3.9011213528344155e+56 3.9226231094020537e+56 3.94423071228227e+56 3.985110199285212e+56 4.182441753199175e+56 4.540583220442841e+56 4.854540220286929e+56 5.138076061181569e+56 5.395543152930806e+56 5.726753403470879e+56 6.021245755605234e+56 6.2827084920891e+56 6.367310588949065e+56 6.5179042043317675e+56 6.7311123455355045e+56 6.916752029811867e+56 7.0313120041463325e+56 7.0825054825253405e+56 7.286230067114287e+56 7.497373251953862e+56 7.85082550905531e+56 8.131171253057001e+56 8.380864752732975e+56 8.615512001452017e+56 8.837049005196907e+56 9.033435059942677e+56 9.22892964054012e+56 9.409477491386415e+56 9.579437638558124e+56 
