# time_axis
5.999999999999999 7.0 7.30102999566398 7.477121254719661 7.602059991327962 7.698970004336018 7.778151250383643 7.845098040014256 7.903089986991943 7.954242509439324 8.0 8.041392685158224 8.079181246047623 8.113943352306837 8.146128035678238 8.176091259055681 8.301029995663981 8.47712125471966 8.60205999132796 8.698970004336019 8.778151250383644 8.845098040014257 8.903089986991942 8.954242509439323 8.999999999999998 9.004321373782641 9.008600171761916 9.012837224705171 9.017033339298779 9.021189299069936 9.02530586526477 9.02938377768521 9.033423755486949 9.041392685158224 9.079181246047623 9.146128035678236 9.204119982655923 9.255272505103305 9.301029995663981 9.361727836017593 9.414973347970816 9.462397997898954 9.477121254719663 9.505149978319904 9.544068044350274 9.57978359661681 9.60205999132796 9.612783856719734 9.653212513775342 9.698970004336017 9.778151250383642 9.845098040014257 9.903089986991944 9.954242509439325 10.0 10.041392685158225 10.079181246047623 10.113943352306835 10.146128035678236 
# total_gas_mass_list
8.7873673767305 10.425685706148396 10.427111458696961 10.118583807585821 9.72733616009733 9.297206370422021 8.84498049323275 8.380204833833197 7.912172277210729 7.456464572267848 7.043894115210192 6.720517202575852 6.514363185644339 6.402389339367986 6.341280817181705 6.301633528653175 7.016416880542939 7.3544865412100275 7.502012719805399 7.5936102903015845 7.658566145521919 7.707823124459096 7.7473817772695375 7.780050737347188 7.807791606231857 7.810355177642979 7.812832010020854 7.815260788667004 7.817667825698803 7.820065833219104 7.822456697262153 7.8248452631018255 7.827226183223807 7.831702865651683 7.852648847240833 7.888024794012811 7.916593983734342 7.940626956233977 7.9611868213709425 7.9863108023978135 8.00733972137691 8.025185700847878 8.030829129897473 8.040564857015049 8.054021935947924 8.065382427240134 8.072242646858706 8.075276704061665 8.087101322508794 8.099002929539822 8.11813008216231 8.132661029352136 8.14520903469001 8.156650903894231 8.167035676171237 8.176212805064225 8.185174378106208 8.1932392536516 8.200691487988676 
# ejected_gas_mass_list
-10.0 -10.0 4.586412375451146 6.247797534936787 6.762780129077942 7.0238471947350964 7.174152104057424 7.2735552904276295 7.346947914266876 7.404711469727448 7.451764084875224 7.490898059079715 7.524050594861726 7.552620127962907 7.577628606953695 7.599780095440706 7.682708362810547 7.781014188435658 7.8422772946344415 7.886526975546023 7.9208290476187635 7.948446536792434 7.9716157572671404 7.991403968007112 8.008664424677058 8.010280444772082 8.011845132855326 8.013382652882822 8.014909520289988 8.016433734729283 8.017956459367161 8.019480757484066 8.021003192958167 8.023873863912412 8.037445780185445 8.060885194477907 8.08027919207214 8.096907704362398 8.111355973992314 8.129284587584285 8.144516754994704 8.157601287435048 8.161768703662682 8.168991236167141 8.17904282800434 8.187589333736469 8.19277696786461 8.195077649398703 8.20408096511387 8.213201537411978 8.22798036633583 8.239305787338388 8.24915239064863 8.258183965888463 8.266424208761215 8.273739843130402 8.280913718493533 8.287394873374929 8.293404590149066 
# stellar_mass_list
-10.0 7.167578618442107 8.813576298260177 9.060041777155824 9.106226646728091 9.103915138395603 9.090647808638275 9.076910530877123 9.06508028076944 9.05523416087372 9.046970009848966 9.03989410140219 9.033711651156473 9.028218699694197 9.023270893503462 9.018765992187419 9.00068383144393 8.976522265926238 8.959815681968236 8.946953359831976 8.936450375004402 8.927554722008047 8.919817888216741 8.912958233979058 8.906777330018935 8.906187638531632 8.905617142915855 8.90505608446381 8.904497250335055 8.903937426189833 8.903375622424711 8.902811040663973 8.902248568328698 8.901176608331346 8.896051313004934 8.886865519669904 8.878855595590515 8.871664115952488 8.865239916269205 8.856677931575321 8.849020862572042 8.842140773377327 8.839906847576033 8.835870850537917 8.83002173784943 8.824736111131568 8.821353912120188 8.819810626391536 8.813494477040193 8.806615648832299 8.794095083119355 8.783453831016429 8.77415088666174 8.76560424792351 8.757501741791115 8.750573168178487 8.743640969995736 8.737393905120793 8.731678217492371 
# remnant_mass_list
-10.0 -10.0 5.7889608741385 7.440901797719425 7.812106297037032 7.974283139025101 8.058935195444354 8.108927907062405 8.141804972199367 8.165511489788829 8.183842613209967 8.19874708137461 8.211285092916528 8.222103605194711 8.231608296858289 8.240072483075684 8.272209440799553 8.311319659579128 8.336096331447122 8.354043064728314 8.368025464369358 8.37942379768607 8.389022648614075 8.397298807115769 8.404574831836117 8.405260369150076 8.405921701983713 8.406570574637083 8.407215639799627 8.407860654418773 8.408506795158948 8.409155105074946 8.409799711088528 8.411023280300443 8.41680753895529 8.426906317899217 8.43544033595434 8.442897231320469 8.44939709583941 8.457832786996612 8.465167368349055 8.471593966723534 8.473649871327428 8.477319687753441 8.482554015169994 8.487192758676306 8.490119472082029 8.491441916065606 8.496794005113191 8.502489527386532 8.512539295799527 8.520760830067806 8.527718707107358 8.533934153989955 8.539677827366676 8.5444653937378 8.549160466133403 8.553301738346343 8.557018216974985 
# BH_mass_list
-10.0 -10.0 5.555046332252618 7.203239257504029 7.500065376866942 7.594652128225506 7.62787446991297 7.639594320210386 7.643657036525093 7.645015119184785 7.645442938713621 7.6455756496297 7.645595416528422 7.645603113056485 7.645607900841027 7.645611600455826 7.645614814445886 7.645614814445886 7.645614814445886 7.645614814445886 7.645614814445886 7.645614814445886 7.645614814445886 7.645614814445886 7.645614814445886 7.645614814445886 7.645614814445886 7.645614814445886 7.645614814445886 7.645614814445886 7.645614814445886 7.645614814445886 7.645614814445886 7.645614814445886 7.645614814445886 7.645614814445886 7.645614814445886 7.645614814445886 7.645614814445886 7.645614814445886 7.645614814445886 7.645614814445886 7.645614814445886 7.645614814445886 7.645614814445886 7.645614814445886 7.645614814445886 7.645614814445886 7.645614814445886 7.645614814445886 7.645614814445886 7.645614814445886 7.645614814445886 7.645614814445886 7.645614814445886 7.645614814445886 7.645614814445886 7.645614814445886 7.645614814445886 
# NS_mass_list
-10.0 -10.0 5.408513392521199 7.065652575587403 7.521814948394681 7.739737516448788 7.855811057787024 7.909744928310718 7.930916874320679 7.938726030391813 7.941482771261999 7.942423412487369 7.942734945254854 7.942836055136707 7.942871580462029 7.942887567082325 7.942904609842015 7.942904609842015 7.942904609842015 7.942904609842015 7.942904609842015 7.942904609842015 7.942904609842015 7.942904609842015 7.942904609842015 7.942904609842015 7.942904609842015 7.942904609842015 7.942904609842015 7.942904609842015 7.942904609842015 7.942904609842015 7.942904609842015 7.942904609842015 7.942904609842015 7.942904609842015 7.942904609842015 7.942904609842015 7.942904609842015 7.942904609842015 7.942904609842015 7.942904609842015 7.942904609842015 7.942904609842015 7.942904609842015 7.942904609842015 7.942904609842015 7.942904609842015 7.942904609842015 7.942904609842015 7.942904609842015 7.942904609842015 7.942904609842015 7.942904609842015 7.942904609842015 7.942904609842015 7.942904609842015 7.942904609842015 7.942904609842015 
# WD_mass_list
-10.0 -10.0 -10.0 -10.0 -10.0 3.7785860829349427 5.52673928433168 6.563620972391813 6.968432905725522 7.187244313290152 7.324383741804805 7.418854682710714 7.488514340268101 7.542565380941911 7.586152587521626 7.622342892802305 7.742395386127358 7.8626960983609635 7.929000145927118 7.97343064914116 8.00629086294293 8.03207379727857 8.053150209730031 8.070889892761528 8.086175439669189 8.087601244910205 8.08897441126389 8.090319523455609 8.091654610240852 8.092987476368295 8.094320557870077 8.095656000404102 8.096981723340866 8.099492467607071 8.111262443631675 8.131434404467594 8.148127096756236 8.162462751296927 8.174777368378974 8.190519738194535 8.203997094986354 8.21565251561235 8.21935183471845 8.225920694738164 8.235215154518894 8.243380444534944 8.24849838472624 8.250802515834257 8.260075019692275 8.269852022524775 8.286884739920037 8.30062006419852 8.31211067528537 8.322275490786348 8.331587832613033 8.339292304131552 8.346798271037034 8.353378995963105 8.359253529250706 
