# time_axis
1000000 10000000 20000000 30000000 40000000 50000000 60000000 70000000 80000000 90000000 100000000 110000000 120000000 130000000 140000000 150000000 200000000 300000000 400000000 500000000 600000000 700000000 800000000 900000000 1000000000 1010000000 1020000000 1030000000 1040000000 1050000000 1060000000 1070000000 1080000000 1100000000 1200000000 1400000000 1600000000 1800000000 2000000000 2300000000 2600000000 2900000000 3000000000 3200000000 3500000000 3800000000 4000000000 4100000000 4500000000 5000000000 6000000000 7000000000 8000000000 9000000000 10000000000 11000000000 12000000000 13000000000 14000000000 
# SNIa_energy_release_list
0 0.0 0.0 0.0 0.0 0.0 1.8863343998640313e+53 1.026764663365482e+55 2.967198742547073e+55 5.20426745115181e+55 7.342390913412412e+55 9.264336227765934e+55 1.0970992381263077e+56 1.2494375081244648e+56 1.386714295080698e+56 1.5115874073463964e+56 2.0080612880356224e+56 2.6622677309672684e+56 3.1059513735123685e+56 3.442209662391981e+56 3.7130785797473297e+56 3.9398957533862e+56 4.135017500247807e+56 4.306220009824268e+56 4.458741354480041e+56 4.4731103538918315e+56 4.487340070887079e+56 4.501429106658246e+56 4.5153762720307276e+56 4.529186908110494e+56 4.542861242264445e+56 4.556400219627783e+56 4.569809354769902e+56 4.596250775984078e+56 4.721455558724029e+56 4.942544396632231e+56 5.133412314418795e+56 5.301333952121357e+56 5.451257456934191e+56 5.649748632608396e+56 5.823541920418638e+56 5.978109575436171e+56 6.026083991949145e+56 6.117284274597093e+56 6.243853063292512e+56 6.3599345305726396e+56 6.432289465955516e+56 6.467107462586395e+56 6.598325878385501e+56 6.746727265900245e+56 7.003331271425623e+56 7.22006027965427e+56 7.407674857473923e+56 7.573115369222623e+56 7.720956530657714e+56 7.854755633682408e+56 7.976837376164255e+56 8.089114774420588e+56 8.193047604067521e+56 
# SNII_energy_release_list
0 0.0 3.6137272364324335e+53 3.9484707187362997e+55 9.619171691132254e+55 1.433747840949645e+56 1.7907048595111815e+56 2.0017008993263612e+56 2.0978185338349793e+56 2.1334601496519556e+56 2.1450045584935817e+56 2.1484019251879275e+56 2.1493607752415376e+56 2.149610123667423e+56 2.1496977487008445e+56 2.1497255526076755e+56 2.149737707314806e+56 2.149737707314806e+56 2.149737707314806e+56 2.149737707314806e+56 2.149737707314806e+56 2.149737707314806e+56 2.149737707314806e+56 2.149737707314806e+56 2.149737707314806e+56 2.149737707314806e+56 2.149737707314806e+56 2.149737707314806e+56 2.149737707314806e+56 2.149737707314806e+56 2.149737707314806e+56 2.149737707314806e+56 2.149737707314806e+56 2.149737707314806e+56 2.149737707314806e+56 2.149737707314806e+56 2.149737707314806e+56 2.149737707314806e+56 2.149737707314806e+56 2.149737707314806e+56 2.149737707314806e+56 2.149737707314806e+56 2.149737707314806e+56 2.149737707314806e+56 2.149737707314806e+56 2.149737707314806e+56 2.149737707314806e+56 2.149737707314806e+56 2.149737707314806e+56 2.149737707314806e+56 2.149737707314806e+56 2.149737707314806e+56 2.149737707314806e+56 2.149737707314806e+56 2.149737707314806e+56 2.149737707314806e+56 2.149737707314806e+56 2.149737707314806e+56 2.149737707314806e+56 
# SN_energy_per_current_crossing_time_list
0.0 0.0 5.805232419963006e+53 4.984956366937774e+55 7.061455165837772e+55 5.915595167050388e+55 4.535966630373938e+55 2.7650734822278086e+55 1.3471141535827343e+55 5.796715613108221e+54 2.5988021202017526e+54 1.4199664652591634e+54 9.922251884608955e+53 8.088240339527805e+53 7.142622840619483e+53 6.460000875946693e+53 5.217559670970245e+53 3.5335069326167007e+53 2.444451387762474e+53 1.8816410921556516e+53 1.5354758586685733e+53 1.3000788030260317e+53 1.1293101132772545e+53 9.994884571763847e+52 8.974640631771826e+52 8.461441072832985e+52 8.385481440054322e+52 8.308570568892898e+52 8.230936931134611e+52 8.156150784276372e+52 8.081393279778738e+52 8.007166094024316e+52 7.936127684952528e+52 7.835458969169326e+52 7.469606670170357e+52 6.674103689833179e+52 5.821773174435083e+52 5.16992460438597e+52 4.6544428931944317e+52 4.1537443283965416e+52 3.6720553355675703e+52 3.294261073969894e+52 3.075878348739218e+52 2.938354946747564e+52 2.737776375940924e+52 2.526644129879874e+52 2.3714244022124398e+52 2.286295256812158e+52 2.1691676667207922e+52 1.9770039700328788e+52 1.7309462391287744e+52 1.4768620308198726e+52 1.2899550912412114e+52 1.1470062423213004e+52 1.033006635963148e+52 9.414755247151623e+51 8.646600570712556e+51 8.002756888080044e+51 7.450366080374232e+51 
# SN_energy_per_final_crossing_time_list
0.0 0.0 6.9079464541352384e+53 7.478757579097462e+55 1.0840026408134886e+56 9.019443923726768e+55 6.824888710262089e+55 4.105619293605572e+55 1.9764691160715953e+55 8.416827541265755e+54 3.7395134785299356e+54 2.0271711134848205e+54 1.4066991354606212e+54 1.1396933368843285e+54 1.000811148324996e+54 9.004607919080963e+53 7.12253679007586e+53 4.689641866326486e+53 3.1805210846893715e+53 2.41044851585771e+53 1.9417085062992773e+53 1.62592607424049e+53 1.3987192009488692e+53 1.2272555019972921e+53 1.0933406283815098e+53 1.0300335917937494e+53 1.0200492105800698e+53 1.0099645566398622e+53 9.997946573909799e+52 9.900076323008712e+52 9.802369058782662e+52 9.705339309382085e+52 9.612262647844965e+52 9.477191586152439e+52 8.97523400060625e+52 7.924314118533598e+52 6.841129339687373e+52 6.0186837881259e+52 5.373590802361875e+52 4.7429092024160213e+52 4.152757830535923e+52 3.693364961381515e+52 3.4390189002668177e+52 3.268820326883546e+52 3.0243373318896643e+52 2.773744764838024e+52 2.5933612995793606e+52 2.495908385892409e+52 2.3515794708736068e+52 2.1276138975072705e+52 1.8394512930601344e+52 1.5536096313601624e+52 1.3449044844826407e+52 1.1859509466253496e+52 1.0597909998033622e+52 9.591312986917706e+51 8.751360626950477e+51 8.048541759166582e+51 7.450366080374232e+51 
# total_energy_release_list
0 0 3.6137272364324335e+53 3.9484707187362997e+55 9.619171691132254e+55 1.433747840949645e+56 1.7925911939110455e+56 2.1043773656629096e+56 2.3945384080896865e+56 2.6538868947671366e+56 2.879243649834823e+56 3.074835547964521e+56 3.2464600133678456e+56 3.399047631791888e+56 3.5364120437815423e+56 3.661312959954072e+56 4.1577989953504285e+56 4.812005438282074e+56 5.255689080827174e+56 5.591947369706787e+56 5.8628162870621354e+56 6.0896334607010055e+56 6.284755207562614e+56 6.455957717139075e+56 6.6084790617948475e+56 6.622848061206638e+56 6.637077778201884e+56 6.651166813973053e+56 6.665113979345534e+56 6.6789246154253e+56 6.6925989495792505e+56 6.70613792694259e+56 6.719547062084707e+56 6.745988483298885e+56 6.871193266038835e+56 7.092282103947037e+56 7.283150021733601e+56 7.451071659436164e+56 7.600995164248997e+56 7.799486339923203e+56 7.973279627733444e+56 8.127847282750977e+56 8.175821699263952e+56 8.267021981911898e+56 8.393590770607318e+56 8.509672237887445e+56 8.582027173270323e+56 8.616845169901201e+56 8.748063585700307e+56 8.896464973215051e+56 9.15306897874043e+56 9.369797986969075e+56 9.55741256478873e+56 9.722853076537429e+56 9.87069423797252e+56 1.0004493340997215e+57 1.0126575083479061e+57 1.0238852481735394e+57 1.0342785311382328e+57 
# binding_energy_list
3.357376142429573e+54 3.357376142429573e+54 3.357376142429573e+54 3.3419504002611496e+54 3.3189445755261096e+54 3.303695410368136e+54 3.288516308759853e+54 3.273406948788386e+54 3.26587832172338e+54 3.258367010020074e+54 3.250872973854347e+54 3.243396173493513e+54 3.235936569296268e+54 3.235936569296268e+54 3.228494121712638e+54 3.221068791283454e+54 3.2062693245054675e+54 3.1695674630434736e+54 3.147748314101298e+54 3.1332857243156014e+54 3.118889584093935e+54 3.1045595881283365e+54 3.090295432513605e+54 3.076096814740705e+54 3.0690219883911704e+54 3.0690219883911704e+54 3.0690219883911704e+54 3.0690219883911704e+54 3.0690219883911704e+54 3.061963433690657e+54 3.061963433690657e+54 3.061963433690657e+54 3.061963433690657e+54 3.061963433690657e+54 3.054921113215509e+54 3.0338911841942658e+54 3.0199517204019945e+54 3.0130060241861157e+54 2.9991625189876288e+54 2.9853826189179692e+54 2.971666031738019e+54 2.9648313895243513e+54 2.9580124665515223e+54 2.951209226666378e+54 2.9444216337987694e+54 2.9376496519615545e+54 2.9308932452503125e+54 2.9308932452503125e+54 2.9174270140011897e+54 2.9107171180665963e+54 2.897343587701345e+54 2.8840315031266116e+54 2.8707805820246804e+54 2.8641779699065856e+54 2.851018267503898e+54 2.84446110744792e+54 2.8379190284415756e+54 2.831391995799367e+54 2.8248799749157104e+54 
# total_gas_kinetic_energy_list
2.5310022890716868e+57 9.768205499926598e+58 1.0384480912007698e+59 5.743667460937298e+58 2.4739963580409262e+58 9.341298844567104e+57 3.2558449393394285e+57 1.0774793444341078e+57 3.45315714431463e+56 1.0956465395321005e+56 3.5867490609349583e+55 1.321663007103575e+55 6.250605542111915e+54 4.0131462844461385e+54 3.2047704156259736e+54 2.8345924322134765e+54 1.096923210745736e+55 2.2836427480952644e+55 3.1609984336654106e+55 3.8523910999386894e+55 4.425730518134167e+55 4.916551338612006e+55 5.353651612329827e+55 5.750051945122696e+55 6.112596414773316e+55 6.147983818850724e+55 6.18142930512014e+55 6.215294755254493e+55 6.249434991155236e+55 6.282785562941041e+55 6.316034032817433e+55 6.350055868898224e+55 6.384382252872496e+55 6.448432187368741e+55 6.759176533174161e+55 7.324355520193156e+55 7.820389721715322e+55 8.272735194859777e+55 8.67764306557142e+55 9.213642393096126e+55 9.678572185449557e+55 1.0099527491096593e+56 1.0233926592853667e+56 1.047855024491088e+56 1.0814943635081208e+56 1.1113383178892893e+56 1.1293643313420253e+56 1.137562357498885e+56 1.169906244495817e+56 1.2033382588816223e+56 1.259504679236486e+56 1.3036190492607363e+56 1.3431900980692636e+56 1.3803036739870504e+56 1.4152847057340697e+56 1.4480122825496976e+56 1.476784443287874e+56 1.506192746666143e+56 1.5325684001709215e+56 
