# time_axis
5.999999999999999 7.0 7.30102999566398 7.477121254719661 7.602059991327962 7.698970004336018 7.778151250383643 7.845098040014256 7.903089986991943 7.954242509439324 8.0 8.041392685158224 8.079181246047623 8.113943352306837 8.146128035678238 8.176091259055681 8.301029995663981 8.47712125471966 8.60205999132796 8.698970004336019 8.778151250383644 8.845098040014257 8.903089986991942 8.954242509439323 8.999999999999998 9.004321373782641 9.008600171761916 9.012837224705171 9.017033339298779 9.021189299069936 9.02530586526477 9.02938377768521 9.033423755486949 9.041392685158224 9.079181246047623 9.146128035678236 9.204119982655923 9.255272505103305 9.301029995663981 9.361727836017593 9.414973347970816 9.462397997898954 9.477121254719663 9.505149978319904 9.544068044350274 9.57978359661681 9.60205999132796 9.612783856719734 9.653212513775342 9.698970004336017 9.778151250383642 9.845098040014257 9.903089986991944 9.954242509439325 10.0 10.041392685158225 10.079181246047623 10.113943352306835 10.146128035678236 
# total_gas_mass_list
8.641763503465937 10.232872704510676 10.259531418522158 10.002360921964014 9.636598129796635 9.213642925980414 8.75597347495524 8.275892358316069 7.782032986523017 7.283935479746649 6.799183698698295 6.364642012435143 6.036271397349867 5.839495071576592 5.738123522227519 5.681913477812656 6.265992609949601 6.579751132947428 6.7195337127543375 6.807011938288755 6.869424860317101 6.917144610219514 6.9553656098151775 6.987143491111934 7.014176990150672 7.0167091725374995 7.019105340408117 7.021495585281509 7.023893959393389 7.026228432431441 7.0285502544586675 7.030903198352603 7.033258806935317 7.037654434888328 7.058221617083226 7.093074751145576 7.121283935929622 7.14525314561119 7.165549541750277 7.190924966806863 7.21174219702105 7.2296822324694725 7.235238514218604 7.245135579593089 7.258457314150192 7.269859979441484 7.276624953436698 7.279647156477812 7.291400818231328 7.30320378103817 7.322240582646324 7.336567999667179 7.348971490851165 7.360377247123088 7.370757779001964 7.3801535901069855 7.388501899257321 7.39674128354815 7.403972647764563 
# ejected_gas_mass_list
-10.0 -10.0 4.01452644950628 6.043628862197464 6.435034486696746 6.610668228106829 6.709532615827432 6.773361715037428 6.819000110086197 6.854598049790195 6.884041065694384 6.909070118478487 6.930778170874674 6.949775322958495 6.966626682001102 6.981709088456301 7.039482992245594 7.110807427092673 7.1568275534552415 7.19086442181785 7.217748237491237 7.239796894450818 7.258399169672795 7.274505592628116 7.2886644549048105 7.29001217650881 7.291290890324872 7.292569720702214 7.293856189147545 7.295111544166771 7.296363189460089 7.29763475778311 7.298910936975649 7.3013007998614565 7.31262939340456 7.332374843354554 7.348856635055693 7.3632090430785775 7.375609446055008 7.391428101803608 7.404663454485802 7.416253760262855 7.419877696991241 7.426372615108993 7.435194939137224 7.442818627550369 7.447372860642345 7.4494149102301375 7.4574003107100975 7.465488587006053 7.478678762317174 7.48872218489285 7.497496469837682 7.505629300059735 7.513084090346712 7.519874790692017 7.5259424446479635 7.531962037890297 7.537270433475296 
# stellar_mass_list
-10.0 6.5448534904578795 8.145251878914326 8.327398982405771 8.3284712923082 8.31202816189788 8.294766064990123 8.279927857223116 8.267355207614543 8.256774027765282 8.247831888509197 8.240182170470959 8.233567248666157 8.227842032796284 8.222626836893134 8.217814421399575 8.198998412431875 8.174537319239558 8.157835104849962 8.145089369077136 8.134669720157957 8.125858132414042 8.118200598783503 8.111428340224116 8.10528286737873 8.104687004868714 8.10411945870078 8.103560012786058 8.102992352444701 8.10244276169139 8.101891340503315 8.101336622760451 8.100780352797411 8.099696221033069 8.094598757176499 8.085411132776716 8.077408392981273 8.070177117129658 8.06367868758749 8.054992983776 8.047265510294693 8.040298238523091 8.038053054475888 8.033968998499708 8.02807312322866 8.022757034465311 8.019359620624304 8.01780725078779 8.011464273431159 8.004572488949643 7.992033421531558 7.981401098414183 7.9720948397759885 7.963557718277149 7.9554648576654845 7.948506354315563 7.941615840009624 7.935353209700093 7.9296278683809875 
# remnant_mass_list
-10.0 -10.0 5.013162459513473 7.113831516614962 7.445106357580642 7.563064399936725 7.6164223154705395 7.644943258789586 7.66288431782903 7.675699825014927 7.685644447648685 7.693767689461433 7.700629407902916 7.706563131791427 7.711785817427001 7.716444432318776 7.734223038277004 7.756157776549051 7.770296523826001 7.780694583482971 7.788903154256839 7.7956771043962805 7.801437180457016 7.806450302761575 7.8108912548474825 7.811313391454007 7.811723635726645 7.812124437797222 7.812521461809716 7.8129168184532505 7.813313434464954 7.813711131710862 7.8141070639952765 7.814867529113766 7.818453991611669 7.8247756872770236 7.8301835849480215 7.8349604135288695 7.839169923810334 7.844683818212001 7.849491020689176 7.853723305818124 7.855077001000126 7.8575056427679435 7.860972640825103 7.864046601398413 7.865997738173218 7.8668772780448535 7.870445774371626 7.874252775232991 7.881003989761014 7.886555015333385 7.891282371706806 7.895527867295925 7.8994650865735885 7.902761382210268 7.905996175720154 7.908875128265538 7.911450909833925 
# BH_mass_list
-10.0 -10.0 4.78846396566797 6.975224800594119 7.2658942597901035 7.3414224932873955 7.361932333255216 7.366794900989805 7.367773021039308 7.367936871389142 7.367959370908438 7.367961441175805 7.367961551845596 7.367961554997525 7.367961554997525 7.367961554997525 7.367961554997525 7.367961554997525 7.367961554997525 7.367961554997525 7.367961554997525 7.367961554997525 7.367961554997525 7.367961554997525 7.367961554997525 7.367961554997525 7.367961554997525 7.367961554997525 7.367961554997525 7.367961554997525 7.367961554997525 7.367961554997525 7.367961554997525 7.367961554997525 7.367961554997525 7.367961554997525 7.367961554997525 7.367961554997525 7.367961554997525 7.367961554997525 7.367961554997525 7.367961554997525 7.367961554997525 7.367961554997525 7.367961554997525 7.367961554997525 7.367961554997525 7.367961554997525 7.367961554997525 7.367961554997525 7.367961554997525 7.367961554997525 7.367961554997525 7.367961554997525 7.367961554997525 7.367961554997525 7.367961554997525 7.367961554997525 7.367961554997525 
# NS_mass_list
-10.0 -10.0 4.619462309654541 6.550369761533565 6.974160296535193 7.164782959271998 7.261959635089489 7.307581505030103 7.326053090813055 7.3325304389751595 7.3345641856735435 7.3351463103933705 7.335303673118254 7.33534161872359 7.335353109250197 7.335356150344311 7.335357376072571 7.335357376072571 7.335357376072571 7.335357376072571 7.335357376072571 7.335357376072571 7.335357376072571 7.335357376072571 7.335357376072571 7.335357376072571 7.335357376072571 7.335357376072571 7.335357376072571 7.335357376072571 7.335357376072571 7.335357376072571 7.335357376072571 7.335357376072571 7.335357376072571 7.335357376072571 7.335357376072571 7.335357376072571 7.335357376072571 7.335357376072571 7.335357376072571 7.335357376072571 7.335357376072571 7.335357376072571 7.335357376072571 7.335357376072571 7.335357376072571 7.335357376072571 7.335357376072571 7.335357376072571 7.335357376072571 7.335357376072571 7.335357376072571 7.335357376072571 7.335357376072571 7.335357376072571 7.335357376072571 7.335357376072571 7.335357376072571 
# WD_mass_list
-10.0 -10.0 -10.0 -10.0 -10.0 3.0181335601516777 4.73877610246844 5.76144670337956 6.177481622305015 6.4075078899552045 6.550380663567065 6.6471533311878215 6.717386161262946 6.771231585535209 6.814258869989415 6.849750814219734 6.966161781957526 7.081334354859331 7.144483273977128 7.1868123260476375 7.218180000490803 7.242871766446701 7.263100247785993 7.280176328134052 7.294919134935998 7.296302524011512 7.297644014551536 7.298951858442318 7.3002446880976075 7.301529445034363 7.302815657382494 7.304102737333885 7.305381493545238 7.30783033214498 7.319253170175774 7.338902041659331 7.355247994990385 7.369353671590038 7.381539017254506 7.397170848439322 7.410509889570389 7.422041641108749 7.425689636632658 7.432186641003513 7.441357578098443 7.449389676194642 7.454440852615896 7.456706118249902 7.465823605500684 7.475424260515969 7.49214302591705 7.5056097481031765 7.516888930910058 7.526876117164099 7.536022101064961 7.54359611017407 7.550957239914337 7.55745050355721 7.563214675267656 
