# time_axis
5.999999999999999 7.0 7.30102999566398 7.477121254719661 7.602059991327962 7.698970004336018 7.778151250383643 7.845098040014256 7.903089986991943 7.954242509439324 8.0 8.041392685158224 8.079181246047623 8.113943352306837 8.146128035678238 8.176091259055681 8.204119982655925 8.230448921378272 8.255272505103306 8.278753600952827 8.301029995663981 8.47712125471966 8.60205999132796 8.698970004336019 8.778151250383644 8.845098040014257 8.903089986991942 8.954242509439323 8.999999999999998 9.004321373782641 9.008600171761916 9.012837224705171 9.017033339298779 9.021189299069936 9.02530586526477 9.02938377768521 9.033423755486949 9.041392685158224 9.079181246047623 9.146128035678236 9.204119982655923 9.255272505103305 9.301029995663981 9.361727836017593 9.414973347970816 9.462397997898954 9.477121254719663 9.505149978319904 9.544068044350274 9.57978359661681 9.60205999132796 9.612783856719734 9.653212513775342 9.698970004336017 9.778151250383642 9.845098040014257 9.903089986991944 9.954242509439325 10.0 10.041392685158225 10.079181246047623 10.113943352306835 10.146128035678236 
# total_gas_mass_list
8.453229649315682 10.122549998781524 10.472203579944766 10.600587535273796 10.654285986318255 10.677231676079236 10.686698140643545 10.568686001267007 10.449082199971738 10.3283977102152 10.203272565330606 10.077137006379854 9.950735805701136 9.824334017985061 9.698043586780182 9.571914408795715 9.446084498606197 9.32401219184633 9.202066073489618 9.07735792857722 8.95227642808904 9.067461272552404 9.138055313765642 9.157467622512893 9.171400746994403 9.180148880017525 9.186277628450963 9.190882539164303 9.194473685442501 9.194790375767687 9.195100639359362 9.195404208187274 9.195701287658702 9.195992046278684 9.196276665886058 9.196555295500577 9.196828836329477 9.19736051707324 9.199733298276467 9.203420799201137 9.206167236419255 9.208310963158755 9.210033911287123 9.212091125546667 9.213766843187685 9.215172234707238 9.215595181797866 9.216376102880453 9.217425579908593 9.218335800122457 9.218881113757957 9.219133641418702 9.220057948501449 9.221026291267895 9.222550540790953 9.223703437413207 9.224630622059323 9.22540314075228 9.22606365842736 9.226628992297153 9.22713194744351 9.227577217776075 9.227975157959722 
# ejected_gas_mass_list
-10.0 -10.0 -10.0 -10.0 -10.0 -10.0 -10.0 -10.0 -10.0 7.9006412831394845 7.166097054739236 -10.0 -10.0 -10.0 -10.0 -10.0 -10.0 -10.0 -10.0 -10.0 -10.0 8.041003799553904 8.499781860327746 8.578510729670077 8.629143124527806 8.658900244664531 8.678928169963338 8.69356795525349 8.704755599797542 8.705732887650589 8.706688904064833 8.707622918549733 8.708535656338887 8.709427723408405 8.71029976131515 8.71115230601511 8.711988185985524 8.713609795904103 8.720797604178433 8.731812835714198 8.739898255992578 8.746141143750767 8.75111638091019 8.757008569575426 8.761770013007135 8.765737466159031 8.766926892226778 8.76911752801281 8.772050372991714 8.774583806671616 8.776097068876474 8.776796700461869 8.779351386228704 8.782017546019741 8.786193325903827 8.789334936876466 8.791851105340706 8.793940544318213 8.79572204619938 8.79724318387923 8.798593673177203 8.799787078166766 8.800851893764893 
# stellar_mass_list
-10.0 6.573389256768452 8.244482333136352 8.628433979689579 8.794458856173977 8.88272549887162 8.93667313657291 8.973771561710857 8.927730765076664 8.876348179086294 8.986392269580293 9.059947012384598 9.108793119090047 9.14211388320899 9.165304034998902 9.181650359097777 9.193252771736516 9.190498127799906 9.187368913319679 9.190813846769512 9.193505287515846 9.00967733477944 8.75795474888195 8.664627322890947 8.60708859283196 8.565755128549908 8.533762376411387 8.50782532328361 8.486128057058695 8.484142935674408 8.48218637593199 8.4802594875962 8.478362437218562 8.476494231901697 8.474654563511772 8.472842518248 8.471052012809876 8.46753940785313 8.451334517937337 8.424192500438968 8.402125797006113 8.38355889986978 8.367641031848022 8.34747149616254 8.33050731924091 8.315940668379701 8.311483266990326 8.30320627385394 8.29187729866852 8.281844546439748 8.275624187626105 8.272728314198375 8.261726376784527 8.249780994785848 8.22964366017933 8.213327165868742 8.199507818739841 8.187388921976742 8.176515752659016 8.167011420506466 8.158143320672464 8.150122382010535 8.142827409971986 
# remnant_mass_list
-10.0 -10.0 5.050747722041532 6.724750788034773 7.160717621055383 7.407058768974246 7.586255029055261 7.728275315339077 7.844935209822858 7.918838735929596 7.92698150702883 7.969206497845877 7.995191206640837 8.013316795679627 8.026886999906448 8.037533458134636 8.04617392004876 8.059008567275152 8.066454905033064 8.070745882049373 8.076749800983276 8.10754597405261 8.148682011964135 8.210571695103278 8.243673151956424 8.160784448811922 8.17612022637304 8.189992545061427 8.200844734451913 8.201805624177076 8.202747888385556 8.203670782154658 8.204574369790954 8.205459198728276 8.20632562754083 8.207174629667318 8.208010239385796 8.209638805253395 8.216947653567448 8.228488110683417 8.237259782208005 8.244255737081103 8.249978689061628 8.25687787882625 8.262401429227495 8.266946437215582 8.26830627972084 8.270776312853364 8.274080668667835 8.276907221420073 8.278631210857103 8.279414588838094 8.282369301876116 8.28545212205526 8.290446363801511 8.294285221175402 8.297415680354439 8.300090006662849 8.302442193321848 8.304422817251988 8.306259012731783 8.307877949940476 8.309313901145156 
# BH_mass_list
-10.0 -10.0 -10.0 -10.0 -10.0 -10.0 -10.0 -10.0 -10.0 -10.0 -10.0 -10.0 -10.0 -10.0 -10.0 -10.0 -10.0 -10.0 -10.0 -10.0 -10.0 -10.0 -10.0 -10.0 -10.0 -10.0 -10.0 -10.0 -10.0 -10.0 -10.0 -10.0 -10.0 -10.0 -10.0 -10.0 -10.0 -10.0 -10.0 -10.0 -10.0 -10.0 -10.0 -10.0 -10.0 -10.0 -10.0 -10.0 -10.0 -10.0 -10.0 -10.0 -10.0 -10.0 -10.0 -10.0 -10.0 -10.0 -10.0 -10.0 -10.0 -10.0 -10.0 
# NS_mass_list
-10.0 -10.0 5.050747722041532 6.734007237924948 7.299517511664858 7.632683199220567 7.8571223724439045 8.019436291486688 8.142903862414249 8.228939135415915 8.262417677294247 8.274189143927579 8.277828979248897 8.277828979248897 8.277828979248897 8.277828979248897 8.277828979248897 8.281199534464314 8.285448350828915 8.28741511983209 8.288270086082925 8.288536825441515 8.306841032318491 8.345330476632185 8.366153717687796 8.379195405285852 8.388331381795929 8.395183281565455 8.400565281505633 8.401042254816195 8.40150960912308 8.401967635179338 8.40241652637399 8.40285680653181 8.403288754947377 8.40371230113543 8.404128007487733 8.404936743681752 8.408578903449232 8.4143481519844 8.41875853520121 8.422273914519051 8.425162798562805 8.426467838725031 8.426467838725031 8.426467838725031 8.426467838725031 8.426467838725031 8.426467838725031 8.426467838725031 8.426467838725031 8.426467838725031 8.426467838725031 8.426467838725031 8.426467838725031 8.426467838725031 8.426467838725031 8.426467838725031 8.426467838725031 8.426467838725031 8.426467838725031 8.426467838725031 8.426467838725031 
# WD_mass_list
-10.0 -10.0 -10.0 -10.0 -10.0 2.8922922266426756 4.656686348809056 5.709995315340944 6.243917439060784 6.5860401063640674 6.829957432205395 7.015499163197728 7.162108033899423 7.272762349112702 7.342669449182907 7.391865110744699 7.428840589063968 7.457916153521503 7.4815434842539155 7.501233290245087 7.518106908323882 7.619289482268245 7.662569303151857 7.68810886307852 7.705423782221265 7.718128622026519 7.727953752623543 7.735847783055783 7.742351102399133 7.742942962151669 7.743527885482879 7.74410223372662 7.744665142501875 7.745215644584488 7.745753349552288 7.7462812409999415 7.746808290660009 7.747848421463843 7.752561709258883 7.760260472329936 7.76627429435088 7.771249893637676 7.77537199979872 7.790028908375916 7.8060176070823575 7.818892382674302 7.822697070532654 7.829553763970453 7.83861988751575 7.846281068072381 7.850912393656208 7.853006671824763 7.860849525125426 7.868939718743559 7.881852186426473 7.89162059103316 7.8994892114342345 7.906144194797735 7.911947684819911 7.916798997916261 7.92126814517172 7.925186196255249 7.9286441524244236 
