# time_axis
5.999999999999999 7.0 7.30102999566398 7.477121254719661 7.602059991327962 7.698970004336018 7.778151250383643 7.845098040014256 7.903089986991943 7.954242509439324 8.0 8.041392685158224 8.079181246047623 8.113943352306837 8.146128035678238 8.176091259055681 8.301029995663981 8.47712125471966 8.60205999132796 8.698970004336019 8.778151250383644 8.845098040014257 8.903089986991942 8.954242509439323 8.999999999999998 9.004321373782641 9.008600171761916 9.012837224705171 9.017033339298779 9.021189299069936 9.02530586526477 9.02938377768521 9.033423755486949 9.041392685158224 9.079181246047623 9.146128035678236 9.204119982655923 9.255272505103305 9.301029995663981 9.361727836017593 9.414973347970816 9.462397997898954 9.477121254719663 9.505149978319904 9.544068044350274 9.57978359661681 9.60205999132796 9.612783856719734 9.653212513775342 9.698970004336017 9.778151250383642 9.845098040014257 9.903089986991944 9.954242509439325 10.0 10.041392685158225 10.079181246047623 10.113943352306835 10.146128035678236 
# total_gas_mass_list
8.40231034070977 10.059728783226301 10.386485074874503 10.009454263632659 9.665374710369605 9.301947136136267 8.917101288818055 8.516038174232595 8.103750904405212 7.684815700238719 7.265243942213185 6.855410694273431 6.475071079393202 6.155931452781235 5.926343222613721 nan nan nan nan nan nan nan nan nan nan nan nan nan nan nan nan nan nan nan nan nan nan nan nan nan nan nan nan nan nan nan nan nan nan nan nan nan nan nan nan nan nan nan nan 
# ejected_gas_mass_list
-10.0 -10.0 3.7661922834617108 5.865100429052373 6.440659117338717 6.639969905137144 6.748056091809515 6.819170158118185 6.871856911651689 6.913189421614269 6.947378876628799 6.976290329828403 7.001104658029827 7.022732664666297 7.041776360977952 nan nan nan nan nan nan nan nan nan nan nan nan nan nan nan nan nan nan nan nan nan nan nan nan nan nan nan nan nan nan nan nan nan nan nan nan nan nan nan nan nan nan nan nan 
# stellar_mass_list
-10.0 6.3054003277017125 7.970889180083692 8.383134803378214 8.319664304727066 8.291934993173795 8.270706506921176 8.252341482053017 8.236527758259916 8.222797561716888 8.210930218263679 8.200558692631827 8.191405069557787 8.183245137900128 8.17589620586461 8.169197288013333 8.1424339123369 8.106311908088616 8.080824389916758 8.060802477719276 8.04409005658798 8.029646862885368 8.016912888312547 8.005392857000032 7.994894545084022 7.993879099434365 7.99289281348622 7.991927269777599 7.9909732434932605 7.990018538686491 7.989062588366372 7.988099563950176 7.987137579293308 7.985280305913688 7.976433531150767 7.960433440851234 7.946334125997569 7.93351019277614 7.921925322392486 7.906301266319593 7.892140908148225 7.879243269858833 7.875026747153921 7.867320897425595 7.8560740024452675 7.84581174010895 7.839148590956025 7.836121348265857 7.823555139865044 7.8096685904869405 7.783792563579871 7.761415675786683 7.742093845197147 7.724604093622587 7.708248638578471 7.694355916541311 7.6806353531821605 7.668358120905987 7.657177831545006 
# remnant_mass_list
-10.0 -10.0 4.748941450211383 6.924438565668716 7.466089546794978 7.596439032518205 7.65536209931333 7.68791745675772 7.708285436378651 7.722595660946004 7.733533832743132 7.742382291866824 7.749818135278627 7.7562315310971615 7.761869762074637 nan nan nan nan nan nan nan nan nan nan nan nan nan nan nan nan nan nan nan nan nan nan nan nan nan nan nan nan nan nan nan nan nan nan nan nan nan nan nan nan nan nan nan nan 
# BH_mass_list
-10.0 -10.0 4.499777531490789 6.774963742589677 7.29702863568051 7.3756152343509385 7.398593925789725 7.405528123909172 7.407431846006742 7.4078961851344465 7.407994231662638 7.40801153459463 7.4080132867343815 7.408013376273364 7.408013376273364 7.408013376273364 7.408013376273364 7.408013376273364 7.408013376273364 7.408013376273364 7.408013376273364 7.408013376273364 7.408013376273364 7.408013376273364 7.408013376273364 7.408013376273364 7.408013376273364 7.408013376273364 7.408013376273364 7.408013376273364 7.408013376273364 7.408013376273364 7.408013376273364 7.408013376273364 7.408013376273364 7.408013376273364 7.408013376273364 7.408013376273364 7.408013376273364 7.408013376273364 7.408013376273364 7.408013376273364 7.408013376273364 7.408013376273364 7.408013376273364 7.408013376273364 7.408013376273364 7.408013376273364 7.408013376273364 7.408013376273364 7.408013376273364 7.408013376273364 7.408013376273364 7.408013376273364 7.408013376273364 7.408013376273364 7.408013376273364 7.408013376273364 7.408013376273364 
# NS_mass_list
-10.0 -10.0 4.389000354296703 6.388626362978034 6.974556678405736 7.196936344524559 7.304129361805627 7.3584210616021375 7.380122982400767 7.388782972053105 7.392070928874588 7.393245841118426 7.393642826543821 7.393766904327429 7.393802872880734 7.393813984458282 7.393816064181177 7.393816064181177 7.393816064181177 7.393816064181177 7.393816064181177 7.393816064181177 7.393816064181177 7.393816064181177 7.393816064181177 7.393816064181177 7.393816064181177 7.393816064181177 7.393816064181177 7.393816064181177 7.393816064181177 7.393816064181177 7.393816064181177 7.393816064181177 7.393816064181177 7.393816064181177 7.393816064181177 7.393816064181177 7.393816064181177 7.393816064181177 7.393816064181177 7.393816064181177 7.393816064181177 7.393816064181177 7.393816064181177 7.393816064181177 7.393816064181177 7.393816064181177 7.393816064181177 7.393816064181177 7.393816064181177 7.393816064181177 7.393816064181177 7.393816064181177 7.393816064181177 7.393816064181177 7.393816064181177 7.393816064181177 7.393816064181177 
# WD_mass_list
-10.0 -10.0 -10.0 -10.0 -10.0 2.8751818922947563 4.6270773172820086 5.678880945664646 6.186541519734472 6.437307819290514 6.590173072910063 6.693602703801993 6.768644994258549 6.826026687170344 6.871727373511053 nan nan nan nan nan nan nan nan nan nan nan nan nan nan nan nan nan nan nan nan nan nan nan nan nan nan nan nan nan nan nan nan nan nan nan nan nan nan nan nan nan nan nan nan 
