# time_axis
1000000 10000000 20000000 30000000 40000000 50000000 60000000 70000000 80000000 90000000 100000000 110000000 120000000 130000000 140000000 150000000 200000000 300000000 400000000 500000000 600000000 700000000 800000000 900000000 1000000000 1010000000 1020000000 1030000000 1040000000 1050000000 1060000000 1070000000 1080000000 1100000000 1200000000 1400000000 1600000000 1800000000 2000000000 2300000000 2600000000 2900000000 3000000000 3200000000 3500000000 3800000000 4000000000 4100000000 4500000000 5000000000 6000000000 7000000000 8000000000 9000000000 10000000000 11000000000 12000000000 13000000000 14000000000 
# SNIa_energy_release_list
0 0.0 0.0 0.0 0.0 0.0 3.534173241293977e+53 1.634531230054715e+54 3.680985128582022e+54 6.28938947998695e+54 9.31035917005238e+54 1.263104988288072e+55 1.616459746698858e+55 1.984328417095002e+55 2.3613880037689367e+55 2.7434339653715225e+55 4.6336170378801317e+55 7.09368006453309e+55 8.588198358574072e+55 9.673769332922487e+55 1.0528284747682327e+56 1.1233506035180985e+56 1.183406500061497e+56 1.2357146666579483e+56 1.2820512255357703e+56 1.2864066878023832e+56 1.2907164664675371e+56 1.2949810960352399e+56 1.2992014247038323e+56 1.3033787695799978e+56 1.3075133377168968e+56 1.3116059433570436e+56 1.3156578641533067e+56 1.3236426818207015e+56 1.3613719116489263e+56 1.4277238773485616e+56 1.4847588678266642e+56 1.5347721242672856e+56 1.5793093109962728e+56 1.6381332820109176e+56 1.6895218771683153e+56 1.7351461152989426e+56 1.7492876686251133e+56 1.7761800326437098e+56 1.8134355979079394e+56 1.8475759724893383e+56 1.8688442032641808e+56 1.879075486940395e+56 1.9176038922424843e+56 1.9611564293437233e+56 2.0363717348483624e+56 2.099825069334119e+56 2.154721768880655e+56 2.2030916432872897e+56 2.2463130211306413e+56 2.285396022757634e+56 2.3210532286310495e+56 2.353835521651457e+56 2.3841762591945352e+56 
# SNII_energy_release_list
0 0.0 2.8597319124988773e+53 1.619168268757158e+54 4.458856180843203e+54 8.719755454349847e+54 1.3688180375820457e+55 1.8331962731352984e+55 2.2553166638155794e+55 2.6390249236174257e+55 2.987816784974618e+55 3.304869851131317e+55 3.5930725486042376e+55 3.8550504384011827e+55 4.0931901342246497e+55 4.309661045971527e+55 4.8055265884875706e+55 4.8055265884875706e+55 4.8055265884875706e+55 4.8055265884875706e+55 4.8055265884875706e+55 4.8055265884875706e+55 4.8055265884875706e+55 4.8055265884875706e+55 4.8055265884875706e+55 4.8055265884875706e+55 4.8055265884875706e+55 4.8055265884875706e+55 4.8055265884875706e+55 4.8055265884875706e+55 4.8055265884875706e+55 4.8055265884875706e+55 4.8055265884875706e+55 4.8055265884875706e+55 4.8055265884875706e+55 4.8055265884875706e+55 4.8055265884875706e+55 4.8055265884875706e+55 4.8055265884875706e+55 4.8055265884875706e+55 4.8055265884875706e+55 4.8055265884875706e+55 4.8055265884875706e+55 4.8055265884875706e+55 4.8055265884875706e+55 4.8055265884875706e+55 4.8055265884875706e+55 4.8055265884875706e+55 4.8055265884875706e+55 4.8055265884875706e+55 4.8055265884875706e+55 4.8055265884875706e+55 4.8055265884875706e+55 4.8055265884875706e+55 4.8055265884875706e+55 4.8055265884875706e+55 4.8055265884875706e+55 4.8055265884875706e+55 4.8055265884875706e+55 
# SN_energy_per_current_crossing_time_list
0.0 0.0 1.4925227258861823e+54 5.2940940790564785e+54 9.606022024068589e+54 1.2909810548959592e+55 1.3907463962463184e+55 1.2290448325980296e+55 1.0698501249143385e+55 9.39383859723753e+54 8.303370073030322e+54 7.378224331633747e+54 6.584162139349215e+54 5.896280041633403e+54 5.2959020972273627e+54 4.768662996295213e+54 2.367232811281778e+54 1.9566157750226713e+53 1.2030664063597016e+53 8.82875022506271e+52 7.013062566319706e+52 5.835514830215267e+52 5.007045532448475e+52 4.391682597422267e+52 3.9158640561637936e+52 3.6830903393492307e+52 3.6467426382158395e+52 3.6107855654758856e+52 3.5754890914574956e+52 3.541254886944568e+52 3.5071459117140505e+52 3.4736784336872064e+52 3.4412440019853556e+52 3.394785155083571e+52 3.226940407008425e+52 2.86852893628987e+52 2.4902736100033863e+52 2.2037933056682282e+52 1.9792801662868864e+52 1.7632799838282671e+52 1.5568888088513894e+52 1.3958945136092115e+52 1.3021236800505434e+52 1.2455272650190947e+52 1.1602803806430023e+52 1.07146996664659e+52 1.0062888560716262e+52 9.703328559386012e+51 9.21882509755327e+51 8.42019296308852e+51 7.402035494425508e+51 6.339177340726863e+51 5.557917845447403e+51 4.9581056762022465e+51 4.4827267624359345e+51 4.0952278221353026e+51 3.7746435320713605e+51 3.503027800534493e+51 3.2699521077035236e+51 
# SN_energy_per_final_crossing_time_list
0.0 0.0 8.218817033449549e+53 3.8315781853667536e+54 8.161210944119482e+54 1.2245746314139144e+55 1.4317251350442503e+55 1.3484216434568022e+55 1.2352217719249427e+55 1.1308823950683551e+55 1.0349797012836747e+55 9.469932090574713e+54 8.663718292161457e+54 7.925664401202349e+54 7.250464528060945e+54 6.633081681713693e+54 3.2576432972603554e+54 2.6513159964110874e+53 1.6107068058784486e+53 1.169966646523464e+53 9.209481073397827e+52 7.600473891511302e+52 6.472482918494916e+52 5.63747665557973e+52 4.993890743464434e+52 4.694069482824043e+52 4.6448342957539977e+52 4.596175166699544e+52 4.548430177569127e+52 4.5021046911030644e+52 4.4560023547560367e+52 4.410777562673303e+52 4.366929752177368e+52 4.302791144093804e+52 4.0662417788515786e+52 3.5755187193742387e+52 3.0734534231728114e+52 2.6950721464652916e+52 2.399982324240855e+52 2.1132376641550588e+52 1.8461234922000184e+52 1.6390402883888698e+52 1.524096177275108e+52 1.4491530121653612e+52 1.3383976354835958e+52 1.226485124844991e+52 1.1460844673037256e+52 1.1026695568638896e+52 1.0380930913853431e+52 9.387689425006901e+51 8.106277786334565e+51 6.838639454559004e+51 5.916454012803496e+51 5.2130299252206436e+51 4.658154251393912e+51 4.212143602775372e+51 3.8429308231234704e+51 3.5330890689535035e+51 3.2699521077035236e+51 
# total_energy_release_list
0 0 2.8597319124988773e+53 1.619168268757158e+54 4.458856180843203e+54 8.719755454349847e+54 1.4041597699949853e+55 1.99664939614077e+55 2.6234151766737815e+55 3.267963871616121e+55 3.918852701979856e+55 4.567974839419389e+55 5.209532295303096e+55 5.839378855496185e+55 6.454578137993587e+55 7.05309501134305e+55 9.439143626367703e+55 1.1899206653020661e+56 1.3393724947061641e+56 1.4479295921410058e+56 1.5333811336169899e+56 1.6039032623668554e+56 1.663959158910254e+56 1.7162673255067052e+56 1.7626038843845273e+56 1.7669593466511401e+56 1.7712691253162943e+56 1.7755337548839968e+56 1.7797540835525895e+56 1.7839314284287547e+56 1.788065996565654e+56 1.7921586022058008e+56 1.7962105230020636e+56 1.8041953406694587e+56 1.8419245704976832e+56 1.9082765361973187e+56 1.965311526675421e+56 2.0153247831160426e+56 2.0598619698450298e+56 2.1186859408596746e+56 2.1700745360170723e+56 2.2156987741476998e+56 2.2298403274738703e+56 2.256732691492467e+56 2.2939882567566965e+56 2.3281286313380954e+56 2.349396862112938e+56 2.359628145789152e+56 2.3981565510912415e+56 2.4417090881924804e+56 2.5169243936971193e+56 2.580377728182876e+56 2.6352744277294117e+56 2.6836443021360467e+56 2.7268656799793982e+56 2.765948681606391e+56 2.8016058874798064e+56 2.8343881805002137e+56 2.864728918043292e+56 
# binding_energy_list
8.550667128846876e+54 8.550667128846876e+54 8.550667128846876e+54 8.550667128846876e+54 8.550667128846876e+54 8.550667128846876e+54 8.550667128846876e+54 8.550667128846876e+54 8.531001140175843e+54 8.531001140175843e+54 8.531001140175843e+54 8.531001140175843e+54 8.51138038202376e+54 8.51138038202376e+54 8.51138038202376e+54 8.51138038202376e+54 8.472274141405911e+54 8.433347577642791e+54 8.413951416451895e+54 8.375292821268861e+54 8.336811846196331e+54 8.317637711026743e+54 8.298507675144166e+54 8.279421637123327e+54 8.241381150129963e+54 8.241381150129963e+54 8.241381150129963e+54 8.241381150129963e+54 8.241381150129963e+54 8.241381150129963e+54 8.241381150129963e+54 8.241381150129963e+54 8.222426499470695e+54 8.222426499470695e+54 8.20351544329821e+54 8.165823713585906e+54 8.128305161640929e+54 8.109610578538388e+54 8.072350302488317e+54 8.035261221856194e+54 7.99834255007026e+54 7.96159350417325e+54 7.94328234724279e+54 7.925013304804734e+54 7.90678627999831e+54 7.870457896951001e+54 7.852356346100775e+54 7.852356346100775e+54 7.816278045883308e+54 7.780365510398008e+54 7.72680585095699e+54 7.691304402866145e+54 7.638357835776954e+54 7.603262769401822e+54 7.568328950209705e+54 7.533555637337217e+54 7.498942093324558e+54 7.464487584100623e+54 7.447319739059888e+54 
# total_gas_kinetic_energy_list
1.5237098334911527e+59 4.277398818684274e+59 4.273721705180417e+59 3.8848145187462886e+59 3.5312998349251476e+59 3.2099569605489765e+59 2.917858180719065e+59 2.6523422421757933e+59 2.4109900314941105e+59 2.19160253145526e+59 1.9921807715477118e+59 1.8109076773303911e+59 1.6461315439340912e+59 1.496350991106551e+59 1.3602012810344754e+59 1.2364418798545228e+59 1.2365391803667814e+59 1.2367131759723805e+59 1.2368621233168683e+59 1.2369921670685912e+59 1.2371079146187056e+59 1.2372128269260925e+59 1.2373102131158255e+59 1.2374020258713148e+59 1.2374891987448377e+59 1.2374976804030092e+59 1.237506101376437e+59 1.2375144755787714e+59 1.2375228145319526e+59 1.2375311275053847e+59 1.2375394231803395e+59 1.2375477030274773e+59 1.2375559530640238e+59 1.23757226014032e+59 1.2376517024892635e+59 1.2378011734845144e+59 1.23793885233002e+59 1.2380674752987697e+59 1.2381879113483948e+59 1.2383530427918816e+59 1.2385032726143479e+59 1.2386416418211464e+59 1.2386863116769925e+59 1.2387705019259852e+59 1.2388907853681709e+59 1.2389968820848512e+59 1.2390657573485695e+59 1.2390960310414207e+59 1.2392185921758413e+59 1.2393498872473902e+59 1.239578718758972e+59 1.2397665590616494e+59 1.239934257480866e+59 1.2400912170551742e+59 1.2402412009200764e+59 1.2403725990569722e+59 1.2405043321545246e+59 1.2406257197594469e+59 1.2407366165510109e+59 
