# time_axis
5.999999999999999 7.0 7.30102999566398 7.477121254719661 7.602059991327962 7.698970004336018 7.778151250383643 7.845098040014256 7.903089986991943 7.954242509439324 8.0 8.041392685158224 8.079181246047623 8.113943352306837 8.146128035678238 8.176091259055681 8.301029995663981 8.47712125471966 8.60205999132796 8.698970004336019 8.778151250383644 8.845098040014257 8.903089986991942 8.954242509439323 8.999999999999998 9.004321373782641 9.008600171761916 9.012837224705171 9.017033339298779 9.021189299069936 9.02530586526477 9.02938377768521 9.033423755486949 9.041392685158224 9.079181246047623 9.146128035678236 9.204119982655923 9.255272505103305 9.301029995663981 9.361727836017593 9.414973347970816 9.462397997898954 9.477121254719663 9.505149978319904 9.544068044350274 9.57978359661681 9.60205999132796 9.612783856719734 9.653212513775342 9.698970004336017 9.778151250383642 9.845098040014257 9.903089986991944 9.954242509439325 10.0 10.041392685158225 10.079181246047623 10.113943352306835 10.146128035678236 
# total_gas_mass_list
10.425925345093205 10.874302790059442 10.873929290579946 10.832493372971745 10.79105776209865 10.749622485858145 10.708187568509084 10.666753060522582 10.62531901249837 10.583885473130422 10.542452482188569 10.501020077761916 10.459588300730921 10.418157195651293 10.376726811105318 10.335297199703307 10.335329954879631 10.335386746258466 10.335434819508087 10.335477669635473 10.335516809663204 10.335552838762169 10.335586339302147 10.335617725601235 10.33564734089859 10.33565021326822 10.335653063648115 10.335655896789431 10.33565871653695 10.335661526071009 10.33566432832757 10.335667123855501 10.335669907836499 10.335675407033394 10.335702129387505 10.33575208203182 10.335797651335929 10.33583985351875 10.335879080854607 10.335932615469318 10.335981120863254 10.336025630143721 10.33603996677359 10.336066943352273 10.336105392460713 10.336139226674552 10.336161140130411 10.336170768762269 10.33620964636199 10.33625115257251 10.336323064411763 10.336381712172663 10.336434077802318 10.336483053738014 10.336529850868656 10.336570836542293 10.336611911582489 10.336649790278315 10.336684375423973 
# ejected_gas_mass_list
-10.0 -10.0 3.762817405243456 4.567601328192709 5.037229142750353 5.337842199459501 5.554783673591437 5.724864755506587 5.864357171556508 5.981999209170596 6.082920033688653 6.170649296622021 6.247786181861973 6.3162807507935055 6.377619731121745 6.4329529938844034 6.637713122462328 6.855682017610351 6.980863254356643 7.0683728812966145 7.135335733653394 7.189006846925321 7.233586245114281 7.271572320864841 7.304605841525722 7.307680134190082 7.310709548432332 7.313699864901882 7.316655759063725 7.3195810911626324 7.322479367470316 7.3253515584065525 7.32819314996417 7.333752145361839 7.3597971102614475 7.404657714124513 7.441899919130484 7.473758546566116 7.50141448422942 7.536526189334116 7.566063329584675 7.591508531567599 7.599397512001076 7.613864864243667 7.633687373322207 7.650413716892111 7.66091365629978 7.665448345876376 7.683292206727209 7.701568210147843 7.731522302859211 7.7545121400811166 7.774061420634619 7.791583648242475 7.807692431643711 7.821327416526271 7.834576942759525 7.846448282536292 7.857011977591108 
# stellar_mass_list
-10.0 7.384966737414299 7.964044629960332 8.201130283099422 8.340205573680018 8.435860046815323 8.506986608237813 8.56238615265236 8.606880186987523 8.64339810279069 8.673853228849344 8.699563776929413 8.721476326540165 8.740293203993417 8.756549595911723 8.770662404422449 8.762370118187373 8.751646124750913 8.74379226726035 8.737387344057991 8.731892714885657 8.727036851314185 8.722655926195221 8.718646281626098 8.714933735428211 8.714577038795577 8.714223608551231 8.713872830374392 8.713524253238841 8.713177461928376 8.712832085757409 8.712488057003116 8.712145890062523 8.711471337259995 8.708219068413634 8.70222338391877 8.696784763266352 8.691762607362623 8.687102331172252 8.680677274045557 8.674769530879512 8.669273968740644 8.667488717058765 8.664108661260418 8.659179311623909 8.65465855153026 8.651633107558334 8.65027246484563 8.644613655825868 8.638224437969528 8.626136778209608 8.615456623661572 8.606093643595125 8.597487377576972 8.589401614210281 8.582414355484719 8.575493175133426 8.569189653655075 8.563482901670646 
# remnant_mass_list
-10.0 -10.0 4.830863518969366 5.510302929484386 5.8751653783227935 6.112352894071172 6.28406748089884 6.416672029244179 6.523578810449334 6.612394541936622 6.687821524115963 6.752969678055372 6.809996499874028 6.860459352328525 6.905517683040954 6.9460574482805635 7.08507794832152 7.223736076977528 7.304720534071538 7.361687407219047 7.405452734337229 7.440867266243307 7.470555674658136 7.496069125508157 7.518423698142902 7.520511649033443 7.522570425330394 7.524604002463419 7.526615291332607 7.52860695707145 7.530581376203827 7.532539120318899 7.534477401227202 7.538272736984943 7.556110157177018 7.587136970956662 7.613410946331898 7.636263499434719 7.656382256682318 7.682556502095188 7.70518401397077 7.72511520327104 7.731374648204061 7.742951834742102 7.759227128647351 7.773556667798228 7.782847833006599 7.7869506223694485 7.803540204401315 7.821400206836753 7.85291942180973 7.878573645012006 7.899572852244879 7.917774383008551 7.934000609568285 7.947392103415342 7.960123566009874 7.971285074139435 7.9810525682584395 
# BH_mass_list
-10.0 -10.0 4.41100204738109 4.991684491107149 5.2314223744108626 5.373063220038814 5.471004341732843 5.544181717937641 5.601450489193469 5.647672377686393 5.685805434307869 5.71778362242778 5.744940551300185 5.768234416123028 5.788376524163659 5.8059091071230435 5.821254688071694 5.821254688071694 5.821254688071694 5.821254688071694 5.821254688071694 5.821254688071694 5.821254688071694 5.821254688071694 5.821254688071694 5.821254688071694 5.821254688071694 5.821254688071694 5.821254688071694 5.821254688071694 5.821254688071694 5.821254688071694 5.821254688071694 5.821254688071694 5.821254688071694 5.821254688071694 5.821254688071694 5.821254688071694 5.821254688071694 5.821254688071694 5.821254688071694 5.821254688071694 5.821254688071694 5.821254688071694 5.821254688071694 5.821254688071694 5.821254688071694 5.821254688071694 5.821254688071694 5.821254688071694 5.821254688071694 5.821254688071694 5.821254688071694 5.821254688071694 5.821254688071694 5.821254688071694 5.821254688071694 5.821254688071694 5.821254688071694 
# NS_mass_list
-10.0 -10.0 4.623037526162829 5.353562251912746 5.763276972374687 6.023723792466554 6.198272222997076 6.31464712711725 6.398749000550608 6.463219919178451 6.514528004830887 6.55642962157962 6.591300470819487 6.620738473261216 6.64586969255403 6.6675171915529 6.710150708960168 6.710150708960168 6.710150708960168 6.710150708960168 6.710150708960168 6.710150708960168 6.710150708960168 6.710150708960168 6.710150708960168 6.710150708960168 6.710150708960168 6.710150708960168 6.710150708960168 6.710150708960168 6.710150708960168 6.710150708960168 6.710150708960168 6.710150708960168 6.710150708960168 6.710150708960168 6.710150708960168 6.710150708960168 6.710150708960168 6.710150708960168 6.710150708960168 6.710150708960168 6.710150708960168 6.710150708960168 6.710150708960168 6.710150708960168 6.710150708960168 6.710150708960168 6.710150708960168 6.710150708960168 6.710150708960168 6.710150708960168 6.710150708960168 6.710150708960168 6.710150708960168 6.710150708960168 6.710150708960168 6.710150708960168 6.710150708960168 
# WD_mass_list
-10.0 -10.0 -10.0 -10.0 -10.0 3.4800225408790717 4.690071150150149 5.293130755175039 5.638100286291595 5.873051182953798 6.0485813671208675 6.187184346069189 6.30071359169481 6.396161509636904 6.477988213529262 6.549209122761519 6.804210617749584 7.039265532817874 7.157688840502943 7.235651147118639 7.29321291557495 7.338543021669988 7.375789366656646 7.407303288127675 7.434571216270515 7.437102558529033 7.439596008868953 7.442056497859853 7.444487648361976 7.446892770815522 7.449274813584198 7.451634538254511 7.453968658460487 7.458532954951043 7.479878371767183 7.516613186948899 7.5473592193933055 7.573853276166877 7.596999755649078 7.626879973257095 7.652512814701857 7.674948633219965 7.681968377230813 7.6949198431822055 7.7130592311568495 7.728966897714792 7.739250888414148 7.743784667071342 7.762071854523763 7.781681456313529 7.816102563826691 7.84395513349519 7.866651977663652 7.886254996690482 7.903678458163136 7.9180225268228455 7.931630930647259 7.943538979092492 7.953943202202517 
