# time_axis
5.999999999999999 7.0 7.30102999566398 7.477121254719661 7.602059991327962 7.698970004336018 7.778151250383643 7.845098040014256 7.903089986991943 7.954242509439324 8.0 8.041392685158224 8.079181246047623 8.113943352306837 8.146128035678238 8.176091259055681 8.204119982655925 8.230448921378272 8.255272505103306 8.278753600952827 8.301029995663981 8.47712125471966 8.60205999132796 8.698970004336019 8.778151250383644 8.845098040014257 8.903089986991942 8.954242509439323 8.999999999999998 9.004321373782641 9.008600171761916 9.012837224705171 9.017033339298779 9.021189299069936 9.02530586526477 9.02938377768521 9.033423755486949 9.041392685158224 9.079181246047623 9.146128035678236 9.204119982655923 9.255272505103305 9.301029995663981 9.361727836017593 9.414973347970816 9.462397997898954 9.477121254719663 9.505149978319904 9.544068044350274 9.57978359661681 9.60205999132796 9.612783856719734 9.653212513775342 9.698970004336017 9.778151250383642 9.845098040014257 9.903089986991944 9.954242509439325 10.0 10.041392685158225 10.079181246047623 10.113943352306835 10.146128035678236 
# total_gas_mass_list
9.145757490560674 9.138994310121285 9.1353430302564 9.132361679545966 9.129639348373884 9.12705005223515 9.124443698937808 9.121820814764298 9.119181441175286 9.11652724922601 9.113857194044119 9.111171127512995 9.108467666905861 9.1057463811447 9.10300809624046 9.100252714648077 9.097478918501462 9.094692511502778 9.091892618558276 9.089078442942904 9.086249289001751 9.09319975089065 9.093273624151369 9.09332388204295 9.093362300835548 9.093393395001375 9.093419541479369 9.093442127660689 9.093462068482555 9.093463948678936 9.093465799429001 9.0934676007044 9.09346943088507 9.09347118259834 9.093472936258141 9.093474730635034 9.093476441934568 9.09347984524171 9.093495900391177 9.093524031133855 9.093548025563 9.093569002700294 9.093587694082675 9.09361221590901 9.093633676845332 9.093652651454265 9.093658526900525 9.093669681080115 9.093685149025351 9.093699289184567 9.093708108572224 9.0937123157067 9.093728258275501 9.093746258751692 9.09377731735347 9.09380349072236 9.093826099074938 9.093845990303995 9.093863798102964 9.093879864367455 9.093894519495711 9.093908013050761 9.093920484268807 
# ejected_gas_mass_list
-10.0 -10.0 -10.0 -10.0 -10.0 6.598938264023224 6.931655596979019 7.1177353295875045 7.247542349942428 7.347424940791277 7.428598834452089 7.496984173485035 7.556027737530447 7.607968403143542 7.654359875104248 7.696277636538402 7.734484330624468 7.76971024062407 7.802379865107693 7.83283303276733 7.861346675072358 7.965416034233471 7.966406438782319 7.967079044002581 7.967592556453298 7.96800775572757 7.968356604719899 7.968657743344277 7.968923451293788 7.968948496824967 7.96897314880598 7.968997140541931 7.969021516020511 7.969044845236623 7.969068199215567 7.9690920942331305 7.969114881809139 7.9691601967846175 7.9693739118643965 7.96974813456391 7.9700670964752645 7.970345771657184 7.970593942015566 7.970919325962828 7.9712039096400735 7.971455379735882 7.971533219614016 7.971680958440661 7.971885756897175 7.972072897139856 7.972189581027642 7.972245232825485 7.972456060654124 7.972693989020374 7.973104235214049 7.973449675562802 7.973747859974591 7.9740100515305645 7.9742446568089616 7.97445621814538 7.9746491145556275 7.9748266519187405 7.974990678583147 
# stellar_mass_list
-10.0 7.454821665207646 7.601375376964093 7.689704322176413 7.755464917355557 7.808575286058609 7.853466626469471 7.892493545260428 7.927108221398039 7.958267309903082 7.986639674675483 8.012710695462193 8.036848932858922 8.059335320671227 8.080396645680505 8.10021135498331 8.118922156528448 8.136607342267464 8.15338187022411 8.169346152049673 8.184578696804502 8.022871221339603 7.983264275153754 7.957728308095569 7.938797778895025 7.923775956958337 7.911337069929379 7.900736188287279 7.8914996584398756 7.890641275252261 7.889790787277437 7.888953986805484 7.888124428071898 7.887303350490263 7.886491394423029 7.885683977571065 7.884891583183467 7.883334827046796 7.876017276457106 7.863329580161633 7.852604408612952 7.843318430261873 7.835146348929415 7.824488795128615 7.815272568190479 7.807173110053409 7.804668586690911 7.799948610435041 7.793417821313516 7.7875050239148 7.7838147850758785 7.782069283939527 7.775422246061403 7.768028477579451 7.755305930640644 7.744691923462686 7.7354589864099745 7.727146672920781 7.719579574181411 7.7125977774389085 7.706147673993355 7.700024832723739 7.694414042718017 
# remnant_mass_list
-10.0 -10.0 5.414683961242206 6.0467241728188945 6.349251615246998 6.546611865727974 6.691210622087812 6.804604177062913 6.897545244235537 6.9760589357695375 7.043874769630339 7.103456555993322 7.156507654196584 7.204265191865928 7.247639642036913 7.287334597425025 7.3238984841498 7.357782636537133 7.389253404510826 7.418553431868599 7.4459149547178205 7.556708707677935 7.588827216462726 7.60769494697932 7.62079361792996 7.630690699401446 7.638570617389196 7.645070211965719 7.650577881609694 7.651082338318607 7.651581124350365 7.6520705215627896 7.65255470139614 7.653032928315612 7.653504782744135 7.653973209877234 7.654431534756824 7.655328953238814 7.659496468981765 7.666526415101144 7.672281142279647 7.677130269909764 7.681297930349519 7.686596850718225 7.691059956301855 7.694893057397525 7.696062292941463 7.698243604407058 7.701219235804721 7.703867943768136 7.705501188200721 7.706267745328363 7.709158526735787 7.712312626505505 7.717604590957329 7.721888823667082 7.725528705164407 7.7287447827386275 7.73162248660928 7.734237550928247 7.736616537369024 7.738848891537741 7.740862163804943 
# BH_mass_list
-10.0 -10.0 -10.0 -10.0 -10.0 -10.0 -10.0 -10.0 -10.0 -10.0 -10.0 -10.0 -10.0 -10.0 -10.0 -10.0 -10.0 -10.0 -10.0 -10.0 -10.0 -10.0 -10.0 -10.0 -10.0 -10.0 -10.0 -10.0 -10.0 -10.0 -10.0 -10.0 -10.0 -10.0 -10.0 -10.0 -10.0 -10.0 -10.0 -10.0 -10.0 -10.0 -10.0 -10.0 -10.0 -10.0 -10.0 -10.0 -10.0 -10.0 -10.0 -10.0 -10.0 -10.0 -10.0 -10.0 -10.0 -10.0 -10.0 -10.0 -10.0 -10.0 -10.0 
# NS_mass_list
-10.0 -10.0 5.949937624296689 6.3758792109221725 6.615819117469536 6.780502511564956 6.898682439343475 6.990634969490166 7.065742753371379 7.129177185084703 7.183986468318466 7.232180418432462 7.275068732754284 7.313720482533322 7.348865670583013 7.381061166824008 7.410734529260542 7.438182177682509 7.46359676131543 7.487183674100516 7.509124293657746 7.547771568346859 7.547771568346859 7.547771568346859 7.547771568346859 7.547771568346859 7.547771568346859 7.547771568346859 7.547771568346859 7.547771568346859 7.547771568346859 7.547771568346859 7.547771568346859 7.547771568346859 7.547771568346859 7.547771568346859 7.547771568346859 7.547771568346859 7.547771568346859 7.547771568346859 7.547771568346859 7.547771568346859 7.547771568346859 7.547771568346859 7.547771568346859 7.547771568346859 7.547771568346859 7.547771568346859 7.547771568346859 7.547771568346859 7.547771568346859 7.547771568346859 7.547771568346859 7.547771568346859 7.547771568346859 7.547771568346859 7.547771568346859 7.547771568346859 7.547771568346859 7.547771568346859 7.547771568346859 7.547771568346859 7.547771568346859 
# WD_mass_list
-10.0 -10.0 -10.0 -10.0 -10.0 4.015850655931237 5.126704266346766 5.5362335587370035 5.793631474519127 5.979279152458115 6.123874915475244 6.2417353452398565 6.34142064691005 6.427076148650715 6.501973680896269 6.568408627826016 6.628012149330218 6.681976091353026 6.731236771560371 6.776486199481539 6.818314275508276 7.085153735105983 7.1741201797944125 7.221540950790357 7.252747817207393 7.275503167815212 7.293155380207218 7.307424631778486 7.319320839176818 7.32040175687187 7.321469115812701 7.3225150278480315 7.323548473107977 7.324567931613703 7.325572562598125 7.326568679580379 7.327542144537821 7.32944489337138 7.338223989224158 7.3528263327676076 7.364594477564815 7.374386488613576 7.382714683011667 7.393190177175832 7.401918003130552 7.409346325315191 7.411600077323982 7.415789696189767 7.421473989238284 7.426504207322814 7.429592275302082 7.431038093425657 7.436470248861803 7.442361300822642 7.452163122216755 7.460024914636244 7.46665399992776 7.472473654070281 7.477651692679635 7.482333551620566 7.486573536278725 7.490535770373189 7.494095700520855 
