# time_axis
1000000 10000000 20000000 30000000 40000000 50000000 60000000 70000000 80000000 90000000 100000000 110000000 120000000 130000000 140000000 150000000 200000000 300000000 400000000 500000000 600000000 700000000 800000000 900000000 1000000000 1010000000 1020000000 1030000000 1040000000 1050000000 1060000000 1070000000 1080000000 1100000000 1200000000 1400000000 1600000000 1800000000 2000000000 2300000000 2600000000 2900000000 3000000000 3200000000 3500000000 3800000000 4000000000 4100000000 4500000000 5000000000 6000000000 7000000000 8000000000 9000000000 10000000000 11000000000 12000000000 13000000000 14000000000 
# SNIa_energy_release_list
0 0.0 0.0 0.0 0.0 0.0 2.2756477552149743e+53 1.0312949427789836e+55 3.833426705685611e+55 7.583770706890104e+55 1.1616337845323555e+56 1.555084409489432e+56 1.9219076071221926e+56 2.2572998297762868e+56 2.5621414350369227e+56 2.8394898433908806e+56 3.9270656363274835e+56 5.320731607181911e+56 6.2501029188753e+56 6.949050335275462e+56 7.5095545205176925e+56 7.977560530575022e+56 8.379316497845304e+56 8.731285508188811e+56 9.044471655337733e+56 9.073964771148577e+56 9.103158886070677e+56 9.132065028156544e+56 9.160679091278983e+56 9.18900952013786e+56 9.217061095328169e+56 9.244834347041145e+56 9.272337088408992e+56 9.326559986202653e+56 9.583199097851456e+56 1.0035991191096913e+57 1.042652257576659e+57 1.0769852568197376e+57 1.1076202007561031e+57 1.1481585828694046e+57 1.183634816285267e+57 1.215174025158076e+57 1.2249581756861367e+57 1.2435634636985958e+57 1.2693755719005321e+57 1.2930417415335437e+57 1.3077925437858717e+57 1.3148900853583371e+57 1.3416338777229152e+57 1.3718749560717506e+57 1.4241528087118883e+57 1.4682936891703993e+57 1.5065017593222815e+57 1.5401851380925087e+57 1.570287144742032e+57 1.5975254632158493e+57 1.622376495554101e+57 1.6452299951423596e+57 1.6663843503762465e+57 
# SNII_energy_release_list
0 0.0 2.93545584864e+53 1.3368274108806634e+55 5.239120873625818e+55 1.0830303178825914e+56 1.6885492657028648e+56 2.1970645877227867e+56 2.517660478959793e+56 2.7011151314471667e+56 2.799849534674732e+56 2.8509448654613393e+56 2.8767245236435586e+56 2.8895171264669226e+56 2.8957953988327557e+56 2.898869687330915e+56 2.90146683009053e+56 2.90146683009053e+56 2.90146683009053e+56 2.90146683009053e+56 2.90146683009053e+56 2.90146683009053e+56 2.90146683009053e+56 2.90146683009053e+56 2.90146683009053e+56 2.90146683009053e+56 2.90146683009053e+56 2.90146683009053e+56 2.90146683009053e+56 2.90146683009053e+56 2.90146683009053e+56 2.90146683009053e+56 2.90146683009053e+56 2.90146683009053e+56 2.90146683009053e+56 2.90146683009053e+56 2.90146683009053e+56 2.90146683009053e+56 2.90146683009053e+56 2.90146683009053e+56 2.90146683009053e+56 2.90146683009053e+56 2.90146683009053e+56 2.90146683009053e+56 2.90146683009053e+56 2.90146683009053e+56 2.90146683009053e+56 2.90146683009053e+56 2.90146683009053e+56 2.90146683009053e+56 2.90146683009053e+56 2.90146683009053e+56 2.90146683009053e+56 2.90146683009053e+56 2.90146683009053e+56 2.90146683009053e+56 2.90146683009053e+56 2.90146683009053e+56 2.90146683009053e+56 
# SN_energy_per_current_crossing_time_list
0.0 0.0 1.2844346865871024e+54 3.3906172853408166e+55 8.5333012028936e+55 1.1399232494111548e+56 1.2012408836489296e+56 1.0080333223604813e+56 6.520199808510754e+55 3.907309562411497e+55 2.265655672243381e+55 1.3184790899509683e+55 7.963549034482191e+54 5.1390262069055714e+54 3.606221930385619e+54 2.757241129359653e+54 1.8115875317151847e+54 1.1225006068357902e+54 7.64063958341542e+53 5.841758397138824e+53 4.750237397618207e+53 4.014422703196527e+53 3.4831454019780853e+53 3.0810177933045212e+53 2.765655152759664e+53 2.606656221058163e+53 2.5823624253404124e+53 2.5589643011118387e+53 2.535141952020353e+53 2.5120219190468736e+53 2.489289800091171e+53 2.466572626770348e+53 2.4445136584801985e+53 2.4135079981646394e+53 2.301754852961074e+53 2.0581653937315614e+53 1.7963529142228533e+53 1.5962826210895599e+53 1.438164360796148e+53 1.2850832241397601e+53 1.1375307756564471e+53 1.0216873309092364e+53 9.539942574487516e+52 9.124887062692723e+52 8.512161920583945e+52 7.863472754814555e+52 7.386914760361084e+52 7.123827073552517e+52 6.768797353562588e+52 6.17923327018192e+52 5.426529646065261e+52 4.6417116988835865e+52 4.0640803802307674e+52 3.621011972386671e+52 3.26892435341642e+52 2.983906932511499e+52 2.746272074633023e+52 2.54586848185129e+52 2.3739081625788017e+52 
# SN_energy_per_final_crossing_time_list
0.0 0.0 8.78432521080553e+53 3.912600744804894e+55 1.1677578070416349e+56 1.6731562733104606e+56 1.812265371848724e+56 1.5330451835559143e+56 9.90825397290439e+55 5.910721616829687e+55 3.407146414169851e+55 1.9705472211476043e+55 1.1830971203831578e+55 7.591893163123607e+54 5.299651457381593e+54 4.0323378770125006e+54 2.5963591066559338e+54 1.5639498285534875e+54 1.042925732551471e+54 7.84347695148765e+53 6.289888988791756e+53 5.251889150614956e+53 4.50844168741155e+53 3.949740360277206e+53 3.5145252261458103e+53 3.3096706370463854e+53 3.276117231964715e+53 3.2438013774293714e+53 3.211024739817481e+53 3.1791957530198134e+53 3.1479032370030745e+53 3.1166702182055146e+53 3.0863139766997915e+53 3.0424037567656637e+53 2.87996337039921e+53 2.5405804956530016e+53 2.191240601664566e+53 1.9263973363366328e+53 1.7189023883409916e+53 1.5163842958501826e+53 1.3270288655668198e+53 1.179759984120678e+53 1.0979618402766604e+53 1.0439279427707575e+53 9.655312688800828e+52 8.852599956782677e+52 8.276558061976327e+52 7.964748481735804e+52 7.50286481089312e+52 6.787211611393324e+52 5.866537634090446e+52 4.953419533015169e+52 4.287648978525442e+52 3.7798952944586643e+52 3.377999400371045e+52 3.056640859294009e+52 2.788743398890373e+52 2.564583444696829e+52 2.3739081625788017e+52 
# total_energy_release_list
0 0 2.93545584864e+53 1.3368274108806634e+55 5.239120873625818e+55 1.0830303178825914e+56 1.6908249134580797e+56 2.300194082000685e+56 2.9010031495283545e+56 3.459492202136177e+56 3.961483319207088e+56 4.406029274950772e+56 4.798632130765752e+56 5.146816956243209e+56 5.457936833869679e+56 5.738359530721796e+56 6.828532466418014e+56 8.22219843727244e+56 9.15156974896583e+56 9.850517165365992e+56 1.0411021350608223e+57 1.0879027360665552e+57 1.1280783327935834e+57 1.163275233827934e+57 1.1945938485428263e+57 1.1975431601239106e+57 1.2004625716161206e+57 1.2033531858247073e+57 1.2062145921369512e+57 1.209047635022839e+57 1.2118527925418698e+57 1.2146301177131674e+57 1.2173803918499521e+57 1.2228026816293183e+57 1.2484665927941986e+57 1.2937458021187443e+57 1.332798940585712e+57 1.3671319398287906e+57 1.397766883765156e+57 1.4383052658784575e+57 1.47378149929432e+57 1.5053207081671289e+57 1.5151048586951896e+57 1.5337101467076488e+57 1.559522254909585e+57 1.5831884245425966e+57 1.597939226794925e+57 1.60503676836739e+57 1.631780560731968e+57 1.6620216390808036e+57 1.7142994917209414e+57 1.7584403721794522e+57 1.7966484423313345e+57 1.8303318211015618e+57 1.860433827751085e+57 1.8876721462249022e+57 1.912523178563154e+57 1.9353766781514125e+57 1.9565310333852994e+57 
# binding_energy_list
8.871560120379617e+54 8.871560120379617e+54 8.871560120379617e+54 8.85115609830841e+54 8.85115609830841e+54 8.830799004185586e+54 8.810488730080146e+54 8.790225168308896e+54 8.770008211436303e+54 8.749837752274363e+54 8.729713683881166e+54 8.729713683881166e+54 8.709635899560761e+54 8.68960429286302e+54 8.68960429286302e+54 8.669618757582214e+54 8.609937521846052e+54 8.531001140175843e+54 8.472274141405911e+54 8.413951416451895e+54 8.375292821268861e+54 8.336811846196331e+54 8.298507675144166e+54 8.260379495771817e+54 8.241381150129963e+54 8.241381150129963e+54 8.241381150129963e+54 8.222426499470695e+54 8.222426499470695e+54 8.222426499470695e+54 8.222426499470695e+54 8.222426499470695e+54 8.222426499470695e+54 8.20351544329821e+54 8.184647881347836e+54 8.147042840208421e+54 8.090958991783846e+54 8.053784411990643e+54 8.035261221856194e+54 7.979946872679785e+54 7.94328234724279e+54 7.90678627999831e+54 7.888601176185516e+54 7.870457896951001e+54 7.852356346100775e+54 7.816278045883308e+54 7.798301105232642e+54 7.798301105232642e+54 7.762471166286928e+54 7.744617978025239e+54 7.691304402866145e+54 7.655966069112569e+54 7.620790100254084e+54 7.585775750291883e+54 7.550922276654341e+54 7.516228940182015e+54 7.498942093324558e+54 7.464487584100623e+54 7.447319739059888e+54 
# total_gas_kinetic_energy_list
3.555417159551863e+57 1.52352495179885e+59 3.0429317590082397e+59 2.211115581367181e+59 1.3660474191457613e+59 7.687432336992848e+58 4.087997700123952e+58 2.097933113504319e+58 1.0524886455363936e+58 5.205027950263841e+57 2.552500100223037e+57 1.2471297459575284e+57 6.1004921900249525e+56 3.006839196861198e+56 1.50837175434156e+56 7.827639818382143e+55 1.031273778950891e+56 1.4083132790444932e+56 1.6976560172305886e+56 1.9310965281666747e+56 2.12765170215235e+56 2.298128872209534e+56 2.4510026323319114e+56 2.5907001526456344e+56 2.719328227443063e+56 2.731834320027956e+56 2.744052618896542e+56 2.7560666501954156e+56 2.7679702456576397e+56 2.7798448388258896e+56 2.7917446809910303e+56 2.803687600812799e+56 2.8156514296138868e+56 2.8389511393575973e+56 2.950352440851274e+56 3.1539007236192163e+56 3.3341229292054153e+56 3.498477848038181e+56 3.647158566488221e+56 3.8440716961166673e+56 4.019091609403539e+56 4.175511250601101e+56 4.225987471523991e+56 4.317399859276715e+56 4.447085196683594e+56 4.559743927842637e+56 4.6303533942123605e+56 4.661818742383691e+56 4.787402739334009e+56 4.9178793909377345e+56 5.138842005246377e+56 5.315349396239781e+56 5.472611872394648e+56 5.619731797763092e+56 5.761240992431774e+56 5.884119456019627e+56 6.0077320768189225e+56 6.1217099124303565e+56 6.226196025668385e+56 
