# time_axis
5.999999999999999 7.0 7.30102999566398 7.477121254719661 7.602059991327962 7.698970004336018 7.778151250383643 7.845098040014256 7.903089986991943 7.954242509439324 8.0 8.041392685158224 8.079181246047623 8.113943352306837 8.146128035678238 8.176091259055681 8.301029995663981 8.47712125471966 8.60205999132796 8.698970004336019 8.778151250383644 8.845098040014257 8.903089986991942 8.954242509439323 8.999999999999998 9.004321373782641 9.008600171761916 9.012837224705171 9.017033339298779 9.021189299069936 9.02530586526477 9.02938377768521 9.033423755486949 9.041392685158224 9.079181246047623 9.146128035678236 9.204119982655923 9.255272505103305 9.301029995663981 9.361727836017593 9.414973347970816 9.462397997898954 9.477121254719663 9.505149978319904 9.544068044350274 9.57978359661681 9.60205999132796 9.612783856719734 9.653212513775342 9.698970004336017 9.778151250383642 9.845098040014257 9.903089986991944 9.954242509439325 10.0 10.041392685158225 10.079181246047623 10.113943352306835 10.146128035678236 
# total_gas_mass_list
8.7873673767305 10.425873434541858 10.726393590184124 10.587739205216335 10.378607031847206 10.128934795644064 9.854677654551255 9.564973841112428 9.26541702399135 8.959639595984099 8.6501902446808 8.339114892337298 8.02847435505679 7.7209657607748685 7.420783588773363 7.134727319305983 7.249914172108382 7.379175902359226 7.457180435383457 7.512727141948827 7.555454584801959 7.589784240124387 7.618329826646331 7.642708785617771 7.663872521453045 7.665871479821755 7.667814229830459 7.669714690429336 7.671588641393522 7.673448936322838 7.675304269236021 7.67715746892712 7.679004961485271 7.682576731851535 7.69923200920715 7.727919177039464 7.751613346054933 7.7719665329853695 7.789477633986821 7.811535917433692 7.8301934995409255 7.846150298815711 7.851178071566591 7.860091155462204 7.872419804508129 7.882833810265239 7.889223816392331 7.892041583692087 7.903076633078585 7.914226745689913 7.932382935823765 7.946289510466053 7.958309064084787 7.969251091460093 7.9795139723741375 7.988236032113316 7.996805212825721 8.004604384129374 8.011612645541181 
# ejected_gas_mass_list
-10.0 -10.0 3.7308783273232655 5.394536873116351 6.039422441243935 6.39035951834129 6.599413182447168 6.739087011869041 6.8414404468855246 6.92075614483098 6.984595790072412 7.037197284849761 7.081330372307245 7.118973691295781 7.151566945179243 7.1801684835804425 7.28494696134665 7.405456351385654 7.47924799128975 7.532203750214131 7.573142897631867 7.606153187361171 7.633675637590192 7.657230743465937 7.677714660118539 7.679651050507159 7.681533258624506 7.6833747485522705 7.68519079577261 7.686993847928169 7.688792326982229 7.690588972747735 7.692380317959306 7.6958441928198775 7.712007562680832 7.739889261180407 7.76295608946167 7.782796383405672 7.799884588749052 7.821433318127851 7.839679216857035 7.855297396018803 7.8602209730839565 7.868952220977741 7.881035304631321 7.89124713985835 7.897515427997587 7.900280077630447 7.911110330949297 7.922058635944785 7.939896912247908 7.9535686659684 7.965391134777057 7.976158352505776 7.986261166904584 7.994850088780201 8.003291004938475 8.010975584886639 8.017882591229512 
# stellar_mass_list
-10.0 6.5033707203653 8.150461069632206 8.602007465821634 8.746535187553057 8.805035095180166 8.827279196638436 8.833149966275899 8.831799853391889 8.827545519601445 8.822374847548023 8.817151833364079 8.812211806135887 8.807653955139322 8.803478951168957 8.799652148408416 8.784243762209792 8.763730057462098 8.749421583337025 8.738294980605495 8.729128427656658 8.721296805252335 8.714440375601844 8.708318852403092 8.702786456241718 8.702252965790187 8.701732706069508 8.70122278192806 8.700718399163701 8.700215846364653 8.699713054199925 8.699208824115667 8.698704248943196 8.697723359773287 8.693072799868814 8.68469134592498 8.67733743311801 8.670674501915506 8.66467470091572 8.656642236717694 8.649404800796113 8.642852136430786 8.640725484745342 8.636840094477025 8.631197668701022 8.626096202417367 8.622790935218916 8.621291244590351 8.615115295769979 8.60835395574093 8.59592501864532 8.585272571188773 8.57595461930814 8.567392792650553 8.55929420290086 8.55235117605317 8.545421559522715 8.539160242830707 8.533446563061595 
# remnant_mass_list
-10.0 -10.0 4.899871091191936 6.552934424739717 7.085077039796369 7.33304635043631 7.474146252962759 7.562583978314165 7.62182038130344 7.663884698026076 7.695348345759019 7.719971339849499 7.739983279478944 7.756754113553518 7.7711564770614805 7.783764252960629 7.830308388539699 7.885469778463318 7.9200187651253 7.944960369970451 7.964369630759266 7.980201897635041 7.993531736456165 8.005037420235617 8.015130251864578 8.01608892781844 8.017021071784002 8.017932139152878 8.01883099232517 8.019724393308437 8.020616080786661 8.021508260365337 8.022398986740399 8.024123711711042 8.03218684794639 8.046263878671622 8.058155305082837 8.068580307870253 8.077694097401483 8.089508799694093 8.09979542438573 8.108827865870722 8.111705358981308 8.116890694409152 8.124271160232569 8.130789824787684 8.134940239920239 8.136802722093039 8.144359094216838 8.152407263116165 8.166641416011224 8.178285891394557 8.188075871643921 8.196766605124234 8.204732334864067 8.21136274586704 8.217816601298138 8.223504566954409 8.228579684533686 
# BH_mass_list
-10.0 -10.0 4.629561551619413 6.27793798591686 6.7481667358438955 6.918598923127754 6.997975770377691 7.036995270290806 7.056400645966757 7.06603287203562 7.070786047893987 7.07311771035867 7.074245727774214 7.0747824361553535 7.07503356800368 7.075148154770684 7.075196256643329 7.075196256643329 7.075196256643329 7.075196256643329 7.075196256643329 7.075196256643329 7.075196256643329 7.075196256643329 7.075196256643329 7.075196256643329 7.075196256643329 7.075196256643329 7.075196256643329 7.075196256643329 7.075196256643329 7.075196256643329 7.075196256643329 7.075196256643329 7.075196256643329 7.075196256643329 7.075196256643329 7.075196256643329 7.075196256643329 7.075196256643329 7.075196256643329 7.075196256643329 7.075196256643329 7.075196256643329 7.075196256643329 7.075196256643329 7.075196256643329 7.075196256643329 7.075196256643329 7.075196256643329 7.075196256643329 7.075196256643329 7.075196256643329 7.075196256643329 7.075196256643329 7.075196256643329 7.075196256643329 7.075196256643329 7.075196256643329 
# NS_mass_list
-10.0 -10.0 4.565781038325062 6.224210228919559 6.817187900185023 7.121827557103704 7.29621111227574 7.396198001764732 7.4480860973162875 7.474876424631692 7.488533663754306 7.495402783919868 7.498814590119655 7.500489741472978 7.5013034546986885 7.501696007041033 7.5020077882541205 7.5020077882541205 7.5020077882541205 7.5020077882541205 7.5020077882541205 7.5020077882541205 7.5020077882541205 7.5020077882541205 7.5020077882541205 7.5020077882541205 7.5020077882541205 7.5020077882541205 7.5020077882541205 7.5020077882541205 7.5020077882541205 7.5020077882541205 7.5020077882541205 7.5020077882541205 7.5020077882541205 7.5020077882541205 7.5020077882541205 7.5020077882541205 7.5020077882541205 7.5020077882541205 7.5020077882541205 7.5020077882541205 7.5020077882541205 7.5020077882541205 7.5020077882541205 7.5020077882541205 7.5020077882541205 7.5020077882541205 7.5020077882541205 7.5020077882541205 7.5020077882541205 7.5020077882541205 7.5020077882541205 7.5020077882541205 7.5020077882541205 7.5020077882541205 7.5020077882541205 7.5020077882541205 7.5020077882541205 
# WD_mass_list
-10.0 -10.0 -10.0 -10.0 -10.0 3.0452093038002315 4.795106090007086 5.866505594778101 6.382983337686462 6.6657720453871425 6.8460725233668915 6.970990891424328 7.062619335871563 7.132835500267398 7.188579976795477 7.2341351867703025 7.3801500361948245 7.520607907717173 7.5968198631299675 7.647746131366214 7.685415903042297 7.715033120130788 7.739271310060652 7.759720388696037 7.7773221307966285 7.778978400216993 7.78058628706895 7.78215540683786 7.783701166190922 7.785235273538023 7.786764187429321 7.788291705493935 7.789814511849819 7.792756866146987 7.806404796987749 7.829824855987833 7.849228981240904 7.8659717452558615 7.88041387838431 7.898879262253902 7.91473204093347 7.928488173957561 7.932839444370084 7.940643674346529 7.951671770304099 7.961336288586001 7.967453587392941 7.970189747788547 7.9812350001978976 7.992903212079334 8.013307897578414 8.029790334026234 8.043508760182194 8.05558478927097 8.066572092301318 8.075660089685142 8.084457336254923 8.092171705513445 8.099024819209165 
