# time_axis
1000000 10000000 20000000 30000000 40000000 50000000 60000000 70000000 80000000 90000000 100000000 110000000 120000000 130000000 140000000 150000000 200000000 300000000 400000000 500000000 600000000 700000000 800000000 900000000 1000000000 1010000000 1020000000 1030000000 1040000000 1050000000 1060000000 1070000000 1080000000 1100000000 1200000000 1400000000 1600000000 1800000000 2000000000 2300000000 2600000000 2900000000 3000000000 3200000000 3500000000 3800000000 4000000000 4100000000 4500000000 5000000000 6000000000 7000000000 8000000000 9000000000 10000000000 11000000000 12000000000 13000000000 14000000000 
# SNIa_energy_release_list
0 0.0 0.0 0.0 0.0 0.0 4.846558578331414e+53 2.196263690888736e+55 8.157952827928294e+55 1.4118617630298077e+56 1.9581953415381713e+56 2.4453402271776584e+56 2.878572776076623e+56 3.2663803249409332e+56 3.6166356051166068e+56 3.935753539206315e+56 5.207783376358123e+56 6.888994921037479e+56 8.03121546696008e+56 8.897606797739403e+56 9.595858727703361e+56 1.018074125969798e+57 1.0684009561121967e+57 1.1125656634979944e+57 1.151917251994826e+57 1.1556245608537931e+57 1.1592955155755253e+57 1.1629319824028817e+57 1.166530336853754e+57 1.1700937078470053e+57 1.173622489866398e+57 1.1771157843764168e+57 1.1805756150800772e+57 1.1873986232717535e+57 1.219707611280336e+57 1.2767665394360399e+57 1.3260306556960054e+57 1.3693752782952396e+57 1.4080775725439316e+57 1.4593188784353236e+57 1.5041876498489714e+57 1.5440943144668704e+57 1.5564792263898006e+57 1.580028293276326e+57 1.6127068306199403e+57 1.6426808312862436e+57 1.6613640714740154e+57 1.6703535914750408e+57 1.704236588617452e+57 1.7425564209534423e+57 1.8088176937106593e+57 1.8647882642106654e+57 1.913235519879959e+57 1.955958635729073e+57 1.9941331536943957e+57 2.028692504549861e+57 2.0602205468668716e+57 2.089216161866512e+57 2.1160571387144467e+57 
# SNII_energy_release_list
0 0.0 7.249436305342676e+53 3.288583119719684e+55 1.2352106275606105e+56 2.1417672885477026e+56 2.901857909574023e+56 3.3917366895384535e+56 3.5379623574376653e+56 3.594287613591267e+56 3.6145796170453985e+56 3.6215947405021294e+56 3.623970964644074e+56 3.6248006307642443e+56 3.62509437664188e+56 3.625231957313289e+56 3.6253567954124245e+56 3.6253567954124245e+56 3.6253567954124245e+56 3.6253567954124245e+56 3.6253567954124245e+56 3.6253567954124245e+56 3.6253567954124245e+56 3.6253567954124245e+56 3.6253567954124245e+56 3.6253567954124245e+56 3.6253567954124245e+56 3.6253567954124245e+56 3.6253567954124245e+56 3.6253567954124245e+56 3.6253567954124245e+56 3.6253567954124245e+56 3.6253567954124245e+56 3.6253567954124245e+56 3.6253567954124245e+56 3.6253567954124245e+56 3.6253567954124245e+56 3.6253567954124245e+56 3.6253567954124245e+56 3.6253567954124245e+56 3.6253567954124245e+56 3.6253567954124245e+56 3.6253567954124245e+56 3.6253567954124245e+56 3.6253567954124245e+56 3.6253567954124245e+56 3.6253567954124245e+56 3.6253567954124245e+56 3.6253567954124245e+56 3.6253567954124245e+56 3.6253567954124245e+56 3.6253567954124245e+56 3.6253567954124245e+56 3.6253567954124245e+56 3.6253567954124245e+56 3.6253567954124245e+56 3.6253567954124245e+56 3.6253567954124245e+56 3.6253567954124245e+56 
# SN_energy_per_current_crossing_time_list
0.0 0.0 2.0504937302993276e+54 5.465713553899296e+55 1.5263717395268413e+56 1.539194537887771e+56 1.3091571958182708e+56 8.694423710541405e+55 2.980218306894001e+55 1.4058072079356556e+55 7.354398084320443e+54 4.597024754554801e+54 3.410668854274405e+54 2.8339544964275684e+54 2.4903957464315614e+54 2.2572703486532426e+54 1.8245495265258472e+54 1.2410573450345047e+54 8.624038353794761e+53 6.6593141338417145e+53 5.4473224233709025e+53 4.621339185179801e+53 4.021337348418053e+53 3.564452178334065e+53 3.204933112870077e+53 3.0219979322184116e+53 2.9948650075526934e+53 2.9691749984694924e+53 2.940475718629657e+53 2.9142916382196124e+53 2.888393943397615e+53 2.861724732152756e+53 2.8366720355221282e+53 2.8014727331337564e+53 2.6733953236983784e+53 2.393191096394057e+53 2.091001025869427e+53 1.8594556334142228e+53 1.6762547563827016e+53 1.4981200248258213e+53 1.3263883334773114e+53 1.191375028554741e+53 1.1127621706772806e+53 1.0639330260853373e+53 9.922706319693744e+52 9.166607892198172e+52 8.608752031935943e+52 8.300895558094244e+52 7.885027767404236e+52 7.194716014563546e+52 6.311816030056577e+52 5.394905864592782e+52 4.718630252307291e+52 4.2015520373378055e+52 3.7882914789853517e+52 3.4570399033527643e+52 3.1790517444624514e+52 2.9449840835415836e+52 2.7446211648424616e+52 
# SN_energy_per_final_crossing_time_list
0.0 0.0 1.9767741866768725e+54 8.769621482920335e+55 2.4714388623154448e+56 2.4719960707545673e+56 2.073108482611777e+56 1.3577623208516366e+56 4.596889139763101e+55 2.1453825795479338e+55 1.1119745667508776e+55 6.894176550689272e+54 5.077962820276571e+54 4.191754984766305e+54 3.661630094085314e+54 3.300652417654223e+54 2.6082336130294265e+54 1.7191210343223756e+54 1.1679763754568045e+54 8.859275118654757e+53 7.139967506505373e+53 5.980709962061576e+53 5.1461645360678605e+53 4.51605734459181e+53 4.0238923967063326e+53 3.790904636807482e+53 3.7537307533648708e+53 3.7184651945251307e+53 3.679493425452497e+53 3.643721128955247e+53 3.608352211401989e+53 3.572064497332488e+53 3.537846118581191e+53 3.4884297983754356e+53 3.303752050656801e+53 2.9172772426764283e+53 2.518748421869858e+53 2.216099832020857e+53 1.9787494420325823e+53 1.7465580514009511e+53 1.5293504450311165e+53 1.3602172150077347e+53 1.2664178200727232e+53 1.2040036350991105e+53 1.113846759223282e+53 1.021662724743801e+53 9.55226345481132e+52 9.19222388826348e+52 8.661755458102208e+52 7.836780565657101e+52 6.775539230527302e+52 5.723264591781955e+52 4.953968852989432e+52 4.3686475589846397e+52 3.903531177679378e+52 3.5338626585203707e+52 3.223896534003155e+52 2.9649434544242346e+52 2.7446211648424616e+52 
# total_energy_release_list
0 0 7.249436305342676e+53 3.288583119719684e+55 1.2352106275606105e+56 2.1417672885477026e+56 2.9067044681523545e+56 3.611363058627327e+56 4.353757640230495e+56 5.006149376621075e+56 5.57277495858357e+56 6.066934967679788e+56 6.502543740720697e+56 6.891180955705178e+56 7.241729981758487e+56 7.560985496519604e+56 8.833140171770548e+56 1.0514351716449905e+57 1.1656572262372503e+57 1.2522963593151827e+57 1.3221215523115787e+57 1.3806098055110404e+57 1.4309366356534392e+57 1.475101343039237e+57 1.5144529315360684e+57 1.5181602403950357e+57 1.5218311951167676e+57 1.525467661944124e+57 1.5290660163949965e+57 1.5326293873882478e+57 1.5361581694076404e+57 1.5396514639176593e+57 1.5431112946213198e+57 1.5499343028129958e+57 1.5822432908215785e+57 1.6393022189772824e+57 1.6885663352372478e+57 1.731910957836482e+57 1.770613252085174e+57 1.821854557976566e+57 1.866723329390214e+57 1.9066299940081128e+57 1.919014905931043e+57 1.9425639728175686e+57 1.975242510161183e+57 2.005216510827486e+57 2.023899751015258e+57 2.0328892710162833e+57 2.0667722681586944e+57 2.105092100494685e+57 2.171353373251902e+57 2.227323943751908e+57 2.2757711994212015e+57 2.3184943152703155e+57 2.3566688332356383e+57 2.3912281840911036e+57 2.422756226408114e+57 2.4517518414077546e+57 2.4785928182556893e+57 
# binding_energy_list
8.933054837332963e+54 8.933054837332963e+54 8.933054837332963e+54 8.933054837332963e+54 8.892011178579445e+54 8.871560120379617e+54 8.830799004185586e+54 8.810488730080146e+54 8.790225168308896e+54 8.770008211436303e+54 8.749837752274363e+54 8.729713683881166e+54 8.709635899560761e+54 8.68960429286302e+54 8.68960429286302e+54 8.669618757582214e+54 8.609937521846052e+54 8.51138038202376e+54 8.452788451602891e+54 8.394599865193965e+54 8.336811846196331e+54 8.298507675144166e+54 8.260379495771817e+54 8.222426499470695e+54 8.20351544329821e+54 8.20351544329821e+54 8.184647881347836e+54 8.184647881347836e+54 8.184647881347836e+54 8.184647881347836e+54 8.184647881347836e+54 8.184647881347836e+54 8.184647881347836e+54 8.165823713585906e+54 8.147042840208421e+54 8.090958991783846e+54 8.053784411990643e+54 8.016780633876855e+54 7.979946872679785e+54 7.94328234724279e+54 7.90678627999831e+54 7.870457896951001e+54 7.852356346100775e+54 7.834296427662088e+54 7.816278045883308e+54 7.780365510398008e+54 7.780365510398008e+54 7.762471166286928e+54 7.744617978025239e+54 7.709034690644309e+54 7.673614893618154e+54 7.638357835776954e+54 7.603262769401822e+54 7.568328950209705e+54 7.533555637337217e+54 7.516228940182015e+54 7.481695005111584e+54 7.464487584100623e+54 7.447319739059888e+54 
# total_gas_kinetic_energy_list
3.555417159551863e+57 1.5234254001183684e+59 3.0385675260659447e+59 7.504978144716984e+58 3.046945846200653e+58 1.12998922304871e+58 3.974351491686711e+57 1.35044096060707e+57 4.481858023890528e+56 1.464607463150353e+56 4.760101724755013e+55 1.56597204582705e+55 5.445498330338483e+54 5.478142540896878e+54 4.082793227511547e+54 3.938746277484546e+54 2.646855798976904e+55 5.993461642352978e+55 8.50002048797307e+55 1.0485807072127684e+56 1.2133300056857564e+56 1.3541227084749517e+56 1.4803022126931086e+56 1.5941836876996693e+56 1.6984337265935783e+56 1.7085106903162701e+56 1.7181908240445081e+56 1.7277527612622771e+56 1.7373184282057515e+56 1.7469083512536625e+56 1.756534538487074e+56 1.7662046251384708e+56 1.775929700413259e+56 1.7943303756970704e+56 1.8830762109875934e+56 2.0441957341347942e+56 2.1854391018041498e+56 2.3130242630177414e+56 2.4288720926964453e+56 2.577802290126623e+56 2.710294474970541e+56 2.8279378864300687e+56 2.865973109313408e+56 2.9337400402145996e+56 3.0296605402888236e+56 3.1131398788574176e+56 3.1646815718757175e+56 3.1877050939938754e+56 3.2793590938466473e+56 3.3742949040486835e+56 3.5332282722097907e+56 3.6592272641875587e+56 3.77142680940393e+56 3.877026855156116e+56 3.976545547125358e+56 4.064716911824498e+56 4.152716391249255e+56 4.233859325067422e+56 4.310261745239547e+56 
