# time_axis
5.999999999999999 7.0 7.30102999566398 7.477121254719661 7.602059991327962 7.698970004336018 7.778151250383643 7.845098040014256 7.903089986991943 7.954242509439324 8.0 8.041392685158224 8.079181246047623 8.113943352306837 8.146128035678238 8.176091259055681 8.301029995663981 8.47712125471966 8.60205999132796 8.698970004336019 8.778151250383644 8.845098040014257 8.903089986991942 8.954242509439323 8.999999999999998 9.004321373782641 9.008600171761916 9.012837224705171 9.017033339298779 9.021189299069936 9.02530586526477 9.02938377768521 9.033423755486949 9.041392685158224 9.079181246047623 9.146128035678236 9.204119982655923 9.255272505103305 9.301029995663981 9.361727836017593 9.414973347970816 9.462397997898954 9.477121254719663 9.505149978319904 9.544068044350274 9.57978359661681 9.60205999132796 9.612783856719734 9.653212513775342 9.698970004336017 9.778151250383642 9.845098040014257 9.903089986991944 9.954242509439325 10.0 10.041392685158225 10.079181246047623 10.113943352306835 10.146128035678236 
# total_gas_mass_list
8.7873673767305 10.425845480136273 10.725770596859329 10.11854567708505 9.727163130188089 9.296675797348147 8.84349975854013 8.376302870053365 7.9018813866018345 7.4291080540341 6.976014601030704 6.57782882167158 6.28173527226277 6.104365655553934 6.01146633875232 5.959916386121213 6.670230864267937 7.00763689318114 7.155073655897745 7.246654629277022 7.311574541665088 7.3608085379120896 7.4004016901121235 7.433071691047881 7.4608175230046205 7.4634006128272015 7.4658663377167525 7.468287934665622 7.470693305312078 7.473090674600171 7.475483460088033 7.477872328734028 7.480255658511694 7.4847352630548745 7.505679800892029 7.5410650502434144 7.56964024689318 7.59368142599605 7.6142484821617575 7.639361663426382 7.66039412499243 7.6782456708456 7.6838818439526895 7.693624846453703 7.707083656823295 7.71844066855414 7.725300783357904 7.728334819123075 7.740160169714169 7.752055420039366 7.771173820470506 7.785690803262687 7.798224812091141 7.809669738310194 7.820039825907959 7.829202628640892 7.838168965728504 7.8462269914032605 7.8536752438576 
# ejected_gas_mass_list
-10.0 -10.0 4.109291120731483 5.770827790942314 6.395487765455773 6.684714680807218 6.834122143280264 6.930411649142706 7.002727097935015 7.059905819611754 7.106662974870469 7.145534337156026 7.1784539703882295 7.206836058957132 7.231693053576953 7.2537371890282225 7.336337193162893 7.434431786502874 7.4956189196904175 7.53983296819291 7.574095536467989 7.601683929827593 7.624860638575998 7.644639470817989 7.661894693449696 7.6635222664705855 7.665079227341506 7.666611492668762 7.668136594754593 7.66965969718194 7.671182942459127 7.6727067343255655 7.674230015518766 7.677101263033094 7.690666237957792 7.7141019431060025 7.733492353156229 7.750120321426659 7.764568504316008 7.7824832497810394 7.797712906266707 7.81079733469201 7.814958085988962 7.822183776006575 7.832233633638934 7.840774998932669 7.845961040870891 7.848261040849421 7.857262345676363 7.866375486306562 7.88114345779008 7.892454886044847 7.902287800410781 7.9113193328676505 7.919545708025832 7.926847940895552 7.934023699362975 7.940497631883275 7.946502552585337 
# stellar_mass_list
-10.0 6.6904573637224445 8.336612017684958 8.774065615562762 8.77075191228998 8.758656098611606 8.74332533553406 8.729323506189475 8.717613942032072 8.70792082973274 8.699771372361448 8.692774217798494 8.686644187064688 8.68118616250291 8.676262354121059 8.671773829384968 8.653771421162086 8.629659553808489 8.612970655466212 8.600115821763277 8.589624596080487 8.580730990562493 8.57299778191094 8.566139436573826 8.559960048027692 8.559365255898918 8.558797641023101 8.558238776448944 8.557680592410556 8.55712091814838 8.556559045969156 8.555994626582226 8.555430743632837 8.554358873058847 8.549235932047717 8.540051186640959 8.532042158353422 8.524848057300812 8.518427622333313 8.509866380646747 8.50220956582927 8.495329608439935 8.493095521340464 8.489060008345383 8.483210701605703 8.477925003896283 8.474543176587268 8.47299981487474 8.466682649129979 8.459804709565145 8.447283165086557 8.436641988973673 8.4273388155062 8.4187922694897 8.41068849247803 8.40376030196056 8.396826995705153 8.390580687458172 8.384864202260964 
# remnant_mass_list
-10.0 -10.0 5.311839619418838 6.963935383992682 7.48399582711366 7.640288308017645 7.71884779112444 7.765854041107992 7.797178201329453 7.820123364453327 7.8380548205863825 7.8527250165388205 7.865120786822611 7.875840763691262 7.885273235017212 7.893683059595482 7.9256730413584595 7.964689452505832 7.989432842695443 8.007364542533182 8.021327822642949 8.03272118422185 8.042313539208864 8.05058651393325 8.057859328007465 8.05855081233638 8.059208601160435 8.059854734186807 8.060498901623665 8.061143639293057 8.061789720085967 8.062437694232337 8.063083886426329 8.064307103206957 8.070087538872995 8.080183304275653 8.08871478225162 8.096173091454059 8.102667846462895 8.111101288305047 8.118434354286842 8.124859621900097 8.126915351521768 8.130584065072677 8.135817638540567 8.140455608381272 8.143381475630495 8.144703750448766 8.15005578693152 8.155749504293157 8.165798256105711 8.174018217583319 8.180974995736115 8.187189234965638 8.192932779205726 8.197719154233615 8.202414114772859 8.206554086080574 8.210270385049238 
# BH_mass_list
-10.0 -10.0 5.077925077532955 6.726274185609715 7.196109091972291 7.261801957289893 7.285879318436395 7.294485849074814 7.297477145245527 7.298487677111101 7.2988052830730705 7.298901191281289 7.298920952385872 7.298925055952433 7.298927131175774 7.298928510586184 7.298929624349569 7.298929624349569 7.298929624349569 7.298929624349569 7.298929624349569 7.298929624349569 7.298929624349569 7.298929624349569 7.298929624349569 7.298929624349569 7.298929624349569 7.298929624349569 7.298929624349569 7.298929624349569 7.298929624349569 7.298929624349569 7.298929624349569 7.298929624349569 7.298929624349569 7.298929624349569 7.298929624349569 7.298929624349569 7.298929624349569 7.298929624349569 7.298929624349569 7.298929624349569 7.298929624349569 7.298929624349569 7.298929624349569 7.298929624349569 7.298929624349569 7.298929624349569 7.298929624349569 7.298929624349569 7.298929624349569 7.298929624349569 7.298929624349569 7.298929624349569 7.298929624349569 7.298929624349569 7.298929624349569 7.298929624349569 7.298929624349569 
# NS_mass_list
-10.0 -10.0 4.931392137801536 6.588684319873679 7.169412363597413 7.404934607746531 7.5173970978282165 7.571904779222108 7.587360337103888 7.593110437711783 7.5951452691286665 7.595837973087586 7.596065246336301 7.596138611872163 7.596161525173702 7.596170595504055 7.596177816140815 7.596177816140815 7.596177816140815 7.596177816140815 7.596177816140815 7.596177816140815 7.596177816140815 7.596177816140815 7.596177816140815 7.596177816140815 7.596177816140815 7.596177816140815 7.596177816140815 7.596177816140815 7.596177816140815 7.596177816140815 7.596177816140815 7.596177816140815 7.596177816140815 7.596177816140815 7.596177816140815 7.596177816140815 7.596177816140815 7.596177816140815 7.596177816140815 7.596177816140815 7.596177816140815 7.596177816140815 7.596177816140815 7.596177816140815 7.596177816140815 7.596177816140815 7.596177816140815 7.596177816140815 7.596177816140815 7.596177816140815 7.596177816140815 7.596177816140815 7.596177816140815 7.596177816140815 7.596177816140815 7.596177816140815 7.596177816140815 
# WD_mass_list
-10.0 -10.0 -10.0 -10.0 -10.0 3.3014648282152805 5.049742105974505 6.116336053665896 6.62130950456804 6.846380437285208 6.982630238622229 7.075800896790894 7.144514130613153 7.1979174805933095 7.2410642317851055 7.276947002370389 7.396279872665929 7.516215382914247 7.582413310487562 7.6268002513488 7.659612986070883 7.685383718965452 7.706445460738243 7.72417821854282 7.739457060713166 7.740895233651749 7.742261036219364 7.743600474541816 7.744933714617946 7.7462660216400865 7.747598993165173 7.748933758376747 7.750262755715591 7.75277279598087 7.764535139462512 7.784701481245193 7.801389624864026 7.815728363169661 7.828033650396895 7.843772372559274 7.8572474491292095 7.868900911029445 7.872600062258129 7.87916721364501 7.888460718969933 7.896624988964662 7.9017416675997065 7.904045603347185 7.913318412566724 7.923092740777773 7.9401244895584195 7.953857800769512 7.965347119547434 7.975510427961762 7.984822988607324 7.992525897355125 8.00003203157185 8.006610994067152 8.012485517476122 
