# time_axis
5.999999999999999 7.0 7.30102999566398 7.477121254719661 7.602059991327962 7.698970004336018 7.778151250383643 7.845098040014256 7.903089986991943 7.954242509439324 8.0 8.041392685158224 8.079181246047623 8.113943352306837 8.146128035678238 8.176091259055681 8.301029995663981 8.47712125471966 8.60205999132796 8.698970004336019 8.778151250383644 8.845098040014257 8.903089986991942 8.954242509439323 8.999999999999998 9.004321373782641 9.008600171761916 9.012837224705171 9.017033339298779 9.021189299069936 9.02530586526477 9.02938377768521 9.033423755486949 9.041392685158224 9.079181246047623 9.146128035678236 9.204119982655923 9.255272505103305 9.301029995663981 9.361727836017593 9.414973347970816 9.462397997898954 9.477121254719663 9.505149978319904 9.544068044350274 9.57978359661681 9.60205999132796 9.612783856719734 9.653212513775342 9.698970004336017 9.778151250383642 9.845098040014257 9.903089986991944 9.954242509439325 10.0 10.041392685158225 10.079181246047623 10.113943352306835 10.146128035678236 
# total_gas_mass_list
8.563351467391335 10.239201092896774 10.608665974639052 10.569470767008777 10.453246467454916 10.290092050929582 10.096280113820322 9.881272343446778 9.65098999554033 9.409368956771115 9.159159897652284 8.902373611067064 8.640552822540181 8.374957701223979 8.106716792292216 7.836983308552997 7.85625664831279 7.869819945345701 7.8784210132464345 7.88477226944424 7.889792887186766 7.8939111639309925 7.897392087771101 7.900401472973518 7.903042752443805 7.903292767050732 7.9035378705204415 7.903778348725493 7.9040153310379955 7.904249979958732 7.904483165564358 7.904715641720664 7.904947379814643 7.9054004028706135 7.907511855728676 7.911197485598453 7.914272500793481 7.916934955917352 7.919247789224089 7.92218154289984 7.92467058928759 7.926829799356184 7.927502407296126 7.928723262465409 7.930391928153227 7.931808451564837 7.9326855110534975 7.933074027746595 7.934586532300344 7.93613394930506 7.938653676486267 7.940609319287239 7.942332746768601 7.943922951401173 7.945429128388197 7.946740415273668 7.948023819040304 7.949231158892067 7.950323069837688 
# ejected_gas_mass_list
-10.0 -10.0 3.806652896664236 5.498919897753351 6.107375288988665 6.424185488277281 6.613057495084982 6.736492637619457 6.822980447761771 6.886591596884761 6.935159631996048 6.973321346228187 7.0040676429825375 7.029391855491326 7.050657511841404 7.0688311925386005 7.13172425952591 7.198753483223739 7.2376861228876885 7.264797272251313 7.285352705158627 7.301684170499386 7.315140225092608 7.326530329532632 7.336349794498735 7.337270928271498 7.338172588569796 7.3390559115151985 7.339925116467098 7.340784518414594 7.341637338299478 7.342486354368093 7.343331477447732 7.344980164149039 7.3526051616476416 7.36568808058063 7.376391739579233 7.3855103296624485 7.393323253143415 7.403093857425302 7.411264832777257 7.418267678805502 7.420433273657081 7.4243451618930045 7.4296530940973735 7.434124390689015 7.436877190241694 7.438092828378742 7.442803435988009 7.447587206295895 7.455301530118505 7.461226064628061 7.466402697665474 7.471143000647551 7.475601391736433 7.479458406738008 7.483211671437209 7.486723138320787 7.489882944535407 
# stellar_mass_list
-10.0 6.068501445711242 7.747717036609954 8.17831476094357 8.261973276681918 8.269305965141637 8.244203479551341 8.206821252598017 8.167572150822142 8.131490671259982 8.100453487737528 8.07461228587523 8.05333341338608 8.03575471711982 8.021059047340868 8.008572259306026 7.96458943745167 7.916101957258824 7.885994536286808 7.864256056359024 7.847308198288172 7.833456810113375 7.821770885376676 7.811667069457057 7.802795131392988 7.801953661071875 7.801129378402095 7.800321869942637 7.799526702133168 7.798739181754184 7.79795583176052 7.797173971020373 7.796393777548268 7.79486906103797 7.787747262082288 7.775302981958998 7.764768727015542 7.75551691894613 7.747396609310796 7.736858592061997 7.727672276848786 7.719585282706168 7.717016416664025 7.712351098790576 7.705720163236353 7.699871085734073 7.69612144610258 7.694446482496484 7.687643255227668 7.680375919398516 7.667501058464481 7.656821925551607 7.647492661293073 7.638919252537924 7.630824044475755 7.623869938750252 7.61694261797601 7.610670253418543 7.6049584919289455 
# remnant_mass_list
-10.0 -10.0 5.118796227723055 6.80534457019686 7.344918582491808 7.58691628909496 7.722235051561981 7.80364641126402 7.854434823054922 7.886980323208441 7.9083948207092245 7.9229215357016844 7.933135236571504 7.940608874930811 7.946300350495774 7.950807285276809 7.964605188894834 7.978548920972049 7.986486998927451 7.991899866654419 7.995943981479366 7.999139335198883 8.001760646569661 8.003973845539301 8.005877013314274 8.006055868558578 8.006230573583172 8.006401241111346 8.006568919887458 8.006734719629907 8.006899465107365 8.007063781113605 8.007227627229797 8.007546757160249 8.009022101593072 8.011546018599196 8.013628315814563 8.015420243754674 8.016962136177005 8.01892047882662 8.020592627559589 8.02203701349972 8.022492273256214 8.023307902884957 8.024457655750462 8.025453529376719 8.026088243930182 8.026367050059406 8.02750255118483 8.02868811456225 8.030753168731763 8.032420505594398 8.033849143853251 8.035145918960826 8.036358773755435 8.037375949037456 8.0383873378402 8.03928804937962 8.0400954895804 
# BH_mass_list
-10.0 -10.0 4.974916990877146 6.659832163664847 7.17742060753768 7.391265557277621 7.50438655875302 7.56790626002081 7.604169444506897 7.6248736935663946 7.636611421921213 7.64320025925738 7.6468602349423325 7.648873292966411 7.649959954200657 7.650536141789103 7.650835970630405 7.650835970630405 7.650835970630405 7.650835970630405 7.650835970630405 7.650835970630405 7.650835970630405 7.650835970630405 7.650835970630405 7.650835970630405 7.650835970630405 7.650835970630405 7.650835970630405 7.650835970630405 7.650835970630405 7.650835970630405 7.650835970630405 7.650835970630405 7.650835970630405 7.650835970630405 7.650835970630405 7.650835970630405 7.650835970630405 7.650835970630405 7.650835970630405 7.650835970630405 7.650835970630405 7.650835970630405 7.650835970630405 7.650835970630405 7.650835970630405 7.650835970630405 7.650835970630405 7.650835970630405 7.650835970630405 7.650835970630405 7.650835970630405 7.650835970630405 7.650835970630405 7.650835970630405 7.650835970630405 7.650835970630405 7.650835970630405 
# NS_mass_list
-10.0 -10.0 4.569054708317645 6.259733624156166 6.8500831967273035 7.146441901505947 7.317723846449057 7.421147437286388 7.48224519602635 7.518292241931627 7.539352810354858 7.551498634270871 7.558407258447781 7.562285170283957 7.564431749526214 7.5656037312475695 7.566613546918389 7.566613546918389 7.566613546918389 7.566613546918389 7.566613546918389 7.566613546918389 7.566613546918389 7.566613546918389 7.566613546918389 7.566613546918389 7.566613546918389 7.566613546918389 7.566613546918389 7.566613546918389 7.566613546918389 7.566613546918389 7.566613546918389 7.566613546918389 7.566613546918389 7.566613546918389 7.566613546918389 7.566613546918389 7.566613546918389 7.566613546918389 7.566613546918389 7.566613546918389 7.566613546918389 7.566613546918389 7.566613546918389 7.566613546918389 7.566613546918389 7.566613546918389 7.566613546918389 7.566613546918389 7.566613546918389 7.566613546918389 7.566613546918389 7.566613546918389 7.566613546918389 7.566613546918389 7.566613546918389 7.566613546918389 7.566613546918389 
# WD_mass_list
-10.0 -10.0 -10.0 -10.0 -10.0 2.607066999642388 4.379910410162686 5.4481273493641496 5.986950353952478 6.289211530274299 6.4841302135647 6.61902825907321 6.716753739958531 6.790043992188518 6.846623963605719 6.891429150358106 7.023414866135991 7.132302624790283 7.185175408390738 7.2183463073004495 7.241821554265888 7.2596573144583845 7.27385423494059 7.285553834786486 7.295414570545537 7.29633204658997 7.297226729527092 7.298099306439233 7.298955231690981 7.299800233955195 7.300638556476741 7.301473400708725 7.302304576342576 7.303919835765148 7.311325265209135 7.323764679245592 7.333818451399752 7.342325253579354 7.3495414302001665 7.358573042687833 7.366170259783415 7.372650392759584 7.374677420183443 7.378290751682456 7.383345121546981 7.387686645753224 7.39043635740993 7.391639983690839 7.396515744010902 7.401562111480403 7.410246533916296 7.41716326619185 7.423024112220955 7.428292785235785 7.433177328391555 7.437242247293636 7.4412559871398605 7.444807313930588 7.447972587768594 
