# time_axis
5.999999999999999 7.0 7.30102999566398 7.477121254719661 7.602059991327962 7.698970004336018 7.778151250383643 7.845098040014256 7.903089986991943 7.954242509439324 8.0 8.041392685158224 8.079181246047623 8.113943352306837 8.146128035678238 8.176091259055681 8.301029995663981 8.47712125471966 8.60205999132796 8.698970004336019 8.778151250383644 8.845098040014257 8.903089986991942 8.954242509439323 8.999999999999998 9.004321373782641 9.008600171761916 9.012837224705171 9.017033339298779 9.021189299069936 9.02530586526477 9.02938377768521 9.033423755486949 9.041392685158224 9.079181246047623 9.146128035678236 9.204119982655923 9.255272505103305 9.301029995663981 9.361727836017593 9.414973347970816 9.462397997898954 9.477121254719663 9.505149978319904 9.544068044350274 9.57978359661681 9.60205999132796 9.612783856719734 9.653212513775342 9.698970004336017 9.778151250383642 9.845098040014257 9.903089986991944 9.954242509439325 10.0 10.041392685158225 10.079181246047623 10.113943352306835 10.146128035678236 
# total_gas_mass_list
8.328290912707383 9.997622776970132 10.347501806066951 10.475928888367736 10.529470303498975 10.552142529487973 10.393955791330564 10.231082147975783 10.06509237355666 9.895026753095914 9.723089482973768 9.550311786180687 9.377261181783542 9.204299722350312 9.0316891899238 8.859670516435664 8.87115234950757 8.915823735666365 8.939730761635396 8.951443995815993 8.960553860289956 8.966872150065615 8.971664580926506 8.975472886311785 8.97857893492822 8.978859956156619 8.979136221546973 8.979407298013614 8.979672858652403 8.97993299847949 8.980188405985217 8.980440442367726 8.980689443170158 8.981175970153558 8.983381892295842 8.98695178603022 8.989726566483617 8.991974919852288 8.993832054300167 8.996106520513857 8.998000222090559 8.999611903554367 9.000103398034765 9.001009422440523 9.002242087429476 9.0033143923834 9.00396435386709 9.004262867622012 9.005376892608268 9.00654426016986 9.008409056915806 9.00983529831177 9.011008080020673 9.012008328371698 9.012883852703235 9.013635987590112 9.014321280459637 9.014932013022035 9.01548340714762 
# ejected_gas_mass_list
-10.0 -10.0 -10.0 -10.0 -10.0 -10.0 -10.0 7.293721132458537 7.842968892387554 7.858517562469009 7.837488243490471 7.825696832626842 7.8274783634266445 7.838574105096714 7.854237578217463 7.871429224672434 7.971214293157081 8.240821154991323 8.343859566135347 8.388322360305219 8.420747582988303 8.442263817067902 8.458098923898632 8.47040264795609 8.480263011505729 8.481147624242283 8.48201606992005 8.482867055010296 8.483699624292717 8.484514146319666 8.48531284103238 8.486100015827752 8.486876758652775 8.488391732707713 8.495216081302804 8.506109127906432 8.51445134767721 8.521133541506567 8.526602145197204 8.533238426131133 8.538713455327773 8.54333788099696 8.544741781399761 8.547322043564765 8.55081666739889 8.553841953652293 8.55566909098951 8.55650660108985 8.559622972506046 8.562873240775248 8.568033276184382 8.571953587030801 8.575160454393462 8.57788374090561 8.580258626315114 8.582292293360576 8.584140022919213 8.5857825638709 8.58726217399819 
# stellar_mass_list
-10.0 6.246129821705237 7.919178243660366 8.338090656495176 8.541657377636492 8.663962332392225 8.747673331751914 8.740356437153771 8.71961746035171 8.76374723837667 8.794564572701123 8.813826211894632 8.825409470619931 8.83203601306267 8.835481384783149 8.836896273480436 8.821987101375738 8.708337394626223 8.621773948708029 8.581431148960963 8.553882337166328 8.5329472790637 8.516086750362991 8.501997015770332 8.48992525317822 8.488803130669377 8.487694903017246 8.486602817732754 8.48552845268154 8.484471923808199 8.48343027233298 8.482396912030152 8.481370601071434 8.479351414841561 8.469975832119104 8.453918688222737 8.440547717158166 8.42902481156726 8.418979859456362 8.406039051536045 8.394908939530525 8.385186107031663 8.382160409576906 8.376554339292515 8.368743078126247 8.36177826375782 8.357395635008857 8.35537403257646 8.347490448563617 8.338903590224652 8.324023891623634 8.311717665293658 8.301119018598097 8.291639013466298 8.28295647768264 8.27537170845419 8.268129518935377 8.261557068508752 8.255552157602812 
# remnant_mass_list
-10.0 -10.0 4.741245780794279 6.416552137020783 6.873765741116172 7.145170293642755 7.346551180425305 7.506184226755939 7.605167386517526 7.645147127141623 7.70153229497244 7.737407597915693 7.763072431688841 7.782721204701792 7.798457855702898 7.811475269615672 7.854484530800284 7.897626029616979 7.938997129884573 7.980319117276559 7.986764277141636 7.968414762527868 7.984415493933036 7.9971813632229845 8.007697392291686 8.008657351356474 8.009602457060303 8.01053021540991 8.01143906425842 8.012328829143954 8.013202808006698 8.01406857260792 8.014927291815827 8.016610115443811 8.02428138760464 8.036939929725612 8.047029937306286 8.055431797386236 8.062527477199307 8.071360696397006 8.078711171014433 8.084946277211037 8.086859499038823 8.090342861003693 8.095125758322746 8.099284928770986 8.101873568135957 8.103045417957494 8.107603199971383 8.112423556240772 8.1205527069009 8.127026543891242 8.132443869452329 8.13718958586014 8.141463332827616 8.14509189477155 8.148528670788432 8.151584438627102 8.154323427088638 
# BH_mass_list
-10.0 -10.0 -10.0 -10.0 -10.0 -10.0 -10.0 -10.0 -10.0 -10.0 -10.0 -10.0 -10.0 -10.0 -10.0 -10.0 -10.0 -10.0 -10.0 -10.0 -10.0 -10.0 -10.0 -10.0 -10.0 -10.0 -10.0 -10.0 -10.0 -10.0 -10.0 -10.0 -10.0 -10.0 -10.0 -10.0 -10.0 -10.0 -10.0 -10.0 -10.0 -10.0 -10.0 -10.0 -10.0 -10.0 -10.0 -10.0 -10.0 -10.0 -10.0 -10.0 -10.0 -10.0 -10.0 -10.0 -10.0 -10.0 -10.0 
# NS_mass_list
-10.0 -10.0 4.741245780794279 6.425804909329851 7.006812835809629 7.352612875830495 7.586819070388753 7.756009964662294 7.866655526182796 7.914539976231563 7.932857794449524 7.938504659004703 7.938504659004703 7.938504659004703 7.938504659004703 7.938504659004703 7.938504659004703 7.938504659004703 7.955506403401483 7.981583091919752 7.997281587868688 8.008169780643787 8.016352448312146 8.02282382228104 8.028127077078715 8.028606902566144 8.029078711512497 8.029542763266567 8.029999001941972 8.030447885830412 8.030889740493746 8.031324353109369 8.031752312166002 8.032588488637195 8.036418264877879 8.042709778852181 8.047721768201583 8.051853003968057 8.055345228303805 8.05675402341794 8.05675402341794 8.05675402341794 8.05675402341794 8.05675402341794 8.05675402341794 8.05675402341794 8.05675402341794 8.05675402341794 8.05675402341794 8.05675402341794 8.05675402341794 8.05675402341794 8.05675402341794 8.05675402341794 8.05675402341794 8.05675402341794 8.05675402341794 8.05675402341794 8.05675402341794 
# WD_mass_list
-10.0 -10.0 -10.0 -10.0 -10.0 2.807158812428828 4.575109745268043 5.640154797945348 6.179442407114342 6.5260715013564825 6.774026069159984 6.961572015630037 7.096168763816141 7.180723413045988 7.240505145653933 7.285810824097758 7.415900090138071 7.5253811712152965 7.579283928765155 7.61325588632148 7.637365627781692 7.655714143537617 7.670353542556797 7.682422047921485 7.692590397957694 7.693535147134925 7.694467710066168 7.695382312747863 7.69627578926895 7.697146733630687 7.698001205529102 7.69885525864527 7.699709994993823 7.701393015055094 7.70907079876115 7.7219537174148 7.732360494625216 7.741198187919148 7.748712649130771 7.76396342983294 7.778753728139263 7.791105578396907 7.794861217181193 7.801658520467415 7.810908396126521 7.818875776388552 7.8237997008052504 7.826020049761496 7.834605439909469 7.843600088876707 7.858577248372104 7.8703393207774655 7.8800736799526385 7.888522879014175 7.896070926927923 7.902435311482314 7.908426709762305 7.913724557591392 7.9184501402479395 
