# time_axis
1000000 10000000 20000000 30000000 40000000 50000000 60000000 70000000 80000000 90000000 100000000 110000000 120000000 130000000 140000000 150000000 200000000 300000000 400000000 500000000 600000000 700000000 800000000 900000000 1000000000 1010000000 1020000000 1030000000 1040000000 1050000000 1060000000 1070000000 1080000000 1100000000 1200000000 1400000000 1600000000 1800000000 2000000000 2300000000 2600000000 2900000000 3000000000 3200000000 3500000000 3800000000 4000000000 4100000000 4500000000 5000000000 6000000000 7000000000 8000000000 9000000000 10000000000 11000000000 12000000000 13000000000 14000000000 
# SNIa_energy_release_list
0 0.0 0.0 0.0 0.0 0.0 3.1508968918361184e+53 1.427883825909987e+55 5.30490324099878e+55 9.946938526127504e+55 1.4528935121802732e+56 1.8745275678143965e+56 2.2536226807379467e+56 2.593445318864455e+56 2.899614730608363e+56 3.1775692393352386e+56 4.275724028948557e+56 5.7097035499159695e+56 6.676931454974349e+56 7.408073749333013e+56 7.996126035543176e+56 8.488060157939453e+56 8.910936949124601e+56 9.281776476633094e+56 9.61201404208327e+56 9.643121185923903e+56 9.673917520606632e+56 9.704416752872268e+56 9.734605331142862e+56 9.764496333120898e+56 9.794095083592622e+56 9.823399216811098e+56 9.852419648186894e+56 9.909642653156529e+56 1.0180561728228577e+57 1.0658815525702965e+57 1.107155908624476e+57 1.1434585008733067e+57 1.1758633825458304e+57 1.218757750498843e+57 1.2563082551377014e+57 1.2896999567295337e+57 1.3000609429560332e+57 1.3197628098027191e+57 1.3471003592491098e+57 1.3721705199455356e+57 1.3877966721111043e+57 1.3953156912823296e+57 1.4236515779496586e+57 1.4556958347770075e+57 1.5111000960290682e+57 1.5578898913214732e+57 1.5983921165780625e+57 1.634103611646449e+57 1.666016384855103e+57 1.694899568915003e+57 1.72125059735212e+57 1.7454847097189065e+57 1.767917502727703e+57 
# SNII_energy_release_list
0 0.0 4.064477328886153e+53 1.8509105101343413e+55 7.250384812880167e+55 1.428077280982596e+56 2.121537409870317e+56 2.6407152898181247e+56 2.8920265493702694e+56 3.003341034207826e+56 3.0492903106064327e+56 3.067270103370021e+56 3.0740222733333962e+56 3.0765117371597974e+56 3.0774349166320753e+56 3.077777533295238e+56 3.0780510440585704e+56 3.0780510440585704e+56 3.0780510440585704e+56 3.0780510440585704e+56 3.0780510440585704e+56 3.0780510440585704e+56 3.0780510440585704e+56 3.0780510440585704e+56 3.0780510440585704e+56 3.0780510440585704e+56 3.0780510440585704e+56 3.0780510440585704e+56 3.0780510440585704e+56 3.0780510440585704e+56 3.0780510440585704e+56 3.0780510440585704e+56 3.0780510440585704e+56 3.0780510440585704e+56 3.0780510440585704e+56 3.0780510440585704e+56 3.0780510440585704e+56 3.0780510440585704e+56 3.0780510440585704e+56 3.0780510440585704e+56 3.0780510440585704e+56 3.0780510440585704e+56 3.0780510440585704e+56 3.0780510440585704e+56 3.0780510440585704e+56 3.0780510440585704e+56 3.0780510440585704e+56 3.0780510440585704e+56 3.0780510440585704e+56 3.0780510440585704e+56 3.0780510440585704e+56 3.0780510440585704e+56 3.0780510440585704e+56 3.0780510440585704e+56 3.0780510440585704e+56 3.0780510440585704e+56 3.0780510440585704e+56 3.0780510440585704e+56 3.0780510440585704e+56 
# SN_energy_per_current_crossing_time_list
0.0 0.0 1.5954840744527408e+54 4.2129463317166845e+55 1.1154080220877709e+56 1.4037975425223278e+56 1.3780564711257365e+56 1.0470648772853202e+56 5.348928339788496e+55 2.610455942346602e+55 1.289779443867319e+55 6.949864928821336e+54 4.338751947689604e+54 3.169374940022081e+54 2.5939747216418132e+54 2.2618385698468928e+54 1.7759270632732268e+54 1.1840616226324958e+54 8.149696733829475e+53 6.261777612775728e+53 5.106176398048437e+53 4.322986139066931e+53 3.755770032867947e+53 3.3252783440945073e+53 2.987171785009527e+53 2.816182819970458e+53 2.790324243808302e+53 2.7656228599416028e+53 2.7396360285210848e+53 2.7147954442199545e+53 2.6904050995489804e+53 2.665769120391755e+53 2.6420879730262417e+53 2.6089018910074902e+53 2.488751484898036e+53 2.226509732889804e+53 1.944411694506068e+53 1.7286065797823949e+53 1.5579237892615581e+53 1.3925034049827499e+53 1.233003862103391e+53 1.1076954865025277e+53 1.0345240877101962e+53 9.894736139271316e+52 9.231506216851266e+52 8.529843191247554e+52 8.01285976487106e+52 7.727785495897528e+52 7.343619090607454e+52 6.704533032945503e+52 5.888740010506238e+52 5.038000950981483e+52 4.411148488675586e+52 3.9308339752415414e+52 3.54844564484801e+52 3.2397384551592457e+52 2.981646637725888e+52 2.764185287891425e+52 2.577539512414909e+52 
# SN_energy_per_final_crossing_time_list
0.0 0.0 1.2453614561396899e+54 5.546679170813556e+55 1.6544063691208065e+56 2.1541205731126e+56 2.125133433407385e+56 1.606812599913967e+56 8.145683168857807e+55 3.944063413036516e+55 1.934365939923797e+55 1.0353630380387039e+55 6.424696627369203e+54 4.667354825742296e+54 3.800765829935858e+54 3.2986898908434754e+54 2.5403318744246844e+54 1.647649881955294e+54 1.1113498625964901e+54 8.400862755556446e+53 6.7567511654843385e+53 5.652348494832039e+53 4.858876189583138e+53 4.260965340087429e+53 3.7944466972869524e+53 3.574226906839545e+53 3.5385147739362014e+53 3.5043775526363713e+53 3.4686832480283824e+53 3.434491578193116e+53 3.4009117290501377e+53 3.3670600543617854e+53 3.334462565990502e+53 3.2874764250376203e+53 3.112874176618361e+53 2.747580427165889e+53 2.371222422847796e+53 2.085593307256725e+53 1.861668827267822e+53 1.642861683423218e+53 1.4381907977281105e+53 1.278907924453317e+53 1.1904826731078514e+53 1.1318773423745192e+53 1.0470328541350583e+53 9.601914743338205e+52 8.977264805583204e+52 8.639391894195822e+52 8.139520062850361e+52 7.363803346830047e+52 6.36597825680186e+52 5.376171665145825e+52 4.6537266179314845e+52 4.1032692429372064e+52 3.666794137661832e+52 3.318692778449396e+52 3.0277467884984e+52 2.7845120377653883e+52 2.577539512414909e+52 
# total_energy_release_list
0 0 4.064477328886153e+53 1.8509105101343413e+55 7.250384812880167e+55 1.428077280982596e+56 2.124688306762153e+56 2.7835036724091234e+56 3.4225168734701477e+56 3.998034886820577e+56 4.502183822786706e+56 4.941797671184417e+56 5.327644954071343e+56 5.6699570560242525e+56 5.977049647240438e+56 6.255346772630476e+56 7.3537750730071275e+56 8.787754593974539e+56 9.75498249903292e+56 1.0486124793391583e+57 1.1074177079601748e+57 1.1566111201998022e+57 1.1988987993183172e+57 1.2359827520691663e+57 1.269006508614184e+57 1.2721172229982472e+57 1.2751968564665203e+57 1.2782467796930838e+57 1.2812656375201431e+57 1.284254737717947e+57 1.2872146127651192e+57 1.2901450260869669e+57 1.2930470692245465e+57 1.2987693697215098e+57 1.3258612772287146e+57 1.3736866569761536e+57 1.414961013030333e+57 1.4512636052791636e+57 1.4836684869516874e+57 1.5265628549047e+57 1.5641133595435584e+57 1.5975050611353907e+57 1.6078660473618903e+57 1.627567914208576e+57 1.654905463654967e+57 1.6799756243513928e+57 1.6956017765169612e+57 1.7031207956881867e+57 1.7314566823555156e+57 1.7635009391828646e+57 1.8189052004349252e+57 1.8656949957273303e+57 1.9061972209839196e+57 1.941908716052306e+57 1.9738214892609603e+57 2.00270467332086e+57 2.029055701757977e+57 2.0532898141247636e+57 2.0757226071335602e+57 
# binding_energy_list
8.85115609830841e+54 8.85115609830841e+54 8.85115609830841e+54 8.85115609830841e+54 8.830799004185586e+54 8.810488730080146e+54 8.790225168308896e+54 8.770008211436303e+54 8.770008211436303e+54 8.749837752274363e+54 8.729713683881166e+54 8.709635899560761e+54 8.709635899560761e+54 8.68960429286302e+54 8.669618757582214e+54 8.669618757582214e+54 8.609937521846052e+54 8.531001140175843e+54 8.472274141405911e+54 8.413951416451895e+54 8.375292821268861e+54 8.336811846196331e+54 8.298507675144166e+54 8.260379495771817e+54 8.241381150129963e+54 8.241381150129963e+54 8.241381150129963e+54 8.222426499470695e+54 8.222426499470695e+54 8.222426499470695e+54 8.222426499470695e+54 8.222426499470695e+54 8.222426499470695e+54 8.20351544329821e+54 8.184647881347836e+54 8.147042840208421e+54 8.090958991783846e+54 8.053784411990643e+54 8.035261221856194e+54 7.979946872679785e+54 7.94328234724279e+54 7.90678627999831e+54 7.888601176185516e+54 7.870457896951001e+54 7.852356346100775e+54 7.816278045883308e+54 7.798301105232642e+54 7.798301105232642e+54 7.762471166286928e+54 7.744617978025239e+54 7.691304402866145e+54 7.655966069112569e+54 7.620790100254084e+54 7.585775750291883e+54 7.550922276654341e+54 7.516228940182015e+54 7.498942093324558e+54 7.464487584100623e+54 7.447319739059888e+54 
# total_gas_kinetic_energy_list
3.555417159551863e+57 1.5234538434556997e+59 3.039814219208482e+59 1.6016610994096374e+59 7.531929258732311e+58 3.239530680926675e+58 1.3052306354242307e+58 5.0124196510052946e+57 1.8588498550082306e+57 6.739824997575352e+56 2.4314270131762135e+56 9.027795829238802e+55 3.6916854980446856e+55 1.8373515299409548e+55 1.1811574087829563e+55 9.333712973184088e+54 3.496274833323314e+55 7.423325163086099e+55 1.0452876779731096e+56 1.2903291526715022e+56 1.4970005274786332e+56 1.6765818831491753e+56 1.8378622473909748e+56 1.985345687987612e+56 2.121371097142964e+56 2.1346265042401545e+56 2.1474528984447185e+56 2.1600707885589293e+56 2.172616515486806e+56 2.1851808643980252e+56 2.197797939228718e+56 2.210488274139439e+56 2.223203760563231e+56 2.2477188467485733e+56 2.3653831867612585e+56 2.5806117311172938e+56 2.7713871231687624e+56 2.9453477310717366e+56 3.102486227037849e+56 3.310888608102308e+56 3.4962444584312696e+56 3.6618642458271568e+56 3.71549087116329e+56 3.8120585131805874e+56 3.949269212784007e+56 4.068799560712227e+56 4.143341916751017e+56 4.176734618975922e+56 4.309804671632723e+56 4.448057248257527e+56 4.6822220430481885e+56 4.869319424723786e+56 5.036002910261098e+56 5.191996267478656e+56 5.342192299665373e+56 5.472405247992426e+56 5.603476240762655e+56 5.724358338555547e+56 5.835246030971026e+56 
