# time_axis
5.999999999999999 7.0 7.30102999566398 7.477121254719661 7.602059991327962 7.698970004336018 7.778151250383643 7.845098040014256 7.903089986991943 7.954242509439324 8.0 8.041392685158224 8.079181246047623 8.113943352306837 8.146128035678238 8.176091259055681 8.301029995663981 8.47712125471966 8.60205999132796 8.698970004336019 8.778151250383644 8.845098040014257 8.903089986991942 8.954242509439323 8.999999999999998 9.004321373782641 9.008600171761916 9.012837224705171 9.017033339298779 9.021189299069936 9.02530586526477 9.02938377768521 9.033423755486949 9.041392685158224 9.079181246047623 9.146128035678236 9.204119982655923 9.255272505103305 9.301029995663981 9.361727836017593 9.414973347970816 9.462397997898954 9.477121254719663 9.505149978319904 9.544068044350274 9.57978359661681 9.60205999132796 9.612783856719734 9.653212513775342 9.698970004336017 9.778151250383642 9.845098040014257 9.903089986991944 9.954242509439325 10.0 10.041392685158225 10.079181246047623 10.113943352306835 10.146128035678236 
# total_gas_mass_list
8.7873673767305 10.425853467292905 10.72594865143872 10.447708699239115 10.120066162909737 9.753669731372947 9.35890977144301 8.943309559316207 8.512555018432087 8.071985889468754 7.629074083995129 7.1981272850569145 6.807748578974361 6.5007058105175215 6.3038505895241315 6.19746227788889 6.766337434365503 7.088136298699899 7.235167199790963 7.328296408891978 7.3951360744964765 7.446434713720049 7.48769508020895 7.522042634709894 7.551311070005777 7.554052380069431 7.556688222022473 7.559263336810644 7.561807249140167 7.564339115626272 7.566865684946966 7.569390503801725 7.571904244921025 7.576704815451 7.599002916710415 7.636797169079206 7.667475585047768 7.6934463237056585 7.715501119601612 7.743002752410598 7.766022680179749 7.785527296851974 7.79166340885036 7.802434399606558 7.817286428751797 7.829799759289644 7.8374111122424255 7.840778076968297 7.8539036105284215 7.867102770308879 7.888468407649349 7.904732302678061 7.918720390170384 7.931404211467058 7.943266771796194 7.953299027960087 7.963133828891212 7.9720588904166325 7.980066081714043 
# ejected_gas_mass_list
-10.0 -10.0 3.872207480119735 5.535847182256145 6.180550560667466 6.514572206046301 6.702039701844361 6.824204423296018 6.914066003872895 6.984440669735973 7.04176464097214 7.089390189343442 7.12962029511427 7.1641648966648654 7.194277704667749 7.220875503615135 7.3197737882675735 7.436052460497419 7.508243697657417 7.560372836592056 7.6007789008857625 7.633432835590724 7.660699000385136 7.684057621495569 7.704422356563857 7.706351007212591 7.708208854751896 7.710027109411697 7.711826440023947 7.713620309804722 7.71541346152389 7.717208392261297 7.718998440794029 7.722425224055531 7.738483188994174 7.766218818684755 7.789196246827524 7.8089611097945895 7.82596439889532 7.847439575507296 7.8656405921208075 7.881218040100119 7.886147588075479 7.894833549192593 7.906878291988617 7.917086247445004 7.923321659690801 7.926086242253984 7.936899836777616 7.947831569948211 7.965646163676715 7.979303238840285 7.9911140957538 8.001874349656935 8.011980602315955 8.020559159048505 8.028996519685494 8.036676726910361 8.04358569285595 
# stellar_mass_list
-10.0 6.644699873161771 8.291770645987402 8.743022553884368 8.84216517250229 8.86897470339633 8.871512760995694 8.866137330797033 8.858908578293212 8.851873103319527 8.845563318908695 8.840004403526486 8.835086392153022 8.830688995021855 8.826712519461948 8.823080434755385 8.80841590103273 8.788460503941572 8.774393523676217 8.763403301747775 8.754327352223877 8.74655893702741 8.739749965679858 8.733665030451977 8.72815638902947 8.727623939699628 8.727109398851947 8.726605438471337 8.726104872234497 8.725604154655397 8.725101781543627 8.724597133843375 8.724092059536645 8.723119788398593 8.718493005884667 8.710142182900064 8.70280623985323 8.696159732436394 8.69018262270492 8.682166953598747 8.674940572474856 8.668399563740763 8.66627061797934 8.66239954357921 8.656768561055834 8.65166337498115 8.648371598872211 8.646870936963154 8.640698315344281 8.633940354062336 8.62151877826379 8.610874931254058 8.601565694750619 8.593012667894188 8.584911510441174 8.577976939462026 8.571045613469147 8.56479285314261 8.559077736846511 
# remnant_mass_list
-10.0 -10.0 5.041200243988405 6.694244268498601 7.226145417156906 7.445329000778937 7.561993929360167 7.632547061936155 7.679306235400121 7.712914805985987 7.738690980330991 7.759460031770209 7.776817157288205 7.791710580375208 7.8047459845190765 7.816327149872398 7.860157184333076 7.913429015352691 7.947237453896131 7.971789125968284 7.990954445565822 8.006623791536397 8.01983613594993 8.031254082712447 8.041288901800145 8.04224440600174 8.043164928053473 8.044064008349482 8.044954835754831 8.045843818526077 8.046733636525492 8.047625464842474 8.048516003219452 8.050223281377917 8.058235504969874 8.07224646618805 8.084098207633424 8.094489116839567 8.10356180936549 8.115344643670833 8.125610146907933 8.134622154613586 8.137501549860975 8.142665422612392 8.150028146157249 8.15654951093497 8.160681481410428 8.162544722688866 8.170094911344798 8.178136954338148 8.19235929538632 8.203991974266032 8.213771138141421 8.222451764924752 8.230419160472096 8.237040776533822 8.243495707211004 8.249175398248598 8.25425153752418 
# BH_mass_list
-10.0 -10.0 4.770890704415883 6.419247620159717 6.889195071806482 7.019003173030454 7.06880353862457 7.088584429486008 7.096307072111315 7.099236915329653 7.100300549924443 7.1006661422193 7.10078279412515 7.100809053459312 7.100814547078533 7.100817256095244 7.100818977782433 7.100818977782433 7.100818977782433 7.100818977782433 7.100818977782433 7.100818977782433 7.100818977782433 7.100818977782433 7.100818977782433 7.100818977782433 7.100818977782433 7.100818977782433 7.100818977782433 7.100818977782433 7.100818977782433 7.100818977782433 7.100818977782433 7.100818977782433 7.100818977782433 7.100818977782433 7.100818977782433 7.100818977782433 7.100818977782433 7.100818977782433 7.100818977782433 7.100818977782433 7.100818977782433 7.100818977782433 7.100818977782433 7.100818977782433 7.100818977782433 7.100818977782433 7.100818977782433 7.100818977782433 7.100818977782433 7.100818977782433 7.100818977782433 7.100818977782433 7.100818977782433 7.100818977782433 7.100818977782433 7.100818977782433 7.100818977782433 
# NS_mass_list
-10.0 -10.0 4.70711019112153 6.3655203097856665 6.958290432284414 7.2413848592417045 7.392201739186783 7.471705086719544 7.5049891069686225 7.518789863625866 7.52430989875193 7.526430698444506 7.527213709838405 7.52749280421082 7.527588887816491 7.527620459891255 7.527640775324146 7.527640775324146 7.527640775324146 7.527640775324146 7.527640775324146 7.527640775324146 7.527640775324146 7.527640775324146 7.527640775324146 7.527640775324146 7.527640775324146 7.527640775324146 7.527640775324146 7.527640775324146 7.527640775324146 7.527640775324146 7.527640775324146 7.527640775324146 7.527640775324146 7.527640775324146 7.527640775324146 7.527640775324146 7.527640775324146 7.527640775324146 7.527640775324146 7.527640775324146 7.527640775324146 7.527640775324146 7.527640775324146 7.527640775324146 7.527640775324146 7.527640775324146 7.527640775324146 7.527640775324146 7.527640775324146 7.527640775324146 7.527640775324146 7.527640775324146 7.527640775324146 7.527640775324146 7.527640775324146 7.527640775324146 7.527640775324146 
# WD_mass_list
-10.0 -10.0 -10.0 -10.0 -10.0 3.1865384565967005 4.936419792918749 6.007759750945917 6.5205889356754545 6.78128000205593 6.941877447856275 7.051416484667607 7.131499480047833 7.193145444779559 7.242524585786343 7.283317396450572 7.417570656966721 7.5516147741727515 7.6257867035259075 7.675749270203757 7.712858922064406 7.742120105531496 7.766111504436207 7.786381776164199 7.803865649843315 7.805514984423191 7.807101449391888 7.808648618416985 7.810179314166629 7.811704597652245 7.813229081850964 7.81475478038986 7.816276055675293 7.819186385253976 7.83273854545014 7.8560349518319414 7.875364966110126 7.8920460914681545 7.906418105671508 7.924828392310601 7.940644775054334 7.95436690699491 7.958720206587413 7.966490730740435 7.9774906170569535 7.987157762363616 7.993247076331152 7.995984022552878 8.00701896100372 8.018677053101309 8.039062900657644 8.055527350529475 8.06922972723527 8.081291063157792 8.092280128355505 8.101355666182782 8.110154022590937 8.117856886276437 8.124711152093273 
