# time_axis
1000000 10000000 20000000 30000000 40000000 50000000 60000000 70000000 80000000 90000000 100000000 110000000 120000000 130000000 140000000 150000000 160000000 170000000 180000000 190000000 200000000 210000000 220000000 230000000 240000000 250000000 260000000 270000000 280000000 290000000 300000000 310000000 320000000 330000000 340000000 350000000 360000000 370000000 380000000 390000000 400000000 500000000 600000000 700000000 800000000 900000000 1000000000 1010000000 1020000000 1030000000 1040000000 1050000000 1060000000 1070000000 1080000000 1100000000 1200000000 1400000000 1600000000 1800000000 2000000000 2300000000 2600000000 2900000000 3000000000 3200000000 3500000000 3800000000 4000000000 4100000000 4500000000 5000000000 6000000000 7000000000 8000000000 9000000000 10000000000 11000000000 12000000000 13000000000 14000000000 
# SNIa_energy_release_list
0 0 0 0 0 0 0 0 0 0 0 0 0 0 0 0 0 0 0 0 0 0 0 0 0 0 0 0 0 0 0 0 0 0 0 0 0 0 0 0 0 0 0 0 0 0 0 0 0 0 0 0 0 0 0 0 0 0 0 0 0 0 0 0 0 0 0 0 0 0 0 0 0 0 0 0 0 0 0 0 1e-10 
# SNII_energy_release_list
0 -1.2618374548230705e+55 -5.817822431880543e+56 -9.540995920554175e+56 -3.2600712393260797e+56 1.3091493644535001e+57 4.3161623638652696e+57 7.301062992370695e+57 8.062718344209928e+57 8.213435960935156e+57 8.058095522823384e+57 7.773804244549638e+57 7.57472997524829e+57 7.435493334124378e+57 7.338159109586321e+57 7.270124004894974e+57 7.222558960250321e+57 7.189290059929669e+57 7.166004452210709e+57 7.149690934982991e+57 7.138247616371105e+57 7.130207389412351e+57 7.124546172955803e+57 7.120549018811685e+57 7.117716670157764e+57 7.56241446635566e+57 8.032713198934316e+57 8.481490109100224e+57 8.892358215282392e+57 9.263018681689648e+57 9.595761711416472e+57 9.894111357449428e+57 1.0162231606277434e+58 1.0404158685339287e+58 1.0623553055671817e+58 1.082361482393332e+58 1.1007082479805156e+58 1.11762716521459e+58 1.1333126575786087e+58 1.1479273489708191e+58 1.1616071671443815e+58 1.2639284802170758e+58 1.3334178698412238e+58 1.3863633046946993e+58 1.4290793867662895e+58 1.4648297536794764e+58 1.4955319126697616e+58 1.4983761516476896e+58 1.5011820742731787e+58 1.5039528659287583e+58 1.506688974934866e+58 1.5093895761492895e+58 1.5120573210595677e+58 1.5146931545013935e+58 1.5172952948550747e+58 1.522408905087039e+58 1.5462904546444308e+58 1.587257887695561e+58 1.6215420274442086e+58 1.6509800774260684e+58 1.6767502150279641e+58 1.6875607874166532e+58 1.6875607874166532e+58 1.6875607874166532e+58 1.6875607874166532e+58 1.6875607874166532e+58 1.6875607874166532e+58 1.6875607874166532e+58 1.6875607874166532e+58 1.6875607874166532e+58 1.6875607874166532e+58 1.6875607874166532e+58 1.6875607874166532e+58 1.6875607874166532e+58 1.6875607874166532e+58 1.6875607874166532e+58 1.6875607874166532e+58 1.6875607874166532e+58 1.6875607874166532e+58 1.6875607874166532e+58 1.6875607874166532e+58 
# SN_energy_per_current_crossing_time_list
0.0 -2.4499680164282794e+56 -1.0439553651903215e+57 -3.8729489817693474e+56 5.450963577591987e+56 1.3582959440543845e+57 3.2362064774865044e+57 4.251321534128986e+57 9.014204714329035e+56 1.5604353592645367e+56 -1.4748805371572935e+56 -2.553403446728257e+56 -1.7254398378744163e+56 -1.1795800877594417e+56 -8.12742691567473e+55 -5.630272983007276e+55 -3.9154700106739985e+55 -2.7307948401525214e+55 -1.908924004290518e+55 -1.33706578154482e+55 -9.383222993509032e+54 -6.598482905619166e+54 -4.651239013905374e+54 -3.288150795222945e+54 -2.3330102324738204e+54 4.110002227060688e+56 4.931174933283366e+56 5.31901812710501e+56 5.44392225034312e+56 5.421982108905832e+56 5.308984793385608e+56 5.135440739832697e+56 4.931038968972377e+56 4.7145721097999074e+56 4.496171089330941e+56 4.284071552535823e+56 4.0834416123078975e+56 3.896852456554104e+56 3.7251464676430403e+56 3.5681050032588315e+56 3.4248636446575564e+56 3.126465896443618e+56 2.438572063817038e+56 2.041062519979584e+56 1.7652529394275735e+56 1.5596166618372368e+56 1.3989329278395157e+56 1.300998506411204e+56 1.2883537979110552e+56 1.2769652751892193e+56 1.2655969631088785e+56 1.2536460210946894e+56 1.242756168078859e+56 1.2321467598239981e+56 1.2205423728748968e+56 1.207261259280349e+56 1.1620579433178903e+56 1.045888912812552e+56 9.081132864304516e+55 8.029764919456987e+55 7.199852211891276e+55 2.0731760549650756e+55 0.0 0.0 0.0 0.0 0.0 0.0 0.0 0.0 0.0 0.0 0.0 0.0 0.0 0.0 0.0 0.0 0.0 0.0 0.0 
# SN_energy_per_final_crossing_time_list
0.0 -1.0222636003433853e+56 -4.149916084559626e+57 -2.7146588878132463e+57 4.579579238370553e+57 1.1922334824489166e+58 2.192488367640149e+58 2.1763656850968457e+58 5.553419620683539e+57 1.098919830187474e+57 -1.1326259768441601e+57 -2.0728387963692417e+57 -1.4515002756058969e+57 -1.0152091662828886e+57 -7.0968816933851175e+56 -4.960609603488163e+56 -3.4680863405009605e+56 -2.425718710610104e+56 -1.697811883993869e+56 -1.1894593327021033e+56 -8.343609737858956e+55 -5.862330519922181e+55 -4.127734476073489e+55 -2.914425034530052e+55 -2.0651362258949007e+55 3.2424028278887365e+57 3.429065656504747e+57 3.2721446678039484e+57 2.9957420989365674e+57 2.702578143496416e+57 2.426112631478866e+57 2.1753418709688783e+57 1.9549317771462242e+57 1.7639508268305842e+57 1.599659213225511e+57 1.4587003774465849e+57 1.3377085546883172e+57 1.233600560956332e+57 1.1436684695259712e+57 1.065593693154635e+57 9.97429749150895e+56 7.460502788562394e+56 5.066645154349581e+56 3.8603840441861697e+56 3.114536354563292e+56 2.606648644730205e+56 2.238571182126844e+56 2.073805758443384e+56 2.0458683477879963e+56 2.020253479183859e+56 1.9949654922209054e+56 1.9690758734390732e+56 1.945119520521151e+56 1.9218520709323402e+56 1.897285597876718e+56 1.864230542472037e+56 1.7412634935747011e+56 1.4935189910095145e+56 1.2498711779457437e+56 1.073200916721415e+56 9.394825851384209e+55 2.627419548276523e+55 0.0 0.0 0.0 0.0 0.0 0.0 0.0 0.0 0.0 0.0 0.0 0.0 0.0 0.0 0.0 0.0 0.0 0.0 0.0 
# total_energy_release_list
0 -1.2618374548230705e+55 -5.817822431880543e+56 -9.540995920554175e+56 -3.2600712393260797e+56 1.3091493644535001e+57 4.3161623638652696e+57 7.301062992370695e+57 8.062718344209928e+57 8.213435960935156e+57 8.058095522823384e+57 7.773804244549638e+57 7.57472997524829e+57 7.435493334124378e+57 7.338159109586321e+57 7.270124004894974e+57 7.222558960250321e+57 7.189290059929669e+57 7.166004452210709e+57 7.149690934982991e+57 7.138247616371105e+57 7.130207389412351e+57 7.124546172955803e+57 7.120549018811685e+57 7.117716670157764e+57 7.56241446635566e+57 8.032713198934316e+57 8.481490109100224e+57 8.892358215282392e+57 9.263018681689648e+57 9.595761711416472e+57 9.894111357449428e+57 1.0162231606277434e+58 1.0404158685339287e+58 1.0623553055671817e+58 1.082361482393332e+58 1.1007082479805156e+58 1.11762716521459e+58 1.1333126575786087e+58 1.1479273489708191e+58 1.1616071671443815e+58 1.2639284802170758e+58 1.3334178698412238e+58 1.3863633046946993e+58 1.4290793867662895e+58 1.4648297536794764e+58 1.4955319126697616e+58 1.4983761516476896e+58 1.5011820742731787e+58 1.5039528659287583e+58 1.506688974934866e+58 1.5093895761492895e+58 1.5120573210595677e+58 1.5146931545013935e+58 1.5172952948550747e+58 1.522408905087039e+58 1.5462904546444308e+58 1.587257887695561e+58 1.6215420274442086e+58 1.6509800774260684e+58 1.6767502150279641e+58 1.6875607874166532e+58 1.6875607874166532e+58 1.6875607874166532e+58 1.6875607874166532e+58 1.6875607874166532e+58 1.6875607874166532e+58 1.6875607874166532e+58 1.6875607874166532e+58 1.6875607874166532e+58 1.6875607874166532e+58 1.6875607874166532e+58 1.6875607874166532e+58 1.6875607874166532e+58 1.6875607874166532e+58 1.6875607874166532e+58 1.6875607874166532e+58 1.6875607874166532e+58 1.6875607874166532e+58 1.6875607874166532e+58 1.6875607874166532e+58 
# binding_energy_list
5.701642722807478e+56 7.161434102128969e+56 8.912509381337514e+56 9.638290236239744e+56 9.527961640236502e+56 9.099132726322582e+56 7.798301105232641e+56 6.6527315620174195e+56 6.9342580601657086e+56 7.1944897800369836e+56 7.3620709749473154e+56 7.481695005111584e+56 7.550922276654341e+56 7.603262769401822e+56 7.638357835776954e+56 7.638357835776954e+56 7.655966069112569e+56 7.655966069112569e+56 7.655966069112569e+56 7.638357835776954e+56 7.638357835776954e+56 7.638357835776954e+56 7.620790100254084e+56 7.620790100254084e+56 7.620790100254084e+56 7.277798045368272e+56 6.91830970918942e+56 6.576578373554172e+56 6.280583588133206e+56 6.025595860743593e+56 5.821032177708722e+56 5.649369748123057e+56 5.49540873857627e+56 5.370317963702489e+56 5.26017266390702e+56 5.17606831950566e+56 5.093308710571963e+56 5.023425895223877e+56 4.954501908047905e+56 4.897788193684436e+56 4.841723675841019e+56 4.4157044735331565e+56 4.111497211045196e+56 3.9174187710778628e+56 3.7757219092541446e+56 3.6728230049808275e+56 3.597493351557401e+56 3.58921934645005e+56 3.580964371026377e+56 3.5727283815192665e+56 3.564511334262439e+56 3.564511334262439e+56 3.5563131856898693e+56 3.5481338923357316e+56 3.5399734108343427e+56 3.5318316979195843e+56 3.4753616144320328e+56 3.396252725904075e+56 3.3265955329400334e+56 3.280952931131177e+56 3.243396173493513e+56 3.1915378551007452e+56 3.1550046233746437e+56 3.1260793671239366e+56 3.111716337106033e+56 3.097419299216578e+56 3.076096814740705e+56 3.054921113215509e+56 3.040885025676258e+56 3.0338911841942655e+56 3.0130060241861157e+56 2.992264636608183e+56 2.9580124665515224e+56 2.930893245250312e+56 2.9107171180665963e+56 2.890679882365466e+56 2.87739841473569e+56 2.8641779699065857e+56 2.851018267503898e+56 2.84446110744792e+56 2.8379190284415753e+56 
# total_gas_kinetic_energy_list
3.316764827574848e+58 1.515734057298667e+60 3.391782310730748e+60 4.560675345260386e+60 5.161832553030768e+60 3.90846448433329e+60 2.8761281479474843e+60 2.078379700923458e+60 1.4768572741865487e+60 1.0421012435210326e+60 7.326005722200306e+59 5.138323001504096e+59 3.599492089619019e+59 2.520054935517132e+59 1.7640326214592703e+59 1.2349746017735634e+59 8.64903730922906e+58 6.060885547270628e+58 4.2507902396859105e+58 2.9846526776902273e+58 2.0990680047447855e+58 1.4795987275996434e+58 1.0460326809243181e+58 7.423617485297314e+57 5.294762131499435e+57 7.481768890073078e+57 9.130124684392212e+57 9.898945599303294e+57 9.887896583931898e+57 9.375945247986581e+57 8.5953793908609e+57 7.706411178664512e+57 6.809590249451852e+57 5.9628617701190494e+57 5.19551272094335e+57 4.5185189427577654e+57 3.932059239376384e+57 3.430254799399869e+57 3.0042681607123356e+57 2.64462886702738e+57 2.3415721123117204e+57 5.781774859531254e+57 7.9065920126533e+57 9.310014662546869e+57 1.0330232281420917e+58 1.1115272752997188e+58 1.17398333691337e+58 1.1795695857065182e+58 1.1850415206387878e+58 1.1904004941097494e+58 1.19567692559167e+58 1.2008292803453697e+58 1.2059024648715064e+58 1.2108990342322241e+58 1.2158162931725459e+58 1.2254073212230103e+58 1.2688249124497583e+58 1.338769915914328e+58 1.393132103278742e+58 1.4371532706533677e+58 1.4736752897557747e+58 1.518628865782682e+58 1.555738751508166e+58 1.5871969207129165e+58 1.5966863737336056e+58 1.61432464858942e+58 1.6381578541408476e+58 1.6589851059791515e+58 1.6714694717644297e+58 1.6772721613821828e+58 1.6985152279363277e+58 1.720717695553816e+58 1.7557108317563108e+58 1.782338671403485e+58 1.8036919954203554e+58 1.8214151131227966e+58 1.8365194596975706e+58 1.8494140519191942e+58 1.8608100569124445e+58 1.8708268954957192e+58 1.879806849240305e+58 
