# time_axis
1000000 10000000 20000000 30000000 40000000 50000000 60000000 70000000 80000000 90000000 100000000 110000000 120000000 130000000 140000000 150000000 200000000 300000000 400000000 500000000 600000000 700000000 800000000 900000000 1000000000 1010000000 1020000000 1030000000 1040000000 1050000000 1060000000 1070000000 1080000000 1100000000 1200000000 1400000000 1600000000 1800000000 2000000000 2300000000 2600000000 2900000000 3000000000 3200000000 3500000000 3800000000 4000000000 4100000000 4500000000 5000000000 6000000000 7000000000 8000000000 9000000000 10000000000 11000000000 12000000000 13000000000 14000000000 
# SNIa_energy_release_list
0 0.0 0.0 0.0 0.0 0.0 6.361305811397656e+52 7.851624623290736e+53 1.6450848691296366e+54 2.4625567548246563e+54 3.1969274130824324e+54 3.849588402332856e+54 4.4319734467273576e+54 4.955994872962868e+54 5.4316972867500656e+54 5.8670682473106446e+54 7.618558033219862e+54 9.963252308270517e+54 1.1569645271970742e+55 1.279327427135278e+55 1.3782012913658043e+55 1.461157461176135e+55 1.5326296681177742e+55 1.595409276002524e+55 1.6513863589527993e+55 1.656661803352937e+55 1.661889577894284e+55 1.6670627535937696e+55 1.672184370230305e+55 1.6772570327297326e+55 1.6822785941875913e+55 1.687250966583513e+55 1.6921769414454765e+55 1.7018912847357372e+55 1.7479026964443673e+55 1.8292018657978752e+55 1.8994354275715476e+55 1.9612605398022587e+55 2.0164832204355136e+55 2.08962334426572e+55 2.1536865957324137e+55 2.2106801690159512e+55 2.2283818061730835e+55 2.2620112987483766e+55 2.3086999644218424e+55 2.351527809464869e+55 2.3782258711492976e+55 2.3910740355637372e+55 2.4395008405242833e+55 2.4942749006380516e+55 2.5889991337904435e+55 2.669027182004976e+55 2.7383093398747647e+55 2.7994174744387197e+55 2.854024608615773e+55 2.9034371666976394e+55 2.9485342689185236e+55 2.990011227392194e+55 3.028406582927916e+55 
# SNII_energy_release_list
0 0.0 5.147350735799778e+52 6.8870592430948675e+53 2.0095710846078554e+54 3.6216429039500254e+54 5.1673512781245225e+54 5.7640478996301274e+54 5.9793737456757175e+54 6.05691120451979e+54 6.0848241538481184e+54 6.094857335705549e+54 6.0985154812033216e+54 6.099869328283867e+54 6.1003772855479065e+54 6.100607802347165e+54 6.100816599694466e+54 6.100816599694466e+54 6.100816599694466e+54 6.100816599694466e+54 6.100816599694466e+54 6.100816599694466e+54 6.100816599694466e+54 6.100816599694466e+54 6.100816599694466e+54 6.100816599694466e+54 6.100816599694466e+54 6.100816599694466e+54 6.100816599694466e+54 6.100816599694466e+54 6.100816599694466e+54 6.100816599694466e+54 6.100816599694466e+54 6.100816599694466e+54 6.100816599694466e+54 6.100816599694466e+54 6.100816599694466e+54 6.100816599694466e+54 6.100816599694466e+54 6.100816599694466e+54 6.100816599694466e+54 6.100816599694466e+54 6.100816599694466e+54 6.100816599694466e+54 6.100816599694466e+54 6.100816599694466e+54 6.100816599694466e+54 6.100816599694466e+54 6.100816599694466e+54 6.100816599694466e+54 6.100816599694466e+54 6.100816599694466e+54 6.100816599694466e+54 6.100816599694466e+54 6.100816599694466e+54 6.100816599694466e+54 6.100816599694466e+54 6.100816599694466e+54 6.100816599694466e+54 
# SN_energy_per_current_crossing_time_list
0.0 0.0 5.682042185517932e+52 6.042974335713715e+53 1.2013825276106135e+54 1.449304589751355e+54 1.3890586462261906e+54 5.603300897632076e+53 2.228686751146391e+53 9.762533873604372e+52 5.015259801532168e+52 3.128012394292173e+52 2.316179457588994e+52 1.9119098682733075e+52 1.6732094138742581e+52 1.5127645572882633e+52 1.2140463171333782e+52 8.210061150963671e+51 5.687566689657019e+51 4.3744585580336476e+51 3.5655079766079845e+51 3.0151528559102145e+51 2.616727966202906e+51 2.314102693093832e+51 2.0766015588983303e+51 1.958247046695299e+51 1.941712173605773e+51 1.9225790200836034e+51 1.9045582389337673e+51 1.887492804616254e+51 1.869615137182765e+51 1.8524364524343157e+51 1.8362660582982445e+51 1.8126998279541687e+51 1.7269611661206703e+51 1.5420602542920276e+51 1.34519827894698e+51 1.1949118430067413e+51 1.0762588182568833e+51 9.612740701821443e+50 8.509067361363451e+50 7.643902102123527e+50 7.145231713324212e+50 6.826889368928774e+50 6.372582460079219e+50 5.89074398901441e+50 5.5352215695345e+50 5.339439158252883e+50 5.077331633806265e+50 4.639871495713564e+50 4.083972880988838e+50 3.502357245683151e+50 3.0724543839874518e+50 2.74347196761613e+50 2.4806787948978183e+50 2.2675907198601976e+50 2.0908738029040364e+50 1.940972513483768e+50 1.8122174895135748e+50 
# SN_energy_per_final_crossing_time_list
0.0 0.0 6.478644025507122e+52 8.020440422350142e+53 1.6624892334906946e+54 2.0290125925228587e+54 1.948487596196826e+54 7.850805248181561e+53 3.1160435862391136e+53 1.3617523480157168e+53 6.979372666656733e+52 4.343299269338903e+52 3.2092193250035854e+52 2.64372219558149e+52 2.3091951167182108e+52 2.0839155326559758e+52 1.6586228605460296e+52 1.1066692607797473e+52 7.581993663636634e+51 5.7753909096976846e+51 4.666734908800389e+51 3.9154376797860235e+51 3.3734075808536565e+51 2.9631267065023827e+51 2.642055199620855e+51 2.4899502748430497e+51 2.4674506389835846e+51 2.4416806012417558e+51 2.4173453048709453e+51 2.394239504127309e+51 2.3701203886843204e+51 2.3469037060691437e+51 2.3250045931855945e+51 2.292530250614546e+51 2.1716867535714627e+51 1.918614563267732e+51 1.657472462765327e+51 1.4590377939253471e+51 1.3032241304329269e+51 1.1507104591246487e+51 1.0079044120760798e+51 8.966774657437595e+50 8.354973147555418e+50 7.93637065708562e+50 7.345507923633384e+50 6.738086655033547e+50 6.300592043693919e+50 6.064188737184912e+50 5.714226479106125e+50 5.170547756355315e+50 4.4708770007305135e+50 3.7772336419983424e+50 3.270039734000231e+50 2.884235050391008e+50 2.577395162178022e+50 2.332217027506142e+50 2.128532376657846e+50 1.9576656735964847e+50 1.8122174895135748e+50 
# total_energy_release_list
0 0 5.147350735799778e+52 6.8870592430948675e+53 2.0095710846078554e+54 3.6216429039500254e+54 5.230964336238499e+54 6.549210361959202e+54 7.624458614805354e+54 8.519467959344446e+54 9.281751566930551e+54 9.944445738038405e+54 1.0530488927930679e+55 1.1055864201246735e+55 1.1532074572297971e+55 1.196767604965781e+55 1.371937463291433e+55 1.6064068907964983e+55 1.767046187166521e+55 1.8894090871047244e+55 1.9882829513352508e+55 2.0712391211455816e+55 2.1427113280872207e+55 2.2054909359719706e+55 2.2614680189222458e+55 2.2667434633223836e+55 2.2719712378637304e+55 2.2771444135632163e+55 2.2822660301997517e+55 2.287338692699179e+55 2.2923602541570378e+55 2.2973326265529598e+55 2.3022586014149232e+55 2.311972944705184e+55 2.357984356413814e+55 2.439283525767322e+55 2.509517087540994e+55 2.571342199771705e+55 2.62656488040496e+55 2.6997050042351667e+55 2.76376825570186e+55 2.8207618289853977e+55 2.83846346614253e+55 2.872092958717823e+55 2.918781624391289e+55 2.961609469434316e+55 2.9883075311187444e+55 3.001155695533184e+55 3.04958250049373e+55 3.104356560607498e+55 3.19908079375989e+55 3.2791088419744226e+55 3.348390999844211e+55 3.409499134408166e+55 3.4641062685852195e+55 3.513518826667086e+55 3.55861592888797e+55 3.60009288736164e+55 3.638488242897362e+55 
# binding_energy_list
3.3728730865886787e+53 3.3728730865886787e+53 3.3728730865886787e+53 3.3728730865886787e+53 3.3728730865886787e+53 3.365115693754915e+53 3.365115693754915e+53 3.365115693754915e+53 3.3573761424295727e+53 3.3573761424295727e+53 3.3573761424295727e+53 3.3573761424295727e+53 3.349654391578266e+53 3.349654391578266e+53 3.349654391578266e+53 3.349654391578266e+53 3.3419504002611496e+53 3.3265955329400333e+53 3.311311214825935e+53 3.2960971217745828e+53 3.2885163087598533e+53 3.2809529311311768e+53 3.26587832172338e+53 3.2583670100200737e+53 3.250872973854347e+53 3.250872973854347e+53 3.250872973854347e+53 3.250872973854347e+53 3.250872973854347e+53 3.243396173493513e+53 3.243396173493513e+53 3.243396173493513e+53 3.243396173493513e+53 3.243396173493513e+53 3.235936569296268e+53 3.2210687912834544e+53 3.2062693245054672e+53 3.1915378551007453e+53 3.1841975217261254e+53 3.169567463043474e+53 3.1550046233746437e+53 3.1405086938762164e+53 3.1332857243156016e+53 3.1260793671239364e+53 3.1188895840939355e+53 3.1045595881283368e+53 3.097419299216578e+53 3.097419299216578e+53 3.0831879502493343e+53 3.0690219883911705e+53 3.0478949896279957e+53 3.0338911841942657e+53 3.0130060241861156e+53 2.9991625189876286e+53 2.9853826189179694e+53 2.971666031738019e+53 2.958012466551522e+53 2.9444216337987693e+53 2.9376496519615546e+53 
# total_gas_kinetic_energy_list
3.90366938458508e+57 4.1037068156432654e+58 1.6479958888422443e+58 5.9540094281983535e+57 2.1438535537266024e+57 7.720299223140571e+56 2.7817682383039885e+56 1.003924428739092e+56 3.639818607901319e+55 1.3371369107225736e+55 5.084885633249792e+54 2.099032214900385e+54 1.0191553173726081e+54 6.2482837031256444e+53 4.773679380228879e+53 4.187494632913449e+53 1.5782233663048067e+54 3.6240006575763206e+54 5.401989762080557e+54 6.963441650227757e+54 8.367067950620711e+54 9.648126404225571e+54 1.0851207120487326e+55 1.1988725777140717e+55 1.3076832080656802e+55 1.3181589751144056e+55 1.3284097865038866e+55 1.338647427645484e+55 1.3489446807435316e+55 1.3593277404777238e+55 1.3697988485297947e+55 1.380364953769687e+55 1.390841647197279e+55 1.4106983358686952e+55 1.5094954508109695e+55 1.69601774311955e+55 1.8681938441375325e+55 2.0297277509341726e+55 2.1798510276282473e+55 2.385728292927155e+55 2.5746599718569876e+55 2.7482368973036964e+55 2.805571819835053e+55 2.9095753145455377e+55 3.06015105162992e+55 3.194610339302864e+55 3.2791326265224115e+55 3.317532514507533e+55 3.472513040542204e+55 3.6376867379427206e+55 3.92605114616568e+55 4.163150341954668e+55 4.3746424611092756e+55 4.572612760845896e+55 4.763742123666008e+55 4.929067144309083e+55 5.096838222401248e+55 5.249414253918966e+55 5.390542049019027e+55 
