# time_axis
5.999999999999999 7.0 7.30102999566398 7.477121254719661 7.602059991327962 7.698970004336018 7.778151250383643 7.845098040014256 7.903089986991943 7.954242509439324 8.0 8.041392685158224 8.079181246047623 8.113943352306837 8.146128035678238 8.176091259055681 8.301029995663981 8.47712125471966 8.60205999132796 8.698970004336019 8.778151250383644 8.845098040014257 8.903089986991942 8.954242509439323 8.999999999999998 9.004321373782641 9.008600171761916 9.012837224705171 9.017033339298779 9.021189299069936 9.02530586526477 9.02938377768521 9.033423755486949 9.041392685158224 9.079181246047623 9.146128035678236 9.204119982655923 9.255272505103305 9.301029995663981 9.361727836017593 9.414973347970816 9.462397997898954 9.477121254719663 9.505149978319904 9.544068044350274 9.57978359661681 9.60205999132796 9.612783856719734 9.653212513775342 9.698970004336017 9.778151250383642 9.845098040014257 9.903089986991944 9.954242509439325 10.0 10.041392685158225 10.079181246047623 10.113943352306835 10.146128035678236 
# total_gas_mass_list
8.834045203312508 9.856297349071676 9.460083120088774 9.01793803657649 8.574327357677518 8.130779588918237 7.687516222285567 7.244990251427928 6.804436969040945 6.36941937256977 5.948817715427527 5.562384845449357 5.244033587712519 5.02519170851366 4.902461635336178 4.841616190753342 5.41378324424771 5.769802458440516 5.942325466378651 6.0552417002894625 6.138104938818343 6.202657044354714 6.255390765327809 6.29969273796867 6.3380047819179035 6.341510992188055 6.34491345864181 6.348283373512889 6.351645133155336 6.35500737352201 6.358370099810897 6.36173564240698 6.365045745179733 6.371239843294926 6.400784460254331 6.451285143433668 6.492823830431033 6.528198680255162 6.558479693283781 6.596702592632049 6.628923700815702 6.656460485645442 6.665167848748104 6.680505705213152 6.701748439375078 6.719836030580186 6.730810521839972 6.7357026122953885 6.754860801266308 6.774326037539064 6.8061673343092295 6.830568484877604 6.85122757659908 6.86971232238912 6.886839207429456 6.901129300510491 6.915163444471659 6.927544165320191 6.938690344931903 
# ejected_gas_mass_list
-10.0 -10.0 3.177637476663528 4.304469631162332 4.76990806992435 5.021743519433552 5.186921026909378 5.303505503055273 5.392918294720354 5.467535751136917 5.530819606788102 5.584990617376537 5.632008852218372 5.673375588374613 5.710218249782562 5.743354406895572 5.871368181366182 6.0305740995205355 6.133539089187242 6.209515948915901 6.269217440751406 6.317850358125762 6.358857890613793 6.394138454236617 6.42522347971804 6.4280938476530824 6.430883293092816 6.433649923164964 6.436413677670485 6.43918162428636 6.441953749967862 6.444731962414758 6.447468065720084 6.452597732234231 6.477235392337513 6.519971789284163 6.555676564487937 6.5864497122924295 6.613043672342374 6.6469250033033385 6.675741443676271 6.700542883553713 6.708417366061313 6.7223244019911395 6.741659786697882 6.758189058522194 6.768246596837343 6.7727367353806445 6.790360272237193 6.8083288584884505 6.837851873928171 6.86058031674221 6.879890179194936 6.897217584196855 6.913312634084775 6.926770614822465 6.940012289721128 6.9517137027672256 6.962263783664748 
# stellar_mass_list
-10.0 6.6402251772963945 7.701364089529855 7.832789824974561 7.868719540823322 7.878658172091557 7.880334618851489 7.879362971631671 7.877625824658144 7.875749560056469 7.873931039762515 7.8722195347499335 7.870618222663434 7.8691170347897 7.867703631230592 7.866367247715293 7.860538599598703 7.851534035811762 7.844460009613252 7.838521865738306 7.833340396079687 7.828720790515425 7.824516738765232 7.820650858509413 7.8170380773739865 7.816694271889597 7.816358494528917 7.816023776554599 7.815687707966632 7.815349444838766 7.8150089060851275 7.81466589594199 7.81432638381769 7.81368417571606 7.810522142995706 7.8046556176347845 7.799313502100311 7.794358045526784 7.78978526251541 7.783466290062751 7.7776058616133605 7.772168483903926 7.7703614514227795 7.767068225939304 7.762182719803497 7.757645504763096 7.754702261627873 7.753338512891595 7.747672615624795 7.741312609458446 7.729258908327345 7.7186400366554935 7.709346246992535 7.70080784147209 7.692701228078402 7.685781559388103 7.678846256224812 7.672607261699185 7.666890629785236 
# remnant_mass_list
-10.0 -10.0 4.086121958851463 5.1829618500902175 5.528869710661466 5.709117677970817 5.822473039559312 5.901749667761016 5.961709182730254 6.00954857626498 6.049159010636392 6.08287959763506 6.112182716830543 6.138056777299851 6.161197033866298 6.182100857948943 6.263829699339784 6.367676017900793 6.435634880954872 6.485802789559031 6.525438168614304 6.558025903832961 6.585720822760112 6.609721360859455 6.631004846016221 6.6329761866583485 6.634892478662198 6.636794372109122 6.638695512203689 6.640600474209697 6.642509969055363 6.64442473428236 6.646311480406812 6.649856997295192 6.666894727336764 6.696782615471416 6.722244713219256 6.744527612383983 6.76405637161902 6.789561445717631 6.811827448014591 6.8314045965886 6.837697079619109 6.848903107424483 6.864940985863447 6.879244184233006 6.888236762673148 6.892329610349334 6.908863159536989 6.926563102636149 6.957869172766692 6.983288760747697 7.004073744004996 7.02209053401925 7.0383254415882694 7.051562728317932 7.0642993195071595 7.075330308425796 7.0851023075556485 
# BH_mass_list
-10.0 -10.0 3.666260487263186 4.727928856042486 4.863617784441453 4.903803531847577 4.917408674235518 4.922205675155498 4.923921417180625 4.924525388199409 4.924734400300134 4.924805749287247 4.924828765664418 4.924834782186282 4.924836439369366 4.924837440584217 4.924838195322418 4.924838195322418 4.924838195322418 4.924838195322418 4.924838195322418 4.924838195322418 4.924838195322418 4.924838195322418 4.924838195322418 4.924838195322418 4.924838195322418 4.924838195322418 4.924838195322418 4.924838195322418 4.924838195322418 4.924838195322418 4.924838195322418 4.924838195322418 4.924838195322418 4.924838195322418 4.924838195322418 4.924838195322418 4.924838195322418 4.924838195322418 4.924838195322418 4.924838195322418 4.924838195322418 4.924838195322418 4.924838195322418 4.924838195322418 4.924838195322418 4.924838195322418 4.924838195322418 4.924838195322418 4.924838195322418 4.924838195322418 4.924838195322418 4.924838195322418 4.924838195322418 4.924838195322418 4.924838195322418 4.924838195322418 4.924838195322418 
# NS_mass_list
-10.0 -10.0 3.8782959660449245 4.995390378637201 5.423104649398718 5.634623708183306 5.75493839289943 5.793471014223604 5.806574735032902 5.811196082140848 5.812844138937068 5.813431683620537 5.813642572239673 5.813718257721669 5.813744905425575 5.813755634623406 5.8137634853137365 5.8137634853137365 5.8137634853137365 5.8137634853137365 5.8137634853137365 5.8137634853137365 5.8137634853137365 5.8137634853137365 5.8137634853137365 5.8137634853137365 5.8137634853137365 5.8137634853137365 5.8137634853137365 5.8137634853137365 5.8137634853137365 5.8137634853137365 5.8137634853137365 5.8137634853137365 5.8137634853137365 5.8137634853137365 5.8137634853137365 5.8137634853137365 5.8137634853137365 5.8137634853137365 5.8137634853137365 5.8137634853137365 5.8137634853137365 5.8137634853137365 5.8137634853137365 5.8137634853137365 5.8137634853137365 5.8137634853137365 5.8137634853137365 5.8137634853137365 5.8137634853137365 5.8137634853137365 5.8137634853137365 5.8137634853137365 5.8137634853137365 5.8137634853137365 5.8137634853137365 5.8137634853137365 5.8137634853137365 
# WD_mass_list
-10.0 -10.0 -10.0 -10.0 -10.0 2.735280980761167 4.114364697587757 4.965635305533803 5.281247844382732 5.46351586045738 5.58643351916137 5.6770449590729966 5.747832524725403 5.805438539348285 5.853744257250439 5.895163230987152 6.041564998880424 6.20312435433192 6.2991372734235505 6.366458734415887 6.4179122151376555 6.459231468770704 6.493726298786913 6.523201060806155 6.549039424932934 6.5514191278617 6.553730240835719 6.5560219176527 6.558310637469208 6.560601915964996 6.562896607401908 6.565195594992421 6.567458957656821 6.571706916836361 6.592026240820816 6.627314463308843 6.657045182869273 6.682832309408898 6.705266255152626 6.734347299238698 6.759545917881343 6.781565051618766 6.788616545298078 6.801144161124778 6.819008489699154 6.834878518222083 6.844827303545073 6.849348159639202 6.867566118695699 6.886992833944546 6.921170695494997 6.948761867485049 6.971222994625737 6.990624299429649 7.008054978509699 7.0222323886984155 7.035845058033418 7.0476129492957265 7.058021287065059 
