# time_axis
1000000 10000000 20000000 30000000 40000000 50000000 60000000 70000000 80000000 90000000 100000000 110000000 120000000 130000000 140000000 150000000 200000000 300000000 400000000 500000000 600000000 700000000 800000000 900000000 1000000000 1010000000 1020000000 1030000000 1040000000 1050000000 1060000000 1070000000 1080000000 1100000000 1200000000 1400000000 1600000000 1800000000 2000000000 2300000000 2600000000 2900000000 3000000000 3200000000 3500000000 3800000000 4000000000 4100000000 4500000000 5000000000 6000000000 7000000000 8000000000 9000000000 10000000000 11000000000 12000000000 13000000000 14000000000 
# SNIa_energy_release_list
0 0.0 0.0 0.0 0.0 0.0 1.0316167116330984e+54 5.039964829688251e+55 1.7865852178690862e+56 3.3633202590002667e+56 4.967079946495903e+56 6.480057676649859e+56 7.860390792062346e+56 9.104581109177391e+56 1.0226186928596965e+57 1.1243101906071222e+57 1.524338453727345e+57 2.0437482766988232e+57 2.3929930608104467e+57 2.6566118856402604e+57 2.868460968018109e+57 3.0455875361473e+57 3.1977895186186335e+57 3.33122444750587e+57 3.450022966543542e+57 3.4612125055990505e+57 3.472290083422171e+57 3.483259535448352e+57 3.494117685847548e+57 3.5048687780952815e+57 3.5155144154959464e+57 3.526054277959149e+57 3.53649202153164e+57 3.557072358076767e+57 3.654500238247614e+57 3.826462330680661e+57 3.974843233124754e+57 4.105333594869593e+57 4.2218004963877296e+57 4.375953879594291e+57 4.510889343334495e+57 4.630871798825838e+57 4.6680993689195884e+57 4.738886987125233e+57 4.8371064312442136e+57 4.927173106511459e+57 4.983311853222712e+57 5.010324419677514e+57 5.1121185304342576e+57 5.2272314524212e+57 5.426251003811943e+57 5.594316951413226e+57 5.7397978564836044e+57 5.868065000545298e+57 5.982690378266466e+57 6.086424820286517e+57 6.1810671991418876e+57 6.2681052841587014e+57 6.34867330628577e+57 
# SNII_energy_release_list
0 0.0 2.2792110294898353e+53 2.724879013924465e+55 1.016786265072253e+56 1.7963495841011388e+56 2.4905352819155473e+56 3.0163471249049917e+56 3.339250870292913e+56 3.5170007324538267e+56 3.607344024329133e+56 3.650248877979222e+56 3.669360811599492e+56 3.677566009210809e+56 3.680929579086479e+56 3.6822924215216556e+56 3.6832619754555212e+56 3.6832619754555212e+56 3.6832619754555212e+56 3.6832619754555212e+56 3.6832619754555212e+56 3.6832619754555212e+56 3.6832619754555212e+56 3.6832619754555212e+56 3.6832619754555212e+56 3.6832619754555212e+56 3.6832619754555212e+56 3.6832619754555212e+56 3.6832619754555212e+56 3.6832619754555212e+56 3.6832619754555212e+56 3.6832619754555212e+56 3.6832619754555212e+56 3.6832619754555212e+56 3.6832619754555212e+56 3.6832619754555212e+56 3.6832619754555212e+56 3.6832619754555212e+56 3.6832619754555212e+56 3.6832619754555212e+56 3.6832619754555212e+56 3.6832619754555212e+56 3.6832619754555212e+56 3.6832619754555212e+56 3.6832619754555212e+56 3.6832619754555212e+56 3.6832619754555212e+56 3.6832619754555212e+56 3.6832619754555212e+56 3.6832619754555212e+56 3.6832619754555212e+56 3.6832619754555212e+56 3.6832619754555212e+56 3.6832619754555212e+56 3.6832619754555212e+56 3.6832619754555212e+56 3.6832619754555212e+56 3.6832619754555212e+56 3.6832619754555212e+56 
# SN_energy_per_current_crossing_time_list
0.0 0.0 4.043387587964437e+53 2.954385320328858e+55 7.535828815776625e+55 7.710748199329132e+55 6.863538805391719e+55 5.423314536204078e+55 3.740740311041191e+55 2.4194204240109387e+55 1.5567623532054643e+55 1.0434151640265948e+55 7.505978883953437e+54 5.87093599705259e+54 4.9075609535971234e+54 4.304842448207208e+54 3.4115774276988374e+54 2.3118075033053642e+54 1.610224602966717e+54 1.2501442912155872e+54 1.0286767317889312e+54 8.777962677626193e+53 7.679550981331877e+53 6.842196743560719e+53 6.180973371484946e+53 5.8299804065716555e+53 5.779471007716957e+53 5.7308705862426184e+53 5.680345647073069e+53 5.631741703749101e+53 5.5838957396533725e+53 5.535768807663047e+53 5.489386182079784e+53 5.425798287988908e+53 5.2008175246899474e+53 4.692769242804982e+53 4.128314119318187e+53 3.694200942676339e+53 3.3489938714610867e+53 3.016610453414617e+53 2.6889890386553644e+53 2.4302494765825678e+53 2.273900113716778e+53 2.1829020033582896e+53 2.0466070391553635e+53 1.89933653915937e+53 1.7891794949718355e+53 1.727667349254832e+53 1.6498952958215007e+53 1.5144512347328632e+53 1.3426521268744477e+53 1.1567736809434928e+53 1.0181777836507782e+53 9.107230502289522e+52 8.244540006046518e+52 7.541652707263912e+52 6.950720554503337e+52 6.450873665694262e+52 6.020051916866001e+52 
# SN_energy_per_final_crossing_time_list
0.0 0.0 4.541410968363883e+53 5.384006545616993e+55 1.4830415915051795e+56 1.5533082991285718e+56 1.383961105231773e+56 1.08458709356506e+56 7.39232648843059e+55 4.719868970441108e+55 2.9984540774250107e+55 1.9853935388412858e+55 1.4121987343101325e+55 1.0931519918027643e+55 9.050855179736555e+54 7.869951772115007e+54 6.016669033005708e+54 3.881036195088423e+54 2.6095610597597034e+54 1.969762903246762e+54 1.5829387898385012e+54 1.3234917624169209e+54 1.1372549705666587e+54 9.970273294751502e+53 8.876639060663809e+53 8.360836503311779e+53 8.277178941183955e+53 8.196387220853365e+53 8.113222516645075e+53 8.033228542248691e+53 7.954432558748271e+53 7.875397403330467e+53 7.799094050270813e+53 7.68882561575262e+53 7.279822456776298e+53 6.424513701894724e+53 5.54351908239743e+53 4.875127448924992e+53 4.351210165181051e+53 3.83945286464646e+53 3.3607978107461354e+53 2.988367643065405e+53 2.7816483362305513e+53 2.644629503236048e+53 2.446322735462066e+53 2.2432641254498713e+53 2.0973468184219715e+53 2.018382084758298e+53 1.9015169275854077e+53 1.7202501646883792e+53 1.4870763861548045e+53 1.2557907012055566e+53 1.0870350026156042e+53 9.584135815840871e+52 8.564821459604188e+52 7.751049486394357e+52 7.071689476830057e+52 6.503495763113192e+52 6.020051916866001e+52 
# total_energy_release_list
0 0 2.2792110294898353e+53 2.724879013924465e+55 1.016786265072253e+56 1.7963495841011388e+56 2.500851449031878e+56 3.5203436078738166e+56 5.125836088161999e+56 6.880320991454093e+56 8.574423970825035e+56 1.0130306554629081e+57 1.1529751603661837e+57 1.27821471183882e+57 1.3907116507683445e+57 1.4925394327592877e+57 1.892664651272897e+57 2.412074474244375e+57 2.7613192583559987e+57 3.0249380831858123e+57 3.236787165563661e+57 3.413913733692852e+57 3.566115716164186e+57 3.699550645051422e+57 3.8183491640890945e+57 3.829538703144603e+57 3.8406162809677234e+57 3.8515857329939046e+57 3.8624438833931e+57 3.873194975640834e+57 3.883840613041499e+57 3.8943804755047015e+57 3.904818219077192e+57 3.9253985556223194e+57 4.022826435793166e+57 4.194788528226213e+57 4.343169430670306e+57 4.4736597924151456e+57 4.590126693933282e+57 4.744280077139843e+57 4.8792155408800474e+57 4.99919799637139e+57 5.036425566465141e+57 5.1072131846707853e+57 5.205432628789766e+57 5.295499304057011e+57 5.351638050768264e+57 5.378650617223066e+57 5.48044472797981e+57 5.5955576499667525e+57 5.794577201357495e+57 5.962643148958778e+57 6.108124054029157e+57 6.2363911980908503e+57 6.351016575812019e+57 6.45475101783207e+57 6.54939339668744e+57 6.636431481704254e+57 6.716999503831323e+57 
# binding_energy_list
3.828247433168213e+54 3.828247433168213e+54 3.828247433168213e+54 3.8106582339377575e+54 3.784425847170959e+54 3.7583740428844664e+54 3.741105882720537e+54 3.7153522909717276e+54 3.6982817978026435e+54 3.6812897364253355e+54 3.664375746478333e+54 3.655947916131269e+54 3.6391503612720705e+54 3.630780547701032e+54 3.622429984166965e+54 3.6140986263961315e+54 3.5727283815192664e+54 3.507518739525694e+54 3.46736850452531e+54 3.4276778654644764e+54 3.396252725904075e+54 3.365115693754915e+54 3.3419504002611496e+54 3.3189445755261096e+54 3.303695410368136e+54 3.2960971217745825e+54 3.2960971217745825e+54 3.2960971217745825e+54 3.2960971217745825e+54 3.288516308759853e+54 3.288516308759853e+54 3.288516308759853e+54 3.288516308759853e+54 3.280952931131177e+54 3.26587832172338e+54 3.235936569296268e+54 3.2062693245054675e+54 3.1841975217261257e+54 3.162277660168379e+54 3.1332857243156014e+54 3.1045595881283365e+54 3.0831879502493346e+54 3.076096814740705e+54 3.061963433690657e+54 3.0478949896279954e+54 3.026913428101317e+54 3.0199517204019945e+54 3.0130060241861157e+54 2.9991625189876288e+54 2.9785164294291667e+54 2.951209226666378e+54 2.9241523778433426e+54 2.904022654464457e+54 2.8840315031266116e+54 2.8707805820246804e+54 2.857590543374967e+54 2.84446110744792e+54 2.831391995799367e+54 2.8248799749157104e+54 
# total_gas_kinetic_energy_list
1.4698392966937008e+57 6.557371842281074e+58 1.3912033623336258e+59 1.0290265488131372e+59 6.470581361255473e+58 3.674917111809995e+58 1.9518622321908007e+58 9.89929781114851e+57 4.859027556823078e+57 2.3300479037715628e+57 1.0997213031880546e+57 5.145093841841333e+56 2.406978268335583e+56 1.140703659401284e+56 5.593530462883866e+55 2.9298562893438955e+55 4.7544055964006336e+55 7.372272122343039e+55 9.32150176207653e+55 1.0872566575249915e+56 1.216393269763457e+56 1.3270401364615593e+56 1.425240114434341e+56 1.5144023015856375e+56 1.5948479706201308e+56 1.6026678582483632e+56 1.6101290815343502e+56 1.6178524170790984e+56 1.6253665391884096e+56 1.632733143275338e+56 1.6401127336290088e+56 1.6475898510859067e+56 1.6549758749607088e+56 1.6694560564374062e+56 1.738373021805678e+56 1.86288425828736e+56 1.9715689352020077e+56 2.0697765322929506e+56 2.157869829239211e+56 2.2733026291422825e+56 2.374175653317289e+56 2.4640959629517995e+56 2.492716985351356e+56 2.5464265481803527e+56 2.6193964392439436e+56 2.68365042051836e+56 2.7232427619127355e+56 2.741034880873899e+56 2.8112325238516768e+56 2.884820857982417e+56 3.008310442438565e+56 3.102905504835306e+56 3.182235320834275e+56 3.2507271853999268e+56 3.3124955438091177e+56 3.3639732289252983e+56 3.411727249760163e+56 3.4558096702763363e+56 3.495074154055437e+56 
