# time_axis
5.999999999999999 7.0 7.30102999566398 7.477121254719661 7.602059991327962 7.698970004336018 7.778151250383643 7.845098040014256 7.903089986991943 7.954242509439324 8.0 8.041392685158224 8.079181246047623 8.113943352306837 8.146128035678238 8.176091259055681 8.301029995663981 8.47712125471966 8.60205999132796 8.698970004336019 8.778151250383644 8.845098040014257 8.903089986991942 8.954242509439323 8.999999999999998 9.004321373782641 9.008600171761916 9.012837224705171 9.017033339298779 9.021189299069936 9.02530586526477 9.02938377768521 9.033423755486949 9.041392685158224 9.079181246047623 9.146128035678236 9.204119982655923 9.255272505103305 9.301029995663981 9.361727836017593 9.414973347970816 9.462397997898954 9.477121254719663 9.505149978319904 9.544068044350274 9.57978359661681 9.60205999132796 9.612783856719734 9.653212513775342 9.698970004336017 9.778151250383642 9.845098040014257 9.903089986991944 9.954242509439325 10.0 10.041392685158225 10.079181246047623 10.113943352306835 10.146128035678236 
# total_gas_mass_list
8.40231034070977 10.059728783226301 10.38648508767809 10.255558632134148 10.054103156969447 9.808431603607339 9.5336623848647 9.238868184950714 8.92991294548943 8.610897329153556 8.285087970417734 7.955633571744292 7.626410511121845 7.303236222991826 6.995512043540589 6.71727380479133 6.930497336089091 7.119226590737642 7.2193990957533005 7.286588919775179 7.336366693400539 7.375287025838235 7.406951271127027 7.433605218404134 7.456231589372978 7.458354888740301 7.460386134979577 7.4624503406124125 7.4644580524343285 7.466422870177211 7.468381249342594 7.470350085687805 7.472290799277588 7.476061000176948 7.493540993933478 7.523206076893965 7.547377134826135 7.567872329962698 7.585387893294198 7.6072490709389395 7.625447964792981 7.6409967732496895 7.645811503731748 7.65469349967622 7.666483505140401 7.676594008141187 7.682715134336101 7.685439490163546 7.69601240939256 7.706845295347888 7.724417728407621 7.737407967518988 7.748068330258953 7.757063694143234 7.765028113181172 7.771533551078542 7.777605012149794 7.783084244689995 7.787914380875843 
# ejected_gas_mass_list
-10.0 -10.0 3.8165649172191873 5.884365849406725 6.458463870276478 6.708469796758784 6.852483258536071 6.948276018547224 7.018836875205485 7.0728112573390565 7.115908462513666 7.151406344738179 7.181330763929396 7.207019242631506 7.229418695825591 7.249186206131636 7.322577317703999 7.409173778754821 7.463428808294384 7.502998849836549 7.53391616427186 7.559013266417341 7.580013719951429 7.598086562249032 7.6137059060119245 7.615184535868483 7.616601113776702 7.618042729413852 7.619446871220087 7.620822901639764 7.6221962775877605 7.623578850074476 7.624943498874635 7.627599751971985 7.640003563708129 7.661381565950277 7.679097884424074 7.6943238202693305 7.707481054585942 7.724085641881633 7.7380600588955994 7.750106136540298 7.753855832117938 7.760797111845532 7.770058578564185 7.778043381994277 7.7828964605165645 7.785060985892583 7.793487549607105 7.802164181915535 7.816329519628857 7.82687180714831 7.835567300482796 7.842935071460948 7.849481339359882 7.854844192480609 7.859861960060204 7.864400685813449 7.8684098525249215 
# stellar_mass_list
-10.0 6.3054003277017125 7.970734770897925 8.379858718421714 8.42466828103405 8.430936924763193 8.42242690870149 8.409306470232078 8.395377224331087 8.381899049280507 8.369278093079977 8.357572647164604 8.346899207609829 8.337167101702313 8.328293344336625 8.320202086007031 8.287592048851854 8.243779769985705 8.212650639797246 8.187936477856038 8.167190406824421 8.149219347798258 8.13328311294348 8.11891924744557 8.105819846031112 8.104549375134479 8.103307018218795 8.102087222816504 8.100874290063294 8.0996850227394 8.098481392729305 8.097281107573135 8.096078467571944 8.09372327215487 8.082532900152328 8.0621438278859 8.044022381487666 8.027368415502233 8.012163245526724 7.991490535394867 7.972541817105402 7.955060571557509 7.949340778069494 7.938771500034971 7.92320537914927 7.908915234874652 7.899523304750688 7.89522473431095 7.877355391635693 7.8573122482294915 7.819169537707696 7.785644763367746 7.75726368325918 7.731969531055084 7.708742107022207 7.689169252115 7.670135897447587 7.653178792758398 7.637969545894757 
# remnant_mass_list
-10.0 -10.0 4.795952191639302 6.941170939271879 7.4804165910373825 7.673535055247917 7.770617736470544 7.8246772597564105 7.856916950626624 7.877825131375256 7.892559791962815 7.903742693001027 7.912733721999075 7.920264172304591 7.926757438649544 7.932470423850975 7.953832255614009 7.979744002513764 7.996405447440142 8.008700169208382 8.018419801176938 8.026422966488667 8.033214281260133 8.039099496125914 8.044273175901312 8.044763953275407 8.045245275883632 8.045714910769385 8.046177172189722 8.046635401792765 8.047091783993752 8.047549871545197 8.04800700719432 8.048895596242172 8.053044699644738 8.0603035864447 8.066442332592835 8.07184035795927 8.076569415122115 8.08270649938787 8.088055851166068 8.092779956378779 8.094285374488674 8.097000532358347 8.100872603246971 8.104290173655896 8.106478549732575 8.107457429358936 8.11144275007509 8.115688383557194 8.123235269740105 8.129283980165283 8.133985559809963 8.137893241557194 8.141272813704873 8.143923565696873 8.146411372192986 8.148510543856032 8.15029443813904 
# BH_mass_list
-10.0 -10.0 4.5411133823678815 6.789118240490495 7.308082388342962 7.459185011716805 7.521153310647892 7.546950895240299 7.557149035035082 7.560882951292205 7.56211605376379 7.562483329878113 7.56258247837542 7.562602943426779 7.562605348878377 7.562605949670372 7.5626060900243095 7.5626060900243095 7.5626060900243095 7.5626060900243095 7.5626060900243095 7.5626060900243095 7.5626060900243095 7.5626060900243095 7.5626060900243095 7.5626060900243095 7.5626060900243095 7.5626060900243095 7.5626060900243095 7.5626060900243095 7.5626060900243095 7.5626060900243095 7.5626060900243095 7.5626060900243095 7.5626060900243095 7.5626060900243095 7.5626060900243095 7.5626060900243095 7.5626060900243095 7.5626060900243095 7.5626060900243095 7.5626060900243095 7.5626060900243095 7.5626060900243095 7.5626060900243095 7.5626060900243095 7.5626060900243095 7.5626060900243095 7.5626060900243095 7.5626060900243095 7.5626060900243095 7.5626060900243095 7.5626060900243095 7.5626060900243095 7.5626060900243095 7.5626060900243095 7.5626060900243095 7.5626060900243095 7.5626060900243095 
# NS_mass_list
-10.0 -10.0 4.443226943983533 6.411570309164572 6.995682288606786 7.264077131449407 7.4102661750517695 7.4921306408507355 7.53479569074973 7.556222551115579 7.566521659374866 7.571224655005021 7.57325360187015 7.574089909408058 7.574411702581189 7.574529355848088 7.574597029894831 7.574597029894831 7.574597029894831 7.574597029894831 7.574597029894831 7.574597029894831 7.574597029894831 7.574597029894831 7.574597029894831 7.574597029894831 7.574597029894831 7.574597029894831 7.574597029894831 7.574597029894831 7.574597029894831 7.574597029894831 7.574597029894831 7.574597029894831 7.574597029894831 7.574597029894831 7.574597029894831 7.574597029894831 7.574597029894831 7.574597029894831 7.574597029894831 7.574597029894831 7.574597029894831 7.574597029894831 7.574597029894831 7.574597029894831 7.574597029894831 7.574597029894831 7.574597029894831 7.574597029894831 7.574597029894831 7.574597029894831 7.574597029894831 7.574597029894831 7.574597029894831 7.574597029894831 7.574597029894831 7.574597029894831 7.574597029894831 
# WD_mass_list
-10.0 -10.0 -10.0 -10.0 -10.0 2.9557905147377834 4.674872896256265 5.69609747890566 6.204186117152627 6.491887414809952 6.6758981807137285 6.802491395018608 6.894263561810344 6.96359203903492 7.0179323814962995 7.0618287773819395 7.199749807476665 7.329759090116533 7.399682744558229 7.446354937488621 7.48083055828739 7.507826041239464 7.529849850050199 7.548333931158536 7.564154432938915 7.565635272666704 7.567084314432129 7.568495066135342 7.569880690938013 7.571251330486156 7.572613589447039 7.573978088756219 7.575336921075532 7.577970207523136 7.5901282221459665 7.610877596557923 7.627939203076398 7.642597718432757 7.655189088311524 7.671198858328175 7.684864668954676 7.6967205413302215 7.7004581971709385 7.707151333692624 7.71659196647628 7.7248254715377795 7.730050231097301 7.732375557687714 7.741769200562448 7.7516499717650635 7.768905520659625 7.78246438569195 7.792844825267865 7.801370823794972 7.808672441624844 7.814353794250779 7.81965018452686 7.8240927717602595 7.827849410776656 
