# time_axis
1000000 10000000 20000000 30000000 40000000 50000000 60000000 70000000 80000000 90000000 100000000 200000000 300000000 400000000 500000000 600000000 700000000 800000000 900000000 1000000000 1010000000 1020000000 1030000000 1040000000 1050000000 1060000000 1070000000 1080000000 1100000000 1200000000 1400000000 1600000000 1800000000 2000000000 2300000000 2600000000 2900000000 3000000000 3200000000 3500000000 3800000000 4000000000 4100000000 4500000000 5000000000 6000000000 7000000000 8000000000 9000000000 10000000000 11000000000 12000000000 13000000000 14000000000 
# SNIa_energy_release_list
0 0.0 0.0 0.0 0.0 0.0 1.0546266459300814e+57 2.92876093933e+57 5.4585361653075135e+57 8.524265074585254e+57 1.203604867719412e+58 5.239796036695999e+58 7.404911857794306e+58 8.803252455892101e+58 9.84058837365509e+58 1.066612992629344e+59 1.1352047968629964e+59 1.1938857075136642e+59 1.2451680335753973e+59 1.2907111336235496e+59 1.294997929239637e+59 1.2992393681357476e+59 1.3034373457014267e+59 1.3075927216769506e+59 1.3117059735877067e+59 1.3157777306349776e+59 1.319809499899109e+59 1.3238016384545265e+59 1.3316715422027123e+59 1.3688871671074615e+59 1.4344588998191039e+59 1.4909289521595165e+59 1.5405199834865205e+59 1.5847295579588086e+59 1.643179684351381e+59 1.694294633872999e+59 1.7397084657421422e+59 1.7537922892953155e+59 1.780568874610075e+59 1.8177054942724407e+59 1.8517396188510174e+59 1.8729488398054474e+59 1.883153722325361e+59 1.9215975163471245e+59 1.9650536825925746e+59 2.0401457727024505e+59 2.103530540810108e+59 2.15838413539254e+59 2.206728294525967e+59 2.2499360366624583e+59 2.289011147523253e+59 2.3246674594817133e+59 2.357450926409468e+59 2.387796399422099e+59 
# SNII_energy_release_list
0 0.0 4.1871302850551204e+57 9.512841662156304e+57 1.5316420932094083e+58 2.133038960486295e+58 2.71248637754579e+58 3.2720762084678805e+58 3.815431447827115e+58 4.345385680798572e+58 4.864512169663465e+58 5.701853061462961e+58 5.701853061462961e+58 5.701853061462961e+58 5.701853061462961e+58 5.701853061462961e+58 5.701853061462961e+58 5.701853061462961e+58 5.701853061462961e+58 5.701853061462961e+58 5.701853061462961e+58 5.701853061462961e+58 5.701853061462961e+58 5.701853061462961e+58 5.701853061462961e+58 5.701853061462961e+58 5.701853061462961e+58 5.701853061462961e+58 5.701853061462961e+58 5.701853061462961e+58 5.701853061462961e+58 5.701853061462961e+58 5.701853061462961e+58 5.701853061462961e+58 5.701853061462961e+58 5.701853061462961e+58 5.701853061462961e+58 5.701853061462961e+58 5.701853061462961e+58 5.701853061462961e+58 5.701853061462961e+58 5.701853061462961e+58 5.701853061462961e+58 5.701853061462961e+58 5.701853061462961e+58 5.701853061462961e+58 5.701853061462961e+58 5.701853061462961e+58 5.701853061462961e+58 5.701853061462961e+58 5.701853061462961e+58 5.701853061462961e+58 5.701853061462961e+58 5.701853061462961e+58 
# SN_energy_per_current_crossing_time_list
0.0 0.0 4.94083347996188e+57 6.406267196665361e+57 7.563246567981287e+57 8.880973948837019e+57 1.0142365499384041e+58 1.2005902182062305e+58 1.4610341821158102e+58 1.7860727112878985e+58 2.195679819763653e+58 9.293273962422568e+57 8.153992438734768e+56 5.448602333477447e+56 4.131902345945557e+56 3.3406861636685887e+56 2.80926129263128e+56 2.4264756359269446e+56 2.1373122830829104e+56 1.9107604058417696e+56 1.7996173504062649e+56 1.7816598097329147e+56 1.7642627208784956e+56 1.7474603872279252e+56 1.7308199260392668e+56 1.7143493408228053e+56 1.6984259770200762e+56 1.682549687922127e+56 1.6603476842249779e+56 1.5778456048049112e+56 1.4017394876177647e+56 1.2152113219162036e+56 1.0730780764014197e+56 9.610679833247584e+55 8.519809909116483e+55 7.485964343736469e+55 6.677516799826873e+55 6.219850282503238e+55 5.92590019941121e+55 5.494997272148725e+55 5.048960118924573e+55 4.7268936810226134e+55 4.552023945026403e+55 4.2986744696320665e+55 3.8984706857558797e+55 3.3838283122548673e+55 2.8665968791664455e+55 2.4880941109075607e+55 2.1987452270045166e+55 1.9697573440640177e+55 1.7851952904688592e+55 1.6322233623994455e+55 1.5034211642587104e+55 1.3939179866341287e+55 
# SN_energy_per_final_crossing_time_list
0.0 0.0 5.128950614183926e+58 6.523635229609255e+58 7.108990987754905e+58 7.366703736918639e+58 7.146282087835396e+58 6.940684173964425e+58 6.77193827595602e+58 6.632404045907007e+58 6.5202610273264e+58 1.211088067510495e+58 9.945450133266487e+56 6.423271472215722e+56 4.764998038915351e+56 3.7921215413497657e+56 3.150761552379754e+56 2.6955050855193165e+56 2.3556514233319972e+56 2.0920203253306623e+56 1.9691377068997206e+56 1.9483031172515217e+56 1.9283391739689165e+56 1.9087701520087966e+56 1.8894204811286432e+56 1.8703598335845892e+56 1.8519914627439489e+56 1.8337871138853283e+56 1.807518436623013e+56 1.709498115813419e+56 1.506017349004212e+56 1.2969747024656496e+56 1.1389809365250938e+56 1.0153824429217659e+56 8.949680068779105e+55 7.826543297405229e+55 6.953607990449127e+55 6.469398240448648e+55 6.149906425144652e+55 5.686230044770885e+55 5.211186787749041e+55 4.871223223077013e+55 4.6876083592685003e+55 4.4147850273324403e+55 3.992314223243909e+55 3.4493519021614503e+55 2.9115765737815554e+55 2.519697487930482e+55 2.2206868529199725e+55 1.9847457609520216e+55 1.7949135225512332e+55 1.6378711432590812e+55 1.505907131380056e+55 1.3939179866341287e+55 
# total_energy_release_list
0 0 4.1871302850551204e+57 9.512841662156304e+57 1.5316420932094083e+58 2.133038960486295e+58 2.8179490421387985e+58 3.5649523024008807e+58 4.3612850643578663e+58 5.197812188257097e+58 6.068117037382877e+58 1.094164909815896e+59 1.3106764919257267e+59 1.4505105517355063e+59 1.5542441435118051e+59 1.63679829877564e+59 1.7053901030092925e+59 1.7640710136599602e+59 1.8153533397216934e+59 1.8608964397698458e+59 1.8651832353859331e+59 1.8694246742820438e+59 1.873622651847723e+59 1.8777780278232468e+59 1.881891279734003e+59 1.8859630367812738e+59 1.8899948060454053e+59 1.8939869446008225e+59 1.9018568483490083e+59 1.9390724732537577e+59 2.0046442059654001e+59 2.0611142583058125e+59 2.1107052896328168e+59 2.1549148641051046e+59 2.213364990497677e+59 2.264479940019295e+59 2.3098937718884385e+59 2.3239775954416115e+59 2.350754180756371e+59 2.387890800418737e+59 2.4219249249973135e+59 2.4431341459517437e+59 2.453339028471657e+59 2.4917828224934208e+59 2.535238988738871e+59 2.610331078848747e+59 2.6737158469564042e+59 2.7285694415388363e+59 2.776913600672263e+59 2.8201213428087545e+59 2.8591964536695494e+59 2.8948527656280096e+59 2.9276362325557644e+59 2.9579817055683954e+59 
# binding_energy_list
3.854783576657705e+60 3.854783576657705e+60 3.706807217825783e+60 3.46736850452531e+60 3.147748314101298e+60 2.7925438412373248e+60 2.4322040090738308e+60 2.0796966871036854e+60 1.75388050184176e+60 1.4859356422869967e+60 1.2589254117941713e+60 8.260379495771818e+59 7.979946872679785e+59 7.834296427662088e+59 7.744617978025239e+59 7.691304402866145e+59 7.638357835776954e+59 7.603262769401823e+59 7.568328950209705e+59 7.550922276654341e+59 7.550922276654341e+59 7.5335556373372165e+59 7.5335556373372165e+59 7.5335556373372165e+59 7.5335556373372165e+59 7.5335556373372165e+59 7.5335556373372165e+59 7.5335556373372165e+59 7.516228940182014e+59 7.498942093324558e+59 7.481695005111583e+59 7.447319739059888e+59 7.430191378967052e+59 7.413102413009131e+59 7.396052750582374e+59 7.3790423012910455e+59 7.362070974947316e+59 7.362070974947316e+59 7.3451386815711436e+59 7.3451386815711436e+59 7.328245331389074e+59 7.328245331389074e+59 7.328245331389074e+59 7.311390834834127e+59 7.29457510254568e+59 7.277798045368272e+59 7.277798045368272e+59 7.261059574351499e+59 7.261059574351499e+59 7.244359600749891e+59 7.244359600749891e+59 7.227698036021732e+59 7.227698036021732e+59 7.227698036021732e+59 
# total_gas_kinetic_energy_list
1.7173466647574164e+60 1.6486527981671212e+60 1.5852760342645662e+60 1.5274985868590648e+60 1.476069652858547e+60 1.4300209352111013e+60 1.3892548293337629e+60 1.3537553755464408e+60 1.3224777365969217e+60 1.2931345699430486e+60 1.2656928929028565e+60 1.306296979736019e+60 1.3102299253355638e+60 1.3122024139514023e+60 1.3134307793382824e+60 1.3142917410601012e+60 1.3149379570906594e+60 1.315450499883132e+60 1.3158704036288855e+60 1.3162230674915667e+60 1.3162552894851484e+60 1.3162883834599504e+60 1.3163173793133378e+60 1.31634891582194e+60 1.316380015599347e+60 1.3164109578218736e+60 1.3164395627730153e+60 1.316466996071381e+60 1.3165254454024348e+60 1.3167812637641746e+60 1.3172116097448842e+60 1.3175559045832222e+60 1.3178381121340546e+60 1.3180729292764405e+60 1.3183607315312259e+60 1.3185941334567349e+60 1.3187867790202231e+60 1.3188436657097926e+60 1.318950128712844e+60 1.3190867503288688e+60 1.3192077843161004e+60 1.319278913239158e+60 1.3193119520044002e+60 1.3194342156408804e+60 1.3195616068662219e+60 1.319759728814437e+60 1.3199098459799479e+60 1.3200282686158117e+60 1.3201399638596228e+60 1.3202347948433527e+60 1.320323663165541e+60 1.3204047875498711e+60 1.3204779790328709e+60 1.3205453935791414e+60 
