# time_axis
5.999999999999999 7.0 7.30102999566398 7.477121254719661 7.602059991327962 7.698970004336018 7.778151250383643 7.845098040014256 7.903089986991943 7.954242509439324 8.0 8.301029995663981 8.47712125471966 8.60205999132796 8.698970004336019 8.778151250383644 8.845098040014257 8.903089986991942 8.954242509439323 8.999999999999998 9.004321373782641 9.008600171761916 9.012837224705171 9.017033339298779 9.021189299069936 9.02530586526477 9.02938377768521 9.033423755486949 9.041392685158224 9.079181246047623 9.146128035678236 9.204119982655923 9.255272505103305 9.301029995663981 9.361727836017593 9.414973347970816 9.462397997898954 9.477121254719663 9.505149978319904 9.544068044350274 9.57978359661681 9.60205999132796 9.612783856719734 9.653212513775342 9.698970004336017 9.778151250383642 9.845098040014257 9.903089986991944 9.954242509439325 10.0 10.041392685158225 10.079181246047623 10.113943352306835 10.146128035678236 
# total_gas_mass_list
11.42596873227228 11.408239965311848 11.391427788364494 11.375723774968712 11.361365363343548 11.348376952509392 11.336861768658107 11.326939614669866 11.318392139484706 11.310462399822782 11.303135141919297 11.319751999677916 11.321112133151082 11.32179622589435 11.322232998620848 11.322543766141766 11.322777836911273 11.322962783630489 11.323113950711926 11.3232405866518 11.32325214344691 11.323263803908553 11.323272482373278 11.323284761948997 11.323296843802027 11.323307886268333 11.323317961578123 11.323326809916011 11.323348996210743 11.323438455195964 11.323596440010352 11.323719829671269 11.32382170426044 11.323906428202877 11.324010816930901 11.324095929856309 11.324166882870946 11.324187632688714 11.324227338840805 11.324277769754639 11.324322827238959 11.324349563535549 11.32436206937908 11.324408355759692 11.324456990978913 11.324533755964161 11.324593085929385 11.324640659087347 11.324684816317522 11.324722732998172 11.324757910458453 11.324790021363775 11.324819240207145 11.324846058914424 
# ejected_gas_mass_list
-10.0 -10.0 8.715360383637393 9.210605117078067 9.531555785678572 9.7650594668484 9.949744366312649 10.103436154842832 10.231562945280821 10.33452864732301 10.420943580339303 10.534006037853558 10.542245173523819 10.546340370791722 10.548938316978315 10.550778940895528 10.552161035648234 10.553250495087529 10.554139288097266 10.554882689209512 10.55495047945304 10.555018868892434 10.555069762909321 10.555141766842175 10.55521260172284 10.555277334386703 10.555336390446765 10.555388249163325 10.555518256968492 10.556042143782031 10.556966051541822 10.557686512705361 10.55828060380522 10.558774167054441 10.559381650273037 10.559876439031342 10.560288555287444 10.560409015259502 10.560639446337632 10.560931971800459 10.561193190733425 10.561348131885941 10.561420589569524 10.561688681531225 10.561970230595106 10.562414315747088 10.562757282249702 10.563032124909801 10.563287104219434 10.56350594968574 10.563708903572385 10.563894096762395 10.564062553863614 10.564217125800022 
# stellar_mass_list
-10.0 10.028028723600242 10.08910922002738 10.119177785814397 10.13948713925103 10.155325650758769 10.168712818165897 10.180720499605737 10.192003117935496 10.202622192077495 10.212346499745152 9.729320327150026 9.658932384232159 9.617573458315215 9.588648402944376 9.566627641721439 9.548951190008246 9.534260542323805 9.52174259864316 9.510843953973339 9.509828713775963 9.508835536303268 9.507854413405697 9.506875216002383 9.505909387672519 9.504952153079579 9.504003384691245 9.503066961386082 9.501251057898983 9.492684015448605 9.47791966733176 9.465528523793155 9.454903583619584 9.445634319573285 9.433683260902601 9.423448309807545 9.414554808933877 9.41180596209247 9.40670428289351 9.39966731132005 9.393354226916747 9.389445676143733 9.387595359555986 9.380617239602827 9.372960434518133 9.359939721144663 9.349275472194678 9.340072563935712 9.331787710536538 9.324153272352381 9.317269867648147 9.310751087674248 9.304685957085693 9.29908322800816 
# remnant_mass_list
-10.0 -10.0 9.174818111103313 9.491209528587904 9.672600460149043 9.795528302911901 9.886521723386506 9.95756107824261 10.015000526924021 10.062224309103936 10.100834610317722 10.156518848151087 10.163341164548985 10.16692192334101 10.169246229397675 10.170919703734581 10.172204682979755 10.173233941622483 10.174083588170506 10.174803528785295 10.174869649532809 10.17493402540374 10.174997474758701 10.175060813902647 10.175123121487129 10.175184787863866 10.17524579125152 10.175305836840524 10.17542151491175 10.175961444941759 10.176865801285247 10.177599537373514 10.178210367929246 10.178729432551101 10.179379459198483 10.179920085011917 10.180377312499166 10.180516793081766 10.180771356407439 10.181117440606114 10.181421141829833 10.181606690881821 10.181693449623932 10.182017732957021 10.182363716037692 10.182935183480607 10.183385056204415 10.183764410488621 10.184103107859437 10.1844143935824 10.184690172659499 10.184952074473143 10.1851936237037 10.185413641375451 
# BH_mass_list
-10.0 -10.0 9.070198363621293 9.362454434977767 9.530125415505735 9.643297681745858 9.72676979749691 9.791622494101667 9.843738243854498 9.886096701379994 9.919956175016958 9.945983077971272 9.945983077971272 9.945983077971272 9.945983077971272 9.945983077971272 9.945983077971272 9.945983077971272 9.945983077971272 9.945983077971272 9.945983077971272 9.945983077971272 9.945983077971272 9.945983077971272 9.945983077971272 9.945983077971272 9.945983077971272 9.945983077971272 9.945983077971272 9.945983077971272 9.945983077971272 9.945983077971272 9.945983077971272 9.945983077971272 9.945983077971272 9.945983077971272 9.945983077971272 9.945983077971272 9.945983077971272 9.945983077971272 9.945983077971272 9.945983077971272 9.945983077971272 9.945983077971272 9.945983077971272 9.945983077971272 9.945983077971272 9.945983077971272 9.945983077971272 9.945983077971272 9.945983077971272 9.945983077971272 9.945983077971272 9.945983077971272 
# NS_mass_list
-10.0 -10.0 8.505387188873323 8.900401424659085 9.11926320512381 9.265828632359902 9.369648822749731 9.448841112157089 9.512200957766753 9.564329932442812 9.60759192884464 9.668788475498031 9.668788475498031 9.668788475498031 9.668788475498031 9.668788475498031 9.668788475498031 9.668788475498031 9.668788475498031 9.668788475498031 9.668788475498031 9.668788475498031 9.668788475498031 9.668788475498031 9.668788475498031 9.668788475498031 9.668788475498031 9.668788475498031 9.668788475498031 9.668788475498031 9.668788475498031 9.668788475498031 9.668788475498031 9.668788475498031 9.668788475498031 9.668788475498031 9.668788475498031 9.668788475498031 9.668788475498031 9.668788475498031 9.668788475498031 9.668788475498031 9.668788475498031 9.668788475498031 9.668788475498031 9.668788475498031 9.668788475498031 9.668788475498031 9.668788475498031 9.668788475498031 9.668788475498031 9.668788475498031 9.668788475498031 9.668788475498031 
# WD_mass_list
-10.0 -10.0 -10.0 -10.0 -10.0 6.346931693474466 7.442368574899303 7.8396920928190985 8.082568889775134 8.256028994620044 8.389866764669723 8.926457206010971 9.029891810673796 9.076220071850296 9.104028685561927 9.123088078291877 9.13722269097873 9.148250661392913 9.157166880520666 9.16459457890278 9.16527103792265 9.165928733661579 9.166576085688149 9.167221446407625 9.167855453906105 9.168482116200037 9.169101240041103 9.169709867209036 9.170880227389413 9.176305645717493 9.185258541052873 9.192402471185275 9.198270415654308 9.203201620056273 9.209307210308538 9.214327477321492 9.218533280779718 9.219809100939543 9.222129006719042 9.225265382147512 9.22800116642636 9.229665112527108 9.230441198982694 9.233331168384513 9.236395820634838 9.241416154142318 9.24533243684618 9.248610725028996 9.25151929672146 9.254177382213339 9.25652033866891 9.25873512296045 9.260769006359567 9.262614315844397 
