# time_axis
1000000 10000000 20000000 30000000 40000000 50000000 60000000 70000000 80000000 90000000 100000000 110000000 120000000 130000000 140000000 150000000 200000000 300000000 400000000 500000000 600000000 700000000 800000000 900000000 1000000000 1010000000 1020000000 1030000000 1040000000 1050000000 1060000000 1070000000 1080000000 1100000000 1200000000 1400000000 1600000000 1800000000 2000000000 2300000000 2600000000 2900000000 3000000000 3200000000 3500000000 3800000000 4000000000 4100000000 4500000000 5000000000 6000000000 7000000000 8000000000 9000000000 10000000000 11000000000 12000000000 13000000000 14000000000 
# SNIa_energy_release_list
0 0.0 0.0 0.0 0.0 0.0 2.4787351955188373e+53 1.2026493677621756e+55 4.7564510959517917e+55 1.1170166888224063e+56 2.045024120391033e+56 3.2397886072459476e+56 4.5402105811401595e+56 5.8529454998912e+56 7.126655028508833e+56 8.335150397287713e+56 1.3259203530851561e+57 1.925352241080556e+57 2.305715897045997e+57 2.5858616868779088e+57 2.8078914349940044e+57 2.9918889602535985e+57 3.148998344494279e+57 3.2861036329170365e+57 3.4077302136498137e+57 3.4191706652430874e+57 3.430490528733902e+57 3.441693250599675e+57 3.4527809122880094e+57 3.4637565043578536e+57 3.474622442498508e+57 3.485379481699633e+57 3.49603007893273e+57 3.5170202335069326e+57 3.616249845593545e+57 3.790938490099549e+57 3.941251344515613e+57 4.0731602249545486e+57 4.190693523262352e+57 4.346016704496073e+57 4.481775729807466e+57 4.6023514990739805e+57 4.639731102156304e+57 4.710810579488284e+57 4.809349402684971e+57 4.899639668871717e+57 4.9559079331886035e+57 4.982974953231574e+57 5.084920387820749e+57 5.200164245394521e+57 5.399247718196377e+57 5.5672414886210535e+57 5.712610537947882e+57 5.8407038809994304e+57 5.9551773957492665e+57 6.0587035140352306e+57 6.153156989764967e+57 6.239998044016171e+57 6.320376872418737e+57 
# SNII_energy_release_list
0 -5.90182845824447e+53 -2.756943624161015e+55 -6.173050764583758e+55 -7.003847808479182e+55 -4.342920393117823e+55 1.4926811772912654e+55 1.2700372980841886e+56 2.407579096499788e+56 2.906276345526343e+56 3.094324067805062e+56 3.0877834152121824e+56 2.989380615337512e+56 2.923317834438151e+56 2.878957440740952e+56 2.8491458699825496e+56 2.8491458699825496e+56 3.2617269947337827e+56 3.730299217348647e+56 4.012983417919124e+56 4.227840664175111e+56 4.4033440830016735e+56 4.552587979917549e+56 4.682881841805135e+56 4.798786009356207e+56 4.809710850104637e+56 4.820527064690163e+56 4.831237254315495e+56 4.8418375662056665e+56 4.852335454375631e+56 4.862736071541462e+56 4.87303183688626e+56 4.883233760813092e+56 4.90335252761155e+56 4.998738447202425e+56 5.167879997082967e+56 5.314913223140582e+56 5.445246250717239e+56 5.562479515729416e+56 5.611788183922007e+56 5.611788183922007e+56 5.611788183922007e+56 5.611788183922007e+56 5.611788183922007e+56 5.611788183922007e+56 5.611788183922007e+56 5.611788183922007e+56 5.611788183922007e+56 5.611788183922007e+56 5.611788183922007e+56 5.611788183922007e+56 5.611788183922007e+56 5.611788183922007e+56 5.611788183922007e+56 5.611788183922007e+56 5.611788183922007e+56 5.611788183922007e+56 5.611788183922007e+56 5.611788183922007e+56 
# SN_energy_per_current_crossing_time_list
0.0 -1.019471248303675e+55 -4.26524451265868e+55 -2.799365284112477e+55 -5.1437427312601714e+54 1.4578914595020463e+55 3.0146876950997133e+55 6.621521764736083e+55 7.85582729501782e+55 3.4134211211460987e+55 1.3908056051322177e+55 2.323135197018103e+54 -2.9716835220924175e+54 -1.0025545143327908e+54 2.026824370447137e+53 9.261714030226453e+53 2.3193893622925574e+54 5.491482681047105e+54 6.53558904380876e+54 4.5998208151406496e+54 3.854839816834574e+54 3.389840658393912e+54 3.0260328770385908e+54 2.7457592725247937e+54 2.5208595213252956e+54 2.3817242602611614e+54 2.3645035586515044e+54 2.3476618907970232e+54 2.330098035568374e+54 2.3136555581763737e+54 2.2979643468152825e+54 2.2809407086389182e+54 2.2656530058527606e+54 2.245246452256664e+54 2.178813995711716e+54 2.0062497999622445e+54 1.7953793243319793e+54 1.6295946004928152e+54 1.4949985234153248e+54 6.833771575594425e+53 3.312027399333964e+53 3.0021548420102896e+53 2.809594458569054e+53 2.7024375643339165e+53 2.5377361913110597e+53 2.3581114232146517e+53 2.2233485101526862e+53 2.147498295675161e+53 2.0526183369944208e+53 1.8861376921440088e+53 1.6724148889436947e+53 1.4405812834519687e+53 1.2681861235212435e+53 1.1342365985918075e+53 1.027121626256952e+53 9.395828726891085e+52 8.663439895147906e+52 8.04106777709015e+52 7.506974765239538e+52 
# SN_energy_per_final_crossing_time_list
0.0 -1.6331876582638395e+54 -6.719267696141894e+55 -8.507922001573135e+55 -2.0691261011576775e+55 6.627123205199145e+55 1.4536063795497053e+56 2.8023114374977996e+56 2.8662742404236486e+56 1.30192199503001e+56 5.550099374696942e+55 9.529524087921975e+54 -1.2362244554907402e+55 -4.192864715763174e+54 8.477055565006451e+53 3.862068385186732e+54 9.197631602995923e+54 1.5873852052702194e+55 1.522234176886126e+55 9.656758240556999e+54 7.424732320983686e+54 6.089411237406462e+54 5.1842880109873e+54 4.525503337977947e+54 4.022560209671631e+54 3.789345996130661e+54 3.7510299925248074e+54 3.713683710119631e+54 3.67557227866898e+54 3.6395965960583126e+54 3.605129826676195e+54 3.568845543266163e+54 3.5355329039547845e+54 3.485507964468868e+54 3.302370483446323e+54 2.922013336089929e+54 2.5328772097233453e+54 2.238973478807922e+54 2.0087163089019983e+54 8.928958528757333e+53 4.226401393751318e+53 3.753721699988294e+53 3.4910652798805176e+53 3.3192312780745293e+53 3.0676753810057716e+53 2.8108842559715425e+53 2.6275852031280065e+53 2.5279223456100555e+53 2.380296590849107e+53 2.1526383199372735e+53 1.8593386295887208e+53 1.5689765829619674e+53 1.3576731667172393e+53 1.196326835055522e+53 1.0691245488318485e+53 9.668814200968329e+52 8.821475416897455e+52 8.110513872951201e+52 7.506974765239538e+52 
# total_energy_release_list
0 -5.90182845824447e+53 -2.756943624161015e+55 -6.173050764583758e+55 -7.003847808479182e+55 -4.342920393117823e+55 1.5174685292464537e+55 1.390302234860406e+56 2.8832242060949674e+56 4.023293034348749e+56 5.139348188196095e+56 6.32757202245813e+56 7.529591196477671e+56 8.77626333432935e+56 1.0005612469249785e+57 1.1184296267270264e+57 1.610834940083411e+57 2.2515249405539345e+57 2.6787458187808615e+57 2.9871600286698213e+57 3.230675501411515e+57 3.432223368553766e+57 3.604257142486034e+57 3.75439181709755e+57 3.887608814585434e+57 3.900141750253551e+57 3.912543235202918e+57 3.9248169760312246e+57 3.936964668908576e+57 3.948990049795417e+57 3.960896049652654e+57 3.972682665388259e+57 3.984353455014039e+57 4.0073554862680875e+57 4.116123690313788e+57 4.307726489807846e+57 4.472742666829671e+57 4.6176848500262726e+57 4.746941474835294e+57 4.907195522888274e+57 5.042954548199667e+57 5.1635303174661814e+57 5.200909920548505e+57 5.271989397880485e+57 5.3705282210771716e+57 5.460818487263918e+57 5.517086751580804e+57 5.544153771623775e+57 5.64609920621295e+57 5.7613430637867216e+57 5.9604265365885776e+57 6.128420307013254e+57 6.2737893563400826e+57 6.401882699391631e+57 6.516356214141467e+57 6.619882332427431e+57 6.714335808157167e+57 6.801176862408371e+57 6.881555690810937e+57 
# binding_energy_list
3.6897759857015045e+54 4.731512589614774e+54 6.011737374832828e+54 6.729766562843223e+54 6.91830970918942e+54 6.807693586937389e+54 6.622165037017589e+54 6.0673632958850715e+54 5.546257129579105e+54 5.533501092157394e+54 5.559042572704003e+54 5.571857489319327e+54 5.571857489319327e+54 5.559042572704003e+54 5.533501092157394e+54 5.5207743928075396e+54 5.3703179637024884e+54 4.688133821452645e+54 4.2657951880159515e+54 4.064433291652144e+54 3.8994198667654436e+54 3.775721909254145e+54 3.6897759857015045e+54 3.6140986263961315e+54 3.556313185689869e+54 3.548133892335731e+54 3.548133892335731e+54 3.5399734108343426e+54 3.531831697919584e+54 3.531831697919584e+54 3.5237087104248475e+54 3.5237087104248475e+54 3.515604405282976e+54 3.507518739525694e+54 3.46736850452531e+54 3.396252725904075e+54 3.3419504002611496e+54 3.2960971217745825e+54 3.258367010020074e+54 3.2136605386403015e+54 3.1768740706497886e+54 3.147748314101298e+54 3.1332857243156014e+54 3.118889584093935e+54 3.090295432513605e+54 3.0690219883911704e+54 3.054921113215509e+54 3.054921113215509e+54 3.026913428101317e+54 3.0060763026282413e+54 2.9648313895243513e+54 2.9376496519615545e+54 2.9174270140011897e+54 2.897343587701345e+54 2.87739841473569e+54 2.857590543374967e+54 2.84446110744792e+54 2.831391995799367e+54 2.8248799749157104e+54 
# total_gas_kinetic_energy_list
1.2437868103405682e+57 5.683986530929244e+58 1.2718347213735571e+59 1.709552476350627e+59 1.933815936418659e+59 2.0372589510186183e+59 1.4152363346261143e+59 9.72397477251935e+58 6.632120194036087e+58 4.4829823988028263e+58 3.018616303592395e+58 2.0289980404796508e+58 1.3630330418926203e+58 9.158700955931868e+57 6.159341341561014e+57 4.14820430012935e+57 4.2643496776329894e+57 4.680240985415331e+57 4.942086362499526e+57 5.069085077912668e+57 5.158617463280634e+57 5.222869915846225e+57 5.272760294201284e+57 5.3132080941851404e+57 5.346793298160304e+57 5.349861494466625e+57 5.352888715079392e+57 5.355865103653188e+57 5.35878643887788e+57 5.361653049870073e+57 5.364473543327948e+57 5.367265796376425e+57 5.3700330345517846e+57 5.375461054597662e+57 5.400382814586798e+57 5.441947569415485e+57 5.47543256888604e+57 5.503456375098262e+57 5.527266279047258e+57 5.5571287831530124e+57 5.582276981335062e+57 5.603864439120938e+57 5.6104860307353805e+57 5.622724863303594e+57 5.639472497842394e+57 5.6541052418388366e+57 5.663016269421296e+57 5.6671115779591584e+57 5.682448698674761e+57 5.698516073655863e+57 5.724324574325764e+57 5.744243749771635e+57 5.760719151770749e+57 5.774851956675417e+57 5.7872900017047146e+57 5.797999368843887e+57 5.8077869502425546e+57 5.816493240645853e+57 5.82432708609908e+57 
