# time_axis
5.999999999999999 7.0 7.30102999566398 7.477121254719661 7.602059991327962 7.698970004336018 7.778151250383643 7.845098040014256 7.903089986991943 7.954242509439324 8.0 8.041392685158224 8.079181246047623 8.113943352306837 8.146128035678238 8.176091259055681 8.301029995663981 8.47712125471966 8.60205999132796 8.698970004336019 8.778151250383644 8.845098040014257 8.903089986991942 8.954242509439323 8.999999999999998 9.004321373782641 9.008600171761916 9.012837224705171 9.017033339298779 9.021189299069936 9.02530586526477 9.02938377768521 9.033423755486949 9.041392685158224 9.079181246047623 9.146128035678236 9.204119982655923 9.255272505103305 9.301029995663981 9.361727836017593 9.414973347970816 9.462397997898954 9.477121254719663 9.505149978319904 9.544068044350274 9.57978359661681 9.60205999132796 9.612783856719734 9.653212513775342 9.698970004336017 9.778151250383642 9.845098040014257 9.903089986991944 9.954242509439325 10.0 10.041392685158225 10.079181246047623 10.113943352306835 10.146128035678236 
# total_gas_mass_list
8.702365504625783 10.270583544508051 10.26272162693974 9.973537140327384 9.578155797303618 9.128057945336742 8.645897584331427 8.144537774382865 7.634355599950972 7.130531121858115 6.665429072803129 6.296381790573387 6.067200970368147 5.952030416516242 5.894047543138549 5.8586582189487615 6.459101426372759 6.787158143169585 6.935503678033623 7.028951473581011 7.095994463351412 7.14722214314306 7.188124012078827 7.22202934120302 7.250820610139577 7.253508437168042 7.255999392887466 7.258577156329196 7.261056459923039 7.263602335981789 7.266132952522669 7.268638101291052 7.271057888714297 7.275752204270095 7.297358430176607 7.333784462177192 7.363260360011946 7.387919024459077 7.40863629739924 7.434373006413896 7.455719083664894 7.473637493608024 7.479175990033749 7.48925706330767 7.502733575199022 7.514055019334358 7.520874082238925 7.523855432557901 7.535631887674059 7.547558981461353 7.566745993908007 7.580803371733167 7.593125144135907 7.604128015495421 7.614201992935199 7.622784768850385 7.631196994002676 7.638783191065093 7.64577080108619 
# ejected_gas_mass_list
-10.0 -10.0 4.099212924073909 5.843051775334619 6.265511940757851 6.479249222646481 6.609866050648837 6.699919689019356 6.766382089273655 6.819156258706261 6.863055648190897 6.90025271068575 6.932216386335737 6.960099868461832 6.9847404821580605 7.006786878633599 7.09037646563564 7.1920380741735395 7.256602667707362 7.303728135091384 7.340621811432257 7.370524204461576 7.395443362615343 7.416788323965544 7.43539381044552 7.43715291993551 7.438786538020617 7.440480478665178 7.4421129671599715 7.443792599479759 7.44546548141766 7.4471247789077655 7.448730602498884 7.451854422432623 7.466376979171987 7.491390052897146 7.512105013195953 7.529751547408263 7.544795303659749 7.563754154008698 7.579700317251908 7.593237309057161 7.597449002059513 7.605147906116685 7.615505367279563 7.6242636019668115 7.629563620673005 7.631886640795819 7.6410968954913825 7.65048000574519 7.665688586120657 7.676918650384298 7.686821778179191 7.695711132021364 7.7038876782283525 7.71088188947054 7.7177617902929665 7.723986824022414 7.729737843422836 
# stellar_mass_list
-10.0 6.605455491617727 8.18364384382452 8.423927860674745 8.484687341069433 8.494433207767212 8.487916447192724 8.477752905513048 8.467919443336955 8.459235244658908 8.451665022282508 8.445026125724953 8.43914812536683 8.43382425384082 8.429031207782266 8.424566898219625 8.406362658317827 8.381271440185643 8.363348805965712 8.349258402522237 8.337533209875241 8.327462345928927 8.318656936654547 8.310805028923053 8.303659807646362 8.302977075021571 8.302310631186714 8.301663674932675 8.301019892262273 8.300373321923477 8.299723503071666 8.29908012749167 8.298434288550274 8.29720535168924 8.291259886825376 8.280611542461916 8.271266531362173 8.26291274185403 8.255440985429688 8.24548952991749 8.236619160558563 8.228617852362955 8.226027014428759 8.221333949930184 8.214541477224058 8.208398307191262 8.204482047048721 8.202688414030332 8.195352221350468 8.18736959933034 8.172825114057522 8.16050592801592 8.149817168671811 8.14008628178785 8.130916577258134 8.123097286307292 8.115374147642234 8.108410407200536 8.10206565154541 
# remnant_mass_list
-10.0 -10.0 5.046472468114341 6.814945674197484 7.144461644892998 7.287388641672542 7.366637594274418 7.416277466539056 7.4506998946477365 7.4766218042893335 7.497306373525534 7.51446526481943 7.529101380187864 7.541841449034003 7.553110030981882 7.5631967424260775 7.601883403015448 7.649669531191764 7.680326344534265 7.702715760377489 7.720267520526416 7.7346146404617615 7.746684478583457 7.757089748454421 7.766209265221387 7.767071205238834 7.767900823000658 7.7687070165833125 7.769518175898916 7.770320587821836 7.77113061433253 7.771939340823136 7.772741473956958 7.774270341760016 7.78147826962838 7.793994940176434 7.804505259875055 7.813621718683891 7.821519414931284 7.831698020599665 7.840482302288913 7.848132921774579 7.850572042195294 7.854913587611589 7.861086659874505 7.866530718123824 7.869956083664932 7.871504696304127 7.877737919012812 7.884343381963561 7.895924917199305 7.905304843474644 7.913123861729718 7.92003071116924 7.926332041889505 7.931529818251322 7.936592391001059 7.9410322139309795 7.944974151761225 
# BH_mass_list
-10.0 -10.0 4.734037674769208 6.5524659144234825 6.781124378380229 6.836413701398125 6.853383786909987 6.858103835737064 6.859234145373731 6.859451503023261 6.85948027933409 6.859481568512599 6.859481579456223 6.859481579456223 6.859481579456223 6.859481579456223 6.859481579456223 6.859481579456223 6.859481579456223 6.859481579456223 6.859481579456223 6.859481579456223 6.859481579456223 6.859481579456223 6.859481579456223 6.859481579456223 6.859481579456223 6.859481579456223 6.859481579456223 6.859481579456223 6.859481579456223 6.859481579456223 6.859481579456223 6.859481579456223 6.859481579456223 6.859481579456223 6.859481579456223 6.859481579456223 6.859481579456223 6.859481579456223 6.859481579456223 6.859481579456223 6.859481579456223 6.859481579456223 6.859481579456223 6.859481579456223 6.859481579456223 6.859481579456223 6.859481579456223 6.859481579456223 6.859481579456223 6.859481579456223 6.859481579456223 6.859481579456223 6.859481579456223 6.859481579456223 6.859481579456223 6.859481579456223 6.859481579456223 
# NS_mass_list
-10.0 -10.0 4.756555421987671 6.47160721655065 6.897911138770624 7.0975499495795304 7.205098725836301 7.2530572094779435 7.270530211450592 7.276447057532507 7.278276820003148 7.278797886929774 7.27893573249275 7.278970846316821 7.278981551083288 7.278983872748108 7.278985641452383 7.278985641452383 7.278985641452383 7.278985641452383 7.278985641452383 7.278985641452383 7.278985641452383 7.278985641452383 7.278985641452383 7.278985641452383 7.278985641452383 7.278985641452383 7.278985641452383 7.278985641452383 7.278985641452383 7.278985641452383 7.278985641452383 7.278985641452383 7.278985641452383 7.278985641452383 7.278985641452383 7.278985641452383 7.278985641452383 7.278985641452383 7.278985641452383 7.278985641452383 7.278985641452383 7.278985641452383 7.278985641452383 7.278985641452383 7.278985641452383 7.278985641452383 7.278985641452383 7.278985641452383 7.278985641452383 7.278985641452383 7.278985641452383 7.278985641452383 7.278985641452383 7.278985641452383 7.278985641452383 7.278985641452383 7.278985641452383 
# WD_mass_list
-10.0 -10.0 -10.0 -10.0 -10.0 3.2325917607128867 4.956945915779232 5.9809004694926 6.37181966137795 6.583305886450423 6.717037849049157 6.809972616727869 6.879135424885521 6.93327429176187 6.9772956978743235 7.014110872923345 7.13791932422693 7.264546567237114 7.335520429500849 7.383586310321023 7.419413981571635 7.447638270333268 7.470713085008396 7.490152439207779 7.506866917688195 7.508431749916617 7.5099355159532895 7.51139459244586 7.512860447717676 7.514308326582228 7.515767767926684 7.5172226951656596 7.518663627426388 7.521404200788968 7.53422337845081 7.556102584064568 7.57412169400954 7.589505414398209 7.602657031613579 7.619378044632701 7.6336108314929465 7.6458642671722155 7.649743812328345 7.656617719651744 7.666323390259511 7.674818256581248 7.680132888221607 7.682528091510199 7.692122179844811 7.702209424016095 7.719704933966963 7.733704013181266 7.745261853651436 7.755389910465856 7.764565451913564 7.772088927080514 7.779378399206184 7.785740732178919 7.79136619095586 
