# time_axis
1000000 10000000 20000000 30000000 40000000 50000000 60000000 70000000 80000000 90000000 100000000 110000000 120000000 130000000 140000000 150000000 200000000 300000000 400000000 500000000 600000000 700000000 800000000 900000000 1000000000 1010000000 1020000000 1030000000 1040000000 1050000000 1060000000 1070000000 1080000000 1100000000 1200000000 1400000000 1600000000 1800000000 2000000000 2300000000 2600000000 2900000000 3000000000 3200000000 3500000000 3800000000 4000000000 4100000000 4500000000 5000000000 6000000000 7000000000 8000000000 9000000000 10000000000 11000000000 12000000000 13000000000 14000000000 
# SNIa_energy_release_list
0 0.0 0.0 0.0 0.0 0.0 2.7955703329372238e+54 6.963605459951902e+55 1.7114723085069914e+56 2.7316763945703023e+56 3.6570747343253046e+56 4.478057524428788e+56 5.207929838666746e+56 5.862097050567724e+56 6.4540875895739966e+56 6.994601842617393e+56 9.159709950479344e+56 1.204141012743285e+57 1.400819342179808e+57 1.5503426974247182e+57 1.6710175144833246e+57 1.772187841743484e+57 1.859301062228307e+57 1.935786119259985e+57 2.0039609466530793e+57 2.0103847989726504e+57 2.0167487927432747e+57 2.0230486323125627e+57 2.0292847796862626e+57 2.0354607831297282e+57 2.041575373236959e+57 2.0476295114379044e+57 2.0536264829108526e+57 2.065452732001504e+57 2.1214613331170002e+57 2.220400224696656e+57 2.3058497847312418e+57 2.381052014957556e+57 2.448212191600888e+57 2.5371486897423977e+57 2.6150367791301333e+57 2.6843210978475362e+57 2.705833467336464e+57 2.7467152772558266e+57 2.803462563709067e+57 2.8555147862701277e+57 2.8879613931686572e+57 2.9035751362390425e+57 2.962424277849839e+57 3.0289843299540445e+57 3.1440844390432125e+57 3.2413167597885745e+57 3.325488535603115e+57 3.3997232177858556e+57 3.466057987658534e+57 3.526092532966861e+57 3.580875254235626e+57 3.631259303613267e+57 3.677899597251504e+57 
# SNII_energy_release_list
0 0.0 7.4184475831855936e+53 4.0692279260642426e+55 8.678296430578428e+55 1.237468406892644e+56 1.5197746066170509e+56 1.6721851461559973e+56 1.7376597902922546e+56 1.7626363412799196e+56 1.7716583690817702e+56 1.7748049140778202e+56 1.7758529620592817e+56 1.776196133866058e+56 1.7763081323094744e+56 1.776354106629359e+56 1.7763718909739416e+56 1.7763718909739416e+56 1.7763718909739416e+56 1.7763718909739416e+56 1.7763718909739416e+56 1.7763718909739416e+56 1.7763718909739416e+56 1.7763718909739416e+56 1.7763718909739416e+56 1.7763718909739416e+56 1.7763718909739416e+56 1.7763718909739416e+56 1.7763718909739416e+56 1.7763718909739416e+56 1.7763718909739416e+56 1.7763718909739416e+56 1.7763718909739416e+56 1.7763718909739416e+56 1.7763718909739416e+56 1.7763718909739416e+56 1.7763718909739416e+56 1.7763718909739416e+56 1.7763718909739416e+56 1.7763718909739416e+56 1.7763718909739416e+56 1.7763718909739416e+56 1.7763718909739416e+56 1.7763718909739416e+56 1.7763718909739416e+56 1.7763718909739416e+56 1.7763718909739416e+56 1.7763718909739416e+56 1.7763718909739416e+56 1.7763718909739416e+56 1.7763718909739416e+56 1.7763718909739416e+56 1.7763718909739416e+56 1.7763718909739416e+56 1.7763718909739416e+56 1.7763718909739416e+56 1.7763718909739416e+56 1.7763718909739416e+56 1.7763718909739416e+56 
# SN_energy_per_current_crossing_time_list
0.0 0.0 5.301667008380151e+53 2.551089097986413e+55 2.985688060304704e+55 2.440763363167947e+55 1.9049826586104447e+55 1.2142572196290288e+55 7.202533495561641e+54 4.465578821283354e+54 3.130205188014279e+54 2.459141732641428e+54 2.0823218789831712e+54 1.8411014587188817e+54 1.666706854088138e+54 1.5305605372923417e+54 1.2679029987384662e+54 8.875152232715097e+53 6.28813929009856e+53 4.92787473801725e+53 4.0806701497710745e+53 3.498110785753826e+53 3.071788462837097e+53 2.7450674655529797e+53 2.486406237650002e+53 2.3463757081992602e+53 2.328018318264882e+53 2.3079416905832575e+53 2.287966145555297e+53 2.269231262850671e+53 2.2499616495219914e+53 2.23100495202313e+53 2.2132248695221988e+53 2.1883897638157877e+53 2.1011542197371958e+53 1.901836171121549e+53 1.6781599404343111e+53 1.505705103174195e+53 1.3681601190557186e+53 1.2359798735404538e+53 1.1047113966128377e+53 1.0007788324514757e+53 9.376770930576271e+52 9.00563121148148e+52 8.461839553938755e+52 7.867816787338222e+52 7.418589621416723e+52 7.167208243507619e+52 6.858129059468417e+52 6.308465819655475e+52 5.613264438442831e+52 4.85105325428626e+52 4.277713210245394e+52 3.832111820808102e+52 3.471812658687587e+52 3.1771414235101577e+52 2.929904624111964e+52 2.719535187099114e+52 2.538475070640925e+52 
# SN_energy_per_final_crossing_time_list
0.0 0.0 1.0766967234433934e+54 5.798315812905012e+55 6.689497905443937e+55 5.364853514374966e+55 4.1125437615025467e+55 2.575842523631707e+55 1.5027755488393894e+55 9.177669549381199e+54 6.34607015230579e+54 4.9250169636932193e+54 4.1245620235567065e+54 3.610220355544194e+54 3.238261556725818e+54 2.9485107699817208e+54 2.3573079832784135e+54 1.5684129514700967e+54 1.0704543159235232e+54 8.138055748787395e+53 6.567926375709699e+53 5.506362280445554e+53 4.741281009917921e+53 4.162825647227203e+53 3.7105276635895093e+53 3.4962878015295677e+53 3.46370879689227e+53 3.4287918124443523e+53 3.3941262822581235e+53 3.361391954139691e+53 3.3279667308247105e+53 3.2950647816495063e+53 3.2639508450572425e+53 3.2183157688350707e+53 3.0483606894918296e+53 2.692456352653567e+53 2.3253667700668182e+53 2.0465028390128977e+53 1.8276518097344117e+53 1.6135053033288118e+53 1.4130626674022555e+53 1.2569711875790048e+53 1.1708462661411969e+53 1.1125300381674784e+53 1.0295216199780452e+53 9.443427491229425e+52 8.829801049031302e+52 8.498037737710154e+52 8.007404502335425e+52 7.24528169902272e+52 6.264513680320539e+52 5.29202976694618e+52 4.5811880219727024e+52 4.0403452765432493e+52 3.610379491702939e+52 3.267479356465942e+52 2.9816401526387347e+52 2.742235164622227e+52 2.538475070640925e+52 
# total_energy_release_list
0 0 7.4184475831855936e+53 4.0692279260642426e+55 8.678296430578428e+55 1.237468406892644e+56 1.547730309946423e+56 2.3685456921511873e+56 3.449132098799246e+56 4.494312735850222e+56 5.428733103407075e+56 6.2528624385066085e+56 6.983782800726028e+56 7.638293184433782e+56 8.230395721883471e+56 8.770955949246753e+56 1.0936081841453285e+57 1.3817782018406792e+57 1.5784565312772023e+57 1.7279798865221125e+57 1.848654703580719e+57 1.949825030840878e+57 2.0369382513257014e+57 2.113423308357379e+57 2.1815981357504736e+57 2.1880219880700447e+57 2.194385981840669e+57 2.200685821409957e+57 2.206921968783657e+57 2.2130979722271225e+57 2.2192125623343533e+57 2.2252667005352987e+57 2.231263672008247e+57 2.2430899210988983e+57 2.2990985222143945e+57 2.3980374137940503e+57 2.483486973828636e+57 2.5586892040549503e+57 2.6258493806982823e+57 2.714785878839792e+57 2.7926739682275276e+57 2.8619582869449305e+57 2.8834706564338584e+57 2.924352466353221e+57 2.9810997528064614e+57 3.033151975367522e+57 3.0655985822660515e+57 3.0812123253364367e+57 3.1400614669472333e+57 3.206621519051439e+57 3.3217216281406065e+57 3.4189539488859685e+57 3.503125724700509e+57 3.5773604068832496e+57 3.643695176755928e+57 3.703729722064255e+57 3.75851244333302e+57 3.808896492710661e+57 3.855536786348898e+57 
# binding_energy_list
7.430191378967052e+54 7.430191378967052e+54 7.430191378967052e+54 7.413102413009132e+54 7.362070974947316e+54 7.328245331389074e+54 7.29457510254568e+54 7.261059574351499e+54 7.227698036021732e+54 7.194489780036983e+54 7.161434102128968e+54 7.144963260755121e+54 7.112135136533237e+54 7.095777679633873e+54 7.079457843841403e+54 7.063175542629565e+54 6.982324040771733e+54 6.854882264526593e+54 6.760829753919791e+54 6.68343917568619e+54 6.606934480075964e+54 6.546361740672787e+54 6.501296903430943e+54 6.45654229034659e+54 6.412095765851648e+54 6.397348354826442e+54 6.397348354826442e+54 6.397348354826442e+54 6.397348354826442e+54 6.382634861905483e+54 6.382634861905483e+54 6.382634861905483e+54 6.367955209079188e+54 6.367955209079188e+54 6.324118513762223e+54 6.266138646723311e+54 6.208690342300624e+54 6.151768727098702e+54 6.1094202490557394e+54 6.039486293763782e+54 5.984115950603211e+54 5.942921586155739e+54 5.929253245800042e+54 5.902010801718454e+54 5.861381645140297e+54 5.8210321777087214e+54 5.807644175213159e+54 5.7942869642687856e+54 5.754399373371543e+54 5.7147863667186424e+54 5.6493697481230574e+54 5.59757601495107e+54 5.546257129579105e+54 5.50807696405403e+54 5.4827696492085025e+54 5.457578610912733e+54 5.432503314924325e+54 5.407543229455771e+54 5.382697825162903e+54 
# total_gas_kinetic_energy_list
9.37944612146824e+57 2.423244796207689e+59 1.807447118463936e+59 8.443083993428704e+58 3.520371235358003e+58 1.423836829715362e+58 5.714531465332464e+57 2.2908147309286622e+57 9.197684269491957e+56 3.710109603576998e+56 1.512782009742769e+56 6.316517305420115e+55 2.771935118581188e+55 1.336114171729299e+55 7.451161587840793e+54 4.949110324557194e+54 1.3435653576244678e+55 2.6151160420088214e+55 3.582292317756487e+55 4.361500195666416e+55 5.014385790278911e+55 5.575324211892279e+55 6.072774462578654e+55 6.52387375156041e+55 6.936273225543301e+55 6.974525070160083e+55 7.013662134561318e+55 7.051765571398715e+55 7.089767212180986e+55 7.128005953524729e+55 7.165723776162699e+55 7.204084193077452e+55 7.242646559957607e+55 7.314719699988149e+55 7.666370760131683e+55 8.298156503511637e+55 8.853320787177465e+55 9.355017197875108e+55 9.803414494245372e+55 1.0395249640540069e+56 1.09140236207857e+56 1.1372056053058755e+56 1.1518968018787488e+56 1.1786492106784935e+56 1.2165533640914787e+56 1.249860837901096e+56 1.2698920632886882e+56 1.2789681493276712e+56 1.3150968275976518e+56 1.3528367280066305e+56 1.4162511455888332e+56 1.4646315148042118e+56 1.5039653047158578e+56 1.5371605693829155e+56 1.5665072742856165e+56 1.5901618116077832e+56 1.6119281213412398e+56 1.6313163237561816e+56 1.6491983614703747e+56 
