# time_axis
5.999999999999999 7.0 7.30102999566398 7.477121254719661 7.602059991327962 7.698970004336018 7.778151250383643 7.845098040014256 7.903089986991943 7.954242509439324 8.0 8.041392685158224 8.079181246047623 8.113943352306837 8.146128035678238 8.176091259055681 8.301029995663981 8.47712125471966 8.60205999132796 8.698970004336019 8.778151250383644 8.845098040014257 8.903089986991942 8.954242509439323 8.999999999999998 9.004321373782641 9.008600171761916 9.012837224705171 9.017033339298779 9.021189299069936 9.02530586526477 9.02938377768521 9.033423755486949 9.041392685158224 9.079181246047623 9.146128035678236 9.204119982655923 9.255272505103305 9.301029995663981 9.361727836017593 9.414973347970816 9.462397997898954 9.477121254719663 9.505149978319904 9.544068044350274 9.57978359661681 9.60205999132796 9.612783856719734 9.653212513775342 9.698970004336017 9.778151250383642 9.845098040014257 9.903089986991944 9.954242509439325 10.0 10.041392685158225 10.079181246047623 10.113943352306835 10.146128035678236 
# total_gas_mass_list
9.213348502937857 10.627498285574003 10.500202448542158 10.169645068771395 9.789743557009055 9.396637534242723 9.00018800347433 8.603276283871883 8.207166699626118 7.813297728522357 7.424509757203787 7.0467636033247505 6.691824067020259 6.3793749926131635 6.1318842678140735 5.960052159792876 6.393119280105746 6.676967115524039 6.810739319229042 6.8963782670734375 6.95798606138234 7.005114837270277 7.042801867207555 7.07409336946021 7.1006822152297016 7.103068618732261 7.1054824009768 7.107816849576134 7.110132646464135 7.112451900684971 7.114736418441265 7.1170338099722175 7.119339374300022 7.12360028090438 7.143752712952593 7.177590660396187 7.205035468077497 7.2281687693032906 7.247775170122494 7.272251384044695 7.292543801327077 7.30977329757512 7.3151264675422905 7.324729915115266 7.337873112570065 7.349073267999502 7.355719706513692 7.358699760702696 7.370321072840547 7.382194868257787 7.401373180558904 7.4155265943845805 7.426781258959359 7.436088329204728 7.444158253660195 7.450532917809488 7.456545171593613 7.461764632593904 7.466496772545902 
# ejected_gas_mass_list
-10.0 -10.0 4.114974695475941 5.817286314492269 6.214260769012156 6.404208834727797 6.513844131685709 6.596601904625352 6.663010684144965 6.71661568606823 6.76052300105457 6.7970806474067125 6.828076394132332 6.854850691947283 6.878271688775443 6.899045112376979 6.9770885813305314 7.070654995824532 7.129730455430115 7.172924801813532 7.206600041409927 7.233812778730225 7.2564643703037826 7.2758628745615415 7.292760131451887 7.294295073603455 7.295850684748125 7.297358089427018 7.298856284368156 7.300359540610631 7.301843041107851 7.303337658639464 7.3048403684300185 7.30762482369204 7.320921792622468 7.343715606639387 7.362623437006278 7.378846426668114 7.392796187130514 7.410462890211268 7.42531744182716 7.438074427317675 7.4420646085280024 7.449254128291283 7.459157969309089 7.467655555625849 7.472723104234887 7.475001200628897 7.48392007955211 7.4930896319437394 7.508019424890745 7.519130182259925 7.528020468154613 7.535408628479207 7.54184098683272 7.546939155837254 7.551761158314984 7.555957993429516 7.559771498167031 
# stellar_mass_list
-10.0 6.69046975765752 8.117274997478678 8.184932165429764 8.147395428004895 8.117053957736713 8.093419362234414 8.073728693785855 8.056794817810458 8.04211972349515 8.029200241332648 8.017808090228941 8.007620637368237 7.998392359200368 7.989990561034798 7.982258018327426 7.950487214798018 7.905621557790092 7.872550792273629 7.845683392325436 7.8228361227524505 7.802883581923016 7.785095701479805 7.7689622584685765 7.754157100215862 7.752726629352615 7.7513334490383405 7.749965657652812 7.748595393933925 7.74723558266271 7.745862405458893 7.744486668813905 7.743107602710155 7.7404655582308255 7.727723137992475 7.704325443397199 7.6832969307338495 7.663866926806803 7.646024411044357 7.621488864256829 7.598771531737613 7.577634224392398 7.570629143162221 7.5577426752606485 7.538592152315032 7.5207721169958806 7.50907299617944 7.503659321439097 7.481000894405938 7.4552736934932655 7.4052807255887405 7.360564051299509 7.322942579153308 7.2895691145628225 7.25894212127267 7.233398579834773 7.208514564628793 7.186548497983405 7.166840328712986 
# remnant_mass_list
-10.0 -10.0 5.32635821182576 7.120045829910244 7.38159817191274 7.477756036854122 7.524527954495048 7.5511542632856035 7.568528471162236 7.581244944007097 7.591283648836528 7.599597135798188 7.6067031497439 7.612912911756905 7.618434591888765 7.623399465214 7.642706941708958 7.667350014421983 7.683758433719729 7.696101312027227 7.705934692059927 7.714054276835419 7.720950768643297 7.726928080445479 7.732204382190546 7.732702054483735 7.733184125352787 7.7336556841594595 7.734126518728669 7.734595146959536 7.735065169254878 7.735537760851457 7.736006396238887 7.736899882076325 7.741123843411679 7.748532360464509 7.754821224568144 7.760344542371669 7.76517792452947 7.771472021931286 7.776975099280684 7.7818193072392345 7.783378960889943 7.786154717228677 7.7901365796848365 7.793663133556842 7.795906248160604 7.796913403692533 7.801026058710396 7.805401829436751 7.813191519130019 7.819362776806788 7.8239875530042795 7.827723362968817 7.830883264608185 7.833285339141025 7.8354992904328995 7.837316212719778 7.838836560049321 
# BH_mass_list
-10.0 -10.0 5.1028000336258925 6.9745688178364 7.184511363730896 7.235354470924052 7.248780562355856 7.252288496034532 7.253187040150037 7.2533925473882865 7.253432710564864 7.253439068868524 7.253439549128015 7.253439590064824 7.253439590064824 7.253439590064824 7.253439590064824 7.253439590064824 7.253439590064824 7.253439590064824 7.253439590064824 7.253439590064824 7.253439590064824 7.253439590064824 7.253439590064824 7.253439590064824 7.253439590064824 7.253439590064824 7.253439590064824 7.253439590064824 7.253439590064824 7.253439590064824 7.253439590064824 7.253439590064824 7.253439590064824 7.253439590064824 7.253439590064824 7.253439590064824 7.253439590064824 7.253439590064824 7.253439590064824 7.253439590064824 7.253439590064824 7.253439590064824 7.253439590064824 7.253439590064824 7.253439590064824 7.253439590064824 7.253439590064824 7.253439590064824 7.253439590064824 7.253439590064824 7.253439590064824 7.253439590064824 7.253439590064824 7.253439590064824 7.253439590064824 7.253439590064824 7.253439590064824 
# NS_mass_list
-10.0 -10.0 4.930969795939902 6.574345944105215 6.943648296035791 7.108851964113783 7.194597057302775 7.232704775173172 7.247725084988975 7.253246441651709 7.25519782808797 7.255862935313646 7.256077188345372 7.256142445083799 7.256161194626731 7.256167580359203 7.256169706732776 7.256169706732776 7.256169706732776 7.256169706732776 7.256169706732776 7.256169706732776 7.256169706732776 7.256169706732776 7.256169706732776 7.256169706732776 7.256169706732776 7.256169706732776 7.256169706732776 7.256169706732776 7.256169706732776 7.256169706732776 7.256169706732776 7.256169706732776 7.256169706732776 7.256169706732776 7.256169706732776 7.256169706732776 7.256169706732776 7.256169706732776 7.256169706732776 7.256169706732776 7.256169706732776 7.256169706732776 7.256169706732776 7.256169706732776 7.256169706732776 7.256169706732776 7.256169706732776 7.256169706732776 7.256169706732776 7.256169706732776 7.256169706732776 7.256169706732776 7.256169706732776 7.256169706732776 7.256169706732776 7.256169706732776 7.256169706732776 
# WD_mass_list
-10.0 -10.0 -10.0 -10.0 -10.0 3.358668093161343 4.870649290758736 5.785676018815907 6.153567299816643 6.359761084632272 6.491202201128062 6.58264802413631 6.650537944849607 6.703454842875356 6.746313881634274 6.781984849101922 6.9010819078967796 7.022327858005269 7.0905261742852 7.13701849666217 7.171635398173654 7.198814725106233 7.221005773312733 7.239630812275966 7.255635268101378 7.257124685817531 7.258564178195983 7.259969218874842 7.261369096650204 7.26275944889779 7.264150981024902 7.265547150788788 7.266928708612474 7.269554731500506 7.281829879775881 7.30282861328434 7.320155945927116 7.335021325616735 7.347774002106625 7.364041806413588 7.377967247230279 7.390007099354121 7.393841538098232 7.400616633714374 7.410228374637164 7.418638670301423 7.423939512176624 7.426307516078321 7.435901091652553 7.445977856493335 7.463597820992419 7.47728131327235 7.4873837379458665 7.49545268959055 7.502215687594198 7.507319576386162 7.511995862011273 7.5158138815808115 7.518995249425957 
