# time_axis
5.999999999999999 7.0 7.30102999566398 7.477121254719661 7.602059991327962 7.698970004336018 7.778151250383643 7.845098040014256 7.903089986991943 7.954242509439324 8.0 8.041392685158224 8.079181246047623 8.113943352306837 8.146128035678238 8.176091259055681 8.301029995663981 8.47712125471966 8.60205999132796 8.698970004336019 8.778151250383644 8.845098040014257 8.903089986991942 8.954242509439323 8.999999999999998 9.004321373782641 9.008600171761916 9.012837224705171 9.017033339298779 9.021189299069936 9.02530586526477 9.02938377768521 9.033423755486949 9.041392685158224 9.079181246047623 9.146128035678236 9.204119982655923 9.255272505103305 9.301029995663981 9.361727836017593 9.414973347970816 9.462397997898954 9.477121254719663 9.505149978319904 9.544068044350274 9.57978359661681 9.60205999132796 9.612783856719734 9.653212513775342 9.698970004336017 9.778151250383642 9.845098040014257 9.903089986991944 9.954242509439325 10.0 10.041392685158225 10.079181246047623 10.113943352306835 10.146128035678236 
# total_gas_mass_list
10.87444351720968 10.873552413767026 10.636989029445852 10.400444142648734 10.163919561626754 9.927416740084357 9.690945384390822 9.45452227117719 9.218172387691823 8.981933593679132 8.745863699633023 8.510053359564656 8.2746455145808 8.039867199352392 7.806077459773492 7.573842765358944 7.590663822912288 7.611827204505704 7.625676197846433 7.635975516953555 7.644117496395408 7.650792329023541 7.656436200652436 7.6612987232443786 7.665583258801324 7.665979686078215 7.666369557735118 7.666755991605253 7.667140342584633 7.667523584705953 7.66790666751913 7.66828752635596 7.668658009844051 7.669374183480598 7.672780123675121 7.678703613743804 7.6836485241640196 7.687907454154117 7.691591755298752 7.696270288765589 7.700232624985786 7.7036549152143206 7.704744838057798 7.706649000728675 7.709270289011048 7.711521460253424 7.712888959965189 7.713504177889585 7.715881957163418 7.718317634208825 7.722267503408489 7.725329351496996 7.728021768462652 7.730502639320397 7.732854942857101 7.734889731831154 7.73688940590626 7.738755833612988 7.740449641882192 
# ejected_gas_mass_list
-10.0 -10.0 5.934814262896596 6.385737794392444 6.604592624523054 6.730066786214257 6.813486373269626 6.874179102768991 6.920634982531108 6.957392390548271 6.987180439817386 7.011833568824515 7.0326213371338 7.050451343633291 7.065969928324904 7.079649388790708 7.13011628266475 7.188619195516679 7.224392549814908 7.249886815654857 7.269434070152235 7.285087704017029 7.298077303376664 7.30909607106583 7.31867795011365 7.319558647370472 7.320423824424206 7.321280439613649 7.322131519103264 7.322979233907657 7.32382569164017 7.324666341342001 7.325483237370702 7.327059986592388 7.334516260046822 7.347321516473114 7.357858976589234 7.366827670239476 7.374508923253402 7.384162718873925 7.392253489757864 7.399180409850956 7.401374819321914 7.405195272381811 7.4104271940221205 7.414895486956493 7.417598728320689 7.4188121730327845 7.423486442475554 7.428249108370169 7.435918962432344 7.441819753909953 7.44697699752073 7.4517033340667975 7.45616233886284 7.460002137564687 7.463760222865803 7.467254245559011 7.470413846670056 
# stellar_mass_list
-10.0 8.196662811943602 8.332370359613291 8.287255273950485 8.231970305903383 8.181230255783946 8.13801757294134 8.102335242030401 8.073195314318543 8.04938155729265 8.029754918302235 8.013366040964787 7.999470823540577 7.9875027818948885 7.977039503057678 7.967764691088343 7.932469259607156 7.889445195479621 7.861539063747899 7.840985184592076 7.824771761829363 7.811430698248197 7.800100130539465 7.790289218710301 7.781598471414229 7.780793547788488 7.780002581774892 7.779218330308223 7.778436817518736 7.777656084977639 7.776874439902984 7.776096382995949 7.775340598876721 7.773880243430862 7.766904336246507 7.754679373605095 7.7442585393066485 7.73515114010246 7.727149148539722 7.716703609242886 7.707587562995502 7.699569465154365 7.696994329197801 7.692401316120978 7.685830138027125 7.67997278918843 7.676284847580809 7.674608016832994 7.6678370635747 7.660579372375078 7.647745564007566 7.637100695659426 7.627804278665156 7.619262832868588 7.611157215111881 7.604235043580158 7.597300422631063 7.591058926265524 7.585342814403477 
# remnant_mass_list
-10.0 -10.0 7.246957593955414 7.58548002727007 7.727211313119572 7.802407446775677 7.846667333872509 7.874462977656134 7.892846472054103 7.905570419339057 7.9147615476758055 7.921675130538591 7.92707080607508 7.93142416659298 7.935040922458897 7.938121410957579 7.948869510234798 7.960976524672152 7.968237023634645 7.973306286104651 7.977146540351233 7.980205383898598 7.9827341872156445 7.9848733602638555 7.986731192401807 7.986901254326459 7.987067957267986 7.987232985783787 7.98739730662801 7.987561356311639 7.987725549308979 7.987888808749539 7.988046805253119 7.988350703370355 7.989791262551098 7.992264012072637 7.994320172860112 7.99608001535002 7.997596258458545 7.999534868488088 8.00119231941506 8.002622594256433 8.003078982340911 8.003880224564332 8.005018202442967 8.006015682195317 8.006638514857066 8.00691772245993 8.008047079288312 8.009230898465715 8.01128840390699 8.01294959461337 8.014372436923324 8.015663643628205 8.016878255814461 8.017890053654424 8.018902635174621 8.01979823433056 8.02060638379353 
# BH_mass_list
-10.0 -10.0 7.103078357109505 7.403663029602498 7.514154502372778 7.567345931868985 7.595456002570703 7.610965652151022 7.619715821393689 7.624712997069376 7.627586693584192 7.629246036386057 7.630201174665185 7.630746770219031 7.631056508350353 7.631230547320695 7.6313267406981335 7.6313267406981335 7.6313267406981335 7.6313267406981335 7.6313267406981335 7.6313267406981335 7.6313267406981335 7.6313267406981335 7.6313267406981335 7.6313267406981335 7.6313267406981335 7.6313267406981335 7.6313267406981335 7.6313267406981335 7.6313267406981335 7.6313267406981335 7.6313267406981335 7.6313267406981335 7.6313267406981335 7.6313267406981335 7.6313267406981335 7.6313267406981335 7.6313267406981335 7.6313267406981335 7.6313267406981335 7.6313267406981335 7.6313267406981335 7.6313267406981335 7.6313267406981335 7.6313267406981335 7.6313267406981335 7.6313267406981335 7.6313267406981335 7.6313267406981335 7.6313267406981335 7.6313267406981335 7.6313267406981335 7.6313267406981335 7.6313267406981335 7.6313267406981335 7.6313267406981335 7.6313267406981335 7.6313267406981335 
# NS_mass_list
-10.0 -10.0 6.6972160745500044 7.119588643235371 7.315740388477047 7.422671108188517 7.479402348246579 7.50920446632965 7.52559901583769 7.534833761760483 7.5401029801229 7.543131533069011 7.544877605731329 7.5458841275153965 7.546463391632093 7.5467961271624535 7.5471085737205605 7.5471085737205605 7.5471085737205605 7.5471085737205605 7.5471085737205605 7.5471085737205605 7.5471085737205605 7.5471085737205605 7.5471085737205605 7.5471085737205605 7.5471085737205605 7.5471085737205605 7.5471085737205605 7.5471085737205605 7.5471085737205605 7.5471085737205605 7.5471085737205605 7.5471085737205605 7.5471085737205605 7.5471085737205605 7.5471085737205605 7.5471085737205605 7.5471085737205605 7.5471085737205605 7.5471085737205605 7.5471085737205605 7.5471085737205605 7.5471085737205605 7.5471085737205605 7.5471085737205605 7.5471085737205605 7.5471085737205605 7.5471085737205605 7.5471085737205605 7.5471085737205605 7.5471085737205605 7.5471085737205605 7.5471085737205605 7.5471085737205605 7.5471085737205605 7.5471085737205605 7.5471085737205605 7.5471085737205605 
# WD_mass_list
-10.0 -10.0 -10.0 -10.0 -10.0 4.735228365874748 5.8445141558689615 6.247456923457845 6.467268711845365 6.607751662659299 6.705492353527657 6.777372602820424 6.832422458892583 6.875948736893723 6.911267408836138 6.94056061767141 7.035791141006657 7.126196930266708 7.1735646282093075 7.204235668118975 7.226328872349875 7.243287792640829 7.256910656675748 7.268169605320155 7.277759977538486 7.278629395397588 7.279480284501294 7.280321308915911 7.281157428451288 7.281990880292268 7.282823776129673 7.283650667002795 7.284449700599954 7.2859832933614355 7.2931945075807745 7.305354123285732 7.315263161605409 7.323604460889279 7.330691331161408 7.339622164384803 7.347145583084811 7.353557262297906 7.355587805229349 7.359134966219048 7.364134689079682 7.368480907180099 7.371177829569458 7.372382657379437 7.377230015590653 7.382267033969245 7.3909167525607975 7.397806016422692 7.403641688253841 7.408886708093165 7.41377744559397 7.417820202324962 7.421838071155249 7.425368761055359 7.428536435198442 
