# time_axis
5.999999999999999 7.0 7.30102999566398 7.477121254719661 7.602059991327962 7.698970004336018 7.778151250383643 7.845098040014256 7.903089986991943 7.954242509439324 8.0 8.041392685158224 8.079181246047623 8.113943352306837 8.146128035678238 8.176091259055681 8.204119982655925 8.230448921378272 8.255272505103306 8.278753600952827 8.301029995663981 8.47712125471966 8.60205999132796 8.698970004336019 8.778151250383644 8.845098040014257 8.903089986991942 8.954242509439323 8.999999999999998 9.004321373782641 9.008600171761916 9.012837224705171 9.017033339298779 9.021189299069936 9.02530586526477 9.02938377768521 9.033423755486949 9.041392685158224 9.079181246047623 9.146128035678236 9.204119982655923 9.255272505103305 9.301029995663981 9.361727836017593 9.414973347970816 9.462397997898954 9.477121254719663 9.505149978319904 9.544068044350274 9.57978359661681 9.60205999132796 9.612783856719734 9.653212513775342 9.698970004336017 9.778151250383642 9.845098040014257 9.903089986991944 9.954242509439325 10.0 10.041392685158225 10.079181246047623 10.113943352306835 10.146128035678236 
# total_gas_mass_list
9.446787486224656 9.444770830912745 9.443516545746675 9.44242631282514 9.441399852639643 9.44040567381328 9.439408521853826 9.438408325826629 9.437405795538849 9.436400808873312 9.435392443143279 9.434383837096911 9.43337570793745 9.432367783869894 9.431360151159597 9.430351904438117 9.429344920653342 9.4283403433478 9.427333866514559 9.426329265191228 9.42532196891886 9.4268632602523 9.426880101069983 9.426891936514465 9.426899539928126 9.426905745467714 9.426911560799454 9.42691693310556 9.426921382905471 9.426921710147404 9.4269221431189 9.426922275210524 9.42692300772763 9.426923304875329 9.426924021826865 9.426924368341805 9.426924412015074 9.426925226432868 9.426929077347927 9.426935393854695 9.426940713692082 9.426945426200836 9.426949141925906 9.426955321178863 9.426960052661213 9.426963854593227 9.426965151062959 9.42696808069817 9.426971219125859 9.42697447819639 9.42697645560881 9.426976981862255 9.426980870921271 9.426983951063537 9.426991437680597 9.426997613871583 9.427002224302804 9.427007066968745 9.427011012756688 9.427014943523254 9.427016338072226 9.427020628181559 9.427024072367566 
# ejected_gas_mass_list
-10.0 -10.0 6.621914347723306 6.9918816596449895 7.200458317258406 7.345116224697295 7.453374790517518 7.539900955454751 7.612017386563512 7.673838660596467 7.72789293982772 7.776053878770118 7.819519291620245 7.859123089636421 7.895505803202802 7.929129624092171 7.9604425099783045 7.98977908058512 8.017269783795454 8.04322525425375 8.067708263807518 8.10153395663143 8.101890016359848 8.102140082871458 8.10230066010922 8.102431673601941 8.102554414727626 8.102667775788234 8.10276164970258 8.102768552504257 8.102777685391834 8.102780471631155 8.102795922475426 8.102802190006141 8.102817311813883 8.10282462026239 8.102825541379856 8.102842718009152 8.102923927683277 8.10305710145052 8.103169231817379 8.103268538015213 8.103346823847852 8.103476983476341 8.10357662218895 8.103656670035578 8.103683963368203 8.103745632149312 8.103811686756858 8.103880270412336 8.103921877915043 8.103932950378528 8.104014768518082 8.104079558226177 8.104236998208856 8.104366839648566 8.104463740183812 8.104565499583464 8.104648396014452 8.104730961882614 8.104760250832767 8.104850341861514 8.10492265587217 
# stellar_mass_list
-10.0 7.144004116335582 7.29055782809203 7.378886773304349 7.444660646966978 7.497870533392741 7.5428756403319435 7.5820455786201135 7.616828110125916 7.648181512239365 7.676774067852698 7.702968702264052 7.72714812537625 7.7496249626090155 7.77064133452368 7.7903863259665 7.808908697181642 7.826358220084835 7.842873130855765 7.858553813006561 7.8736194741361825 7.714737196761214 7.67599651390061 7.650939638342599 7.6323625780197775 7.6176181740853055 7.605399760773932 7.5949942679975 7.585919268720823 7.585076185328197 7.584243915380066 7.583419367631083 7.582606572340379 7.581800823391329 7.580999606701083 7.580205553126866 7.579428701713316 7.5779027034784 7.570710522882691 7.558255660774139 7.547715912767972 7.538587980966396 7.5305698760557975 7.520086906964626 7.511044252708243 7.503090864750167 7.500621627377382 7.495994393153417 7.489581222968958 7.483755148189116 7.480148458490851 7.478428508309297 7.471912293092838 7.464636160430834 7.452151141417013 7.441725261644781 7.432720866856724 7.424683437155363 7.417391521152776 7.410785451533796 7.4045699217682 7.398822492291862 7.393430664395359 
# remnant_mass_list
-10.0 -10.0 6.110853715082936 6.458172000500879 6.660888134290941 6.801738646431912 6.908812263224569 6.994660370755324 7.065927806225324 7.126541071574399 7.17902523209739 7.224719556310003 7.264711642102237 7.299903573961569 7.330989797487941 7.358506000219193 7.382838757645574 7.404249211743696 7.422950943612774 7.439124018917807 7.453882480762856 7.503683316502889 7.519941923554332 7.530033550519034 7.537261748217072 7.542838135093827 7.547350726013819 7.551115699577482 7.554341915056265 7.554638687104358 7.554931221137269 7.555220769285597 7.555505666176115 7.5557876849684815 7.556067927491697 7.556345330306131 7.556616023502684 7.5571465231233015 7.559627539510405 7.563845726413982 7.567338933191609 7.570308611251321 7.57287467014364 7.576170782272464 7.578961446065479 7.581376414039953 7.58211934241797 7.583500418969378 7.585395793550003 7.587097143208525 7.5881402842176895 7.588635375539039 7.59049717558429 7.592547534531142 7.596000393299091 7.598821163319179 7.601213463318568 7.603318515436141 7.605204343963744 7.60688978415035 7.608463670151979 7.6099014474630655 7.611239449505157 
# BH_mass_list
-10.0 -10.0 5.93204337602581 6.233073371689791 6.4087394075430995 6.5303889113818565 6.62285226635891 6.696879987636863 6.758170591786919 6.8100914682988 6.854817893087604 6.893176749479605 6.926133592955833 6.954524175601415 6.978963103620173 6.9999044270934645 7.017649360395508 7.032438311645602 7.044445124618831 7.053784834443901 7.062189392072635 7.0704343859701675 7.0704343859701675 7.0704343859701675 7.0704343859701675 7.0704343859701675 7.0704343859701675 7.0704343859701675 7.0704343859701675 7.0704343859701675 7.0704343859701675 7.0704343859701675 7.0704343859701675 7.0704343859701675 7.0704343859701675 7.0704343859701675 7.0704343859701675 7.0704343859701675 7.0704343859701675 7.0704343859701675 7.0704343859701675 7.0704343859701675 7.0704343859701675 7.0704343859701675 7.0704343859701675 7.0704343859701675 7.0704343859701675 7.0704343859701675 7.0704343859701675 7.0704343859701675 7.0704343859701675 7.0704343859701675 7.0704343859701675 7.0704343859701675 7.0704343859701675 7.0704343859701675 7.0704343859701675 7.0704343859701675 7.0704343859701675 7.0704343859701675 7.0704343859701675 7.0704343859701675 7.0704343859701675 
# NS_mass_list
-10.0 -10.0 5.639120075424626 6.065061662050109 6.304769029156541 6.468101475908247 6.584833941995155 6.675217140179926 6.748755925526731 6.810498552495269 6.8633576613504 6.909353648241677 6.949637694916188 6.985119174632775 7.016515654695674 7.0443144717199075 7.068942858293999 7.090637446949521 7.109608563022013 7.12603959538953 7.140671156457978 7.16705555983043 7.16705555983043 7.16705555983043 7.16705555983043 7.16705555983043 7.16705555983043 7.16705555983043 7.16705555983043 7.16705555983043 7.16705555983043 7.16705555983043 7.16705555983043 7.16705555983043 7.16705555983043 7.16705555983043 7.16705555983043 7.16705555983043 7.16705555983043 7.16705555983043 7.16705555983043 7.16705555983043 7.16705555983043 7.16705555983043 7.16705555983043 7.16705555983043 7.16705555983043 7.16705555983043 7.16705555983043 7.16705555983043 7.16705555983043 7.16705555983043 7.16705555983043 7.16705555983043 7.16705555983043 7.16705555983043 7.16705555983043 7.16705555983043 7.16705555983043 7.16705555983043 7.16705555983043 7.16705555983043 7.16705555983043 
# WD_mass_list
-10.0 -10.0 -10.0 -10.0 -10.0 3.7050331070591738 4.816214490668951 5.225125116586993 5.479700600821475 5.6634719721979065 5.807982684469454 5.9250676141517 6.023039354627328 6.106936600444445 6.180022580782569 6.245006836950652 6.303297232954837 6.3559411789227775 6.4037268244847425 6.447347395333297 6.487443794802219 6.735618031036534 6.823266120343843 6.871290224904784 6.903300472514456 6.9268128276908 6.94515729075698 6.960029715493883 6.9724792700794875 6.97361132600534 6.97472508964061 6.975825415770221 6.976906065830125 6.977973852913387 6.979033004964953 6.980079557689931 6.981099014048382 6.983091845492652 6.992323959836942 7.007699477951508 7.020141259578099 7.030521142401707 7.03935022800964 7.050508182761143 7.059800240160333 7.067730898887268 7.070150554681981 7.074623963980143 7.080711926940167 7.086127170098953 7.089424670626945 7.090983751783066 7.096812806148091 7.10317133587546 7.113739217290534 7.122246277958953 7.129375102677121 7.135584447711515 7.1410978528342195 7.145986808035738 7.150519903968638 7.154634201605281 7.158440376301105 
