# time_axis
1000000 10000000 20000000 30000000 40000000 50000000 60000000 70000000 80000000 90000000 100000000 200000000 300000000 400000000 500000000 600000000 700000000 800000000 900000000 1000000000 1010000000 1020000000 1030000000 1040000000 1050000000 1060000000 1070000000 1080000000 1100000000 1200000000 1400000000 1600000000 1800000000 2000000000 2300000000 2600000000 2900000000 3000000000 3200000000 3500000000 3800000000 4000000000 4100000000 4500000000 5000000000 6000000000 7000000000 8000000000 9000000000 10000000000 11000000000 12000000000 13000000000 14000000000 
# SNIa_energy_release_list
0 0.0 0.0 0.0 0.0 0.0 4.5198284825574915e+56 1.2551832597128571e+57 2.339372642274648e+57 3.653256460536537e+57 5.1583065759403364e+57 2.2456268728697132e+58 3.173533653340416e+58 3.7728224810966145e+58 4.2173950172807514e+58 4.5711985398400447e+58 4.865163415127126e+58 5.116653032201417e+58 5.336434429608845e+58 5.531619144100927e+58 5.549991125312729e+58 5.568168720581773e+58 5.586160053006114e+58 5.603968807186929e+58 5.6215970296616e+58 5.639047417007046e+58 5.656326428139039e+58 5.673435593376541e+58 5.707163752297337e+58 5.866659287603405e+58 6.147680999224727e+58 6.38969550925507e+58 6.602228500656514e+58 6.791698105537748e+58 7.042198647220203e+58 7.261262716598565e+58 7.455893424609178e+58 7.516252668408494e+58 7.631009462614604e+58 7.790166404024744e+58 7.93602693793293e+58 8.026923599166201e+58 8.070658809965831e+58 8.23541792720196e+58 8.42165863968246e+58 8.743481883010502e+58 9.015130889186175e+58 9.250217723110884e+58 9.457406976539857e+58 9.642583014267679e+58 9.810047775099652e+58 9.962860540635911e+58 1.0103361113183433e+59 1.023341314038042e+59 
# SNII_energy_release_list
0 0.0 1.794484407880766e+57 4.07693214092413e+57 6.564180399468892e+57 9.141595544941262e+57 1.1624941618053383e+58 1.4023183750576628e+58 1.6351849062116207e+58 1.8623081489136735e+58 2.0847909298557704e+58 2.4436513120555544e+58 2.4436513120555544e+58 2.4436513120555544e+58 2.4436513120555544e+58 2.4436513120555544e+58 2.4436513120555544e+58 2.4436513120555544e+58 2.4436513120555544e+58 2.4436513120555544e+58 2.4436513120555544e+58 2.4436513120555544e+58 2.4436513120555544e+58 2.4436513120555544e+58 2.4436513120555544e+58 2.4436513120555544e+58 2.4436513120555544e+58 2.4436513120555544e+58 2.4436513120555544e+58 2.4436513120555544e+58 2.4436513120555544e+58 2.4436513120555544e+58 2.4436513120555544e+58 2.4436513120555544e+58 2.4436513120555544e+58 2.4436513120555544e+58 2.4436513120555544e+58 2.4436513120555544e+58 2.4436513120555544e+58 2.4436513120555544e+58 2.4436513120555544e+58 2.4436513120555544e+58 2.4436513120555544e+58 2.4436513120555544e+58 2.4436513120555544e+58 2.4436513120555544e+58 2.4436513120555544e+58 2.4436513120555544e+58 2.4436513120555544e+58 2.4436513120555544e+58 2.4436513120555544e+58 2.4436513120555544e+58 2.4436513120555544e+58 2.4436513120555544e+58 
# SN_energy_per_current_crossing_time_list
0.0 0.0 1.5088036213793619e+57 1.9563094334292525e+57 2.3096212121771887e+57 2.7120213036373072e+57 3.097217879713244e+57 3.666294110839324e+57 4.461623072049731e+57 5.454207242092346e+57 6.705042128791873e+57 2.8379271363506723e+57 2.4900198256343363e+56 1.6638631853405916e+56 1.261776833409222e+56 1.0201597366268625e+56 8.578762326059315e+55 7.409833262997615e+55 6.526802665608045e+55 5.834971430659551e+55 5.495569090523792e+55 5.440731374358277e+55 5.387605134076887e+55 5.336295123402738e+55 5.285479429643939e+55 5.235182493466175e+55 5.186556630911382e+55 5.138074522412889e+55 5.070275306519421e+55 4.818335149650728e+55 4.2805523070663554e+55 3.710943205603657e+55 3.276904785930503e+55 2.9348547355685213e+55 2.6017310837275943e+55 2.2860212061697156e+55 2.0391420941954209e+55 1.8993824966452798e+55 1.8096176924532275e+55 1.6780310077869294e+55 1.5418227192898548e+55 1.443471902610544e+55 1.390071177406698e+55 1.3127047558303745e+55 1.1904928009343015e+55 1.0333342405410425e+55 8.753850478592633e+54 7.598000256626645e+54 6.714403095043425e+54 6.0151329244663086e+54 5.4515278243085755e+54 4.9843908524261345e+54 4.591062026865731e+54 4.256667452301188e+54 
# SN_energy_per_final_crossing_time_list
0.0 0.0 1.566249761693309e+58 1.992150615662599e+58 2.170903227194091e+58 2.249602080493003e+58 2.1822909712002092e+58 2.119506649839323e+58 2.0679759874438814e+58 2.0253658180345804e+58 1.9911202209641495e+58 3.698351845857538e+57 3.037084985393221e+56 1.9615021023652454e+56 1.4551079946609569e+56 1.1580165041998857e+56 9.621616392483881e+55 8.231380091986875e+55 7.193554311525119e+55 6.38849266153068e+55 6.013240711743543e+55 5.94961722708413e+55 5.88865247276968e+55 5.82889370672337e+55 5.769804782526422e+55 5.71159846135258e+55 5.655506175393565e+55 5.599914770433423e+55 5.519696978145957e+55 5.220368098502211e+55 4.5989901081532693e+55 3.960627565883234e+55 3.478155191185251e+55 3.100717142519867e+55 2.733002387699348e+55 2.3900252696025477e+55 2.1234532513981952e+55 1.9755880324486792e+55 1.878023439372015e+55 1.736428584031689e+55 1.591362576562792e+55 1.4875464371211463e+55 1.431475174534049e+55 1.3481619374272034e+55 1.2191502065682342e+55 1.0533434616851631e+55 8.891206911265492e+54 7.694508851569962e+54 6.78140718407912e+54 6.060903699318519e+54 5.481204808604359e+54 5.001637724332132e+54 4.598653531842629e+54 4.256667452301188e+54 
# total_energy_release_list
0 0 1.794484407880766e+57 4.07693214092413e+57 6.564180399468892e+57 9.141595544941262e+57 1.2076924466309131e+58 1.5278367010289485e+58 1.8691221704390854e+58 2.2276337949673272e+58 2.600621587449804e+58 4.6892781849252675e+58 5.617184965395971e+58 6.216473793152169e+58 6.661046329336306e+58 7.014849851895599e+58 7.30881472718268e+58 7.560304344256972e+58 7.780085741664399e+58 7.97527045615648e+58 7.993642437368283e+58 8.011820032637328e+58 8.029811365061668e+58 8.047620119242484e+58 8.065248341717154e+58 8.0826987290626e+58 8.099977740194592e+58 8.117086905432096e+58 8.150815064352891e+58 8.31031059965896e+58 8.591332311280282e+58 8.833346821310624e+58 9.045879812712068e+58 9.235349417593302e+58 9.485849959275757e+58 9.704914028654119e+58 9.899544736664733e+58 9.959903980464048e+58 1.007466077467016e+59 1.0233817716080298e+59 1.0379678249988485e+59 1.0470574911221755e+59 1.0514310122021385e+59 1.0679069239257514e+59 1.0865309951738014e+59 1.1187133195066057e+59 1.1458782201241729e+59 1.1693869035166438e+59 1.190105828859541e+59 1.2086234326323234e+59 1.2253699087155206e+59 1.2406511852691465e+59 1.2547012425238987e+59 1.2677064452435975e+59 
# binding_energy_list
1.1721953655481376e+60 1.1721953655481376e+60 1.1297959146727908e+60 1.0543868963912667e+60 9.57194071294848e+59 8.511380382023758e+59 7.413102413009131e+59 6.324118513762223e+59 5.3456435939697355e+59 4.518559443749236e+59 3.8282474331682124e+59 2.511886431509572e+59 2.4266100950824046e+59 2.3878112829131783e+59 2.3604782331805636e+59 2.3388372386593538e+59 2.322736796357105e+59 2.31206479017558e+59 2.306747188720067e+59 2.2961486481123467e+59 2.2961486481123467e+59 2.2961486481123467e+59 2.2961486481123467e+59 2.2961486481123467e+59 2.29086765276777e+59 2.29086765276777e+59 2.29086765276777e+59 2.29086765276777e+59 2.29086765276777e+59 2.285598803375439e+59 2.275097430772067e+59 2.264644307593043e+59 2.2594357702209736e+59 2.254239212152437e+59 2.249054605835764e+59 2.2438819237827616e+59 2.238721138568347e+59 2.238721138568347e+59 2.2335722228305145e+59 2.2335722228305145e+59 2.2284351492702985e+59 2.2284351492702985e+59 2.2284351492702985e+59 2.22330989065141e+59 2.22330989065141e+59 2.2181964198002013e+59 2.2130947096056317e+59 2.2130947096056317e+59 2.208004733018906e+59 2.208004733018906e+59 2.2029264630534743e+59 2.2029264630534743e+59 2.1978598727848183e+59 2.1978598727848183e+59 
# total_gas_kinetic_energy_list
7.360057134674522e+59 7.065654849287549e+59 6.794040146848031e+59 6.5464225151101725e+59 6.326012797965099e+59 6.128661150904621e+59 5.953949268573173e+59 5.801808752341985e+59 5.667761728272616e+59 5.542005299755833e+59 5.424398112440903e+59 5.598415627439991e+59 5.615271108580897e+59 5.623724631220205e+59 5.628989054306833e+59 5.632678890257486e+59 5.635448387531491e+59 5.637644999499045e+59 5.6394445869808465e+59 5.640956003535379e+59 5.641094097793587e+59 5.641235929113982e+59 5.64136019705707e+59 5.641495353522693e+59 5.641628638283009e+59 5.641761247808123e+59 5.641883840455873e+59 5.642001411734583e+59 5.642251908867487e+59 5.6433482732749425e+59 5.6451926131924545e+59 5.646668162499617e+59 5.647877623431571e+59 5.64888398261341e+59 5.650117420848204e+59 5.6511177148146715e+59 5.651943338658193e+59 5.652187138756162e+59 5.6526434087694245e+59 5.65322892998096e+59 5.65374764706891e+59 5.6540524853105855e+59 5.654194080018952e+59 5.654718067032438e+59 5.655264029426574e+59 5.656113123490537e+59 5.656756482771114e+59 5.657264008353387e+59 5.65774270225562e+59 5.658149120757319e+59 5.658529984995085e+59 5.658877660927927e+59 5.659191338712212e+59 5.659480258196414e+59 
