# time_axis
5.999999999999999 7.0 7.30102999566398 7.477121254719661 7.602059991327962 7.698970004336018 7.778151250383643 7.845098040014256 7.903089986991943 7.954242509439324 8.0 8.301029995663981 8.47712125471966 8.60205999132796 8.698970004336019 8.778151250383644 8.845098040014257 8.903089986991942 8.954242509439323 8.999999999999998 9.004321373782641 9.008600171761916 9.012837224705171 9.017033339298779 9.021189299069936 9.02530586526477 9.02938377768521 9.033423755486949 9.041392685158224 9.079181246047623 9.146128035678236 9.204119982655923 9.255272505103305 9.301029995663981 9.361727836017593 9.414973347970816 9.462397997898954 9.477121254719663 9.505149978319904 9.544068044350274 9.57978359661681 9.60205999132796 9.612783856719734 9.653212513775342 9.698970004336017 9.778151250383642 9.845098040014257 9.903089986991944 9.954242509439325 10.0 10.041392685158225 10.079181246047623 10.113943352306835 10.146128035678236 
# total_gas_mass_list
11.057991946977687 11.040263180017254 11.0234510030699 11.007746989674118 10.993388578048954 10.980400167214798 10.968884983363512 10.958962829375272 10.950415354190111 10.942485614528188 10.935158356624703 10.951775214383321 10.953135347856486 10.953819440599755 10.954256213326254 10.954566980847174 10.954801051616679 10.954985998335896 10.95513716541733 10.955263801357205 10.955275358152315 10.955287018613959 10.955295697078682 10.955307976654401 10.955320058507432 10.95533110097374 10.955341176283527 10.955350024621417 10.955372210916149 10.95546166990137 10.95561965471576 10.955743044376675 10.955844918965846 10.955929642908284 10.956034031636307 10.956119144561715 10.956190097576352 10.95621084739412 10.95625055354621 10.956300984460047 10.956346041944364 10.956372778240953 10.956385284084485 10.956431570465098 10.956480205684318 10.956556970669567 10.956616300634789 10.956663873792753 10.956708031022927 10.956745947703578 10.95678112516386 10.95681323606918 10.95684245491255 10.95686927361983 
# ejected_gas_mass_list
-10.0 -10.0 8.347383598342798 8.842628331783473 9.16357900038398 9.397082681553806 9.581767581018054 9.735459369548238 9.863586159986227 9.966551862028416 10.052966795044709 10.166029252558964 10.174268388229224 10.178363585497125 10.180961531683723 10.182802155600934 10.18418425035364 10.185273709792934 10.186162502802672 10.186905903914916 10.186973694158445 10.18704208359784 10.187092977614727 10.18716498154758 10.187235816428245 10.18730054909211 10.18735960515217 10.187411463868731 10.187541471673898 10.188065358487437 10.188989266247226 10.189709727410767 10.190303818510626 10.190797381759847 10.191404864978443 10.191899653736748 10.19231176999285 10.192432229964906 10.192662661043038 10.192955186505865 10.193216405438829 10.193371346591347 10.193443804274931 10.193711896236628 10.193993445300512 10.194437530452493 10.194780496955108 10.195055339615209 10.19531031892484 10.195529164391147 10.19573211827779 10.1959173114678 10.19608576856902 10.196240340505428 
# stellar_mass_list
-10.0 9.660051938305648 9.721132434732784 9.751201000519803 9.771510353956435 9.787348865464175 9.800736032871304 9.812743714311143 9.824026332640901 9.8346454067829 9.844369714450558 9.36134354185543 9.290955598937565 9.249596673020621 9.220671617649781 9.198650856426843 9.18097440471365 9.16628375702921 9.153765813348565 9.142867168678745 9.141851928481367 9.140858751008674 9.139877628111103 9.138898430707789 9.137932602377923 9.136975367784984 9.13602659939665 9.135090176091486 9.133274272604387 9.12470723015401 9.109942882037165 9.097551738498561 9.086926798324992 9.077657534278691 9.065706475608007 9.055471524512951 9.046578023639283 9.043829176797876 9.038727497598918 9.031690526025455 9.025377441622153 9.021468890849139 9.01961857426139 9.012640454308233 9.004983649223536 8.991962935850069 8.981298686900084 8.972095778641117 8.963810925241944 8.956176487057787 8.949293082353552 8.942774302379654 8.9367091717911 8.931106442713565 
# remnant_mass_list
-10.0 -10.0 8.806841325808719 9.12323274329331 9.304623674854447 9.427551517617307 9.518544938091914 9.589584292948016 9.647023741629427 9.694247523809342 9.732857825023128 9.788542062856493 9.79536437925439 9.798945138046415 9.801269444103081 9.802942918439987 9.80422789768516 9.805257156327889 9.806106802875911 9.806826743490701 9.806892864238215 9.806957240109146 9.807020689464107 9.80708402860805 9.807146336192535 9.807208002569272 9.807269005956925 9.80732905154593 9.807444729617156 9.807984659647165 9.808889015990653 9.80962275207892 9.810233582634652 9.810752647256507 9.811402673903888 9.811943299717324 9.81240052720457 9.81254000778717 9.812794571112844 9.81314065531152 9.813444356535237 9.813629905587225 9.813716664329336 9.814040947662427 9.814386930743098 9.814958398186015 9.81540827090982 9.815787625194027 9.816126322564843 9.816437608287806 9.816713387364905 9.816975289178547 9.817216838409104 9.817436856080857 
# BH_mass_list
-10.0 -10.0 8.702221578326698 8.994477649683173 9.16214863021114 9.275320896451264 9.358793012202316 9.423645708807072 9.475761458559903 9.5181199160854 9.551979389722364 9.578006292676678 9.578006292676678 9.578006292676678 9.578006292676678 9.578006292676678 9.578006292676678 9.578006292676678 9.578006292676678 9.578006292676678 9.578006292676678 9.578006292676678 9.578006292676678 9.578006292676678 9.578006292676678 9.578006292676678 9.578006292676678 9.578006292676678 9.578006292676678 9.578006292676678 9.578006292676678 9.578006292676678 9.578006292676678 9.578006292676678 9.578006292676678 9.578006292676678 9.578006292676678 9.578006292676678 9.578006292676678 9.578006292676678 9.578006292676678 9.578006292676678 9.578006292676678 9.578006292676678 9.578006292676678 9.578006292676678 9.578006292676678 9.578006292676678 9.578006292676678 9.578006292676678 9.578006292676678 9.578006292676678 9.578006292676678 9.578006292676678 
# NS_mass_list
-10.0 -10.0 8.137410403578729 8.53242463936449 8.751286419829215 8.897851847065308 9.001672037455137 9.080864326862494 9.144224172472157 9.196353147148217 9.239615143550045 9.300811690203435 9.300811690203435 9.300811690203435 9.300811690203435 9.300811690203435 9.300811690203435 9.300811690203435 9.300811690203435 9.300811690203435 9.300811690203435 9.300811690203435 9.300811690203435 9.300811690203435 9.300811690203435 9.300811690203435 9.300811690203435 9.300811690203435 9.300811690203435 9.300811690203435 9.300811690203435 9.300811690203435 9.300811690203435 9.300811690203435 9.300811690203435 9.300811690203435 9.300811690203435 9.300811690203435 9.300811690203435 9.300811690203435 9.300811690203435 9.300811690203435 9.300811690203435 9.300811690203435 9.300811690203435 9.300811690203435 9.300811690203435 9.300811690203435 9.300811690203435 9.300811690203435 9.300811690203435 9.300811690203435 9.300811690203435 9.300811690203435 
# WD_mass_list
-10.0 -10.0 -10.0 -10.0 -10.0 5.978954908179872 7.074391789604709 7.471715307524504 7.7145921044805394 7.88805220932545 8.021889979375128 8.558480420716377 8.661915025379201 8.708243286555701 8.736051900267332 8.755111292997283 8.769245905684134 8.780273876098319 8.789190095226072 8.796617793608185 8.797294252628056 8.797951948366984 8.798599300393555 8.79924466111303 8.79987866861151 8.800505330905441 8.801124454746507 8.801733081914442 8.80290344209482 8.808328860422899 8.817281755758279 8.82442568589068 8.830293630359714 8.835224834761679 8.841330425013943 8.846350692026896 8.850556495485124 8.851832315644948 8.854152221424448 8.857288596852918 8.860024381131765 8.861688327232514 8.862464413688098 8.865354383089917 8.868419035340246 8.873439368847723 8.877355651551586 8.880633939734404 8.883542511426867 8.886200596918744 8.888543553374316 8.890758337665856 8.892792221064973 8.8946375305498 
