# time_axis
1000000 10000000 20000000 30000000 40000000 50000000 60000000 70000000 80000000 90000000 100000000 110000000 120000000 130000000 140000000 150000000 200000000 300000000 400000000 500000000 600000000 700000000 800000000 900000000 1000000000 1010000000 1020000000 1030000000 1040000000 1050000000 1060000000 1070000000 1080000000 1100000000 1200000000 1400000000 1600000000 1800000000 2000000000 2300000000 2600000000 2900000000 3000000000 3200000000 3500000000 3800000000 4000000000 4100000000 4500000000 5000000000 6000000000 7000000000 8000000000 9000000000 10000000000 11000000000 12000000000 13000000000 14000000000 
# SNIa_energy_release_list
0 0.0 0.0 0.0 0.0 0.0 1.8380231869044024e+53 8.329873724764329e+54 3.0970805032761825e+55 6.287084959877497e+55 9.884608550019582e+55 1.3537311298664146e+56 1.7050651388614948e+56 2.0337015097389196e+56 2.337046559235865e+56 2.6156609530018454e+56 3.714397887671241e+56 5.102527109513191e+56 6.017985321466763e+56 6.703274639900492e+56 7.251393656793366e+56 7.708297711481348e+56 8.100059900605048e+56 8.442979621494077e+56 8.747908485562696e+56 8.776616785329632e+56 8.805031463181073e+56 8.833162247659077e+56 8.861008449892044e+56 8.888577409097336e+56 8.91587371045614e+56 8.942899024398708e+56 8.96966013132981e+56 9.02241607848877e+56 9.272047419052268e+56 9.712263953477887e+56 1.0091752259741046e+57 1.0425242834305796e+57 1.0722718960969804e+57 1.1116248306638173e+57 1.1460542494538427e+57 1.1766563022860536e+57 1.1861482708990468e+57 1.2041979034311793e+57 1.2292353134117226e+57 1.2521879025709521e+57 1.2664934003913246e+57 1.2733763539965047e+57 1.2993089762095093e+57 1.3286309676826715e+57 1.379312289628033e+57 1.4220991954691509e+57 1.4591330434923193e+57 1.4917777203293608e+57 1.520951696372493e+57 1.5473467211693957e+57 1.5714285628262066e+57 1.5935735767138103e+57 1.614071817803683e+57 
# SNII_energy_release_list
0 0.0 2.370945108516923e+53 1.079768925931621e+55 4.2327009437516366e+55 8.956420104490067e+55 1.43323350254766e+56 1.9141950017243401e+56 2.2549457778781915e+56 2.4764612337546437e+56 2.61356129896781e+56 2.696068702773612e+56 2.744937479308607e+56 2.773626090202589e+56 2.7903861394735325e+56 2.800151084474249e+56 2.8105357725303467e+56 2.8105357725303467e+56 2.8105357725303467e+56 2.8105357725303467e+56 2.8105357725303467e+56 2.8105357725303467e+56 2.8105357725303467e+56 2.8105357725303467e+56 2.8105357725303467e+56 2.8105357725303467e+56 2.8105357725303467e+56 2.8105357725303467e+56 2.8105357725303467e+56 2.8105357725303467e+56 2.8105357725303467e+56 2.8105357725303467e+56 2.8105357725303467e+56 2.8105357725303467e+56 2.8105357725303467e+56 2.8105357725303467e+56 2.8105357725303467e+56 2.8105357725303467e+56 2.8105357725303467e+56 2.8105357725303467e+56 2.8105357725303467e+56 2.8105357725303467e+56 2.8105357725303467e+56 2.8105357725303467e+56 2.8105357725303467e+56 2.8105357725303467e+56 2.8105357725303467e+56 2.8105357725303467e+56 2.8105357725303467e+56 2.8105357725303467e+56 2.8105357725303467e+56 2.8105357725303467e+56 2.8105357725303467e+56 2.8105357725303467e+56 2.8105357725303467e+56 2.8105357725303467e+56 2.8105357725303467e+56 2.8105357725303467e+56 2.8105357725303467e+56 
# SN_energy_per_current_crossing_time_list
0.0 0.0 1.120687763106385e+54 2.9579311382109857e+55 7.271430374980606e+55 9.949910824368605e+55 1.084391054817002e+56 9.572321298208357e+55 6.857422497614489e+55 4.5812519065040745e+55 2.9626640718184134e+55 1.9007243145321153e+55 1.2318097661151071e+55 8.183869046876896e+54 5.642359264125483e+54 4.0730187428217015e+54 2.123372635723229e+54 1.1027008671477018e+54 7.424988106124302e+53 5.651398576631651e+53 4.583947319883092e+53 3.86774280761894e+53 3.352105980935433e+53 2.962692659890784e+53 2.6577459055761882e+53 2.50432460938113e+53 2.4807716348879133e+53 2.4579927417861237e+53 2.4350927112266687e+53 2.412786534396425e+53 2.390842607336461e+53 2.369011639089009e+53 2.3477393522390335e+53 2.317767952037393e+53 2.2099391812405794e+53 1.975196925476973e+53 1.7230962373302066e+53 1.5306149002651057e+53 1.378605982931427e+53 1.2315489451341112e+53 1.0898628408196916e+53 9.786814334476346e+52 9.136944120129562e+52 8.739578104799608e+52 8.151618509381513e+52 7.52932432840371e+52 7.072878754997499e+52 6.820650609409135e+52 6.480110738249695e+52 5.915376067517286e+52 5.194089581026274e+52 4.442309041056064e+52 3.889292813933034e+52 3.464931960773588e+52 3.1280369860229777e+52 2.8549427312342266e+52 2.6276008191597575e+52 2.4357486090018366e+52 2.2711877657038723e+52 
# SN_energy_per_final_crossing_time_list
0.0 0.0 7.005298975015531e+53 3.1202798960305343e+55 9.315791982440387e+55 1.3956908945766912e+56 1.5885951814611163e+56 1.4300958337884248e+56 1.0318832304340755e+56 6.898443140623657e+55 4.449421556482378e+55 2.8425165115388305e+55 1.833173531098903e+55 1.2117726667751466e+55 8.313035545732953e+54 5.972217617405482e+54 3.04844359645017e+54 1.5380354304745896e+54 1.014319951592963e+54 7.592947654241245e+53 6.073112321484784e+53 5.062458259506504e+53 4.340691901817341e+53 3.7995214871705265e+53 3.378586008654088e+53 3.180855319193203e+53 3.1483222594396744e+53 3.1168671139133804e+53 3.0853356419972193e+53 3.054617349153083e+53 3.024407090504256e+53 2.994381914114164e+53 2.965108000834203e+53 2.922657149709078e+53 2.7658941278828638e+53 2.4387809736074655e+53 2.1023491592124305e+53 1.847523671929157e+53 1.6480051544569995e+53 1.4534239489276962e+53 1.2715834884459617e+53 1.1302271853994684e+53 1.0517020895478556e+53 9.999420048455309e+52 9.247079458086836e+52 8.47709151582157e+52 7.925185260891955e+52 7.626254346142803e+52 7.183281487977912e+52 6.497703681787465e+52 5.615447581444983e+52 4.740752957905255e+52 4.103319020318832e+52 3.6170025673215685e+52 3.232451856507539e+52 2.924546410169401e+52 2.668247675825623e+52 2.453648798077374e+52 2.2711877657038723e+52 
# total_energy_release_list
0 0 2.370945108516923e+53 1.079768925931621e+55 4.2327009437516366e+55 8.956420104490067e+55 1.4350715257345645e+56 1.9974937389719834e+56 2.5646538282058096e+56 3.105169729742393e+56 3.6020221539697682e+56 4.049799832640027e+56 4.450002618170102e+56 4.8073275999415085e+56 5.127432698709398e+56 5.415812037476094e+56 6.524933660201587e+56 7.913062882043538e+56 8.828521093997109e+56 9.513810412430837e+56 1.0061929429323712e+57 1.0518833484011694e+57 1.0910595673135395e+57 1.1253515394024424e+57 1.1558444258093043e+57 1.158715255785998e+57 1.161556723571142e+57 1.1643698020189424e+57 1.1671544222422391e+57 1.1699113181627683e+57 1.1726409482986487e+57 1.1753434796929054e+57 1.1780195903860157e+57 1.1832951851019117e+57 1.2082583191582615e+57 1.2522799726008234e+57 1.2902288032271393e+57 1.3235778606836143e+57 1.353325473350015e+57 1.392678407916852e+57 1.4271078267068774e+57 1.4577098795390883e+57 1.4672018481520814e+57 1.485251480684214e+57 1.5102888906647573e+57 1.5332414798239868e+57 1.5475469776443593e+57 1.5544299312495394e+57 1.580362553462544e+57 1.609684544935706e+57 1.6603658668810676e+57 1.7031527727221856e+57 1.740186620745354e+57 1.7728312975823955e+57 1.8020052736255278e+57 1.8284002984224302e+57 1.8524821400792412e+57 1.874627153966845e+57 1.8951253950567178e+57 
# binding_energy_list
8.871560120379617e+54 8.871560120379617e+54 8.871560120379617e+54 8.871560120379617e+54 8.85115609830841e+54 8.830799004185586e+54 8.810488730080146e+54 8.790225168308896e+54 8.770008211436303e+54 8.770008211436303e+54 8.749837752274363e+54 8.729713683881166e+54 8.709635899560761e+54 8.709635899560761e+54 8.68960429286302e+54 8.669618757582214e+54 8.629785477669702e+54 8.531001140175843e+54 8.472274141405911e+54 8.433347577642791e+54 8.375292821268861e+54 8.336811846196331e+54 8.298507675144166e+54 8.279421637123327e+54 8.241381150129963e+54 8.241381150129963e+54 8.241381150129963e+54 8.241381150129963e+54 8.222426499470695e+54 8.222426499470695e+54 8.222426499470695e+54 8.222426499470695e+54 8.222426499470695e+54 8.222426499470695e+54 8.184647881347836e+54 8.147042840208421e+54 8.090958991783846e+54 8.053784411990643e+54 8.035261221856194e+54 7.979946872679785e+54 7.94328234724279e+54 7.90678627999831e+54 7.888601176185516e+54 7.870457896951001e+54 7.852356346100775e+54 7.816278045883308e+54 7.798301105232642e+54 7.798301105232642e+54 7.762471166286928e+54 7.744617978025239e+54 7.691304402866145e+54 7.655966069112569e+54 7.620790100254084e+54 7.585775750291883e+54 7.550922276654341e+54 7.516228940182015e+54 7.498942093324558e+54 7.464487584100623e+54 7.447319739059888e+54 
# total_gas_kinetic_energy_list
3.555417159551863e+57 1.523560505970461e+59 3.044490635570687e+59 2.516310515020463e+59 1.7641640924966314e+59 1.1362449609646773e+59 6.988157239450821e+58 4.1887553615947094e+58 2.4749084538075565e+58 1.4507196355450758e+58 8.468010924939548e+57 4.9332066694816106e+57 2.872578070340747e+57 1.673887442212737e+57 9.773194931063246e+56 5.726883154711236e+56 5.973667018822574e+56 6.344982350847508e+56 6.628505484749588e+56 6.856746831260239e+56 7.048607980897445e+56 7.214766016592612e+56 7.363565883108736e+56 7.4994238577083865e+56 7.624449141477761e+56 7.636579183699211e+56 7.648481582353555e+56 7.6601958845625065e+56 7.671791705464708e+56 7.683338455967008e+56 7.694883381141224e+56 7.706460237257284e+56 7.718047881555032e+56 7.7407151086316925e+56 7.84901145960577e+56 8.04673160739633e+56 8.22171129607771e+56 8.381195403906414e+56 8.525628694440013e+56 8.71682547643957e+56 8.886602879461431e+56 9.03836808003604e+56 9.087209737273228e+56 9.176061769881924e+56 9.3019440483857e+56 9.411082587567453e+56 9.479754561462183e+56 9.510226692001833e+56 9.631962681450513e+56 9.75850148730436e+56 9.972740284661848e+56 1.0143823226565644e+57 1.0296267305688738e+57 1.0438871137515237e+57 1.057590148552047e+57 1.0695032416518209e+57 1.0814786329952595e+57 1.0925259551168583e+57 1.1026436294252744e+57 
