# time_axis
5.999999999999999 7.0 7.30102999566398 7.477121254719661 7.602059991327962 7.698970004336018 7.778151250383643 7.845098040014256 7.903089986991943 7.954242509439324 8.0 8.041392685158224 8.079181246047623 8.113943352306837 8.146128035678238 8.176091259055681 8.301029995663981 8.47712125471966 8.60205999132796 8.698970004336019 8.778151250383644 8.845098040014257 8.903089986991942 8.954242509439323 8.999999999999998 9.004321373782641 9.008600171761916 9.012837224705171 9.017033339298779 9.021189299069936 9.02530586526477 9.02938377768521 9.033423755486949 9.041392685158224 9.079181246047623 9.146128035678236 9.204119982655923 9.255272505103305 9.301029995663981 9.361727836017593 9.414973347970816 9.462397997898954 9.477121254719663 9.505149978319904 9.544068044350274 9.57978359661681 9.60205999132796 9.612783856719734 9.653212513775342 9.698970004336017 9.778151250383642 9.845098040014257 9.903089986991944 9.954242509439325 10.0 10.041392685158225 10.079181246047623 10.113943352306835 10.146128035678236 
# total_gas_mass_list
8.7873673767305 10.425883417822087 10.726615903717049 10.643888663839707 10.489674103738507 10.298615181914263 10.087513735450088 9.865244254480324 9.63672715401519 9.404760094244722 9.17096453081434 8.936313182788131 8.701444310087101 8.466864208709207 8.233098049281105 8.000830052710318 8.018339445356542 8.042928560183903 8.06070871846176 8.074887797749938 8.086724421248471 8.096846001550738 8.10569196986474 8.113559936063679 8.120634053082474 8.121312532452732 8.121976718854746 8.122628997704199 8.12327337996947 8.12391378901597 8.124552836635885 8.125192259220125 8.125831049699363 8.127076651119834 8.132968150664722 8.143453393467968 8.152443218252694 8.160405750897231 8.167446105250905 8.176552897998729 8.184460260761272 8.191380231079927 8.193584315607744 8.197545798698602 8.203091340915782 8.207834092107653 8.210786286862433 8.212090040980472 8.217244245498065 8.222525809401539 8.231276421448783 8.238104777053083 8.244097228626167 8.249624066989455 8.254865573293461 8.25937303815178 8.263840950519869 8.267945680587733 8.271660579033881 
# ejected_gas_mass_list
-10.0 -10.0 3.638124274086367 5.301792241401196 5.946768876208852 6.305929661210739 6.526282725351944 6.676346726504344 6.787086363212825 6.873097427255924 6.942258354077147 6.9991271078362995 7.046726546703554 7.087199234559371 7.122108323188408 7.152613007131574 7.262971654870904 7.387361002584068 7.4625710727680925 7.516247070300965 7.557641210339165 7.590956089132204 7.618697048349768 7.642404755443505 7.663012231295709 7.664955468299894 7.66685230705836 7.668709917963787 7.670539995666785 7.6723538559879 7.674158991612966 7.675960351864562 7.677755135394677 7.681241186641194 7.697491432460739 7.725496123967212 7.748647876048932 7.768547555724641 7.785701827189898 7.807319911473603 7.825603047560059 7.8412552840636245 7.846175602598577 7.854942740214728 7.8670557540186365 7.877272697148543 7.88356821948491 7.886333139721559 7.89717406772102 7.908138407142345 7.925997054555647 7.939679228299906 7.951512361475957 7.962287657080955 7.972388455952397 7.980985703531476 7.9894287559787855 7.997118295547241 8.004023490306928 
# stellar_mass_list
-10.0 6.4106166671284015 8.05771680428504 8.509410370200863 8.674976984997178 8.751592848296553 8.787859564173033 8.803912245184312 8.809545115709906 8.809833368239856 8.807471930641423 8.803897027581513 8.799864698344395 8.795762359780204 8.791778140278492 8.787994101994887 8.771739335012203 8.75070019400523 8.736176291677722 8.724930083132469 8.71568574903961 8.707800068735589 8.70090301556157 8.694750759929759 8.68919564636697 8.68866115960799 8.6881376799164 8.687623896516065 8.687116198620558 8.686611371455598 8.686107324314444 8.685602613060354 8.685097902922607 8.684112204989876 8.679442325595431 8.67103514025122 8.663662744227821 8.656987447650534 8.650970411194015 8.642920799234304 8.635674142056695 8.629111625566564 8.626986890400952 8.623089478185358 8.617438384316246 8.612339006589163 8.609022442738516 8.607523454388362 8.601346552292444 8.594580494917247 8.582145029711373 8.571485252331174 8.562159964782174 8.553590506934844 8.5454938035347 8.538543775647172 8.531615250642401 8.525346727079414 8.519634344055918 
# remnant_mass_list
-10.0 -10.0 4.807117037955037 6.460190025699685 6.992453324084651 7.254138817963408 7.408727154765319 7.5085576460939585 7.576913481879754 7.626025267757242 7.662814394964373 7.6914096744199325 7.714372754066271 7.733341137070968 7.749389060483652 7.763241661073674 7.8127333161988695 7.869659599319198 7.904866512125253 7.930148565701389 7.94976673673998 7.96573787405026 7.979167808002044 7.990747029988893 8.000893471888949 8.001854997202095 8.002794002802098 8.00371304002422 8.004618823317847 8.005517239108158 8.006412089879687 8.007306026152948 8.008197874106035 8.009932878918091 8.018037469796882 8.032169697775611 8.044099645326124 8.054550647224351 8.063695900307195 8.075541540861513 8.085845434967068 8.094894775709902 8.09777057080184 8.10297374004302 8.110367595039891 8.116885099737509 8.12105080877357 8.122912731359216 8.130471774503189 8.13852707720199 8.15277102016679 8.164425080444264 8.174223796508842 8.182922942778458 8.190887214753628 8.19752468680821 8.203977720718802 8.209672433674609 8.214746417322939 
# BH_mass_list
-10.0 -10.0 4.536807498382514 6.185193691627818 6.655563022835736 6.844975007285797 6.941127518576554 6.993404606490625 7.022687230180222 7.039337817799018 7.048884048175414 7.054383857995147 7.057562304550167 7.0594033075007205 7.060464992474801 7.061073297373347 7.061420159165484 7.061420159165484 7.061420159165484 7.061420159165484 7.061420159165484 7.061420159165484 7.061420159165484 7.061420159165484 7.061420159165484 7.061420159165484 7.061420159165484 7.061420159165484 7.061420159165484 7.061420159165484 7.061420159165484 7.061420159165484 7.061420159165484 7.061420159165484 7.061420159165484 7.061420159165484 7.061420159165484 7.061420159165484 7.061420159165484 7.061420159165484 7.061420159165484 7.061420159165484 7.061420159165484 7.061420159165484 7.061420159165484 7.061420159165484 7.061420159165484 7.061420159165484 7.061420159165484 7.061420159165484 7.061420159165484 7.061420159165484 7.061420159165484 7.061420159165484 7.061420159165484 7.061420159165484 7.061420159165484 7.061420159165484 7.061420159165484 
# NS_mass_list
-10.0 -10.0 4.473026985088163 6.131465711333773 6.7245471202679905 7.039579093704255 7.22649847164694 7.338631522139249 7.402333719762869 7.438850859591529 7.4598787225978604 7.472018589122561 7.479038952119093 7.483103904069157 7.48545837463913 7.486820862597344 7.488207753748898 7.488207753748898 7.488207753748898 7.488207753748898 7.488207753748898 7.488207753748898 7.488207753748898 7.488207753748898 7.488207753748898 7.488207753748898 7.488207753748898 7.488207753748898 7.488207753748898 7.488207753748898 7.488207753748898 7.488207753748898 7.488207753748898 7.488207753748898 7.488207753748898 7.488207753748898 7.488207753748898 7.488207753748898 7.488207753748898 7.488207753748898 7.488207753748898 7.488207753748898 7.488207753748898 7.488207753748898 7.488207753748898 7.488207753748898 7.488207753748898 7.488207753748898 7.488207753748898 7.488207753748898 7.488207753748898 7.488207753748898 7.488207753748898 7.488207753748898 7.488207753748898 7.488207753748898 7.488207753748898 7.488207753748898 7.488207753748898 
# WD_mass_list
-10.0 -10.0 -10.0 -10.0 -10.0 2.9524552505633324 4.702359761506486 5.773789036965456 6.292081817903754 6.585656695887832 6.776870990438468 6.9113450017675016 7.010939676940166 7.087640410174345 7.148595689978158 7.198316415023263 7.355609150798312 7.502128109813582 7.580161596540739 7.631931522652873 7.670082565582801 7.700004069026845 7.724452905067023 7.74505238734717 7.762761902316051 7.764424325802943 7.766045231453377 7.767629209806994 7.769187977836162 7.770731757759067 7.7722671370713 7.773798691922074 7.775324433776849 7.778286263986396 7.792012613637486 7.8155363239116165 7.8350112880719 7.851801649167746 7.866297945816683 7.884816230015906 7.90069889216698 7.914483220765579 7.918832643874576 7.926664920851487 7.9377144919748135 7.947378478819199 7.953519013488814 7.956254636070161 7.9673049106727145 7.978984557066858 7.999404944759165 8.015902086823194 8.029633553073106 8.041721861613928 8.052707642080977 8.061805691156142 8.070602148533862 8.07832593504894 8.08517773414042 
