# time_axis
5.999999999999999 7.0 7.30102999566398 7.477121254719661 7.602059991327962 7.698970004336018 7.778151250383643 7.845098040014256 7.903089986991943 7.954242509439324 8.0 8.041392685158224 8.079181246047623 8.113943352306837 8.146128035678238 8.176091259055681 8.301029995663981 8.47712125471966 8.60205999132796 8.698970004336019 8.778151250383644 8.845098040014257 8.903089986991942 8.954242509439323 8.999999999999998 9.004321373782641 9.008600171761916 9.012837224705171 9.017033339298779 9.021189299069936 9.02530586526477 9.02938377768521 9.033423755486949 9.041392685158224 9.079181246047623 9.146128035678236 9.204119982655923 9.255272505103305 9.301029995663981 9.361727836017593 9.414973347970816 9.462397997898954 9.477121254719663 9.505149978319904 9.544068044350274 9.57978359661681 9.60205999132796 9.612783856719734 9.653212513775342 9.698970004336017 9.778151250383642 9.845098040014257 9.903089986991944 9.954242509439325 10.0 10.041392685158225 10.079181246047623 10.113943352306835 10.146128035678236 
# total_gas_mass_list
10.87444351720968 10.873378304271204 10.66926785081001 10.465175676695685 10.261101913989345 10.057046578579005 9.853016170679355 9.64902120974259 9.445076210620565 9.241201518654105 9.037426008990835 8.833792121001988 8.630362411153692 8.427229658231616 8.224531479154853 8.022472032357822 8.03048981258051 8.040687374193718 8.04745841719677 8.052552297964327 8.056617578918317 8.059976023834132 8.062833653825395 8.065309627498308 8.067500750322862 8.067704334376367 8.06790465814473 8.068103133911178 8.068300477346352 8.068497154569133 8.068693671610133 8.06888916168492 8.069079791504805 8.069448958117016 8.07120551586501 8.074275435863564 8.076852376648189 8.07908297506852 8.081021385580996 8.083493018146715 8.085595395903086 8.0874186531737 8.087999265737604 8.089019212363487 8.090425296292048 8.09163427599122 8.09237172169214 8.09270322057365 8.093987029184934 8.095305427731459 8.097450988191405 8.099120172914747 8.100592467380306 8.1019525201627 8.103244751944356 8.10436507610147 8.105469093253141 8.10650177936706 8.107440149197776 
# ejected_gas_mass_list
-10.0 -10.0 6.010534976834713 6.461396997509211 6.684375231389152 6.815055945426544 6.903216694373428 6.967788318280816 7.017353782534639 7.056585959981797 7.088343543840723 7.114570444283934 7.13661982062702 7.1554598032908405 7.171790681690171 7.186127199834945 7.238370495256699 7.29801377714087 7.3341965706876975 7.359897349963567 7.379571922973042 7.395310701908443 7.408359194230003 7.4194232733578245 7.429035721505565 7.429920568303342 7.430789892321211 7.431649878420066 7.432503661714843 7.433353280969635 7.434200934658385 7.435042899870269 7.435862727290055 7.437447006402331 7.444925230600446 7.457763551704253 7.468322370216046 7.477308370462052 7.485005620904972 7.494674864118304 7.502775588609358 7.509711557063328 7.511903289509662 7.515733889358821 7.520974439600725 7.525443723437522 7.528153501871263 7.52936761414541 7.5340464352743 7.538813608230259 7.546491836654012 7.552398493447453 7.557561097938985 7.562291520945526 7.566752347843282 7.57059361345866 7.574355598448184 7.577853825467834 7.581015444165983 
# stellar_mass_list
-10.0 8.27238352588172 8.407963957524164 8.378390956739281 8.334972007315532 8.292107325880401 8.253518651464008 8.220115252156347 8.191729656115422 8.167780600700686 8.147567711909929 8.130416637837579 8.115738786836163 8.103047082697094 8.091950824740433 8.082139766900122 8.04476385155721 8.000922104704312 7.972712703803126 7.952000277438537 7.935689951860705 7.922282612266 7.910905489170315 7.901057811837322 7.892342719728524 7.891534131263071 7.890739356504645 7.8899520954432045 7.88916831350081 7.8883861554364385 7.887603653846167 7.886824893724605 7.886066788563956 7.8845995589035995 7.877604738178062 7.8653522377286835 7.854914965560346 7.845791282399747 7.837774510181873 7.82731569973095 7.818190751327689 7.810164044965874 7.80758972264096 7.8029876959646565 7.79640965897159 7.790552756773291 7.786857389162412 7.785180467880365 7.778406777296481 7.771146683847524 7.758307863690175 7.747658756385012 7.7383581933028 7.729812491480133 7.721708550869274 7.714782014738618 7.707848706368076 7.701602899588653 7.695887711956606 
# remnant_mass_list
-10.0 -10.0 7.322678307893534 7.661121058935986 7.8092367919533565 7.890786406873242 7.9404055334575 7.972463979675088 7.994121849190188 8.009303990013828 8.020311213215374 8.02855166314522 8.034913692337616 8.039964828487667 8.044084558774166 8.047528609448987 8.058883209270585 8.071252620202321 8.078604113778939 8.083718564894404 8.08758536201624 8.090661757328 8.093202571567403 8.095350985095871 8.097214859183762 8.097385803401139 8.097553419340464 8.097719173722215 8.097884044194085 8.098048446535556 8.098212859045363 8.098376302737531 8.098534857862639 8.098840381932586 8.100285432475895 8.102764597507566 8.104824520860308 8.106587987963486 8.108107438553123 8.11004887858613 8.111708195320832 8.113140235431565 8.11359647622029 8.114399513605644 8.115538847702583 8.116536246640733 8.117160510733019 8.117439733305622 8.118569615994991 8.119753884420987 8.121812321519336 8.123474281591172 8.12489786255098 8.126189817272586 8.12740414981393 8.128416690452612 8.129429061348933 8.130325379066122 8.131133381799742 
# BH_mass_list
-10.0 -10.0 7.178799071047624 7.47929678682904 7.5972715361431815 7.657471520080256 7.691259838194579 7.711118922813646 7.723087406392555 7.730405692549019 7.734919587842403 7.737718707629803 7.739460418330685 7.74053699925094 7.741200320474884 7.741607283298466 7.741855211864995 7.741855211864995 7.741855211864995 7.741855211864995 7.741855211864995 7.741855211864995 7.741855211864995 7.741855211864995 7.741855211864995 7.741855211864995 7.741855211864995 7.741855211864995 7.741855211864995 7.741855211864995 7.741855211864995 7.741855211864995 7.741855211864995 7.741855211864995 7.741855211864995 7.741855211864995 7.741855211864995 7.741855211864995 7.741855211864995 7.741855211864995 7.741855211864995 7.741855211864995 7.741855211864995 7.741855211864995 7.741855211864995 7.741855211864995 7.741855211864995 7.741855211864995 7.741855211864995 7.741855211864995 7.741855211864995 7.741855211864995 7.741855211864995 7.741855211864995 7.741855211864995 7.741855211864995 7.741855211864995 7.741855211864995 7.741855211864995 
# NS_mass_list
-10.0 -10.0 6.772936788488123 7.195243666369242 7.396036568805435 7.508626925032387 7.5708390251144415 7.605636340459311 7.6260516687559745 7.638342880248838 7.64585396777955 7.65048505735998 7.653356161901279 7.655138654020714 7.656245128334026 7.656931223509503 7.657637892984798 7.657637892984798 7.657637892984798 7.657637892984798 7.657637892984798 7.657637892984798 7.657637892984798 7.657637892984798 7.657637892984798 7.657637892984798 7.657637892984798 7.657637892984798 7.657637892984798 7.657637892984798 7.657637892984798 7.657637892984798 7.657637892984798 7.657637892984798 7.657637892984798 7.657637892984798 7.657637892984798 7.657637892984798 7.657637892984798 7.657637892984798 7.657637892984798 7.657637892984798 7.657637892984798 7.657637892984798 7.657637892984798 7.657637892984798 7.657637892984798 7.657637892984798 7.657637892984798 7.657637892984798 7.657637892984798 7.657637892984798 7.657637892984798 7.657637892984798 7.657637892984798 7.657637892984798 7.657637892984798 7.657637892984798 7.657637892984798 
# WD_mass_list
-10.0 -10.0 -10.0 -10.0 -10.0 4.8109490798128665 5.920221362609079 6.323710261962237 6.5475990138970515 6.6925583117244045 6.794417304552721 6.869860909850642 6.927904576025654 6.9739050940748815 7.011249659716696 7.042195259255462 7.142084786865767 7.234995074112369 7.2830842803912885 7.31407909400396 7.33635023833263 7.353421005105062 7.36711777966278 7.37843157046068 7.388057581606987 7.3889318805310955 7.389787784472874 7.390632851060371 7.39147210221666 7.392307675010523 7.393142010284369 7.3939701556942214 7.394772322278405 7.396314694953958 7.403550858018972 7.415745487305344 7.425674963586214 7.434035077388355 7.441138098221701 7.45008317734416 7.457615919502001 7.464036135104852 7.466066204668059 7.469621606588601 7.4746276357419195 7.478973778871117 7.481677056511699 7.482882011933319 7.48773186917322 7.49277102919603 7.501425009558318 7.508317691578817 7.514156551347121 7.519404722791683 7.524294430373055 7.5283402273173206 7.53235732416156 7.535890896366763 7.539058033337537 
