# time_axis
1000000 10000000 20000000 30000000 40000000 50000000 60000000 70000000 80000000 90000000 100000000 110000000 120000000 130000000 140000000 150000000 160000000 170000000 180000000 190000000 200000000 210000000 220000000 230000000 240000000 250000000 260000000 270000000 280000000 290000000 300000000 310000000 320000000 330000000 340000000 350000000 360000000 370000000 380000000 390000000 400000000 410000000 420000000 430000000 440000000 450000000 460000000 470000000 480000000 490000000 500000000 600000000 700000000 800000000 900000000 1000000000 1010000000 1020000000 1030000000 1040000000 1050000000 1060000000 1070000000 1080000000 1100000000 1200000000 1400000000 1600000000 1800000000 2000000000 2300000000 2600000000 2900000000 3000000000 3200000000 3500000000 3800000000 4000000000 4100000000 4500000000 5000000000 6000000000 7000000000 8000000000 9000000000 10000000000 11000000000 12000000000 13000000000 14000000000 
# SNIa_energy_release_list
0 0 0 0 0 0 0 0 0 0 0 0 0 0 0 0 0 0 0 0 0 0 0 0 0 0 0 0 0 0 0 0 0 0 0 0 0 0 0 0 0 0 0 0 0 0 0 0 0 0 0 0 0 0 0 0 0 0 0 0 0 0 0 0 0 0 0 0 0 0 0 0 0 0 0 0 0 0 0 0 0 0 0 0 0 0 0 0 0 1e-10 
# SNII_energy_release_list
0 0.0 8.359468460080515e+53 4.013869105719585e+55 1.399196636417366e+56 2.653674263595474e+56 3.923756590100763e+56 5.0503856198836835e+56 5.955128749290757e+56 6.291509659653437e+56 6.435514080209557e+56 6.485018570194086e+56 6.485018570194086e+56 6.485018570194086e+56 6.485018570194086e+56 6.485018570194086e+56 6.485018570194086e+56 6.485018570194086e+56 6.485018570194086e+56 6.485018570194086e+56 6.485018570194086e+56 6.485018570194086e+56 6.485018570194086e+56 6.485018570194086e+56 6.485018570194086e+56 6.485018570194086e+56 6.573069099766722e+56 6.666128828085768e+56 6.754246684600678e+56 6.835224637621502e+56 6.908184635110137e+56 6.9735384906964475e+56 7.032075563290789e+56 7.084619644668653e+56 7.132001828326457e+56 7.174965966324807e+56 7.21415376980618e+56 7.250108590839809e+56 7.2832860580665665e+56 7.31406613505865e+56 7.342764562408424e+56 7.36964507204733e+56 7.394927793888791e+56 7.418796660021058e+56 7.441406697699123e+56 7.462953288682076e+56 7.483354572709841e+56 7.502829501634809e+56 7.521471560288625e+56 7.539355040687834e+56 7.556542969975218e+56 7.698881017555859e+56 7.806356460135693e+56 7.892658284530371e+56 7.964657966882149e+56 8.026350455291751e+56 8.03205796220997e+56 8.037691621883042e+56 8.043252131213089e+56 8.048739883553693e+56 8.054157239055877e+56 8.059509305142582e+56 8.064793159061028e+56 8.070011720440387e+56 8.08026230317775e+56 8.128100990601296e+56 8.210039124679263e+56 8.278502319019796e+56 8.337227989756857e+56 8.388589232723488e+56 8.408428178006232e+56 8.408433744078703e+56 8.408433744078703e+56 8.408433744078703e+56 8.408433744078703e+56 8.408433744078703e+56 8.408433744078703e+56 8.408433744078703e+56 8.408433744078703e+56 8.408433744078703e+56 8.408433744078703e+56 8.408433744078703e+56 8.408433744078703e+56 8.408433744078703e+56 8.408433744078703e+56 8.408433744078703e+56 8.408433744078703e+56 8.408433744078703e+56 8.408433744078703e+56 8.408433744078703e+56 
# SN_energy_per_current_crossing_time_list
0.0 0.0 2.5668403876155663e+53 9.025200697090268e+54 2.7936549505966894e+55 4.746488945159611e+55 6.647777901469117e+55 7.951866964959546e+55 8.253804711708105e+55 3.0239615456123393e+55 1.2671678322952736e+55 4.291676286612609e+54 0.0 0.0 0.0 0.0 0.0 0.0 0.0 0.0 0.0 0.0 0.0 0.0 0.0 0.0 8.222430149446381e+54 9.344993848636917e+54 9.457036002855362e+54 9.214795546026779e+54 8.73100550386375e+54 8.163915407390247e+54 7.584856060562382e+54 7.024250438959535e+54 6.506085366409855e+54 6.037377445067629e+54 5.618646773646575e+54 5.247029642921319e+54 4.918163843123539e+54 4.627123999350997e+54 4.369022292984523e+54 4.13950263664074e+54 3.934707150068473e+54 3.751460904791372e+54 3.5869858734712536e+54 3.449620092849026e+54 3.2944302799240425e+54 3.171231707761166e+54 3.0605146437067593e+54 2.9594157787059735e+54 2.8662542083064826e+54 2.5240048319003394e+54 1.9847983690184977e+54 1.6415223312974572e+54 1.400994411096351e+54 1.2223691774585347e+54 1.132706358843803e+54 1.119818186138308e+54 1.1069920377858523e+54 1.094160487339434e+54 1.0817361376486959e+54 1.0702550986606789e+54 1.0581247804616509e+54 1.0465221191376783e+54 1.0306449448450075e+54 9.739629244936582e+53 8.505856440650695e+53 7.21342349873635e+53 6.260761526218054e+53 5.528438169706283e+53 1.4400065549994167e+53 4.07836590840426e+49 0.0 0.0 0.0 0.0 0.0 0.0 0.0 0.0 0.0 0.0 0.0 0.0 0.0 0.0 0.0 0.0 0.0 0.0 
# SN_energy_per_final_crossing_time_list
0.0 0.0 1.991136961391468e+54 9.361497929768714e+55 2.376677219435963e+56 2.988033010281778e+56 3.0252017534263064e+56 2.683511175010491e+56 2.155002431231206e+56 8.012237463758482e+55 3.4300329709036197e+55 1.1791445859714327e+55 0.0 0.0 0.0 0.0 0.0 0.0 0.0 0.0 0.0 0.0 0.0 0.0 0.0 0.0 2.0972704752627113e+55 2.2165842907112258e+55 2.0988741318097943e+55 1.928809183114381e+55 1.737829963667893e+55 1.5566597092716668e+55 1.3942911491423355e+55 1.2515444377047958e+55 1.1285934942278329e+55 1.02336031999354e+55 9.33412026376087e+54 8.564058042941929e+54 7.902521744774751e+54 7.331488750282441e+54 6.83566182500921e+54 6.402653056071802e+54 6.022076903992323e+54 5.685311429719074e+54 5.385471807714371e+54 5.132170053994598e+54 4.859370052236628e+54 4.638722065661195e+54 4.440341177109375e+54 4.2596558610434534e+54 4.093982943690925e+54 3.39034172930387e+54 2.5599513555740782e+54 2.0556181676903152e+54 1.7149562729217923e+54 1.4694498160878277e+54 1.3594677743607219e+54 1.3418781417167711e+54 1.3244545037859663e+54 1.3071245585209441e+54 1.2903567762590622e+54 1.2748055281189553e+54 1.258558111183191e+54 1.2430061190319355e+54 1.2207901890905823e+54 1.1394669310417002e+54 9.758398401117907e+53 8.15360434681592e+53 6.993916787021649e+53 6.116852389731978e+53 1.5751423038492339e+53 4.4192652840675445e+49 0.0 0.0 0.0 0.0 0.0 0.0 0.0 0.0 0.0 0.0 0.0 0.0 0.0 0.0 0.0 0.0 0.0 0.0 
# total_energy_release_list
0 0 8.359468460080515e+53 4.013869105719585e+55 1.399196636417366e+56 2.653674263595474e+56 3.923756590100763e+56 5.0503856198836835e+56 5.955128749290757e+56 6.291509659653437e+56 6.435514080209557e+56 6.485018570194086e+56 6.485018570194086e+56 6.485018570194086e+56 6.485018570194086e+56 6.485018570194086e+56 6.485018570194086e+56 6.485018570194086e+56 6.485018570194086e+56 6.485018570194086e+56 6.485018570194086e+56 6.485018570194086e+56 6.485018570194086e+56 6.485018570194086e+56 6.485018570194086e+56 6.485018570194086e+56 6.573069099766722e+56 6.666128828085768e+56 6.754246684600678e+56 6.835224637621502e+56 6.908184635110137e+56 6.9735384906964475e+56 7.032075563290789e+56 7.084619644668653e+56 7.132001828326457e+56 7.174965966324807e+56 7.21415376980618e+56 7.250108590839809e+56 7.2832860580665665e+56 7.31406613505865e+56 7.342764562408424e+56 7.36964507204733e+56 7.394927793888791e+56 7.418796660021058e+56 7.441406697699123e+56 7.462953288682076e+56 7.483354572709841e+56 7.502829501634809e+56 7.521471560288625e+56 7.539355040687834e+56 7.556542969975218e+56 7.698881017555859e+56 7.806356460135693e+56 7.892658284530371e+56 7.964657966882149e+56 8.026350455291751e+56 8.03205796220997e+56 8.037691621883042e+56 8.043252131213089e+56 8.048739883553693e+56 8.054157239055877e+56 8.059509305142582e+56 8.064793159061028e+56 8.070011720440387e+56 8.08026230317775e+56 8.128100990601296e+56 8.210039124679263e+56 8.278502319019796e+56 8.337227989756857e+56 8.388589232723488e+56 8.408428178006232e+56 8.408433744078703e+56 8.408433744078703e+56 8.408433744078703e+56 8.408433744078703e+56 8.408433744078703e+56 8.408433744078703e+56 8.408433744078703e+56 8.408433744078703e+56 8.408433744078703e+56 8.408433744078703e+56 8.408433744078703e+56 8.408433744078703e+56 8.408433744078703e+56 8.408433744078703e+56 8.408433744078703e+56 8.408433744078703e+56 8.408433744078703e+56 8.408433744078703e+56 8.408433744078703e+56 
# binding_energy_list
8.590135215053908e+55 8.590135215053908e+55 8.531001140175843e+55 7.568328950209705e+55 6.067363295885072e+55 4.7973344863668626e+55 3.8282474331682125e+55 3.140508693876217e+55 2.6668586645214914e+55 2.576321157002583e+55 2.5409727055493117e+55 2.517676927758875e+55 2.494594726942946e+55 2.483133105295588e+55 2.471724145016134e+55 2.466039337234356e+55 2.4547089156850333e+55 2.4490632418447618e+55 2.4434305526939613e+55 2.437810818368755e+55 2.432204009073831e+55 2.432204009073831e+55 2.4266100950824045e+55 2.42102904673618e+55 2.42102904673618e+55 2.4154608344449552e+55 2.3496328208483192e+55 2.275097430772067e+55 2.2130947096056318e+55 2.1627185237270244e+55 2.1183611352485044e+55 2.0796966871036854e+55 2.0464446367246738e+55 2.0183663636815598e+55 1.9952623149688666e+55 1.976969640111858e+55 1.958844673505997e+55 1.9453600816226694e+55 1.93196831701693e+55 1.9230917289101537e+55 1.909853258566233e+55 1.9010782799233152e+55 1.8923436186449798e+55 1.8836490894897943e+55 1.8749945080674326e+55 1.870682140365794e+55 1.8620871366628808e+55 1.8535316234148144e+55 1.845015419179466e+55 1.8407720014689582e+55 1.8323144223712036e+55 1.774189480890175e+55 1.7378008287493835e+55 1.7139573075084323e+55 1.6943378004473253e+55 1.6788040181225658e+55 1.6749428760264244e+55 1.6749428760264244e+55 1.6749428760264244e+55 1.6710906143107037e+55 1.6710906143107037e+55 1.6710906143107037e+55 1.667247212551068e+55 1.667247212551068e+55 1.663412650370156e+55 1.6557699634695328e+55 1.6368165214278034e+55 1.6255487557504784e+55 1.6180800376430776e+55 1.6069412530128887e+55 1.599558028614671e+55 1.5922087270511635e+55 1.584893192461124e+55 1.584893192461124e+55 1.5812480392703763e+55 1.5739828644662293e+55 1.570362804333545e+55 1.570362804333545e+55 1.5667510701081502e+55 1.5631476426409635e+55 1.559552502826946e+55 1.5523870099580912e+55 1.5488166189124732e+55 1.5452544395384142e+55 1.5417004529495679e+55 1.5381546403030263e+55 1.5346169827992942e+55 1.5346169827992942e+55 1.531087461682038e+55 1.531087461682038e+55 
# total_gas_kinetic_energy_list
4.145956034468559e+57 1.8947529210048077e+59 4.24372437196415e+59 4.449430923876645e+59 3.8868606851574654e+59 3.0907786821461406e+59 2.332803153071138e+59 1.708586704728483e+59 1.2296272756462353e+59 8.741947265419496e+58 6.175758725425754e+58 4.3471619690624033e+58 3.0537725025577447e+58 2.1428188179196562e+58 1.502771622114015e+58 1.0536777540767934e+58 7.388061511196655e+57 5.1812784588589286e+57 3.6349318762303615e+57 2.551401840985133e+57 1.792149534908252e+57 1.2600293027983532e+57 8.870102501682346e+56 6.254703674769538e+56 4.420018301243981e+56 3.132558866979315e+56 2.929424513073923e+56 2.783972185066276e+56 2.600113837548228e+56 2.378031684917205e+56 2.133875435970607e+56 1.887610343128259e+56 1.6532658562805777e+56 1.4387337042973497e+56 1.2477818401844587e+56 1.081064175260551e+56 9.376458955221327e+55 8.154965145663219e+55 7.121701163505675e+55 6.251057622218201e+55 5.51965798995678e+55 4.904855488524649e+55 4.3890383520384853e+55 3.9589542807980154e+55 3.6016894924615446e+55 3.3171672114547656e+55 3.06015155225266e+55 2.846662169062476e+55 2.6679115751904184e+55 2.5145326777369966e+55 2.377525055491565e+55 7.153347530293369e+55 1.0301057700730572e+56 1.2595602207852466e+56 1.436819436638645e+56 1.5781943629218916e+56 1.5908683979759525e+56 1.6032924521569024e+56 1.6155026021214621e+56 1.6273820487997754e+56 1.6391675063802604e+56 1.650612960868572e+56 1.66185327957077e+56 1.6729834674608462e+56 1.694806210045827e+56 1.793429698068735e+56 1.9522748001711959e+56 2.0756628511416526e+56 2.1758556055688857e+56 2.2592698715952112e+56 2.36033465163874e+56 2.444054271290662e+56 2.5148993971279584e+56 2.5363547920170466e+56 2.575845876417496e+56 2.6289145122776022e+56 2.674916712360018e+56 2.7025113868546375e+56 2.715200867252703e+56 2.7620325073275756e+56 2.810655472537852e+56 2.8870251942870338e+56 2.9445198607319595e+56 2.990683915113059e+56 3.029661697656717e+56 3.06286217255911e+56 3.091073544916179e+56 3.1167250113560926e+56 3.1394796450790283e+56 3.158899378212263e+56 
