# time_axis
5.999999999999999 7.0 7.30102999566398 7.477121254719661 7.602059991327962 7.698970004336018 7.778151250383643 7.845098040014256 7.903089986991943 7.954242509439324 8.0 8.041392685158224 8.079181246047623 8.113943352306837 8.146128035678238 8.176091259055681 8.204119982655925 8.230448921378272 8.255272505103306 8.278753600952827 8.301029995663981 8.47712125471966 8.60205999132796 8.698970004336019 8.778151250383644 8.845098040014257 8.903089986991942 8.954242509439323 8.999999999999998 9.004321373782641 9.008600171761916 9.012837224705171 9.017033339298779 9.021189299069936 9.02530586526477 9.02938377768521 9.033423755486949 9.041392685158224 9.079181246047623 9.146128035678236 9.204119982655923 9.255272505103305 9.301029995663981 9.361727836017593 9.414973347970816 9.462397997898954 9.477121254719663 9.505149978319904 9.544068044350274 9.57978359661681 9.60205999132796 9.612783856719734 9.653212513775342 9.698970004336017 9.778151250383642 9.845098040014257 9.903089986991944 9.954242509439325 10.0 10.041392685158225 10.079181246047623 10.113943352306835 10.146128035678236 
# total_gas_mass_list
8.497940008672035 8.479677068964333 8.467963023254049 8.457544950528387 8.447447973400436 8.43760245195219 8.427680134371371 8.417465670680796 8.407029952583054 8.39632936761553 8.385306859772411 8.374008509928915 8.362411126351857 8.35049829423554 8.338248887932366 8.325647255227098 8.31266952017264 8.299295019608737 8.285496355466144 8.271246309925868 8.256514445701825 8.278615136730709 8.278868701357933 8.279029131126865 8.279130564669735 8.279214985641243 8.279287859789944 8.279379237100962 8.27944082201887 8.279445220141701 8.279448985764477 8.27945141013804 8.279462369948257 8.279469566628592 8.279476236070597 8.279481170215208 8.27948437182617 8.27948469654016 8.27953131933845 8.279635235049792 8.27970931429342 8.279776147328606 8.279833184532913 8.279910294710723 8.279984386040736 8.280032625440704 8.280055179900664 8.280093594346255 8.280137610832544 8.280180807247886 8.280210500827879 8.280236237825351 8.28027192480809 8.28031940771903 8.280413365747142 8.280531345796112 8.280579324452464 8.280639228789036 8.280694302876222 8.280759685010965 8.280731833064449 8.280834277783075 8.280881572093737 
# ejected_gas_mass_list
-10.0 -10.0 6.621914347723306 6.991838423694874 7.19900489146289 7.344814359857581 7.455206642168959 7.542698474765839 7.615638851087134 7.678030928397779 7.732343213811836 7.780656031433957 7.824137867265688 7.863668223990961 7.89989717612648 7.933343428754222 7.964398183501358 7.993385853294349 8.020560711402645 8.046137303597867 8.070293590429296 8.103780337473086 8.104159530764909 8.10439938887717 8.104551019262066 8.104677204632805 8.104786121026661 8.104922679144142 8.105014706237087 8.10502127815883 8.105026904937382 8.105030527542707 8.10504690404718 8.105057657449633 8.105067622964967 8.105074995541125 8.105079779351342 8.105080264534271 8.105149925781959 8.105305177687391 8.105415842181623 8.105515673810473 8.105600866950462 8.105716033138865 8.105826681089226 8.105898716776444 8.105932395899842 8.105989755733187 8.106055477367851 8.106119971349964 8.106164303222709 8.106202726794539 8.1062560031548 8.106326886067786 8.106467136196423 8.106643222568946 8.10671482444355 8.106804218370904 8.106886398868133 8.106983954178109 8.106942397757289 8.107095243662185 8.10716580004414 
# stellar_mass_list
-10.0 7.144004116335582 7.29055782809203 7.378886773304349 7.445517429885764 7.498558663923412 7.542541681439388 7.581468220620147 7.616199249187778 7.647544113312758 7.676114873932793 7.70237474639748 7.726680337727608 7.749311166540411 7.770489840393074 7.790396787835997 7.809179857557985 7.826963373400703 7.843851020780981 7.85993158927436 7.875280935219786 7.718924642740712 7.681289527179208 7.656966635080249 7.638941277386663 7.624636855263986 7.61279172877802 7.602696200104573 7.593895983756791 7.593078371486366 7.5922702991668025 7.591474830581844 7.590685225542119 7.589900407783677 7.589121723584472 7.588355402598751 7.5876016800315655 7.586123843796576 7.579151757771087 7.567074117157823 7.556856882035005 7.548010565679055 7.540229714110299 7.530074913078955 7.521318398590591 7.5136078483740425 7.511174928592644 7.506744828054638 7.500530116749229 7.494815194485664 7.491407450456627 7.489709636548225 7.483429398272284 7.476346324036244 7.464279284526285 7.4541776939332065 7.445541761252484 7.437861575240507 7.430921521468964 7.424967340112411 7.419040327820059 7.4139297954854015 7.408938496985406 
# remnant_mass_list
-10.0 -10.0 6.110853715082936 6.458172000500879 6.636789535020821 6.738357092602438 6.800445798138532 6.851912082867926 6.8974601669873525 6.9387671146482095 6.976730900285378 7.011928568139982 7.044770741376474 7.075569780116588 7.104573320622938 7.131983132216509 7.15796742162388 7.1826664199217145 7.206201168869143 7.22867508691903 7.250178627602421 7.319391040439571 7.341121490046582 7.354701864421548 7.364490985655466 7.3720844820983835 7.378253711790073 7.383426350559105 7.387872196656344 7.3882819581457975 7.388686524282719 7.3890840832731755 7.3894784564823865 7.38987025751453 7.3902587653802065 7.390640446663057 7.391015131072257 7.391748114810758 7.395186217957957 7.401054896731445 7.4059341076025715 7.410095977646901 7.413708553854961 7.418356513247304 7.422304309895278 7.425735711035792 7.426812670709579 7.42875381125904 7.4314598716717555 7.43392773030351 7.43538115426545 7.436106314690387 7.438765451551552 7.441734399790719 7.446711870442673 7.450806389238393 7.454251806948941 7.457280718937554 7.459990289167289 7.462272255868722 7.464554445181417 7.466483618165237 7.4683686084572765 
# BH_mass_list
-10.0 -10.0 5.93204337602581 6.233073371689791 6.378432178983687 6.448005407626199 6.480960432175958 6.511590181081674 6.540201276569157 6.567043425109716 6.592322686765303 6.6162110895710455 6.63885373422144 6.66037413635057 6.680878306325315 6.700457908472363 6.71919273827326 6.737152686927552 6.75439931554183 6.770987128482062 6.786964612346903 6.802375090498114 6.802375090498114 6.802375090498114 6.802375090498114 6.802375090498114 6.802375090498114 6.802375090498114 6.802375090498114 6.802375090498114 6.802375090498114 6.802375090498114 6.802375090498114 6.802375090498114 6.802375090498114 6.802375090498114 6.802375090498114 6.802375090498114 6.802375090498114 6.802375090498114 6.802375090498114 6.802375090498114 6.802375090498114 6.802375090498114 6.802375090498114 6.802375090498114 6.802375090498114 6.802375090498114 6.802375090498114 6.802375090498114 6.802375090498114 6.802375090498114 6.802375090498114 6.802375090498114 6.802375090498114 6.802375090498114 6.802375090498114 6.802375090498114 6.802375090498114 6.802375090498114 6.802375090498114 6.802375090498114 6.802375090498114 
# NS_mass_list
-10.0 -10.0 5.639120075424626 6.065061662050109 6.288432519742994 6.425553844431735 6.508384236509086 6.568175732675911 6.617921135612798 6.6611241355637025 6.699917428968147 6.73552788173868 6.768438402631879 6.7990297054282385 6.827607254389986 6.854419875487407 6.879672947336457 6.9035379623398665 6.9261595943528045 6.947661014676484 6.968147952835071 7.006180272628077 7.006180272628077 7.006180272628077 7.006180272628077 7.006180272628077 7.006180272628077 7.006180272628077 7.006180272628077 7.006180272628077 7.006180272628077 7.006180272628077 7.006180272628077 7.006180272628077 7.006180272628077 7.006180272628077 7.006180272628077 7.006180272628077 7.006180272628077 7.006180272628077 7.006180272628077 7.006180272628077 7.006180272628077 7.006180272628077 7.006180272628077 7.006180272628077 7.006180272628077 7.006180272628077 7.006180272628077 7.006180272628077 7.006180272628077 7.006180272628077 7.006180272628077 7.006180272628077 7.006180272628077 7.006180272628077 7.006180272628077 7.006180272628077 7.006180272628077 7.006180272628077 7.006180272628077 7.006180272628077 7.006180272628077 
# WD_mass_list
-10.0 -10.0 -10.0 -10.0 -10.0 3.7050331070591738 4.816214490668951 5.2124811108578255 5.445917493884567 5.614973447524443 5.745134340061747 5.849344852936546 5.9369863924652515 6.012968558351584 6.080211988400641 6.140612969080178 6.195488014113665 6.2457770809520445 6.29219928219864 6.335303945002352 6.3755311352221105 6.641096034831549 6.736132411881164 6.788409114821775 6.823428836971811 6.8492705499986855 6.869499775941376 6.885973510687679 6.899799642025021 6.901059085605986 6.90230014915521 6.903517394113053 6.904722620253939 6.905917762557389 6.907100681497667 6.908260712662831 6.909397460702528 6.911615499111269 6.921919585089984 6.9391424239256105 6.953128381449128 6.964831780080443 6.974829029825216 6.987480092720645 6.9980461473022 7.007101614943311 7.009919753214133 7.0149709326164045 7.021952909937431 7.028261086598672 7.031950352311202 7.0337839767666575 7.040468137858147 7.047858822590368 7.060083814023671 7.069990243750181 7.078225136035165 7.085390545787982 7.09174335478653 7.097052692454867 7.102325884173901 7.106755316567543 7.111058865093726 
