# time_axis
5.999999999999999 7.0 7.30102999566398 7.477121254719661 7.602059991327962 7.698970004336018 7.778151250383643 7.845098040014256 7.903089986991943 7.954242509439324 8.0 8.041392685158224 8.079181246047623 8.113943352306837 8.146128035678238 8.176091259055681 8.301029995663981 8.47712125471966 8.60205999132796 8.698970004336019 8.778151250383644 8.845098040014257 8.903089986991942 8.954242509439323 8.999999999999998 9.004321373782641 9.008600171761916 9.012837224705171 9.017033339298779 9.021189299069936 9.02530586526477 9.02938377768521 9.033423755486949 9.041392685158224 9.079181246047623 9.146128035678236 9.204119982655923 9.255272505103305 9.301029995663981 9.361727836017593 9.414973347970816 9.462397997898954 9.477121254719663 9.505149978319904 9.544068044350274 9.57978359661681 9.60205999132796 9.612783856719734 9.653212513775342 9.698970004336017 9.778151250383642 9.845098040014257 9.903089986991944 9.954242509439325 10.0 10.041392685158225 10.079181246047623 10.113943352306835 10.146128035678236 
# total_gas_mass_list
7.787367376730502 9.425883417822085 9.563500330523942 9.42619923986848 9.182017583293232 8.881095128702851 8.545344043234618 8.186376071002675 7.811189455146592 7.42455760313082 7.030404102558569 6.633094430320344 6.239421152332842 5.862037115386557 5.523479478833982 5.253511218572299 5.612122990519613 5.876884518939324 6.007327698853532 6.092156170282998 6.153976229362631 6.201836979269537 6.240582927292169 6.273000730204494 6.300715518387914 6.3033066663300525 6.305821632497347 6.308275497195897 6.310695353344997 6.313099018694026 6.315495413514534 6.317889611103092 6.320271493886449 6.324850662802291 6.346094807356324 6.382193044699116 6.4115881373509085 6.436553334437148 6.457805322015043 6.484361006301937 6.506585985170306 6.525466907923691 6.53137235154847 6.541859930967742 6.556276022950536 6.568417645435813 6.57582760073959 6.579091460860602 6.591854916519733 6.604692450471902 6.625492280347796 6.641334322546962 6.65497343414173 6.6673470511345005 6.67892419532779 6.688728174485049 6.698320993895449 6.707066902803298 6.714895726957831 
# ejected_gas_mass_list
-10.0 -10.0 2.8344277077101623 4.493064735008773 5.017257611325268 5.305251912146695 5.48467641253928 5.605623494971061 5.692284638986496 5.758451117697653 5.811652095334827 5.855825754103897 5.893289211086696 5.925596292376368 5.953860280377792 5.978893721374028 6.072473317812173 6.183379102749076 6.252669626102276 6.3028978670324 6.341979870072736 6.373618005508792 6.4000824538280705 6.422791035452391 6.44260215992882 6.444472696409121 6.446291201984238 6.44806833397344 6.4498235448512125 6.45156966789659 6.453313137760147 6.455057623319634 6.456795722358469 6.460144440514708 6.475803220669378 6.502864650596744 6.525309309549095 6.544649042358919 6.561306842538932 6.582365448849163 6.600191424882177 6.61547511358458 6.620281239128206 6.6288463135662585 6.640681043295503 6.650702624128671 6.656842608224708 6.65955276055285 6.6701838541398395 6.680928786914507 6.698446466840907 6.711876276879099 6.7234976616860385 6.734086992484854 6.744033716725935 6.7524859427481445 6.760781382564297 6.768365884805038 6.775172171846806 
# stellar_mass_list
-10.0 5.410616667128402 7.057716804285039 7.403255763921091 7.530641971911377 7.577298601553854 7.590550470116813 7.590322947779826 7.58527982816924 7.579013962414317 7.572867903885347 7.567246914775443 7.562202986563179 7.557676553316173 7.553586187200768 7.549858196213347 7.534903431401908 7.514722392209486 7.500557724880473 7.489513037157173 7.480398354323525 7.472605347045873 7.46577662154222 7.459677345160846 7.454158878445241 7.4536280682856315 7.4531105991825655 7.452603162609831 7.4521006309709055 7.451599121612715 7.451096682773663 7.450592251232311 7.450088045543447 7.449112629110578 7.444475345107229 7.436112403755006 7.428769267328085 7.422117580619607 7.416130038513913 7.408107594932012 7.400876840488187 7.3943312392310485 7.392203264285888 7.388326349249412 7.382690852464309 7.377587293296195 7.374290025378345 7.372789794388296 7.366616194634677 7.359856568092656 7.347432250271078 7.336784897902317 7.327472311099064 7.318915693664049 7.310815804269712 7.303877696831187 7.296947329594494 7.2906909166717595 7.284976561065652 
# remnant_mass_list
-10.0 -10.0 3.8071170379550376 5.460190025699685 5.907499210666473 6.131834506016365 6.2600222310933535 6.339400724527254 6.392092633760547 6.429475967101645 6.457640680814228 6.479946387973901 6.498326086830466 6.513932184121081 6.527484324493301 6.539453488635895 6.584346868790199 6.638378678124851 6.672485927021903 6.697193636309071 6.716462107814283 6.732195361775151 6.745456395983688 6.756909020124506 6.766967795433085 6.767920835428556 6.768847183273537 6.769753056608392 6.770647902836788 6.7715387617077285 6.772429166025155 6.77332106912267 6.774210488965128 6.775924231279079 6.783958708541143 6.797996072724753 6.809863896012891 6.820266434034641 6.8293578325143285 6.841153695965547 6.851427740951267 6.8604479876045765 6.863326595881641 6.868499293455294 6.875869136483736 6.882389382580487 6.886528893501885 6.888391836355815 6.895944196252652 6.903989215019824 6.918216304448868 6.929853984087297 6.939637506263565 6.948322401227135 6.9562890427098445 6.962914446341722 6.969368805902842 6.9750521237986405 6.98012778365835 
# BH_mass_list
-10.0 -10.0 3.536807498382515 5.185193691627818 5.554777284511729 5.706360917269574 5.773773202234323 5.803929697362269 5.817173120053478 5.822843200999823 5.825208072428997 5.826151892751164 5.8265159221284915 5.826650469254974 5.826694618689385 5.826703906843493 5.826707037335332 5.826707037335332 5.826707037335332 5.826707037335332 5.826707037335332 5.826707037335332 5.826707037335332 5.826707037335332 5.826707037335332 5.826707037335332 5.826707037335332 5.826707037335332 5.826707037335332 5.826707037335332 5.826707037335332 5.826707037335332 5.826707037335332 5.826707037335332 5.826707037335332 5.826707037335332 5.826707037335332 5.826707037335332 5.826707037335332 5.826707037335332 5.826707037335332 5.826707037335332 5.826707037335332 5.826707037335332 5.826707037335332 5.826707037335332 5.826707037335332 5.826707037335332 5.826707037335332 5.826707037335332 5.826707037335332 5.826707037335332 5.826707037335332 5.826707037335332 5.826707037335332 5.826707037335332 5.826707037335332 5.826707037335332 5.826707037335332 
# NS_mass_list
-10.0 -10.0 3.473026985088163 5.131465711333773 5.652657750143481 5.927371156773589 6.086634895164634 6.173504482615274 6.216907733585282 6.2374156960844385 6.246683291721745 6.250710681282086 6.252401249099807 6.25308945410882 6.253364121897743 6.253470090988598 6.253530268228632 6.253530268228632 6.253530268228632 6.253530268228632 6.253530268228632 6.253530268228632 6.253530268228632 6.253530268228632 6.253530268228632 6.253530268228632 6.253530268228632 6.253530268228632 6.253530268228632 6.253530268228632 6.253530268228632 6.253530268228632 6.253530268228632 6.253530268228632 6.253530268228632 6.253530268228632 6.253530268228632 6.253530268228632 6.253530268228632 6.253530268228632 6.253530268228632 6.253530268228632 6.253530268228632 6.253530268228632 6.253530268228632 6.253530268228632 6.253530268228632 6.253530268228632 6.253530268228632 6.253530268228632 6.253530268228632 6.253530268228632 6.253530268228632 6.253530268228632 6.253530268228632 6.253530268228632 6.253530268228632 6.253530268228632 6.253530268228632 
# WD_mass_list
-10.0 -10.0 -10.0 -10.0 -10.0 1.952455250563333 3.702359761506486 4.755571957141103 5.2104422464960605 5.47094744744764 5.638481045015397 5.754553373534996 5.839662095768175 5.904988576724554 5.957035144982809 5.999779152539649 6.138734804606163 6.2753396876691525 6.350331775345271 6.400679737847285 6.438024100062707 6.467425191969365 6.491518293614584 6.511859271237844 6.529391548182205 6.5310372111251525 6.53263427468163 6.534193660118414 6.535731765277418 6.537260759451768 6.53878673412936 6.540313044142834 6.541832889777555 6.544755146219013 6.558348780983687 6.58169453555405 6.601054479774228 6.617757013125632 6.632160645330455 6.650593357927012 6.666424395770182 6.680160187302756 6.684512623701539 6.692296967176482 6.703308137465041 6.712974147017725 6.7190748760009 6.721811507495105 6.732850099258532 6.744512968134267 6.764906323838623 6.781378318155129 6.795087117325892 6.807154606764355 6.818142812715205 6.827223676088332 6.836021369631994 6.843729241862776 6.850582930070951 
