# time_axis
1000000 10000000 20000000 30000000 40000000 50000000 60000000 70000000 80000000 90000000 100000000 200000000 300000000 400000000 500000000 600000000 700000000 800000000 900000000 1000000000 1010000000 1020000000 1030000000 1040000000 1050000000 1060000000 1070000000 1080000000 1100000000 1200000000 1400000000 1600000000 1800000000 2000000000 2300000000 2600000000 2900000000 3000000000 3200000000 3500000000 3800000000 4000000000 4100000000 4500000000 5000000000 6000000000 7000000000 8000000000 9000000000 10000000000 11000000000 12000000000 13000000000 14000000000 
# SNIa_energy_release_list
0 0.0 0.0 0.0 0.0 0.0 1.460356537122026e+57 4.055496985519713e+57 7.558836954227191e+57 1.1805956769214695e+58 1.6673070401287976e+58 7.265921425567706e+58 1.0268954682173982e+59 1.2208391676561045e+59 1.3647103696480054e+59 1.479205859024396e+59 1.5743360488347312e+59 1.6557203337213392e+59 1.7268432595533641e+59 1.7900063049440349e+59 1.7959515879812986e+59 1.801833965806625e+59 1.80765606545267e+59 1.8134190795976597e+59 1.819123671800388e+59 1.8247707153748572e+59 1.8303622996971402e+59 1.8358989209026578e+59 1.8468135339543647e+59 1.8984270822051565e+59 1.9893668781034388e+59 2.0676835768239457e+59 2.1364598196125347e+59 2.1977725907312128e+59 2.27883498528267e+59 2.3497243790293326e+59 2.4127070405367303e+59 2.432239324266896e+59 2.469374686178561e+59 2.5208779246082307e+59 2.568078404507354e+59 2.5974925681647906e+59 2.6116452764402235e+59 2.6649612889864037e+59 2.7252287145799082e+59 2.8293705203623703e+59 2.917275907010988e+59 2.9933497791545567e+59 3.060395983980009e+59 3.1203187290437857e+59 3.1745101082883506e+59 3.2239601169538423e+59 3.2694258956919694e+59 3.311510541148267e+59 
# SNII_energy_release_list
0 0.0 3.529746719122758e+57 8.663646357182876e+57 1.466238594282339e+58 2.115816281370604e+58 2.740654604073142e+58 3.342419532417517e+58 3.9273026181850275e+58 4.4971923695990247e+58 5.056256798100587e+58 6.10728708851973e+58 6.10728708851973e+58 6.10728708851973e+58 6.10728708851973e+58 6.10728708851973e+58 6.10728708851973e+58 6.10728708851973e+58 6.10728708851973e+58 6.10728708851973e+58 6.10728708851973e+58 6.10728708851973e+58 6.10728708851973e+58 6.10728708851973e+58 6.10728708851973e+58 6.10728708851973e+58 6.10728708851973e+58 6.10728708851973e+58 6.10728708851973e+58 6.10728708851973e+58 6.10728708851973e+58 6.10728708851973e+58 6.10728708851973e+58 6.10728708851973e+58 6.10728708851973e+58 6.10728708851973e+58 6.10728708851973e+58 6.10728708851973e+58 6.10728708851973e+58 6.10728708851973e+58 6.10728708851973e+58 6.10728708851973e+58 6.10728708851973e+58 6.10728708851973e+58 6.10728708851973e+58 6.10728708851973e+58 6.10728708851973e+58 6.10728708851973e+58 6.10728708851973e+58 6.10728708851973e+58 6.10728708851973e+58 6.10728708851973e+58 6.10728708851973e+58 6.10728708851973e+58 
# SN_energy_per_current_crossing_time_list
0.0 0.0 7.798131973524316e+57 1.1184704197690435e+58 1.35957913595043e+58 1.5877109221249043e+58 1.708016193780324e+58 1.8806114287769007e+58 2.0958202816908437e+58 2.3429648457832444e+58 2.6468792635444595e+58 1.09054169746443e+58 1.0742508859938312e+57 7.32929935786978e+56 5.644195127181762e+56 4.618523357454318e+56 3.9220377073064244e+56 3.415695194211888e+56 3.029956127485579e+56 2.7254550463541532e+56 2.5683791379674246e+56 2.5441352910579093e+56 2.520986555012293e+56 2.498221030233751e+56 2.475653937689642e+56 2.4531371776576744e+56 2.431753281913074e+56 2.4105186146894426e+56 2.3809390254674184e+56 2.273998898965621e+56 2.0369595614754052e+56 1.7784555669081357e+56 1.579873802636769e+56 1.4222991213586698e+56 1.2691927540495385e+56 1.121391690417637e+56 1.005023050870025e+56 9.375285646631631e+55 8.954791798366708e+55 8.334760663195274e+55 7.684064932356482e+55 7.20818484541094e+55 6.947922256980592e+55 6.584118964842971e+55 5.993483481711894e+55 5.234372968009403e+55 4.455810237622851e+55 3.883204095788001e+55 3.4434032477804465e+55 3.094801041561566e+55 2.812942360781728e+55 2.578439044134284e+55 2.381090501862981e+55 2.2124142345574245e+55 
# SN_energy_per_final_crossing_time_list
0.0 0.0 4.948288891652237e+58 7.197122221898104e+58 8.409525900180364e+58 9.10631359431608e+58 8.836268653568108e+58 8.572463107249393e+58 8.383544146744694e+58 8.212456208093991e+58 8.093291374124848e+58 1.7677430022163168e+58 1.5787120104562525e+57 1.0195732830552087e+57 7.563392581275383e+56 6.019094321514315e+56 5.001049285091164e+56 4.278419086110267e+56 3.7389734856515612e+56 3.320517951503988e+56 3.1254697948620642e+56 3.0924001598899266e+56 3.0607115712305694e+56 3.0296499804355668e+56 2.9989372263495287e+56 2.968683578502451e+56 2.9395283277827593e+56 2.9106338983319955e+56 2.868937710947295e+56 2.713354184358001e+56 2.390378922664739e+56 2.058577150575299e+56 1.80780349810552e+56 1.6116239796292048e+56 1.4204990414630758e+56 1.2422321894662263e+56 1.1036783553594778e+56 1.0268234908360564e+56 9.761137632028488e+55 9.025183776818828e+55 8.271188733604457e+55 7.731598266747004e+55 7.440160872597326e+55 7.007134300887782e+55 6.336587076712426e+55 5.474795166443642e+55 4.621237190120421e+55 3.999247606424727e+55 3.524657896498531e+55 3.1501734828805e+55 2.8488722556894566e+55 2.599615652795089e+55 2.3901623733512293e+55 2.2124142345574245e+55 
# total_energy_release_list
0 0 3.529746719122758e+57 8.663646357182876e+57 1.466238594282339e+58 2.115816281370604e+58 2.886690257785345e+58 3.747969230969488e+58 4.683186313607747e+58 5.677788046520494e+58 6.723563838229385e+58 1.3373208514087437e+59 1.6376241770693712e+59 1.8315678765080776e+59 1.9754390784999785e+59 2.089934567876369e+59 2.1850647576867045e+59 2.2664490425733122e+59 2.337571968405337e+59 2.400735013796008e+59 2.406680296833272e+59 2.4125626746585977e+59 2.418384774304643e+59 2.4241477884496327e+59 2.429852380652361e+59 2.4354994242268305e+59 2.441091008549113e+59 2.446627629754631e+59 2.4575422428063375e+59 2.5091557910571298e+59 2.600095586955412e+59 2.6784122856759187e+59 2.7471885284645078e+59 2.808501299583186e+59 2.889563694134643e+59 2.9604530878813056e+59 3.0234357493887034e+59 3.042968033118869e+59 3.080103395030534e+59 3.1316066334602037e+59 3.178807113359327e+59 3.2082212770167636e+59 3.2223739852921965e+59 3.2756899978383767e+59 3.3359574234318813e+59 3.4400992292143434e+59 3.5280046158629612e+59 3.6040784880065297e+59 3.6711246928319822e+59 3.7310474378957587e+59 3.7852388171403236e+59 3.8346888258058153e+59 3.8801546045439424e+59 3.92223925000024e+59 
# binding_energy_list
2.9716660317380193e+60 2.9716660317380193e+60 2.8641779699065856e+60 2.6730064086633088e+60 2.4603676041476173e+60 2.2335722228305144e+60 2.0090928126087155e+60 1.7906058540352947e+60 1.5958791472367435e+60 1.4256075936021996e+60 1.2764388088113487e+60 9.204495717531685e+59 8.749837752274364e+59 8.491804750363178e+59 8.336811846196332e+59 8.222426499470696e+59 8.128305161640929e+59 8.053784411990645e+59 7.99834255007026e+59 7.943282347242789e+59 7.943282347242789e+59 7.925013304804734e+59 7.925013304804734e+59 7.925013304804734e+59 7.925013304804734e+59 7.90678627999831e+59 7.90678627999831e+59 7.90678627999831e+59 7.888601176185516e+59 7.852356346100775e+59 7.798301105232641e+59 7.744617978025239e+59 7.691304402866145e+59 7.6559660691125695e+59 7.603262769401823e+59 7.568328950209705e+59 7.5335556373372165e+59 7.5335556373372165e+59 7.516228940182014e+59 7.481695005111583e+59 7.4644875841006235e+59 7.447319739059888e+59 7.447319739059888e+59 7.430191378967052e+59 7.396052750582374e+59 7.362070974947316e+59 7.3451386815711436e+59 7.311390834834127e+59 7.29457510254568e+59 7.277798045368272e+59 7.261059574351499e+59 7.244359600749891e+59 7.227698036021732e+59 7.227698036021732e+59 
# total_gas_kinetic_energy_list
1.7173466647574164e+60 1.6486527981671212e+60 1.5855599425259012e+60 1.5290739265534992e+60 1.4783663554537783e+60 1.432832356487651e+60 1.3923560664732215e+60 1.356920392578154e+60 1.3238835443976985e+60 1.2929727231787886e+60 1.2643587854474066e+60 1.3160290544137657e+60 1.3251204210894311e+60 1.3300538894554886e+60 1.3332799919690215e+60 1.3356205854950822e+60 1.3374305660298133e+60 1.3388987674968793e+60 1.3401255969533792e+60 1.3411676809890104e+60 1.3412631636801625e+60 1.3413573950353568e+60 1.3414529235530912e+60 1.3415449954189544e+60 1.3416360756276398e+60 1.3417216671509922e+60 1.341813921473704e+60 1.3419054333947027e+60 1.3420724841195157e+60 1.3428620491981334e+60 1.3441912073795264e+60 1.3452756017962036e+60 1.346177023216915e+60 1.346941483526315e+60 1.3478892326499486e+60 1.348668874496314e+60 1.3493182181738299e+60 1.3495150816461792e+60 1.3498593337145622e+60 1.350343755376503e+60 1.350781327082041e+60 1.3510333554466594e+60 1.3511499238474017e+60 1.3515838495866463e+60 1.3520406387712142e+60 1.3527641696617974e+60 1.3533162844638045e+60 1.353765567881116e+60 1.354151960680495e+60 1.3545089481727467e+60 1.3548348360339126e+60 1.3551132922917234e+60 1.3553942331647895e+60 1.3556344981597015e+60 
