# time_axis
5.999999999999999 7.0 7.30102999566398 7.477121254719661 7.602059991327962 7.698970004336018 7.778151250383643 7.845098040014256 7.903089986991943 7.954242509439324 8.0 8.301029995663981 8.47712125471966 8.60205999132796 8.698970004336019 8.778151250383644 8.845098040014257 8.903089986991942 8.954242509439323 8.999999999999998 9.004321373782641 9.008600171761916 9.012837224705171 9.017033339298779 9.021189299069936 9.02530586526477 9.02938377768521 9.033423755486949 9.041392685158224 9.079181246047623 9.146128035678236 9.204119982655923 9.255272505103305 9.301029995663981 9.361727836017593 9.414973347970816 9.462397997898954 9.477121254719663 9.505149978319904 9.544068044350274 9.57978359661681 9.60205999132796 9.612783856719734 9.653212513775342 9.698970004336017 9.778151250383642 9.845098040014257 9.903089986991944 9.954242509439325 10.0 10.041392685158225 10.079181246047623 10.113943352306835 10.146128035678236 
# total_gas_mass_list
11.42596873227228 11.408239965311848 11.391532165271395 11.376289791863892 11.362291557397722 11.349591588962125 11.338270053839368 11.328431994420706 11.319332941404534 11.310833991516892 11.303082741572041 11.32368637823545 11.326762773648726 11.328428046777582 11.32953853847392 11.330350774615074 11.330978371312304 11.331484958747481 11.331904837745176 11.332260259094866 11.332292893354898 11.332324841724462 11.332357144729565 11.33238841621973 11.332419207582532 11.332445943038643 11.332476851936107 11.332507692475133 11.332564976704878 11.332833374416316 11.333284061160894 11.33365151872147 11.333955707665655 11.334211945466972 11.334530038578459 11.334791917238695 11.335010322642963 11.335076682351731 11.335193616737842 11.33535674219048 11.335502964213067 11.335588016705024 11.335627632944348 11.335774680774325 11.335929561678633 11.33617607479811 11.336365487707345 11.33651979587181 11.336653462872091 11.336775825969328 11.336886616662088 11.33698374354602 11.337080151603956 11.337161988900174 
# ejected_gas_mass_list
-10.0 -10.0 8.762249141395586 9.286954303190397 9.591730235314134 9.811633784471516 9.985520567371172 10.130578683135111 10.24580617331048 10.340712898708782 10.422877250515349 10.559194803642033 10.576784101542174 10.58606623305065 10.59216691775345 10.596585155890665 10.599974100962756 10.602693991009431 10.604937886599776 10.6068299766294 10.607003370471379 10.607173065588672 10.607344589664839 10.607510584191377 10.607673979821792 10.607815812164063 10.607979737896887 10.608143251065751 10.608446833306202 10.609866939791743 10.612243112232315 10.614172709707868 10.615764837892634 10.617102336299183 10.618758086405615 10.620117410981955 10.621248460051223 10.621591644745601 10.62219584876367 10.623037592944982 10.623790997588216 10.62422874405004 10.624432518831549 10.625188218715051 10.625983030529422 10.627245667087916 10.628213834629275 10.629001286337306 10.629682477345478 10.630305309716356 10.630868619773791 10.631361974526406 10.63185123333791 10.632266200384661 
# stellar_mass_list
-10.0 10.028028723600242 10.162005821619328 10.238924439989496 10.294471225170083 10.338459030349377 10.375168699814004 10.406924868031105 10.43502209755665 10.460028992760915 10.482557483239106 10.253844037488172 10.206106750394747 10.176887154415715 10.155881694874404 10.139525949794454 10.126173253072883 10.114889374086799 10.105151642278807 10.096571205210694 10.095771069887688 10.094983148935242 10.094203943188123 10.093431829321768 10.092662132737805 10.091894910628527 10.091136199710483 10.090391835018684 10.088940528854208 10.082056197278956 10.070021621415558 10.059770439024607 10.050846162885238 10.042973521239793 10.032652897736028 10.023708773606472 10.015817389194357 10.013347058295267 10.008759156936838 10.002347283799695 9.996560362747688 9.992939031628481 9.99123570724972 9.984681336760522 9.9774243238566 9.964862211862183 9.954376476259274 9.945257520921253 9.937051358814506 9.929510487208058 9.922695129964218 9.916265518989842 9.910259690317043 9.904748488660575 
# remnant_mass_list
-10.0 -10.0 9.057027952312907 9.3904645748059 9.582510188517702 9.712714859495287 9.809006510926253 9.883980824037513 9.943908501751284 9.992258375254513 10.030647714083841 10.111397486555564 10.129293325569483 10.139479844900922 10.146448380722894 10.151674670638394 10.155815190671504 10.159228257751447 10.162111041169583 10.164604858534101 10.164835104845269 10.165061323853434 10.165284757054854 10.165505793492349 10.165726032001313 10.16594532197589 10.166161862717896 10.166373790148706 10.166785678290076 10.168724327562577 10.172049177094072 10.174817743370348 10.177181339902656 10.179230383423914 10.18186712352145 10.184107622627037 10.186050818284873 10.1866537016737 10.18776270768004 10.1892974858671 10.190663845508988 10.191511571693107 10.191907106127525 10.193421014357991 10.195070682885333 10.197872229435175 10.200155580130918 10.202104677014601 10.203833034214389 10.2054015213276 10.206799355469494 10.208104778383673 10.209311576693182 10.210404541280337 
# BH_mass_list
-10.0 -10.0 8.90675817519824 9.199014246554714 9.366671179380566 9.479002120036258 9.561222346200518 9.62440474796288 9.673763363211005 9.712079935536384 9.740343517281957 9.759988389005297 9.759988389005297 9.759988389005297 9.759988389005297 9.759988389005297 9.759988389005297 9.759988389005297 9.759988389005297 9.759988389005297 9.759988389005297 9.759988389005297 9.759988389005297 9.759988389005297 9.759988389005297 9.759988389005297 9.759988389005297 9.759988389005297 9.759988389005297 9.759988389005297 9.759988389005297 9.759988389005297 9.759988389005297 9.759988389005297 9.759988389005297 9.759988389005297 9.759988389005297 9.759988389005297 9.759988389005297 9.759988389005297 9.759988389005297 9.759988389005297 9.759988389005297 9.759988389005297 9.759988389005297 9.759988389005297 9.759988389005297 9.759988389005297 9.759988389005297 9.759988389005297 9.759988389005297 9.759988389005297 9.759988389005297 9.759988389005297 
# NS_mass_list
-10.0 -10.0 8.523144682689285 8.942522086413781 9.175396702826138 9.331198744626962 9.439456029941107 9.52085425553769 9.58508105086212 9.636775880975446 9.678470941394709 9.740305186296661 9.740305186296661 9.740305186296661 9.740305186296661 9.740305186296661 9.740305186296661 9.740305186296661 9.740305186296661 9.740305186296661 9.740305186296661 9.740305186296661 9.740305186296661 9.740305186296661 9.740305186296661 9.740305186296661 9.740305186296661 9.740305186296661 9.740305186296661 9.740305186296661 9.740305186296661 9.740305186296661 9.740305186296661 9.740305186296661 9.740305186296661 9.740305186296661 9.740305186296661 9.740305186296661 9.740305186296661 9.740305186296661 9.740305186296661 9.740305186296661 9.740305186296661 9.740305186296661 9.740305186296661 9.740305186296661 9.740305186296661 9.740305186296661 9.740305186296661 9.740305186296661 9.740305186296661 9.740305186296661 9.740305186296661 9.740305186296661 
# WD_mass_list
-10.0 -10.0 -10.0 -10.0 -10.0 6.589057714323834 7.698919301586071 8.102460903254569 8.349624873986924 8.527906655116242 8.664594581121813 9.222846126828612 9.34521278672632 9.403772728851216 9.440407334637388 9.466338394535914 9.486043256134757 9.501773503298194 9.514721978680914 9.525686942315362 9.526688612608698 9.527671033066895 9.528639679552636 9.529596303113856 9.530547864925952 9.53149373954212 9.532426205877073 9.533337320802264 9.535103920366199 9.543345742946629 9.5572089598628 9.568502270362211 9.577971786535924 9.586057835434575 9.596300839397328 9.604866130077662 9.61219539128268 9.614450990492685 9.618577911308387 9.624242425822985 9.629240492147657 9.63232057169616 9.633752288181384 9.63920088154528 9.645082512656645 9.654941868366839 9.662861036342516 9.669540763744061 9.675403860150588 9.68067683202692 9.685338555316157 9.689660727146707 9.693629865182798 9.697202977090775 
