# time_axis
1000000 10000000 20000000 30000000 40000000 50000000 60000000 70000000 80000000 90000000 100000000 110000000 120000000 130000000 140000000 150000000 200000000 300000000 400000000 500000000 600000000 700000000 800000000 900000000 1000000000 1010000000 1020000000 1030000000 1040000000 1050000000 1060000000 1070000000 1080000000 1100000000 1200000000 1400000000 1600000000 1800000000 2000000000 2300000000 2600000000 2900000000 3000000000 3200000000 3500000000 3800000000 4000000000 4100000000 4500000000 5000000000 6000000000 7000000000 8000000000 9000000000 10000000000 11000000000 12000000000 13000000000 14000000000 
# SNIa_energy_release_list
0 0.0 0.0 0.0 0.0 0.0 9.630544953963347e+54 1.0026851690254138e+56 1.8575759578178832e+56 2.583806363079826e+56 3.211824808771386e+56 3.7650246579124237e+56 4.259391188933602e+56 4.7062702400561145e+56 5.114006651366025e+56 5.488918593126634e+56 7.011871597419452e+56 9.077434251775176e+56 1.050420897996647e+57 1.1595378725284892e+57 1.2479229799314099e+57 1.322192348181231e+57 1.3862557022123568e+57 1.4425755125103217e+57 1.4928257492878108e+57 1.497562792736508e+57 1.5022596060757242e+57 1.5069048934130193e+57 1.5115045837432938e+57 1.5160611443857414e+57 1.5205709172810371e+57 1.5250369980205307e+57 1.529462325906727e+57 1.5381897945045494e+57 1.5795355863161348e+57 1.65262632479239e+57 1.7158014513952688e+57 1.771437538200788e+57 1.8211485396775498e+57 1.887008530995908e+57 1.9447113310688003e+57 1.996058312210347e+57 2.012014995903304e+57 2.0423130521764077e+57 2.0843895413462702e+57 2.122991411070638e+57 2.1470571755147633e+57 2.158639348605445e+57 2.202297717927904e+57 2.251682560137392e+57 2.337095930286395e+57 2.4092729702154565e+57 2.471762821640008e+57 2.5268897289137995e+57 2.5761525419524628e+57 2.62072122398913e+57 2.661406839673211e+57 2.6988277492496547e+57 2.7334690151053033e+57 
# SNII_energy_release_list
0 0.0 3.382718280950896e+54 6.085689721640001e+55 9.284100862203613e+55 1.1385154248082498e+56 1.2801365140539033e+56 1.3022096949852627e+56 1.3040101559984416e+56 1.304129164481698e+56 1.3041431559407591e+56 1.3041444018456526e+56 1.3041444531554012e+56 1.3041444553278954e+56 1.3041444564183126e+56 1.3041444564183126e+56 1.3041444564183126e+56 1.3041444564183126e+56 1.3041444564183126e+56 1.3041444564183126e+56 1.3041444564183126e+56 1.3041444564183126e+56 1.3041444564183126e+56 1.3041444564183126e+56 1.3041444564183126e+56 1.3041444564183126e+56 1.3041444564183126e+56 1.3041444564183126e+56 1.3041444564183126e+56 1.3041444564183126e+56 1.3041444564183126e+56 1.3041444564183126e+56 1.3041444564183126e+56 1.3041444564183126e+56 1.3041444564183126e+56 1.3041444564183126e+56 1.3041444564183126e+56 1.3041444564183126e+56 1.3041444564183126e+56 1.3041444564183126e+56 1.3041444564183126e+56 1.3041444564183126e+56 1.3041444564183126e+56 1.3041444564183126e+56 1.3041444564183126e+56 1.3041444564183126e+56 1.3041444564183126e+56 1.3041444564183126e+56 1.3041444564183126e+56 1.3041444564183126e+56 1.3041444564183126e+56 1.3041444564183126e+56 1.3041444564183126e+56 1.3041444564183126e+56 1.3041444564183126e+56 1.3041444564183126e+56 1.3041444564183126e+56 1.3041444564183126e+56 1.3041444564183126e+56 
# SN_energy_per_current_crossing_time_list
0.0 0.0 1.3657102057013112e+54 2.881183748418122e+55 1.7266490758659995e+55 1.175678664510351e+55 8.322181987646178e+54 3.2788464067775413e+54 2.0145589389521562e+54 1.651734713579193e+54 1.4415739412315337e+54 1.2839293578839547e+54 1.1594031286145237e+54 1.0580884323835466e+54 9.73965201949339e+53 9.0289935781842e+53 7.593126039044763e+53 5.4126238867023895e+53 3.879819622800507e+53 3.0581528274070025e+53 2.5409151971622124e+53 2.1823822409947686e+53 1.9191834978654907e+53 1.7167215562864192e+53 1.5560175053264365e+53 1.4689833638429488e+53 1.45857876111918e+53 1.4446320060487155e+53 1.43256803399821e+53 1.421185388272384e+53 1.40866021616187e+53 1.3970337152106566e+53 1.3862713431706547e+53 1.370656683217322e+53 1.316002987930373e+53 1.1914746045227579e+53 1.051642338904483e+53 9.436996249293966e+52 8.575693259500973e+52 7.74556601718942e+52 6.922648802057074e+52 6.270217666481026e+52 5.87928756927044e+52 5.640137072186606e+52 5.298852935667558e+52 4.925887118386076e+52 4.644022694250567e+52 4.4867742219462213e+52 4.2913481279154536e+52 3.945991022427646e+52 3.508563614956013e+52 3.030341063418055e+52 2.669549244910121e+52 2.3891828509426484e+52 2.1619334054664024e+52 1.9753542248505817e+52 1.8203910476860357e+52 1.6874027572057358e+52 1.5732808484728916e+52 
# SN_energy_per_final_crossing_time_list
0.0 0.0 4.096821718833587e+54 6.960717534795319e+55 3.8736067086074085e+55 2.5445929660089294e+55 1.7589163196544943e+55 6.789738975543935e+54 4.100658831602559e+54 3.312688668555681e+54 2.8539268659218893e+54 2.512584276067827e+54 2.24523997269564e+54 2.0295630846448993e+54 1.851791258320507e+54 1.7027142723179814e+54 1.3833402074638149e+54 9.381037572242015e+53 6.479894136381348e+53 4.955697837071292e+53 4.014131508550472e+53 3.3730457536547986e+53 2.909525546961874e+53 2.557841832357976e+53 2.282183782852744e+53 2.151393591468299e+53 2.1331225325980244e+53 2.1097212884407335e+53 2.0890127790601085e+53 2.0694248367080227e+53 2.0481755362797442e+53 2.0283321413421186e+53 2.009823671160727e+53 1.9818500943093397e+53 1.8777761382385527e+53 1.6597583287603758e+53 1.4345927368579567e+53 1.2633947936522126e+53 1.1288468341153712e+53 9.970407687903847e+52 8.735507399010929e+52 7.773313134063998e+52 7.246947892689943e+52 6.880139986664744e+52 6.369872553904253e+52 5.843857112079755e+52 5.464899357543142e+52 5.26020359163493e+52 4.957012585567934e+52 4.485761390868535e+52 3.8791659640531734e+52 3.2780197782910954e+52 2.838062756708685e+52 2.503664496869244e+52 2.2373385724006014e+52 2.0241481411838478e+52 1.8477933292283065e+52 1.699522200325515e+52 1.5732808484728916e+52 
# total_energy_release_list
0 0 3.382718280950896e+54 6.085689721640001e+55 9.284100862203613e+55 1.1385154248082498e+56 1.3764419635935367e+56 2.3048948640106765e+56 3.1615861138163246e+56 3.8879355275615237e+56 4.515967964712145e+56 5.069169059758076e+56 5.563535642089003e+56 6.01041469538401e+56 6.418151107784337e+56 6.793063049544946e+56 8.316016053837764e+56 1.0381578708193488e+57 1.1808353436384782e+57 1.2899523181703204e+57 1.3783374255732411e+57 1.4526067938230622e+57 1.516670147854188e+57 1.572989958152153e+57 1.623240194929642e+57 1.6279772383783395e+57 1.6326740517175556e+57 1.6373193390548507e+57 1.641919029385125e+57 1.6464755900275726e+57 1.6509853629228685e+57 1.655451443662362e+57 1.6598767715485585e+57 1.6686042401463806e+57 1.709950031957966e+57 1.783040770434221e+57 1.8462158970371e+57 1.901851983842619e+57 1.951562985319381e+57 2.0174229766377393e+57 2.0751257767106315e+57 2.1264727578521782e+57 2.1424294415451354e+57 2.172727497818239e+57 2.2148039869881014e+57 2.2534058567124692e+57 2.2774716211565945e+57 2.2890537942472763e+57 2.332712163569735e+57 2.3820970057792232e+57 2.467510375928226e+57 2.5396874158572877e+57 2.602177267281839e+57 2.6573041745556307e+57 2.706566987594294e+57 2.7511356696309612e+57 2.7918212853150422e+57 2.829242194891486e+57 2.8638834607471345e+57 
# binding_energy_list
7.430191378967052e+54 7.430191378967052e+54 7.430191378967052e+54 7.362070974947316e+54 7.311390834834127e+54 7.277798045368272e+54 7.244359600749891e+54 7.211074791828947e+54 7.177942912713644e+54 7.144963260755121e+54 7.112135136533237e+54 7.095777679633873e+54 7.063175542629565e+54 7.046930689671452e+54 7.030723198838356e+54 7.014552984199657e+54 6.934258060165708e+54 6.807693586937389e+54 6.714288529259496e+54 6.63743070401913e+54 6.561452663029057e+54 6.501296903430943e+54 6.45654229034659e+54 6.412095765851648e+54 6.367955209079188e+54 6.353309318517396e+54 6.353309318517396e+54 6.353309318517396e+54 6.353309318517396e+54 6.338697112569264e+54 6.338697112569264e+54 6.338697112569264e+54 6.338697112569264e+54 6.324118513762223e+54 6.295061828571968e+54 6.22300285169155e+54 6.165950018614809e+54 6.1235039172477214e+54 6.0673632958850715e+54 6.011737374832828e+54 5.956621435290085e+54 5.915616341754719e+54 5.902010801718454e+54 5.874893525297745e+54 5.834451042737424e+54 5.7942869642687856e+54 5.780960474057187e+54 5.7676646339225445e+54 5.727960309858327e+54 5.688529308438448e+54 5.6234132519034906e+54 5.571857489319327e+54 5.533501092157394e+54 5.495408738576271e+54 5.47015962893971e+54 5.445026528424176e+54 5.4200089040162604e+54 5.407543229455771e+54 5.382697825162903e+54 
# total_gas_kinetic_energy_list
3.1007948112047294e+58 3.2607444609316918e+59 4.616381188717424e+58 4.7892671321913e+57 4.844848378847994e+56 5.123367934052146e+55 7.368173610226198e+54 3.000093292057133e+54 2.3440790575345158e+54 2.1437010800873564e+54 1.9636328914079405e+54 1.804051294418459e+54 1.661602370347296e+54 1.5468916638349255e+54 1.4443365138231796e+54 1.3634025819824285e+54 6.541516707838415e+54 1.4401135081877894e+55 2.0362668036790781e+55 2.51736035690326e+55 2.9180411881087e+55 3.2604247220978095e+55 3.564774623267869e+55 3.840652243852713e+55 4.0913586853264203e+55 4.1146223304511894e+55 4.137159043007062e+55 4.159563143927825e+55 4.183491293819452e+55 4.206923531339651e+55 4.2305846549445206e+55 4.253813439801507e+55 4.2770499336103085e+55 4.3198487325570814e+55 4.532427249026127e+55 4.918337567498453e+55 5.254112870531974e+55 5.557139866198179e+55 5.829983531290162e+55 6.185520928126548e+55 6.501180809896492e+55 6.77759198708787e+55 6.867866866026175e+55 7.030492804826318e+55 7.25519476880501e+55 7.455650091637913e+55 7.576638562086146e+55 7.631558941890625e+55 7.847478212748957e+55 8.074898356897148e+55 8.457105200595821e+55 8.745062509939847e+55 8.974389133071831e+55 9.163163509951056e+55 9.327758811682124e+55 9.453268750264925e+55 9.578071979022555e+55 9.676442594086241e+55 9.769631198359038e+55 
