# time_axis
5.999999999999999 7.0 7.30102999566398 7.477121254719661 7.602059991327962 7.698970004336018 7.778151250383643 7.845098040014256 7.903089986991943 7.954242509439324 8.0 8.041392685158224 8.079181246047623 8.113943352306837 8.146128035678238 8.176091259055681 8.301029995663981 8.47712125471966 8.60205999132796 8.698970004336019 8.778151250383644 8.845098040014257 8.903089986991942 8.954242509439323 8.999999999999998 9.004321373782641 9.008600171761916 9.012837224705171 9.017033339298779 9.021189299069936 9.02530586526477 9.02938377768521 9.033423755486949 9.041392685158224 9.079181246047623 9.146128035678236 9.204119982655923 9.255272505103305 9.301029995663981 9.361727836017593 9.414973347970816 9.462397997898954 9.477121254719663 9.505149978319904 9.544068044350274 9.57978359661681 9.60205999132796 9.612783856719734 9.653212513775342 9.698970004336017 9.778151250383642 9.845098040014257 9.903089986991944 9.954242509439325 10.0 10.041392685158225 10.079181246047623 10.113943352306835 10.146128035678236 
# total_gas_mass_list
9.734045203312506 10.756437611369554 9.907439606649938 8.923439986165867 7.929249275587838 6.956363155663032 6.118363952751646 5.770390424954794 5.680074162696673 5.630861801241399 5.586234424500783 5.5429014813803725 5.504438854526058 5.468996997128336 5.4381832142243995 5.407349833217028 6.08800002318391 6.423276371579683 6.57128492797596 6.6639094238917975 6.729294478427376 6.778694016960665 6.8179991447268335 6.850498758414769 6.877951019446059 6.880394268907362 6.882762528491624 6.8851258441188845 6.88759252340643 6.889995671010924 6.892418335232413 6.8947765266221825 6.897102747276671 6.90142049097522 6.92207223547514 6.956940862062425 6.9849630890026155 7.008502122230807 7.028547079679376 7.053332192048814 7.07408118241052 7.091536047595399 7.097035453402057 7.106803264365772 7.119919898641557 7.1312906502888795 7.138023335788756 7.141059838252452 7.15274163204087 7.164793314869489 7.184249529559727 7.198482525724732 7.209589617021814 7.218631642328313 7.226373138430963 7.232368486032096 7.238139943246689 7.242770483702127 7.247092619030804 
# ejected_gas_mass_list
-10.0 -10.0 4.758447538826859 5.996886114897514 6.263284591930189 6.376273644070543 6.445169956040951 6.5112487982879825 6.564077449312732 6.606873961935631 6.642219975976477 6.671914975098367 6.697455289101447 6.719752452316872 6.739565473292403 6.757241239736665 6.82523795386957 6.909163913794338 6.9632610131745745 7.003232103670809 7.034391261054433 7.059563005802159 7.080592263354974 7.098646446921363 7.114362629830286 7.115781911404877 7.117160823846969 7.11853998768275 7.119982803382479 7.121391727625163 7.122815357374723 7.124204244741671 7.12557733817844 7.128133945321136 7.140505088240559 7.161924099688174 7.17961421945076 7.194796840093852 7.2079544209695925 7.224509498134975 7.238607813940547 7.2506337717509695 7.254453735717468 7.261274876119524 7.2705069949201615 7.278576720156362 7.283383644323238 7.285558570639255 7.293965828776509 7.3027053209745025 7.316953752999452 7.327484328721855 7.335764083334725 7.342544021441266 7.348376718304221 7.352911356256951 7.357291010913783 7.360815001631109 7.3641123662783095 
# stellar_mass_list
-10.0 7.21116645803217 8.259883503721534 8.007818263749002 7.917769633036783 7.874059917258316 7.845208036515124 7.823461967057438 7.805947888603347 7.791162681922793 7.778377654636328 7.767022384850856 7.756778942145623 7.747473322905117 7.738903204158291 7.73097508380124 7.697700498502807 7.649714412026073 7.613681074675249 7.5840379150117645 7.558751887832736 7.536664977332164 7.516891384132711 7.498916658399575 7.482287240706669 7.480721676719728 7.479190847365772 7.47765803565743 7.476099107564083 7.474563436073764 7.473000558279026 7.47143052906523 7.469889526954987 7.466986037502355 7.4526285752939625 7.42612412106635 7.40206259435821 7.379832450189111 7.359263378492909 7.330713301489642 7.304064948287821 7.279097395792411 7.270729466341302 7.255395461050419 7.232459246672584 7.21078532551711 7.19661633589127 7.189955823347373 7.162027942865847 7.1298117341526 7.065937251916079 7.007574616648356 6.958467201423224 6.914944879614015 6.874883292161448 6.841644746794948 6.809155663867141 6.7806487720785364 6.754987677158799 
# remnant_mass_list
-10.0 -10.0 6.007141397886268 7.292581912653078 7.388315299557819 7.424448713874962 7.445524257522282 7.458747290776581 7.468655633750245 7.476648836310448 7.483341412239627 7.489096152847183 7.494139947528629 7.4986250119007964 7.502663109101231 7.50632941084841 7.5209039974632805 7.540031556883696 7.553018286827988 7.562887928761566 7.570768037929007 7.577264990298085 7.582790840847112 7.58757889499206 7.591841822917722 7.5922281279874895 7.592606343645905 7.592985017627987 7.593365595585364 7.593749944129132 7.594133300555667 7.5945216937758335 7.594896339094758 7.5955965801037575 7.599001549058362 7.604982896846287 7.610092370645335 7.614560741570599 7.61847919528545 7.623607852579893 7.628094813432371 7.632045804429451 7.633328170139277 7.6355838060388885 7.638834859518305 7.641735156127497 7.643558336105076 7.644386576497742 7.6477606785281145 7.65135941181429 7.6577693117787415 7.662789236326619 7.666415000245428 7.6692514711280735 7.671587527732208 7.673292088840096 7.674837483855809 7.676054987843541 7.677048460196746 
# BH_mass_list
-10.0 -10.0 5.817056927816142 7.147726108176078 7.175387204338009 7.176234513202003 7.176250191632438 7.176250236831771 7.176250236831771 7.176250236831771 7.176250236831771 7.176250236831771 7.176250236831771 7.176250236831771 7.176250236831771 7.176250236831771 7.176250236831771 7.176250236831771 7.176250236831771 7.176250236831771 7.176250236831771 7.176250236831771 7.176250236831771 7.176250236831771 7.176250236831771 7.176250236831771 7.176250236831771 7.176250236831771 7.176250236831771 7.176250236831771 7.176250236831771 7.176250236831771 7.176250236831771 7.176250236831771 7.176250236831771 7.176250236831771 7.176250236831771 7.176250236831771 7.176250236831771 7.176250236831771 7.176250236831771 7.176250236831771 7.176250236831771 7.176250236831771 7.176250236831771 7.176250236831771 7.176250236831771 7.176250236831771 7.176250236831771 7.176250236831771 7.176250236831771 7.176250236831771 7.176250236831771 7.176250236831771 7.176250236831771 7.176250236831771 7.176250236831771 7.176250236831771 7.176250236831771 
# NS_mass_list
-10.0 -10.0 5.556722522687618 6.745316888953235 6.976641040413654 7.0629973472605485 7.105283470076214 7.111373944785125 7.111861451832674 7.1118921117322875 7.1118950741640194 7.111895286763394 7.111895294944939 7.111895295387444 7.111895295461065 7.111895295461065 7.111895295461065 7.111895295461065 7.111895295461065 7.111895295461065 7.111895295461065 7.111895295461065 7.111895295461065 7.111895295461065 7.111895295461065 7.111895295461065 7.111895295461065 7.111895295461065 7.111895295461065 7.111895295461065 7.111895295461065 7.111895295461065 7.111895295461065 7.111895295461065 7.111895295461065 7.111895295461065 7.111895295461065 7.111895295461065 7.111895295461065 7.111895295461065 7.111895295461065 7.111895295461065 7.111895295461065 7.111895295461065 7.111895295461065 7.111895295461065 7.111895295461065 7.111895295461065 7.111895295461065 7.111895295461065 7.111895295461065 7.111895295461065 7.111895295461065 7.111895295461065 7.111895295461065 7.111895295461065 7.111895295461065 7.111895295461065 7.111895295461065 
# WD_mass_list
-10.0 -10.0 -10.0 -10.0 -10.0 3.8748750104522105 5.16443729833718 5.918260297347472 6.169543969523728 6.306027779463336 6.395927361846444 6.461554977866879 6.51249993091425 6.553699304956776 6.588042320504147 6.617282583699833 6.719147203553529 6.828135985679727 6.891228363758857 6.934786988100834 6.967311836044122 6.992815591223996 7.013667542358403 7.031162059343578 7.046320576833687 7.047675663591027 7.048999453383305 7.050321967397699 7.05164824268542 7.052984734686711 7.05431486568483 7.055659523510685 7.056953786477658 7.059365545012488 7.070959666084608 7.090814658575064 7.107290131055648 7.121355014490642 7.1334394102533984 7.148922084687933 7.162172858115644 7.17362446949152 7.177299287765719 7.183714552833888 7.192854463222141 7.200905320345477 7.205917914917462 7.208182965976361 7.217333921679144 7.226962317477922 7.243789692895868 7.25669360093128 7.265870851632685 7.27296968908938 7.278764417815489 7.2829638140487 7.286750384554363 7.289719867248 7.292134105124508 
