# time_axis
5.999999999999999 7.0 7.30102999566398 7.477121254719661 7.602059991327962 7.698970004336018 7.778151250383643 7.845098040014256 7.903089986991943 7.954242509439324 8.0 8.041392685158224 8.079181246047623 8.113943352306837 8.146128035678238 8.176091259055681 8.301029995663981 8.47712125471966 8.60205999132796 8.698970004336019 8.778151250383644 8.845098040014257 8.903089986991942 8.954242509439323 8.999999999999998 9.004321373782641 9.008600171761916 9.012837224705171 9.017033339298779 9.021189299069936 9.02530586526477 9.02938377768521 9.033423755486949 9.041392685158224 9.079181246047623 9.146128035678236 9.204119982655923 9.255272505103305 9.301029995663981 9.361727836017593 9.414973347970816 9.462397997898954 9.477121254719663 9.505149978319904 9.544068044350274 9.57978359661681 9.60205999132796 9.612783856719734 9.653212513775342 9.698970004336017 9.778151250383642 9.845098040014257 9.903089986991944 9.954242509439325 10.0 10.041392685158225 10.079181246047623 10.113943352306835 10.146128035678236 
# total_gas_mass_list
9.328290912707383 10.997598796884398 11.347002433311074 11.475141362252922 11.528641427687893 11.55142042649966 11.560684394158102 11.41271976836398 11.263854946141835 11.109004960991946 10.95248823042241 10.79545717428454 10.638379367053663 10.481718459005492 10.329864016572351 10.178454648877864 10.189962270464289 10.265936061459628 10.289256250011412 10.29996135511851 10.307667109395204 10.312562275430889 10.316075065895062 10.318744631110523 10.320840577966889 10.32102609458805 10.321207811458729 10.321385682752275 10.321559732385326 10.321729941848645 10.321896394142025 10.322059918460551 10.322220398954462 10.32253256443516 10.32392667775037 10.32609810422391 10.32771695385844 10.328979476708923 10.329992305830752 10.331203069106177 10.33219027247025 10.333017597833042 10.333266459733771 10.3337256992088 10.334342026800215 10.334874357298611 10.335192332870616 10.335339095269184 10.335875870193926 10.336435025823546 10.337308577860954 10.33796243247449 10.338483485131677 10.338914590033333 10.339280876075659 10.339591854202535 10.339867029520946 10.340109490942762 10.34032480572096 
# ejected_gas_mass_list
-10.0 -10.0 -10.0 -10.0 -10.0 -10.0 -10.0 -10.0 -10.0 -10.0 -10.0 -10.0 -10.0 -10.0 -10.0 -10.0 -10.0 9.183815487195917 9.405612980482971 9.481489480051561 9.52987635402704 9.558429456063871 9.578005188154487 9.592413784107245 9.603460280454962 9.604427159962086 9.605372552703201 9.606296331712043 9.607198729897872 9.608079756910753 9.60893994422283 9.609783664786233 9.610610397868557 9.612214930142702 9.619323038684007 9.630211817309545 9.638190060064062 9.64433224436548 9.649210320836257 9.654985374448136 9.659649645642494 9.663528378629799 9.664689803784373 9.666826666582534 9.669681564687185 9.672135597745497 9.67359629751152 9.674269193173114 9.6767233532055 9.679268376101057 9.683221262537854 9.686161784217365 9.688494039932094 9.690416363365264 9.692044487207301 9.693423068109317 9.69464011466974 9.695710291638775 9.69665894224434 
# stellar_mass_list
-10.0 7.529372427784078 9.20045308964167 9.584174680576059 9.749981903373385 9.838074557573437 9.891878782827428 9.928815711138972 9.865743748874303 9.983395965980899 10.055905639286703 10.100783245476523 10.129388474060649 10.147962132130152 10.143011649320616 10.13790418401269 10.11766550945265 9.829927563442746 9.653755907441438 9.57129059516418 9.517399327134076 9.47781793695595 9.446802447685092 9.421464889551721 9.40015763236197 9.398201868196237 9.396274089930467 9.394374580469666 9.39250426377588 9.390664178354038 9.388854020218867 9.38706430524846 9.385296096307139 9.381824691253193 9.365798549788984 9.338869144735604 9.316901279085904 9.298378921127378 9.282473223692447 9.262284947616353 9.245282414183329 9.230667051907398 9.226192614729717 9.21787962538339 9.2065032936228 9.196410121763025 9.190157155941622 9.187245416439508 9.176176160746923 9.164151005504653 9.143870600669858 9.127426547376382 9.113506198918413 9.101303626097904 9.090361446583136 9.08079324238022 9.071881362857171 9.063814833318933 9.056479479892221 
# remnant_mass_list
-10.0 -10.0 6.006730893057158 7.680721627446615 8.116485708980031 8.362665430236783 8.541754302562234 8.68388151847221 8.800857522405504 8.791206858078914 8.84478889916552 8.876779350008398 8.898883538095788 8.915418436686133 8.938922837870788 8.951331008989223 8.992702287259833 9.027521768467315 9.086227561770103 9.144348382003493 9.137906574146564 9.089023062361997 9.107706379233978 9.121858234530507 9.13305663924169 9.13405482601377 9.135034136775229 9.13599428869923 9.13693485135574 9.137855316710658 9.138756016638327 9.139643116241272 9.140516488160557 9.142220771014635 9.149895283349904 9.162131104543384 9.171539877119713 9.179109802374423 9.185354015529489 9.192954575769354 9.199096060054396 9.204193244986717 9.205723924954974 9.208521340562145 9.21227570131055 9.215522554059236 9.21750437680631 9.218413487824437 9.221837186866123 9.225455161088853 9.231368409906395 9.235983823926981 9.239779686613872 9.243032608869884 9.245894075666737 9.248338779531723 9.250587501610992 9.252587295898001 9.254376378618128 
# BH_mass_list
-10.0 -10.0 -10.0 -10.0 -10.0 -10.0 -10.0 -10.0 -10.0 -10.0 -10.0 -10.0 -10.0 -10.0 -10.0 -10.0 -10.0 -10.0 -10.0 -10.0 -10.0 -10.0 -10.0 -10.0 -10.0 -10.0 -10.0 -10.0 -10.0 -10.0 -10.0 -10.0 -10.0 -10.0 -10.0 -10.0 -10.0 -10.0 -10.0 -10.0 -10.0 -10.0 -10.0 -10.0 -10.0 -10.0 -10.0 -10.0 -10.0 -10.0 -10.0 -10.0 -10.0 -10.0 -10.0 -10.0 -10.0 -10.0 -10.0 
# NS_mass_list
-10.0 -10.0 6.006730893057158 7.689978337392107 8.25534110850008 8.588367886960885 8.81268548712796 8.974891720308905 9.098254769994146 9.144939439131818 9.161189038209038 9.166761334527806 9.166761334527806 9.166761334527806 9.172853792389851 9.180174971756847 9.190695316152969 9.190695316152969 9.220682522667058 9.257279372732858 9.276924955760558 9.289596756982117 9.298617188138403 9.305451267492467 9.310856846274437 9.311337414962884 9.311808379558821 9.312270300493942 9.312723359438642 9.313167685038033 9.313603643187902 9.31403192844447 9.314451865229364 9.315269735147895 9.318960420785043 9.324830558562894 9.329336455037966 9.332937579983891 9.335903066106443 9.336876443525911 9.336876443525911 9.336876443525911 9.336876443525911 9.336876443525911 9.336876443525911 9.336876443525911 9.336876443525911 9.336876443525911 9.336876443525911 9.336876443525911 9.336876443525911 9.336876443525911 9.336876443525911 9.336876443525911 9.336876443525911 9.336876443525911 9.336876443525911 9.336876443525911 9.336876443525911 
# WD_mass_list
-10.0 -10.0 -10.0 -10.0 -10.0 3.848275397658301 5.6175768991687995 6.6866477669222855 7.2235977501237345 7.567178551562518 7.812077678150601 7.99838753460003 8.142843975033381 8.229660724701285 8.289415120172064 8.333816410588797 8.46683336030438 8.57410348648905 8.62156030755274 8.650187217375409 8.669951265055504 8.684695302115516 8.696275881548686 8.705699530978697 8.71356093285413 8.714283443823183 8.714996978007372 8.71569841876236 8.71638576241735 8.717057012331532 8.717711452160167 8.718362466671062 8.719012273159136 8.720292472944305 8.726123389986068 8.735797494707036 8.743531320769891 8.75000904687316 8.755477786358103 8.772079289440164 8.78808212725585 8.801094986521914 8.804957017698712 8.811962145892847 8.821258597452779 8.829204171704616 8.83401221357026 8.836207371032238 8.844416622903376 8.852994900115561 8.86680895127495 8.877420126450465 8.886039126391662 8.893350198313772 8.899725650815716 8.90513209325774 8.910072862716774 8.914441180788604 8.918329177919707 
