# time_axis
1000000 10000000 20000000 30000000 40000000 50000000 60000000 70000000 80000000 90000000 100000000 110000000 120000000 130000000 140000000 150000000 160000000 170000000 180000000 190000000 200000000 210000000 220000000 230000000 240000000 250000000 260000000 270000000 280000000 290000000 300000000 400000000 500000000 600000000 700000000 800000000 900000000 1000000000 1010000000 1020000000 1030000000 1040000000 1050000000 1060000000 1070000000 1080000000 1100000000 1200000000 1400000000 1600000000 1800000000 2000000000 2300000000 2600000000 2900000000 3000000000 3200000000 3500000000 3800000000 4000000000 4100000000 4500000000 5000000000 6000000000 7000000000 8000000000 9000000000 10000000000 11000000000 12000000000 13000000000 14000000000 
# SNIa_energy_release_list
0 0 0 0 0 0 0 0 0 0 0 0 0 0 0 0 0 0 0 0 0 0 0 0 0 0 0 0 0 0 0 0 0 0 0 0 0 0 0 0 0 0 0 0 0 0 0 0 0 0 0 0 0 0 0 0 0 0 0 0 0 0 0 0 0 0 0 0 0 0 0 1e-10 
# SNII_energy_release_list
0 -1.577296818528838e+54 -7.272938351369014e+55 -1.1956986139597618e+56 -4.138939532283244e+55 1.6312837782276485e+56 4.714407320648716e+56 8.3724115772726e+56 1.2277362359407407e+57 1.624489712731088e+57 2.0181993210852428e+57 2.405119102725201e+57 2.783723978797252e+57 3.153491549922469e+57 3.150127877674187e+57 3.0334292200673397e+57 2.860383096413122e+57 2.6542680822139174e+57 2.4533822202726308e+57 2.2575945012999502e+57 2.0667766235898837e+57 1.8808031923712847e+57 1.6995517476847542e+57 1.522902768309895e+57 1.3507396506920332e+57 1.1829486690803177e+57 1.2872025876396995e+57 1.4722459875591027e+57 1.4417975441897675e+57 1.3603288709766731e+57 1.239449359023284e+57 2.8527780457893145e+57 4.547354587553438e+57 5.4263084547576925e+57 5.999121527456794e+57 6.428577667879164e+57 6.772182456322689e+57 7.05829652456815e+57 7.084435327483532e+57 7.110178817168856e+57 7.135537910553197e+57 7.160523368846757e+57 7.185146481287845e+57 7.20941812310783e+57 7.23334755534874e+57 7.256941369943227e+57 7.303167296969996e+57 7.517005175164999e+57 7.876929347664676e+57 8.172523061659615e+57 8.422958953930918e+57 8.639972783995222e+57 8.802244916538957e+57 8.802244916538957e+57 8.802244916538957e+57 8.802244916538957e+57 8.802244916538957e+57 8.802244916538957e+57 8.802244916538957e+57 8.802244916538957e+57 8.802244916538957e+57 8.802244916538957e+57 8.802244916538957e+57 8.802244916538957e+57 8.802244916538957e+57 8.802244916538957e+57 8.802244916538957e+57 8.802244916538957e+57 8.802244916538957e+57 8.802244916538957e+57 8.802244916538957e+57 8.802244916538957e+57 
# SN_energy_per_current_crossing_time_list
0.0 -2.5996870885179216e+55 -1.1078043465308239e+56 -4.131149066965279e+55 5.783611777995357e+55 1.48607402837098e+56 2.3688197412610978e+56 3.057751950275546e+56 3.6190841037782158e+56 4.085462263768939e+56 4.498764211067166e+56 4.892626811638802e+56 5.286483600158683e+56 5.684610572714365e+56 -4.171957011337733e+54 -1.2006095138059322e+56 -1.5238406677816162e+56 -1.5917706898352565e+56 -1.3859456653950817e+56 -1.2241742962679997e+56 -1.0937028265112671e+56 -9.862649789286918e+55 -8.962642349438465e+55 -8.197782130156334e+55 -7.539781148936847e+55 -6.967732512103759e+55 4.3449548432519025e+55 7.7839116688541e+55 -1.2320608850415988e+55 -3.1658383493930905e+55 -4.5184567761812463e+55 1.0830749290195808e+56 2.3597398460839582e+56 1.6151892074204985e+56 1.2601345847685127e+56 1.069817484050755e+56 9.372660923037943e+55 8.374775211295407e+55 7.698232840307173e+55 7.627587137870937e+55 7.558112730709559e+55 7.489863384456362e+55 7.423099440549156e+55 7.357791908222744e+55 7.293550224854257e+55 7.229654214167416e+55 7.155986909361215e+55 6.936050229788033e+55 6.277213075136023e+55 5.441534301471908e+55 4.8084572924654755e+55 4.3104249246248253e+55 2.2376222112642086e+55 0.0 0.0 0.0 0.0 0.0 0.0 0.0 0.0 0.0 0.0 0.0 0.0 0.0 0.0 0.0 0.0 0.0 0.0 0.0 
# SN_energy_per_final_crossing_time_list
0.0 -9.977933382502579e+54 -4.050954109951808e+56 -2.6668033954126786e+56 4.451106004997701e+56 1.1643960875411545e+57 1.7553374139495425e+57 2.0826384812969178e+57 2.2232343638523628e+57 2.25886576500198e+57 2.2415358848474068e+57 2.2028788647777443e+57 2.155539001045447e+57 2.1052249224877078e+57 -1.9150642731094195e+55 -6.644090547669956e+56 -9.852162296119365e+56 -1.1734897775666004e+57 -1.1437182602230098e+57 -1.1146926277067389e+57 -1.0863974647344278e+57 -1.0588162210400162e+57 -1.0319321876438175e+57 -1.005728633206822e+57 -9.801889463680645e+56 -9.552967427152784e+56 5.935565061866676e+56 1.0535212054068125e+57 -1.7335436322071037e+56 -4.638315921764094e+56 -6.882122204714635e+56 9.185282931136368e+56 9.647857322720138e+56 5.004212731052976e+56 3.2612388179507036e+56 2.44505424632382e+56 1.9562704266255425e+56 1.6289542787967276e+56 1.4881797009402875e+56 1.4656730419175943e+56 1.443787924450647e+56 1.4225154828833387e+56 1.4018857798278632e+56 1.381875244322905e+56 1.3623919745380224e+56 1.3432840081058759e+56 1.3159073596654174e+56 1.2174589274503213e+56 1.0245913883771655e+56 8.414627217568103e+55 7.129125470503226e+55 6.177704039670674e+55 3.0795862440174874e+55 0.0 0.0 0.0 0.0 0.0 0.0 0.0 0.0 0.0 0.0 0.0 0.0 0.0 0.0 0.0 0.0 0.0 0.0 0.0 
# total_energy_release_list
0 -1.577296818528838e+54 -7.272938351369014e+55 -1.1956986139597618e+56 -4.138939532283244e+55 1.6312837782276485e+56 4.714407320648716e+56 8.3724115772726e+56 1.2277362359407407e+57 1.624489712731088e+57 2.0181993210852428e+57 2.405119102725201e+57 2.783723978797252e+57 3.153491549922469e+57 3.150127877674187e+57 3.0334292200673397e+57 2.860383096413122e+57 2.6542680822139174e+57 2.4533822202726308e+57 2.2575945012999502e+57 2.0667766235898837e+57 1.8808031923712847e+57 1.6995517476847542e+57 1.522902768309895e+57 1.3507396506920332e+57 1.1829486690803177e+57 1.2872025876396995e+57 1.4722459875591027e+57 1.4417975441897675e+57 1.3603288709766731e+57 1.239449359023284e+57 2.8527780457893145e+57 4.547354587553438e+57 5.4263084547576925e+57 5.999121527456794e+57 6.428577667879164e+57 6.772182456322689e+57 7.05829652456815e+57 7.084435327483532e+57 7.110178817168856e+57 7.135537910553197e+57 7.160523368846757e+57 7.185146481287845e+57 7.20941812310783e+57 7.23334755534874e+57 7.256941369943227e+57 7.303167296969996e+57 7.517005175164999e+57 7.876929347664676e+57 8.172523061659615e+57 8.422958953930918e+57 8.639972783995222e+57 8.802244916538957e+57 8.802244916538957e+57 8.802244916538957e+57 8.802244916538957e+57 8.802244916538957e+57 8.802244916538957e+57 8.802244916538957e+57 8.802244916538957e+57 8.802244916538957e+57 8.802244916538957e+57 8.802244916538957e+57 8.802244916538957e+57 8.802244916538957e+57 8.802244916538957e+57 8.802244916538957e+57 8.802244916538957e+57 8.802244916538957e+57 8.802244916538957e+57 8.802244916538957e+57 8.802244916538957e+57 
# binding_energy_list
5.847900841444848e+56 7.345138681571143e+56 9.162204901220067e+56 9.908319448927727e+56 9.749896377173807e+56 9.141132414702472e+56 8.413951416451896e+56 7.709034690644309e+56 7.014552984199657e+56 6.412095765851648e+56 5.874893525297745e+56 5.395106225151267e+56 4.9773708497893916e+56 4.613175745603809e+56 4.830588020397698e+56 5.069907082747024e+56 5.284452517751791e+56 5.482769649208502e+56 5.6623928903825345e+56 5.821032177708722e+56 5.956621435290085e+56 6.095368972401644e+56 6.223002851691551e+56 6.338697112569263e+56 6.441692655151736e+56 6.546361740672787e+56 6.5012969034309425e+56 6.441692655151736e+56 6.516283940608428e+56 6.591738952443253e+56 6.668067692136192e+56 5.22396188999124e+56 3.8282474331682128e+56 3.3728730865886787e+56 3.076096814740705e+56 2.890679882365466e+56 2.754228703338152e+56 2.6607250597987922e+56 2.648500138606712e+56 2.6424087573219288e+56 2.636331385825376e+56 2.624218543384423e+56 2.6181830082189808e+56 2.612161354399216e+56 2.6061535499988763e+56 2.5941793621188228e+56 2.5822601906345906e+56 2.5234807724805804e+56 2.4266100950824044e+56 2.365919697485771e+56 2.3120647901755796e+56 2.275097430772067e+56 2.2284351492702986e+56 2.192804935350454e+56 2.1627185237270247e+56 2.152781734724365e+56 2.1330449131465795e+56 2.113489039836661e+56 2.0941124558508827e+56 2.0796966871036855e+56 2.0749135174549107e+56 2.055890595984153e+56 2.0370420777057065e+56 2.0044720273651595e+56 1.976969640111858e+56 1.958844673505997e+56 1.9453600816226693e+56 1.93196831701693e+56 1.9186687406702949e+56 1.909853258566233e+56 1.9010782799233153e+56 1.89234361864498e+56 
# total_gas_kinetic_energy_list
2.4875736206811365e+58 1.1369054061315632e+60 2.5487205607100216e+60 3.433324495841105e+60 3.8925199231225034e+60 4.0147650440091846e+60 4.013934896454194e+60 3.957478741691542e+60 3.877755573119685e+60 3.789388331733187e+60 3.6987467987152785e+60 3.60851024407344e+60 3.519765513182643e+60 3.432923985716082e+60 3.3463891381666195e+60 3.261774210652987e+60 3.1792075624398623e+60 3.098686314425663e+60 3.0202479418387316e+60 2.9439988348869666e+60 2.8696634527139215e+60 2.7971966974754725e+60 2.7265537108910867e+60 2.6576901158909658e+60 2.5905621286516187e+60 2.525126748966768e+60 2.4623671514505208e+60 2.4013238418683934e+60 2.3406841085662792e+60 2.2816250939290416e+60 2.2240283807487886e+60 2.2346260269934788e+60 2.243021151330582e+60 2.2459245231311064e+60 2.2475746091193296e+60 2.2486462348881382e+60 2.2494094012020104e+60 2.2499905578155934e+60 2.2500412235708025e+60 2.2500907075250852e+60 2.250139073369149e+60 2.2501863463994485e+60 2.2502325776853503e+60 2.2502778032987702e+60 2.2503220746045394e+60 2.250365457578381e+60 2.250449528929628e+60 2.2508240573340687e+60 2.251408121515027e+60 2.2518486898189632e+60 2.2521972030565602e+60 2.2524823547047503e+60 2.252828190906376e+60 2.2531102789218378e+60 2.253348067397705e+60 2.25341958412177e+60 2.2535527599525015e+60 2.253731985574658e+60 2.2538890402852667e+60 2.2539829605002346e+60 2.2540267364692552e+60 2.2541858307451067e+60 2.254352833713238e+60 2.2546151201101674e+60 2.254813891371865e+60 2.2549717658783337e+60 2.255101551223897e+60 2.25521096363816e+60 2.2553044012898498e+60 2.2553860488397878e+60 2.2554575825055196e+60 2.2555212397444312e+60 
