# time_axis
5.999999999999999 7.0 7.30102999566398 7.477121254719661 7.602059991327962 7.698970004336018 7.778151250383643 7.845098040014256 7.903089986991943 7.954242509439324 8.0 8.041392685158224 8.079181246047623 8.113943352306837 8.146128035678238 8.176091259055681 8.301029995663981 8.47712125471966 8.60205999132796 8.698970004336019 8.778151250383644 8.845098040014257 8.903089986991942 8.954242509439323 8.999999999999998 9.004321373782641 9.008600171761916 9.012837224705171 9.017033339298779 9.021189299069936 9.02530586526477 9.02938377768521 9.033423755486949 9.041392685158224 9.079181246047623 9.146128035678236 9.204119982655923 9.255272505103305 9.301029995663981 9.361727836017593 9.414973347970816 9.462397997898954 9.477121254719663 9.505149978319904 9.544068044350274 9.57978359661681 9.60205999132796 9.612783856719734 9.653212513775342 9.698970004336017 9.778151250383642 9.845098040014257 9.903089986991944 9.954242509439325 10.0 10.041392685158225 10.079181246047623 10.113943352306835 10.146128035678236 
# total_gas_mass_list
8.834045203312508 9.856289096937378 9.437891668633803 8.97115576369301 8.502945509066503 8.035142555019197 7.56848164288498 7.104697923262335 6.648310929376385 6.211546839770191 5.820118235230611 5.511810080432262 5.310032711957242 5.196922941099574 5.134877149918877 5.096368165002935 5.668362714017467 5.994769685563844 6.1443893653174655 6.239187187632279 6.307226177642044 6.359319843544901 6.401296847853644 6.436148540481234 6.46599946299925 6.468715311011048 6.471349542445303 6.473957408327252 6.476558384812582 6.479156704920325 6.48175344082056 6.484349882937922 6.486900780598611 6.491675262756504 6.514315869900824 6.552650647465599 6.583849613166605 6.610145967171114 6.632470003160962 6.660396691156535 6.683706476224191 6.703454207123779 6.7096578195860515 6.720556554976641 6.7355570542573675 6.748257181230933 6.755916012704517 6.759325985541406 6.772591577975103 6.785961622427222 6.807557054248713 6.823995163135104 6.838127765197307 6.850937489684684 6.8629440182564645 6.87306371961506 6.8829614813388975 6.892009302497761 6.900099407771791 
# ejected_gas_mass_list
-10.0 -10.0 4.077400179436135 5.177372034620323 5.533938759056369 5.7166324500361805 5.831865059276292 5.912252708166934 5.972968408824117 6.023014781735588 6.065173685776575 6.101114904370576 6.132217810399416 6.159511636309535 6.183761979156948 6.205526586540923 6.289214576640185 6.39241120356981 6.45860050167155 6.507167176278072 6.545193935029491 6.576068139347134 6.602032279473768 6.624308679540674 6.643896135368632 6.645701083119225 6.647455401778487 6.649195659459607 6.650934779109235 6.652675565103991 6.654418720351876 6.656165100359582 6.657884172379543 6.661110571664244 6.676565670123647 6.703308746544773 6.725592355030024 6.744724606051139 6.761211333712031 6.782143216385663 6.79986901137813 6.815062140680225 6.819867626127954 6.828347322826863 6.840094938659425 6.850109200992699 6.856178067297215 6.8588872585649305 6.869467948095556 6.880197530441259 6.897664031841638 6.911069132010325 6.922668149638343 6.933239335179158 6.943196702127823 6.951625458365388 6.959900863466079 6.967492493681246 6.974301960868467 
# stellar_mass_list
-10.0 6.653589138854375 7.710263039079588 7.798981992737371 7.808178188076533 7.801562511536358 7.792430851191216 7.783905282295323 7.776520463695311 7.770172988917554 7.764658560134886 7.759793370545002 7.755440156492355 7.751497315218323 7.74788983598152 7.744562803768984 7.730866268009391 7.711767020650372 7.698099151146372 7.6873449501387 7.678414123458306 7.670765141931901 7.664033920907442 7.658021500882744 7.652543207704937 7.652029180298346 7.651528195896557 7.651029673260946 7.650530001221136 7.650028063446943 7.649523660220464 7.64901667235137 7.648516180731347 7.64757350912355 7.6429821453183235 7.634690400992758 7.627375540148822 7.620777761704462 7.614836635363697 7.606841634143811 7.59963567256587 7.593117084352167 7.590984368678005 7.587139709393589 7.581531992217377 7.576419258974518 7.573152728840268 7.571650253844141 7.565494358799594 7.558732650378239 7.546326381211594 7.53569865836112 7.526406635927316 7.517869619283633 7.5097650148967 7.502846430527409 7.495912679267904 7.489675062718035 7.483959254598636 
# remnant_mass_list
-10.0 -10.0 5.050089509681011 6.12957430707487 6.380451995165023 6.496844475711649 6.564048307730265 6.608153015288016 6.640129126982925 6.664978572884152 6.685218149883079 6.70226721165014 6.7169774812990735 6.729896148923637 6.74139898333058 6.75175132494139 6.791901531481919 6.842246129004382 6.874828100022938 6.898708335285357 6.917477712496942 6.932845128040909 6.945863288513947 6.957112381097661 6.967066974696064 6.967986775317307 6.9688806287152225 6.96976795177212 6.970655279734226 6.971544499223822 6.972436067261827 6.97333024134949 6.974210724516072 6.975861759476218 6.983796784700175 6.99768420099822 7.009484527857018 7.019785218225167 7.028793089651524 7.040534530459579 7.050762461142009 7.0597368600573835 7.062619512932781 7.0677445558456755 7.075072676206721 7.081601101318473 7.0856989780656 7.087564159955762 7.095091189402313 7.103135315364159 7.117336124086107 7.128948610649249 7.138708174965388 7.147371763571195 7.155342152009518 7.161948365153226 7.168405681066356 7.174071609825647 7.17914872373004 
# BH_mass_list
-10.0 -10.0 4.779779970108488 5.841440802734801 5.971287321490676 6.008006956051143 6.019824721050156 6.023777105854807 6.025050063674787 6.025433459184251 6.025525717996143 6.025540893626801 6.025547055425059 6.025550085090859 6.025551988862658 6.025553456110343 6.025554728020022 6.025554728020022 6.025554728020022 6.025554728020022 6.025554728020022 6.025554728020022 6.025554728020022 6.025554728020022 6.025554728020022 6.025554728020022 6.025554728020022 6.025554728020022 6.025554728020022 6.025554728020022 6.025554728020022 6.025554728020022 6.025554728020022 6.025554728020022 6.025554728020022 6.025554728020022 6.025554728020022 6.025554728020022 6.025554728020022 6.025554728020022 6.025554728020022 6.025554728020022 6.025554728020022 6.025554728020022 6.025554728020022 6.025554728020022 6.025554728020022 6.025554728020022 6.025554728020022 6.025554728020022 6.025554728020022 6.025554728020022 6.025554728020022 6.025554728020022 6.025554728020022 6.025554728020022 6.025554728020022 6.025554728020022 6.025554728020022 
# NS_mass_list
-10.0 -10.0 4.715999456814137 5.815253104226917 6.165928356067242 6.326173637315564 6.411892811406631 6.439135543880635 6.448027526526206 6.450985706284245 6.451962594035007 6.452284077431013 6.45238293732681 6.452420881047014 6.4524344363985415 6.452439969801948 6.452447024961826 6.452447024961826 6.452447024961826 6.452447024961826 6.452447024961826 6.452447024961826 6.452447024961826 6.452447024961826 6.452447024961826 6.452447024961826 6.452447024961826 6.452447024961826 6.452447024961826 6.452447024961826 6.452447024961826 6.452447024961826 6.452447024961826 6.452447024961826 6.452447024961826 6.452447024961826 6.452447024961826 6.452447024961826 6.452447024961826 6.452447024961826 6.452447024961826 6.452447024961826 6.452447024961826 6.452447024961826 6.452447024961826 6.452447024961826 6.452447024961826 6.452447024961826 6.452447024961826 6.452447024961826 6.452447024961826 6.452447024961826 6.452447024961826 6.452447024961826 6.452447024961826 6.452447024961826 6.452447024961826 6.452447024961826 6.452447024961826 
# WD_mass_list
-10.0 -10.0 -10.0 -10.0 -10.0 3.195427722289306 4.561750075990982 5.400515840637966 5.700244171502031 5.868340866401489 5.978851966700316 6.058534781309742 6.119651181796597 6.168585989691672 6.2090624952588085 6.243352996903337 6.361367216198369 6.485617489365099 6.556430239801978 6.60474185709104 6.640933903658226 6.6695406920864615 6.693120282624832 6.713049689562233 6.730363293127184 6.731948421925238 6.733486514158229 6.735011118293027 6.7365334991969705 6.7380568976740305 6.739582091830068 6.741109514683226 6.742611379871854 6.745421826949712 6.758826074381564 6.781891973253851 6.801120675029959 6.817644201969155 6.83190439192681 6.850239944685867 6.865990906570992 6.879650078310276 6.884006612891306 6.891715915520406 6.902660683765097 6.912335491355168 6.918372931443973 6.921112044041355 6.932110553207352 6.943769127439339 6.9641200371993435 6.980553082834303 6.994225978350323 7.006262113267571 7.017254016173831 7.026307452041324 7.035108164233824 7.042791631988064 7.049646607671377 
