# time_axis
1000000 10000000 20000000 30000000 40000000 50000000 60000000 70000000 80000000 90000000 100000000 110000000 120000000 130000000 140000000 150000000 200000000 300000000 400000000 500000000 600000000 700000000 800000000 900000000 1000000000 1010000000 1020000000 1030000000 1040000000 1050000000 1060000000 1070000000 1080000000 1100000000 1200000000 1400000000 1600000000 1800000000 2000000000 2300000000 2600000000 2900000000 3000000000 3200000000 3500000000 3800000000 4000000000 4100000000 4500000000 5000000000 6000000000 7000000000 8000000000 9000000000 10000000000 11000000000 12000000000 13000000000 14000000000 
# SNIa_energy_release_list
0 0.0 0.0 0.0 0.0 0.0 5.12084784331456e+53 2.3206526313177573e+55 6.566058180671806e+55 1.1353410370538768e+56 1.5932486385869681e+56 2.007598363444619e+56 2.3775450765072557e+56 2.7087012084840116e+56 3.0074261958411916e+56 3.2792069993645284e+56 4.359193996217263e+56 5.781114929527563e+56 6.745105798797243e+56 7.475597354576517e+56 8.063998517534077e+56 8.556686845382879e+56 8.980516803039855e+56 9.352384501254084e+56 9.683670478677122e+56 9.714880595828363e+56 9.74578905699649e+56 9.776391195506568e+56 9.806684472082359e+56 9.8366818452997e+56 9.866382938313546e+56 9.895789883205631e+56 9.924915248494985e+56 9.98234727124933e+56 1.0254294775921515e+57 1.0734501724363958e+57 1.1149063653877404e+57 1.1513784988736431e+57 1.1839413668975486e+57 1.2270527064053658e+57 1.264799620135592e+57 1.2983707283459095e+57 1.308790683355065e+57 1.328598590090114e+57 1.3560883336858884e+57 1.3813002545249307e+57 1.397015288013291e+57 1.4045774325478402e+57 1.4330769917367921e+57 1.4653084768284817e+57 1.5210402537198498e+57 1.568112030629238e+57 1.6088601049912877e+57 1.644792318873519e+57 1.6769019363122286e+57 1.7059615500539744e+57 1.732476504305642e+57 1.756861953707061e+57 1.7794350657487168e+57 
# SNII_energy_release_list
0 0.0 1.3041327944606923e+54 5.864516411753944e+55 1.4642611405279737e+56 2.232412872856095e+56 2.7970547440521483e+56 3.1179000874998925e+56 3.2596628209627537e+56 3.3148760188377705e+56 3.3349075130645514e+56 3.341858857655751e+56 3.3442189371411664e+56 3.3450277588235957e+56 3.3453014786613473e+56 3.3454186147345e+56 3.3454953923078703e+56 3.3454953923078703e+56 3.3454953923078703e+56 3.3454953923078703e+56 3.3454953923078703e+56 3.3454953923078703e+56 3.3454953923078703e+56 3.3454953923078703e+56 3.3454953923078703e+56 3.3454953923078703e+56 3.3454953923078703e+56 3.3454953923078703e+56 3.3454953923078703e+56 3.3454953923078703e+56 3.3454953923078703e+56 3.3454953923078703e+56 3.3454953923078703e+56 3.3454953923078703e+56 3.3454953923078703e+56 3.3454953923078703e+56 3.3454953923078703e+56 3.3454953923078703e+56 3.3454953923078703e+56 3.3454953923078703e+56 3.3454953923078703e+56 3.3454953923078703e+56 3.3454953923078703e+56 3.3454953923078703e+56 3.3454953923078703e+56 3.3454953923078703e+56 3.3454953923078703e+56 3.3454953923078703e+56 3.3454953923078703e+56 3.3454953923078703e+56 3.3454953923078703e+56 3.3454953923078703e+56 3.3454953923078703e+56 3.3454953923078703e+56 3.3454953923078703e+56 3.3454953923078703e+56 3.3454953923078703e+56 3.3454953923078703e+56 3.3454953923078703e+56 
# SN_energy_per_current_crossing_time_list
0.0 0.0 1.6122469304285142e+54 5.73088551769223e+55 9.017869527515029e+55 8.405051684397333e+55 6.512042034449832e+55 3.939234846453399e+55 1.9350359644475332e+55 9.150261113110786e+54 4.722064408189131e+54 2.8893352284327115e+54 2.1070820641226833e+54 1.7322763956817344e+54 1.5147947883970328e+54 1.3703717242556406e+54 1.1085721539468275e+54 7.5365472738783605e+53 5.223734638949112e+53 4.023832384696036e+53 3.2834333224620185e+53 2.778810768847326e+53 2.412166849093608e+53 2.1330958106625774e+53 1.913513947650688e+53 1.803879161822452e+53 1.7875745924527596e+53 1.7709583555324318e+53 1.7541664538401802e+53 1.7381018028746126e+53 1.7219950002744828e+53 1.7059932754846744e+53 1.6906952877467845e+53 1.6688892211709601e+53 1.5892532093637255e+53 1.4168746166831354e+53 1.2332413228363882e+53 1.0927352775794277e+53 9.81680387107559e+52 8.733903531547172e+52 7.699604577388205e+52 6.888747846550035e+52 6.426599462966876e+52 6.128976531705072e+52 5.697225678930425e+52 5.246467299881351e+52 4.917670675290406e+52 4.738175252761735e+52 4.484121935434926e+52 4.075869809250153e+52 3.5512496734772044e+52 3.017960250625414e+52 2.6266443265094145e+52 2.3277040938138345e+52 2.0898266014566947e+52 1.898972332172857e+52 1.7395901476874553e+52 1.6057597650680377e+52 1.491389401487292e+52 
# SN_energy_per_final_crossing_time_list
0.0 0.0 2.2976832781719903e+54 1.0102616036019437e+56 1.5465665894223781e+56 1.3533663120549402e+56 9.951512755124328e+55 5.802746647324995e+55 2.778134279796881e+55 1.2890693626526925e+55 6.554606911726602e+54 3.962300060777401e+54 2.8600215747139947e+54 2.3304269851081147e+54 2.0218799354220323e+54 1.8162739624026193e+54 1.4297848089805073e+54 9.394530119632653e+53 6.369018870354159e+53 4.826305571667204e+53 3.887524487710292e+53 3.2551566174579464e+53 2.8002142802283437e+53 2.4569033407919618e+53 2.1887828079632524e+53 2.062030164588765e+53 2.0420999690852765e+53 2.0218614496998693e+53 2.001455162145001e+53 1.981905038447396e+53 1.9623300168666328e+53 1.9428958604043056e+53 1.924292097023501e+53 1.8972463762138761e+53 1.79673775366263e+53 1.5863465172767498e+53 1.3694905398854701e+53 1.2048439140807046e+53 1.075702724623446e+53 9.49445143809825e+52 8.313038830183689e+52 7.393397195839983e+52 6.884389904214646e+52 6.54347130244696e+52 6.054092463736285e+52 5.552445384446099e+52 5.191405231433319e+52 4.996254920690016e+52 4.7073638365663144e+52 4.2590224308665847e+52 3.682158721777194e+52 3.109998703868702e+52 2.692196189981624e+52 2.3740157253036217e+52 2.1214595065814385e+52 1.9199479392019617e+52 1.7518241028920375e+52 1.6111292373274185e+52 1.491389401487292e+52 
# total_energy_release_list
0 0 1.3041327944606923e+54 5.864516411753944e+55 1.4642611405279737e+56 2.232412872856095e+56 2.8021755918954628e+56 3.349965350631668e+56 3.9162686390299343e+56 4.450217055891647e+56 4.92815615165152e+56 5.349457221100371e+56 5.7217640136484225e+56 6.053728967307608e+56 6.352727674502539e+56 6.624625614099028e+56 7.704689388525133e+56 9.126610321835434e+56 1.0090601191105114e+57 1.0821092746884387e+57 1.1409493909841947e+57 1.1902182237690749e+57 1.2326012195347725e+57 1.2697879893561954e+57 1.3029165870984992e+57 1.3060375988136234e+57 1.309128444930436e+57 1.3121886587814439e+57 1.3152179864390229e+57 1.3182177237607571e+57 1.3211878330621416e+57 1.3241285275513501e+57 1.3270410640802855e+57 1.33278426635572e+57 1.3599790168229385e+57 1.4079997116671828e+57 1.4494559046185274e+57 1.4859280381044302e+57 1.5184909061283356e+57 1.5616022456361528e+57 1.599349159366379e+57 1.6329202675766965e+57 1.6433402225858522e+57 1.663148129320901e+57 1.6906378729166756e+57 1.7158497937557178e+57 1.731564827244078e+57 1.7391269717786272e+57 1.767626530967579e+57 1.799858016059269e+57 1.855589792950637e+57 1.902661569860025e+57 1.943409644222075e+57 1.9793418581043057e+57 2.011451475543016e+57 2.0405110892847616e+57 2.0670260435364287e+57 2.0914114929378478e+57 2.113984604979504e+57 
# binding_energy_list
8.790225168308896e+54 8.790225168308896e+54 8.790225168308896e+54 8.770008211436303e+54 8.709635899560761e+54 8.629785477669702e+54 8.590135215053907e+54 8.531001140175843e+54 8.491804750363178e+54 8.472274141405911e+54 8.433347577642791e+54 8.413951416451895e+54 8.375292821268861e+54 8.356030182312423e+54 8.336811846196331e+54 8.317637711026743e+54 8.260379495771817e+54 8.165823713585906e+54 8.090958991783846e+54 8.035261221856194e+54 7.99834255007026e+54 7.96159350417325e+54 7.94328234724279e+54 7.90678627999831e+54 7.888601176185516e+54 7.888601176185516e+54 7.888601176185516e+54 7.888601176185516e+54 7.888601176185516e+54 7.870457896951001e+54 7.870457896951001e+54 7.870457896951001e+54 7.870457896951001e+54 7.870457896951001e+54 7.852356346100775e+54 7.816278045883308e+54 7.780365510398008e+54 7.762471166286928e+54 7.744617978025239e+54 7.709034690644309e+54 7.691304402866145e+54 7.673614893618154e+54 7.673614893618154e+54 7.655966069112569e+54 7.638357835776954e+54 7.620790100254084e+54 7.620790100254084e+54 7.620790100254084e+54 7.603262769401822e+54 7.585775750291883e+54 7.550922276654341e+54 7.533555637337217e+54 7.516228940182015e+54 7.498942093324558e+54 7.498942093324558e+54 7.481695005111584e+54 7.464487584100623e+54 7.447319739059888e+54 7.447319739059888e+54 
# total_gas_kinetic_energy_list
3.555417159551863e+57 1.5234893976272667e+59 1.633974237659528e+59 8.649235894652822e+58 3.6530194790820146e+58 1.3863120768706192e+58 4.950034596504825e+57 1.7010988613631914e+57 5.706204242251044e+56 1.892909985128112e+56 6.33687554440513e+55 2.2322608601673579e+55 8.975851791433163e+54 4.561940170544462e+54 3.0178323995905298e+54 2.4060065210225425e+54 1.0718772326147656e+55 2.1703447616336566e+55 2.914940739002065e+55 3.466296281304272e+55 3.9013198533760034e+55 4.259354891347017e+55 4.566949258651124e+55 4.8371434101795443e+55 5.078370533476305e+55 5.101207742402384e+55 5.123412466264975e+55 5.145241927440442e+55 5.166943304989335e+55 5.188624160326252e+55 5.210335029441877e+55 5.232115045447735e+55 5.253802498221451e+55 5.295241343822918e+55 5.491656525344988e+55 5.839449223089042e+55 6.135073401815177e+55 6.394805432208839e+55 6.622208640451369e+55 6.914187545129862e+55 7.164431787589825e+55 7.382042048199668e+55 7.451065469660012e+55 7.573895317976709e+55 7.744302130188355e+55 7.890240303823361e+55 7.979534145276508e+55 8.019382997810791e+55 8.175284033214436e+55 8.334308463261402e+55 8.594337073394661e+55 8.796493730071917e+55 8.975978982066557e+55 9.143300712132232e+55 9.303871103416973e+55 9.443197619551983e+55 9.581852959241249e+55 9.711674733072245e+55 9.82991396834669e+55 
