# time_axis
5.999999999999999 7.0 7.30102999566398 7.477121254719661 7.602059991327962 7.698970004336018 7.778151250383643 7.845098040014256 7.903089986991943 7.954242509439324 8.0 8.041392685158224 8.079181246047623 8.113943352306837 8.146128035678238 8.176091259055681 8.301029995663981 8.47712125471966 8.60205999132796 8.698970004336019 8.778151250383644 8.845098040014257 8.903089986991942 8.954242509439323 8.999999999999998 9.004321373782641 9.008600171761916 9.012837224705171 9.017033339298779 9.021189299069936 9.02530586526477 9.02938377768521 9.033423755486949 9.041392685158224 9.079181246047623 9.146128035678236 9.204119982655923 9.255272505103305 9.301029995663981 9.361727836017593 9.414973347970816 9.462397997898954 9.477121254719663 9.505149978319904 9.544068044350274 9.57978359661681 9.60205999132796 9.612783856719734 9.653212513775342 9.698970004336017 9.778151250383642 9.845098040014257 9.903089986991944 9.954242509439325 10.0 10.041392685158225 10.079181246047623 10.113943352306835 10.146128035678236 
# total_gas_mass_list
8.7873673767305 10.425863451032134 10.456413430424385 10.18015627471596 9.805844493895835 9.385083404742433 8.937867445044812 8.47404019763186 7.999752871610141 7.520704877013719 7.04571625973338 6.5929230373096654 6.197532500990122 5.9036934016130465 5.723952902020262 5.624348014931289 6.270123587439602 6.572796961976285 6.700031365547408 6.77691402022523 6.830313028512814 6.870261459997503 6.9017700394468235 6.927529149417932 6.949188872924894 6.951183739269764 6.953111163071671 6.954997243783189 6.956863691336624 6.958718208999199 6.960565080964328 6.962407847736575 6.964234011906627 6.967706457739322 6.983733032805607 7.0106662207543415 7.032139757365843 7.050030953740671 7.065045798945686 7.0835463396251175 7.098776138880443 7.1116241299933645 7.115615405541317 7.12264092426238 7.132127598386922 7.14013843798209 7.1449719098084925 7.147126365855343 7.155398121129761 7.163735624944899 7.177036980640803 7.18715304654567 7.195913449429294 7.203878613060557 7.211333282747932 7.217720358393884 7.223929932668583 7.2296720086247435 7.234835288893681 
# ejected_gas_mass_list
-10.0 -10.0 4.317910517181749 5.974268596993796 6.426459966936313 6.6430617197950745 6.7601332839982256 6.833202550213733 6.8846990775517165 6.924026403693342 6.9554778015465235 6.981306928688412 7.002956782538011 7.0214381690397385 7.0374737319826135 7.0515789069243455 7.103530052290231 7.163421182776791 7.199798765341032 7.225626792791976 7.245390754507897 7.2611896214200735 7.274275142121162 7.2853873665601485 7.295022178674837 7.29592297755041 7.296795478130807 7.2976513157081895 7.298500243485134 7.29934571543967 7.300189654344459 7.301033660156395 7.30187197697904 7.303471295585347 7.310942197049653 7.32382930004706 7.334402926541549 7.343415286900727 7.351120897811543 7.360793584265354 7.368903619832227 7.375848591300397 7.378025276474205 7.3818787983931795 7.387126889811861 7.3915983838463415 7.394313945919189 7.3955286368492255 7.400216681261868 7.404981084675386 7.412663034445216 7.418571785895698 7.423734865335905 7.428466313461995 7.432926380933287 7.436772140372281 7.440532565632974 7.444028725223922 7.447187892627964 
# stellar_mass_list
-10.0 6.579759066228756 8.221922153708647 8.379109811308442 8.316712199037946 8.223211276120134 8.145992461499 8.09156381911876 8.054229396646866 8.027602178719487 8.007420515696504 7.991240621863647 7.97770311770283 7.966037540204048 7.955773444104821 7.946605506412504 7.911411037292478 7.867651090037585 7.839351708636522 7.818565972605703 7.8022037453965005 7.78875466054712 7.7773543137559 7.767468064134941 7.7587381564795 7.757912643351069 7.757114732381625 7.756332248018276 7.755554990621025 7.754778094465595 7.753999899688089 7.753219326420301 7.752442519915781 7.750962137640746 7.74396223662291 7.731682935638271 7.721248873896186 7.712086645271861 7.704064315405835 7.693607619079937 7.684474634375578 7.676439738691558 7.673866371188478 7.669255353748175 7.662668966815405 7.656814561813864 7.653111612841329 7.651435236336349 7.644648515783237 7.637396758266232 7.624553325916671 7.613900144772888 7.604595748708596 7.596047246088547 7.58794461118218 7.5810148311080905 7.574082329702984 7.567833908498607 7.562118495118483 
# remnant_mass_list
-10.0 -10.0 5.630053848240568 7.2801967902279285 7.627301244243137 7.764036599237414 7.826028145466525 7.857096421711845 7.87447237783048 7.885427133352635 7.89311371342984 7.8989713782825755 7.9036906404907485 7.907646939241947 7.911047974495227 7.914022347163491 7.924886408787237 7.937260530333054 7.944646297698711 7.94978456322641 7.953667153476402 7.956755542631114 7.959303112117203 7.961461575620001 7.963329535374863 7.963504504261309 7.963672898354397 7.963837595133931 7.964000968799756 7.964164190816486 7.964327630056336 7.964491552966744 7.964654501651014 7.9649631517634605 7.96640974468717 7.968895446700783 7.970955091213406 7.972727253712974 7.974248107082925 7.976189409437488 7.977850645154695 7.9792845833154855 7.979740732636642 7.98054567104908 7.981686823183124 7.982683868814806 7.983309693215412 7.983588830566519 7.984721381548269 7.985904241429489 7.987963836109541 7.989626774522878 7.991051265279429 7.992343906011434 7.993558253301821 7.994571471082116 7.995583873956563 7.996480774206991 7.997288949382154 
# BH_mass_list
-10.0 -10.0 5.4861746113946595 7.134541286524954 7.446034043580425 7.550171103020412 7.587617266869042 7.601024428879625 7.60571351178308 7.6073024169835115 7.607809043005587 7.607956468589805 7.607983277747348 7.607988403587764 7.607990465978506 7.6079915143864305 7.607992207475303 7.607992207475303 7.607992207475303 7.607992207475303 7.607992207475303 7.607992207475303 7.607992207475303 7.607992207475303 7.607992207475303 7.607992207475303 7.607992207475303 7.607992207475303 7.607992207475303 7.607992207475303 7.607992207475303 7.607992207475303 7.607992207475303 7.607992207475303 7.607992207475303 7.607992207475303 7.607992207475303 7.607992207475303 7.607992207475303 7.607992207475303 7.607992207475303 7.607992207475303 7.607992207475303 7.607992207475303 7.607992207475303 7.607992207475303 7.607992207475303 7.607992207475303 7.607992207475303 7.607992207475303 7.607992207475303 7.607992207475303 7.607992207475303 7.607992207475303 7.607992207475303 7.607992207475303 7.607992207475303 7.607992207475303 7.607992207475303 
# NS_mass_list
-10.0 -10.0 5.080312328835158 6.7349451616874125 7.160350408167823 7.353814373283475 7.450687000290723 7.495416089418726 7.513447164050606 7.520199244253237 7.5225985879924435 7.523414250975327 7.523677661916914 7.523759359739796 7.523783446673254 7.523792173016436 7.523797226804302 7.523797226804302 7.523797226804302 7.523797226804302 7.523797226804302 7.523797226804302 7.523797226804302 7.523797226804302 7.523797226804302 7.523797226804302 7.523797226804302 7.523797226804302 7.523797226804302 7.523797226804302 7.523797226804302 7.523797226804302 7.523797226804302 7.523797226804302 7.523797226804302 7.523797226804302 7.523797226804302 7.523797226804302 7.523797226804302 7.523797226804302 7.523797226804302 7.523797226804302 7.523797226804302 7.523797226804302 7.523797226804302 7.523797226804302 7.523797226804302 7.523797226804302 7.523797226804302 7.523797226804302 7.523797226804302 7.523797226804302 7.523797226804302 7.523797226804302 7.523797226804302 7.523797226804302 7.523797226804302 7.523797226804302 7.523797226804302 
# WD_mass_list
-10.0 -10.0 -10.0 -10.0 -10.0 3.1183246201599015 4.861552549787166 5.883876837065775 6.288520700155501 6.504821213050873 6.637327990711548 6.726210385871591 6.79005422534798 6.838413234087487 6.876600053990282 6.907722954425849 7.0070424420397694 7.1001866667307745 7.1485758602793465 7.179748882423687 7.202128975202914 7.219276960504309 7.233017090770016 7.244388448573134 7.254038749837085 7.254933890845096 7.255793995984906 7.256633893592076 7.257465755901372 7.258295569587052 7.259125213610721 7.259956036702896 7.260780659761213 7.262339189586321 7.26958465067793 7.281813589849295 7.291743152368777 7.300145371062124 7.307255377962353 7.3162003046087705 7.323742102530421 7.33017101789744 7.332200725338837 7.335764596843691 7.340778614984467 7.345123194605443 7.347833201576197 7.349037770340024 7.35389895768664 7.358931974157766 7.367590575402934 7.374487069212417 7.380329416008284 7.385580127618476 7.390469655690558 7.394517952874465 7.398534964913977 7.402070641592604 7.405238275689843 
