# time_axis
5.999999999999999 7.0 7.30102999566398 7.477121254719661 7.602059991327962 7.698970004336018 7.778151250383643 7.845098040014256 7.903089986991943 7.954242509439324 8.0 8.041392685158224 8.079181246047623 8.113943352306837 8.146128035678238 8.176091259055681 8.301029995663981 8.47712125471966 8.60205999132796 8.698970004336019 8.778151250383644 8.845098040014257 8.903089986991942 8.954242509439323 8.999999999999998 9.004321373782641 9.008600171761916 9.012837224705171 9.017033339298779 9.021189299069936 9.02530586526477 9.02938377768521 9.033423755486949 9.041392685158224 9.079181246047623 9.146128035678236 9.204119982655923 9.255272505103305 9.301029995663981 9.361727836017593 9.414973347970816 9.462397997898954 9.477121254719663 9.505149978319904 9.544068044350274 9.57978359661681 9.60205999132796 9.612783856719734 9.653212513775342 9.698970004336017 9.778151250383642 9.845098040014257 9.903089986991944 9.954242509439325 10.0 10.041392685158225 10.079181246047623 10.113943352306835 10.146128035678236 
# total_gas_mass_list
8.40231034070977 10.059728783226301 10.386485035919378 9.863195723484209 9.53156489167792 9.160919062383323 8.767461515534912 8.35934132337641 7.941796018475816 7.519170580870151 7.097666787137306 6.688366573847772 6.312758513629728 6.0035001683466165 5.787365324609054 nan nan nan nan nan nan nan nan nan nan nan nan nan nan nan nan nan nan nan nan nan nan nan nan nan nan nan nan nan nan nan nan nan nan nan nan nan nan nan nan nan nan nan nan 
# ejected_gas_mass_list
-10.0 -10.0 3.562646210300365 5.624682866366086 6.237566440244986 6.469015279368805 6.587325574107097 6.665178762915913 6.726228979935427 6.775146119214347 6.815619591398707 6.849530461310022 6.878386102958652 6.903306291332546 6.925158707074144 nan nan nan nan nan nan nan nan nan nan nan nan nan nan nan nan nan nan nan nan nan nan nan nan nan nan nan nan nan nan nan nan nan nan nan nan nan nan nan nan nan nan nan nan 
# stellar_mass_list
-10.0 6.3054003277017125 7.970889180083692 8.383134771972776 8.263799911281005 8.234620409177179 8.213038767047014 8.194793963839212 8.179072742773304 8.165548259751777 8.153840432164534 8.14362740110046 8.134616434813648 8.126567287399089 8.119308548608727 8.112682916963148 8.086122467940685 8.050161132020524 8.024718160878821 8.004709073258077 7.988001137363244 7.973542358000131 7.960782418684884 7.949240650342335 7.938713387044581 7.937696055215656 7.936711331692866 7.9357453595473215 7.934789423762897 7.933831240913143 7.932870501701921 7.931905419222251 7.930940174203399 7.9290842237972585 7.920219754211459 7.904186758320151 7.8900528330454485 7.877204295872516 7.865600792632464 7.849943719734473 7.835752162009611 7.822831321583633 7.818602567975337 7.810888374218847 7.799615665563464 7.7893339236238734 7.782660246823149 7.779629352240244 7.767035688060889 7.753123824000428 7.727194894987352 7.704779739964583 7.685434814143844 7.66791946380773 7.651525157255292 7.637622696568977 7.623868157259084 7.6115822550082255 7.600379603620369 
# remnant_mass_list
-10.0 -10.0 4.748941450211383 6.924438565668716 7.470520940400735 7.5778604765233295 7.627878012813609 7.656210819720115 7.674375776658248 7.6874333060338795 7.697556358930097 7.705821313611715 7.7128083590967575 7.718859506836394 7.724194662536167 nan nan nan nan nan nan nan nan nan nan nan nan nan nan nan nan nan nan nan nan nan nan nan nan nan nan nan nan nan nan nan nan nan nan nan nan nan nan nan nan nan nan nan nan 
# BH_mass_list
-10.0 -10.0 4.499777531490789 6.774963742589677 7.303173265292253 7.356215190181134 7.372518327202955 7.377202210042657 7.378472600548543 7.378783204750166 7.378845238360239 7.37885601458017 7.378857106809656 7.378857135960909 7.378857135960909 7.378857135960909 7.378857135960909 7.378857135960909 7.378857135960909 7.378857135960909 7.378857135960909 7.378857135960909 7.378857135960909 7.378857135960909 7.378857135960909 7.378857135960909 7.378857135960909 7.378857135960909 7.378857135960909 7.378857135960909 7.378857135960909 7.378857135960909 7.378857135960909 7.378857135960909 7.378857135960909 7.378857135960909 7.378857135960909 7.378857135960909 7.378857135960909 7.378857135960909 7.378857135960909 7.378857135960909 7.378857135960909 7.378857135960909 7.378857135960909 7.378857135960909 7.378857135960909 7.378857135960909 7.378857135960909 7.378857135960909 7.378857135960909 7.378857135960909 7.378857135960909 7.378857135960909 7.378857135960909 7.378857135960909 7.378857135960909 7.378857135960909 7.378857135960909 
# NS_mass_list
-10.0 -10.0 4.389000354296703 6.388626362978034 6.975366010494641 7.179593548338606 7.274828231356564 7.322243036896341 7.339042363923847 7.345796240579209 7.348320567078018 7.349208861682674 7.349503226788111 7.349596130241835 7.349621133876462 7.349628811232268 7.349630351727141 7.349630351727141 7.349630351727141 7.349630351727141 7.349630351727141 7.349630351727141 7.349630351727141 7.349630351727141 7.349630351727141 7.349630351727141 7.349630351727141 7.349630351727141 7.349630351727141 7.349630351727141 7.349630351727141 7.349630351727141 7.349630351727141 7.349630351727141 7.349630351727141 7.349630351727141 7.349630351727141 7.349630351727141 7.349630351727141 7.349630351727141 7.349630351727141 7.349630351727141 7.349630351727141 7.349630351727141 7.349630351727141 7.349630351727141 7.349630351727141 7.349630351727141 7.349630351727141 7.349630351727141 7.349630351727141 7.349630351727141 7.349630351727141 7.349630351727141 7.349630351727141 7.349630351727141 7.349630351727141 7.349630351727141 7.349630351727141 
# WD_mass_list
-10.0 -10.0 -10.0 -10.0 -10.0 2.8751818922947563 4.6270773172820086 5.677890418743383 6.180019100318183 6.414388659166605 6.5577568572408635 6.655460207942735 6.726886203453693 6.781857294049452 6.8258877457292595 nan nan nan nan nan nan nan nan nan nan nan nan nan nan nan nan nan nan nan nan nan nan nan nan nan nan nan nan nan nan nan nan nan nan nan nan nan nan nan nan nan nan nan nan 
