# time_axis
5.999999999999999 7.0 7.30102999566398 7.477121254719661 7.602059991327962 7.698970004336018 7.778151250383643 7.845098040014256 7.903089986991943 7.954242509439324 8.0 8.041392685158224 8.079181246047623 8.113943352306837 8.146128035678238 8.176091259055681 8.204119982655925 8.230448921378272 8.255272505103306 8.278753600952827 8.301029995663981 8.47712125471966 8.60205999132796 8.698970004336019 8.778151250383644 8.845098040014257 8.903089986991942 8.954242509439323 8.999999999999998 9.004321373782641 9.008600171761916 9.012837224705171 9.017033339298779 9.021189299069936 9.02530586526477 9.02938377768521 9.033423755486949 9.041392685158224 9.079181246047623 9.146128035678236 9.204119982655923 9.255272505103305 9.301029995663981 9.361727836017593 9.414973347970816 9.462397997898954 9.477121254719663 9.505149978319904 9.544068044350274 9.57978359661681 9.60205999132796 9.612783856719734 9.653212513775342 9.698970004336017 9.778151250383642 9.845098040014257 9.903089986991944 9.954242509439325 10.0 10.041392685158225 10.079181246047623 10.113943352306835 10.146128035678236 
# total_gas_mass_list
8.497940008672035 8.479677068964333 8.467963023254049 8.457544950718189 8.447447977360929 8.43760246138456 8.427680142130033 8.417465679798083 8.40702996070384 8.396329375910804 8.38530686827923 8.374008518656897 8.36241113531822 8.350498303444533 8.338248897409176 8.32564726499174 8.312669530228296 8.299295029978756 8.285496366173108 8.271246320987125 8.256514457146892 8.278615147604677 8.27886871219355 8.279029141920502 8.279130575532083 8.279214996502086 8.279287870649194 8.279379247954147 8.279440832872472 8.279445231038562 8.279448996617713 8.279451420990242 8.279462380802938 8.279469577483322 8.279476246982885 8.279481181070365 8.279484382680103 8.279484707393967 8.279531330183696 8.279635245899023 8.279709325140788 8.279776158175602 8.279833195377932 8.279910305553086 8.279984396840907 8.280032636279907 8.280055190736796 8.280093605182952 8.28013761862984 8.280180818059252 8.280210511654186 8.280236267278402 8.280271935639073 8.280319418478053 8.280413127651101 8.280525730650426 8.280579335215625 8.280639239527428 8.28069431369449 8.280759695827928 8.280731843886725 8.280834289045 8.280881325835187 
# ejected_gas_mass_list
-10.0 -10.0 6.621914347723306 6.991838429241262 7.199004961639434 7.3448144766484615 7.45520671499055 7.542698543099197 7.615638901320149 7.678030971761752 7.732343252070589 7.780656065652874 7.824137898232012 7.863668252242502 7.899897202128908 7.93334345285107 7.964398205923743 7.993385874268707 8.020560731108803 8.04613732217221 8.070293608002023 8.103780353736918 8.10415954696669 8.104399405013227 8.104551035498975 8.1046772208659 8.104786137256028 8.10492269536276 8.105014722455191 8.105021294441489 8.105026921154789 8.10503054375852 8.105046920266494 8.105057673668892 8.105067639270102 8.105075011760803 8.105079795569134 8.105080280751869 8.105149941985907 8.105305193895376 8.105415858385456 8.105515690012522 8.105600883148508 8.105716049331527 8.10582669721752 8.105898732962135 8.105932412080536 8.105989771914015 8.106055489009814 8.106119987491372 8.106164319385877 8.106202770765282 8.106256019323823 8.106326902128517 8.106466780811939 8.106634842443226 8.106714840505722 8.106804234395023 8.106886415010441 8.106983970317277 8.106942413904891 8.107095260463824 8.107165432671211 
# stellar_mass_list
-10.0 7.144004116335582 7.29055782809203 7.378886773304349 7.445517429885764 7.498558646467147 7.542541681439388 7.581468220620147 7.616199249187778 7.647544113312758 7.676114873932793 7.70237474639748 7.726680337727608 7.749311166540411 7.770489840393074 7.790396787835997 7.809179857557985 7.826963373400703 7.843851020780981 7.85993158927436 7.875280935219786 7.718924642740712 7.681289527179208 7.656966635080249 7.638941277386663 7.624636855263986 7.61279172877802 7.602696200104573 7.593895983756791 7.593078371486366 7.5922702991668025 7.591474830581844 7.590685225542119 7.589900407783677 7.589121723584472 7.588355402598751 7.5876016800315655 7.586123843796576 7.579151757771087 7.567074117157823 7.556856882035005 7.548010565679055 7.540229714110299 7.530074913078955 7.521318398590591 7.5136078483740425 7.511174928592644 7.506744828054638 7.500530116749229 7.494815194485664 7.491407450456627 7.489709636548225 7.483429398272284 7.476346324036244 7.464279284526285 7.4541776939332065 7.445541761252484 7.437861575240507 7.430921521468964 7.424967340112411 7.419040327820059 7.4139297954854015 7.408938496985406 
# remnant_mass_list
-10.0 -10.0 6.110853715082936 6.458172000500879 6.636789535020821 6.738357093993383 6.800445784336641 6.851912069850349 6.897460154876059 6.9387671034005365 6.976730889823398 7.011928558382863 7.044770732249364 7.075569771553067 7.104573312564848 7.131983124613216 7.157967414431256 7.182666413101342 7.206201162387352 7.228675080746282 7.250178621712685 7.319391035337189 7.341121485156135 7.354701859660823 7.364490980987902 7.372084477503204 7.378253707253923 7.3834263460726515 7.387872192212787 7.388281953706207 7.388686519847048 7.389084078841353 7.38947845205438 7.389870253090312 7.390258760959753 7.390640442246313 7.391015126659152 7.391748110404769 7.3951862135854265 7.401054892416346 7.405934103335566 7.410095973421172 7.413708549665273 7.418356509104243 7.422304305792101 7.42573570696748 7.426812666652261 7.4287538072215415 7.431459867662009 7.433927726319197 7.435381150296146 7.436106310728589 7.438765447617349 7.441734395887488 7.4467118665916505 7.450806385430639 7.4542518031778515 7.457280715198894 7.45999028545745 7.462272252183777 7.464554441520935 7.466483614526091 7.468368604838424 
# BH_mass_list
-10.0 -10.0 5.93204337602581 6.233073371689791 6.378432178983687 6.448005389801864 6.4809604156541205 6.511590165684942 6.540201262154063 6.5670434115585925 6.592322673980441 6.616211077470425 6.638853722735542 6.660374125419954 6.68087829589877 6.700457898505446 6.719192728727159 6.737152677768173 6.754399306739058 6.770987120009171 6.786964604180063 6.802375082615984 6.802375082615984 6.802375082615984 6.802375082615984 6.802375082615984 6.802375082615984 6.802375082615984 6.802375082615984 6.802375082615984 6.802375082615984 6.802375082615984 6.802375082615984 6.802375082615984 6.802375082615984 6.802375082615984 6.802375082615984 6.802375082615984 6.802375082615984 6.802375082615984 6.802375082615984 6.802375082615984 6.802375082615984 6.802375082615984 6.802375082615984 6.802375082615984 6.802375082615984 6.802375082615984 6.802375082615984 6.802375082615984 6.802375082615984 6.802375082615984 6.802375082615984 6.802375082615984 6.802375082615984 6.802375082615984 6.802375082615984 6.802375082615984 6.802375082615984 6.802375082615984 6.802375082615984 6.802375082615984 6.802375082615984 
# NS_mass_list
-10.0 -10.0 5.639120075424626 6.065061662050109 6.288432519742994 6.425553866060096 6.508384224980303 6.568175721172947 6.617921124612756 6.661124125507587 6.699917419771341 6.735527873265887 6.768438394777424 6.799029698108009 6.827607247535937 6.854419869043718 6.879672941256766 6.903537956585248 6.926159588890262 6.9476610094778 6.968147947875931 7.006180268084748 7.006180268084748 7.006180268084748 7.006180268084748 7.006180268084748 7.006180268084748 7.006180268084748 7.006180268084748 7.006180268084748 7.006180268084748 7.006180268084748 7.006180268084748 7.006180268084748 7.006180268084748 7.006180268084748 7.006180268084748 7.006180268084748 7.006180268084748 7.006180268084748 7.006180268084748 7.006180268084748 7.006180268084748 7.006180268084748 7.006180268084748 7.006180268084748 7.006180268084748 7.006180268084748 7.006180268084748 7.006180268084748 7.006180268084748 7.006180268084748 7.006180268084748 7.006180268084748 7.006180268084748 7.006180268084748 7.006180268084748 7.006180268084748 7.006180268084748 7.006180268084748 7.006180268084748 7.006180268084748 7.006180268084748 
# WD_mass_list
-10.0 -10.0 -10.0 -10.0 -10.0 3.7050331070591738 4.816214490668951 5.2124811108578255 5.445917493884567 5.6149734436528735 5.745134334537636 5.8493448469974645 5.936986386578017 6.012968552701651 6.080211983055683 6.140612964056102 6.195488009402486 6.245777076536435 6.292199278056895 6.335303941112333 6.3755311315624725 6.6410960324631745 6.736132409828926 6.78840911292552 6.823428835177464 6.849270548279607 6.869499774281866 6.88597350907733 6.89979964045653 6.901059084041356 6.90230014759438 6.9035173925559485 6.904722618700521 6.905917761007619 6.907100679951525 6.908260711120287 6.909397459163504 6.911615497579099 6.921919583589919 6.939142422480232 6.9531283800492245 6.964831778719381 6.974829028497973 6.987480091436974 6.998046146055745 7.007101613729317 7.009919752010388 7.014970931431054 7.021952908777845 7.0282610854627166 7.031950351189149 7.033783975651566 7.04046813676862 7.047858821529553 7.060083813011121 7.069990242777611 7.078225135096493 7.085390544879316 7.091743353904057 7.097052691595758 7.102325883337016 7.10675531575085 7.1110588642954085 
