# time_axis
5.999999999999999 7.0 7.30102999566398 7.477121254719661 7.602059991327962 7.698970004336018 7.778151250383643 7.845098040014256 7.903089986991943 7.954242509439324 8.0 8.041392685158224 8.079181246047623 8.113943352306837 8.146128035678238 8.176091259055681 8.301029995663981 8.47712125471966 8.60205999132796 8.698970004336019 8.778151250383644 8.845098040014257 8.903089986991942 8.954242509439323 8.999999999999998 9.004321373782641 9.008600171761916 9.012837224705171 9.017033339298779 9.021189299069936 9.02530586526477 9.02938377768521 9.033423755486949 9.041392685158224 9.079181246047623 9.146128035678236 9.204119982655923 9.255272505103305 9.301029995663981 9.361727836017593 9.414973347970816 9.462397997898954 9.477121254719663 9.505149978319904 9.544068044350274 9.57978359661681 9.60205999132796 9.612783856719734 9.653212513775342 9.698970004336017 9.778151250383642 9.845098040014257 9.903089986991944 9.954242509439325 10.0 10.041392685158225 10.079181246047623 10.113943352306835 10.146128035678236 
# total_gas_mass_list
10.421848749616355 10.414541174986926 10.41226378998309 10.410660734432904 10.409284319812878 10.408017377860425 10.406745649575896 10.405470404062125 10.4041916468118 10.402910548063312 10.401626087930799 10.40033866985447 10.399047484577398 10.397752240097654 10.396453130866117 10.395150581531922 10.40316000163867 10.403237508692536 10.40328273196005 10.403315106940699 10.403340464317708 10.403361160297171 10.403378768859344 10.403394071721918 10.403407626182403 10.403408891055221 10.403410152945499 10.403411383454712 10.403412622984265 10.403413828206777 10.403415043868193 10.403416229842462 10.403417411668949 10.40341974339847 10.403430733579796 10.40345005087864 10.403466598641442 10.403481113125999 10.40349402590092 10.403511062267196 10.403525920590276 10.403539127185846 10.403543214022415 10.403550993600673 10.4035617579034 10.403571614325498 10.40357775913277 10.403580717331808 10.403591868139282 10.403604430036465 10.40362611457681 10.403644424926064 10.403660245551983 10.403674184338472 10.403686648697358 10.403697898009478 10.40370817646593 10.40371762514709 10.403726366013805 
# ejected_gas_mass_list
-10.0 -10.0 -10.0 -10.0 -10.0 -10.0 7.682294376286998 8.119925586970346 8.33345509502493 8.476089623974335 8.58330926839797 8.669275980189187 8.741008188441102 8.802546682081829 8.856438083267987 8.90438847419286 9.102005822098699 9.103553782877135 9.104454560956448 9.105098332758905 9.105601928395467 9.106012538419627 9.10636160379874 9.106664745661455 9.106933084887379 9.106958117692395 9.106983090105617 9.107007440184502 9.107031967453004 9.107055814607696 9.10707986705261 9.107103330904279 9.107126711497077 9.107172837622342 9.107390182085966 9.107771955523129 9.108098740628508 9.108385180523017 9.108639860395604 9.108975653477927 9.109268315451034 9.109528286564867 9.109608705801188 9.109761750371835 9.109973427865862 9.11016716625266 9.110287907432289 9.110346022622608 9.110565019077633 9.110811603176009 9.111236948046832 9.111595800162917 9.11190563145054 9.112178435077677 9.112422244236607 9.112642175022378 9.11284303265039 9.113027597408047 9.113198269910816 
# stellar_mass_list
-10.0 8.8456945314229 8.921611291974473 8.965485229087598 8.998442131372265 9.025570937970782 9.048997288501122 9.069772985235602 9.08856173426843 9.10577903463039 9.121723220041545 9.136603816610007 9.150584394695127 9.163787354875353 9.176312477950402 9.188240653763637 8.827326514117619 8.731855343334912 8.68372503936393 8.65166249465189 8.627825415697073 8.608984368240476 8.593478581214951 8.580358271481511 8.569010484179618 8.567961066812433 8.566924783617662 8.565900185083912 8.564887591538374 8.563883907673704 8.562893986875803 8.561913456412084 8.560947778130183 8.559054811314999 8.550196821077764 8.534994704232817 8.522304993829254 8.511440253459767 8.501989500300036 8.489822250935932 8.479437267123387 8.470425003308275 8.467661354833766 8.46247670885634 8.455369959409436 8.44900558826646 8.445045754987026 8.44318026314294 8.436157893862815 8.428446615957721 8.415349542735827 8.404637505788799 8.395352343027291 8.386933862338887 8.37919255002004 8.37217053265389 8.365549279766409 8.359391499367405 8.353644953175241 
# remnant_mass_list
-10.0 -10.0 6.744429898208307 7.344630325457004 7.6325322363847175 7.8199908712703685 7.957107822577402 8.06461287776674 8.152717735205115 8.227150496524398 8.291452808989542 8.347960871043641 8.398290478006626 8.443609695202527 8.484785089748959 8.522477272427952 8.617552499344786 8.654893802816883 8.670410988786129 8.679673822583243 8.686048680024417 8.690796015073959 8.694518429228665 8.697542613283431 8.700068243643043 8.700297412596425 8.700523033242794 8.700745497897692 8.700964751998745 8.701181643806063 8.701394878281494 8.701605648136397 8.701812438409242 8.702215849200138 8.70407469426154 8.707153670412243 8.709617766646334 8.711653595762858 8.71336841394368 8.715500319963846 8.717256004770851 8.718731054197624 8.719174994657093 8.71999517725782 8.72109779288188 8.72205913093182 8.722649382024619 8.72292278332495 8.72394051085005 8.725022099828633 8.726796373868119 8.728180608568206 8.729351566449205 8.730406892726227 8.731373035803601 8.732234088525523 8.733046540833802 8.733793792499156 8.73448367429033 
# BH_mass_list
-10.0 -10.0 -10.0 -10.0 -10.0 -10.0 -10.0 -10.0 -10.0 -10.0 -10.0 -10.0 -10.0 -10.0 -10.0 -10.0 -10.0 -10.0 -10.0 -10.0 -10.0 -10.0 -10.0 -10.0 -10.0 -10.0 -10.0 -10.0 -10.0 -10.0 -10.0 -10.0 -10.0 -10.0 -10.0 -10.0 -10.0 -10.0 -10.0 -10.0 -10.0 -10.0 -10.0 -10.0 -10.0 -10.0 -10.0 -10.0 -10.0 -10.0 -10.0 -10.0 -10.0 -10.0 -10.0 -10.0 -10.0 -10.0 -10.0 
# NS_mass_list
-10.0 -10.0 7.323052996695981 7.725007168682382 7.951207352594065 8.106473075588603 8.219663169402214 8.308652097561362 8.381823990323756 8.443920019011866 8.497763273357634 8.545253616184292 8.587658299294961 8.625940366807614 8.660813927840485 8.692812172541899 8.743073870513841 8.743073870513841 8.743073870513841 8.743073870513841 8.743073870513841 8.743073870513841 8.743073870513841 8.743073870513841 8.743073870513841 8.743073870513841 8.743073870513841 8.743073870513841 8.743073870513841 8.743073870513841 8.743073870513841 8.743073870513841 8.743073870513841 8.743073870513841 8.743073870513841 8.743073870513841 8.743073870513841 8.743073870513841 8.743073870513841 8.743073870513841 8.743073870513841 8.743073870513841 8.743073870513841 8.743073870513841 8.743073870513841 8.743073870513841 8.743073870513841 8.743073870513841 8.743073870513841 8.743073870513841 8.743073870513841 8.743073870513841 8.743073870513841 8.743073870513841 8.743073870513841 8.743073870513841 8.743073870513841 8.743073870513841 8.743073870513841 
# WD_mass_list
-10.0 -10.0 -10.0 -10.0 -10.0 5.1645975012971235 6.259360566581408 6.662484188082743 6.914441559623887 7.095657975797476 7.236567668242113 7.351167045922069 7.447772505545701 7.530863930162582 7.603440174280397 7.66774533458205 7.9091739464220865 8.073158607920934 8.12962509239091 8.160986416967225 8.181685847074045 8.196671449286583 8.20818063222816 8.217381953658894 8.224967650928312 8.225651608150898 8.226324276635776 8.226986858707958 8.227639222387443 8.228283918037617 8.228917124192941 8.229542410558778 8.230155311455224 8.231349324895762 8.236823259794425 8.24579148137167 8.25288239513636 8.258684568334678 8.263533189266411 8.269512848148686 8.274397879504841 8.278475081574037 8.279697419751955 8.281949954651719 8.284966512355235 8.287585767974553 8.289189026086845 8.2899303822609 8.292683062831044 8.295596482739489 8.300349344209865 8.304034916833151 8.307137478140127 8.30992190396774 8.312461351555548 8.314716856508573 8.316838440231134 8.318784138351445 8.320575706081069 
