# time_axis
1000000 10000000 20000000 30000000 40000000 50000000 60000000 70000000 80000000 90000000 100000000 200000000 300000000 400000000 500000000 600000000 700000000 800000000 900000000 1000000000 1010000000 1020000000 1030000000 1040000000 1050000000 1060000000 1070000000 1080000000 1100000000 1200000000 1400000000 1600000000 1800000000 2000000000 2300000000 2600000000 2900000000 3000000000 3200000000 3500000000 3800000000 4000000000 4100000000 4500000000 5000000000 6000000000 7000000000 8000000000 9000000000 10000000000 11000000000 12000000000 13000000000 14000000000 
# SNIa_energy_release_list
0 0.0 0.0 0.0 0.0 0.0 3.556464664606907e+55 1.0018772547240102e+56 1.8937942663933008e+56 2.99853309568532e+56 4.290994706464115e+56 2.0201611849816805e+57 2.877485100341445e+57 3.4285480913266326e+57 3.8364428866670346e+57 4.1606383795233654e+57 4.429776609144104e+57 4.659887930925871e+57 4.860897084794321e+57 5.0393476976572446e+57 5.0561419380063e+57 5.0727577949160495e+57 5.089203090128714e+57 5.105480921003803e+57 5.121593424791356e+57 5.1375429813172874e+57 5.153335598980047e+57 5.168972606331413e+57 5.1997977335430505e+57 5.345544810884901e+57 5.602277502525749e+57 5.823313019592719e+57 6.0173822251036415e+57 6.1903631006652254e+57 6.419026751068198e+57 6.618966279539708e+57 6.796584358805008e+57 6.851663312873798e+57 6.956379086664754e+57 7.101600475195424e+57 7.234680128935627e+57 7.317608805216953e+57 7.357509389499074e+57 7.507815161801459e+57 7.677712221951659e+57 7.97127031012977e+57 8.219042149658524e+57 8.433456710149659e+57 8.62241692177609e+57 8.791297506759845e+57 8.944020821912684e+57 9.08337975467389e+57 9.211506597976515e+57 9.330104228648398e+57 
# SNII_energy_release_list
0 -2.483291790914152e+55 8.892375338103214e+55 2.4590983960197907e+56 4.254940151858581e+56 6.193429225519573e+56 8.13190762824548e+56 1.0068028145605063e+57 1.2001722667074842e+57 1.3932824786776822e+57 1.586536901521518e+57 1.938489073660992e+57 1.938489073660992e+57 1.938489073660992e+57 1.938489073660992e+57 1.938489073660992e+57 1.938489073660992e+57 1.938489073660992e+57 1.938489073660992e+57 1.938489073660992e+57 1.938489073660992e+57 1.938489073660992e+57 1.938489073660992e+57 1.938489073660992e+57 1.938489073660992e+57 1.938489073660992e+57 1.938489073660992e+57 1.938489073660992e+57 1.938489073660992e+57 1.938489073660992e+57 1.938489073660992e+57 1.938489073660992e+57 1.938489073660992e+57 1.938489073660992e+57 1.938489073660992e+57 1.938489073660992e+57 1.938489073660992e+57 1.938489073660992e+57 1.938489073660992e+57 1.938489073660992e+57 1.938489073660992e+57 1.938489073660992e+57 1.938489073660992e+57 1.938489073660992e+57 1.938489073660992e+57 1.938489073660992e+57 1.938489073660992e+57 1.938489073660992e+57 1.938489073660992e+57 1.938489073660992e+57 1.938489073660992e+57 1.938489073660992e+57 1.938489073660992e+57 1.938489073660992e+57 
# SN_energy_per_current_crossing_time_list
0.0 -1.9768323023267296e+55 7.594541130756274e+55 1.0470310481884357e+56 1.2493125401793367e+56 1.3958527067289443e+56 1.4691592186062116e+56 1.5761218864422447e+56 1.700786082610965e+56 1.8443917088246238e+56 2.013062748246124e+56 9.482809298124915e+55 7.997451911925484e+54 5.345671918219848e+54 4.0577041012013805e+54 3.283895451875596e+54 2.763873022136308e+54 2.3890921719087253e+54 2.1058002069212743e+54 1.8836917966651982e+54 1.7739871048525324e+54 1.7563364577863416e+54 1.739484777910111e+54 1.7229000999948156e+54 1.7065220595720245e+54 1.6903756737752375e+54 1.6747834302213207e+54 1.659301491192971e+54 1.6374769224102707e+54 1.5572713545265714e+54 1.3845521785440315e+54 1.2010846222732316e+54 1.0611856158205874e+54 9.50878866485551e+53 8.43476086875809e+53 7.414853820249552e+53 6.616888553482693e+53 6.163966188673632e+53 5.873959226444569e+53 5.448846821074837e+53 5.0077643859226086e+53 4.6890481324575735e+53 4.51591326959072e+53 4.265661798822333e+53 3.8696504121690145e+53 3.3601808757947124e+53 2.847344835357548e+53 2.472352984014434e+53 2.185386610729597e+53 1.9584362145838577e+53 1.7753680242552544e+53 1.6236292723536712e+53 1.4956469806416447e+53 1.3871134007146844e+53 
# SN_energy_per_final_crossing_time_list
0.0 -8.605773872915148e+55 3.547983261236314e+56 4.896275531288626e+56 5.601092592883952e+56 6.0459986279791865e+56 6.0875616222956575e+56 6.114194191146149e+56 6.135363063902399e+56 6.152169121033216e+56 6.1786229329800525e+56 1.2838017861461875e+56 1.002722807371113e+55 6.445211890853584e+54 4.77072209194304e+54 3.7917782171928e+54 3.147830549704797e+54 2.6913733123619255e+54 2.350995457646647e+54 2.087151615640152e+54 1.9642479964417035e+54 1.9433843368790825e+54 1.923435505327038e+54 1.9038489397712443e+54 1.88451234617112e+54 1.8654540961096437e+54 1.8470985860572025e+54 1.8288984629182026e+54 1.802647607366338e+54 1.7046523016569403e+54 1.5013679234529746e+54 1.2926115219188209e+54 1.13491304212909e+54 1.011588887566708e+54 8.914804675647022e+53 7.79495053159212e+53 6.924714447282168e+53 6.442013626523474e+53 6.123758639559511e+53 5.661679550709726e+53 5.188315315118432e+53 4.849653299213421e+53 4.6667572396282465e+53 4.394926563546563e+53 3.974219173541087e+53 3.433444291367147e+53 2.8979300596732084e+53 2.5077845862575035e+53 2.2100714851047037e+53 1.9752209316862808e+53 1.7862461151199554e+53 1.6299368043631338e+53 1.4985667110673589e+53 1.3871134007146844e+53 
# total_energy_release_list
0 -2.483291790914152e+55 8.892375338103214e+55 2.4590983960197907e+56 4.254940151858581e+56 6.193429225519573e+56 8.487554094706172e+56 1.1069905400329073e+57 1.3895516933468142e+57 1.6931357882462142e+57 2.0156363721679295e+57 3.958650258642673e+57 4.815974174002437e+57 5.367037164987625e+57 5.7749319603280264e+57 6.099127453184357e+57 6.368265682805095e+57 6.598377004586863e+57 6.799386158455313e+57 6.977836771318236e+57 6.994631011667291e+57 7.011246868577042e+57 7.027692163789706e+57 7.043969994664795e+57 7.060082498452348e+57 7.076032054978279e+57 7.091824672641039e+57 7.107461679992405e+57 7.138286807204043e+57 7.284033884545893e+57 7.540766576186741e+57 7.761802093253711e+57 7.955871298764634e+57 8.128852174326218e+57 8.35751582472919e+57 8.5574553532007e+57 8.735073432466e+57 8.790152386534791e+57 8.894868160325747e+57 9.040089548856416e+57 9.17316920259662e+57 9.256097878877945e+57 9.295998463160066e+57 9.446304235462452e+57 9.616201295612651e+57 9.909759383790763e+57 1.0157531223319517e+58 1.0371945783810651e+58 1.0560905995437082e+58 1.0729786580420838e+58 1.0882509895573676e+58 1.1021868828334883e+58 1.1149995671637507e+58 1.1268593302309391e+58 
# binding_energy_list
9.462371613657911e+58 9.484184633008901e+58 9.141132414702471e+58 8.629785477669702e+58 8.016780633876855e+58 7.550922276654341e+58 7.079457843841402e+58 6.576578373554172e+58 6.109420249055739e+58 5.662392890382534e+58 5.236004365857517e+58 3.539973410834343e+58 3.396252725904075e+58 3.334264127632374e+58 3.2885163087598533e+58 3.2583670100200736e+58 3.235936569296268e+58 3.213660538640302e+58 3.198895109691417e+58 3.191537855100745e+58 3.191537855100745e+58 3.1841975217261254e+58 3.1841975217261254e+58 3.1841975217261254e+58 3.1841975217261254e+58 3.1841975217261254e+58 3.1841975217261254e+58 3.1841975217261254e+58 3.1768740706497884e+58 3.169567463043474e+58 3.1550046233746436e+58 3.140508693876216e+58 3.133285724315602e+58 3.1260793671239363e+58 3.1188895840939355e+58 3.104559588128337e+58 3.0974192992165777e+58 3.0974192992165777e+58 3.0974192992165777e+58 3.090295432513605e+58 3.0831879502493343e+58 3.0831879502493343e+58 3.0831879502493343e+58 3.076096814740705e+58 3.076096814740705e+58 3.0690219883911705e+58 3.0619634336906566e+58 3.0549211132155094e+58 3.0549211132155094e+58 3.0478949896279953e+58 3.0478949896279953e+58 3.0408850256762583e+58 3.0408850256762583e+58 3.0338911841942655e+58 
# total_gas_kinetic_energy_list
1.7974082439176238e+59 1.7812136299428161e+59 1.765869443790381e+59 1.7513566132618274e+59 1.7374484428589375e+59 1.7231558453254354e+59 1.7095343758092838e+59 1.6966365329737282e+59 1.6841133434234148e+59 1.671962965015526e+59 1.6601841854489012e+59 1.6734249953141345e+59 1.6749450818563486e+59 1.6757000848454016e+59 1.6761661026753926e+59 1.6764899114906285e+59 1.6767299895102085e+59 1.6769199660661538e+59 1.6770756805027403e+59 1.6772061582436368e+59 1.6772179888645383e+59 1.6772296120722865e+59 1.6772411698499677e+59 1.6772524023925713e+59 1.6772635995848465e+59 1.6772748715640536e+59 1.6772856346788713e+59 1.677296220611177e+59 1.6773170211400199e+59 1.6774134465226623e+59 1.6775726708569411e+59 1.6776992344329638e+59 1.6778032295795364e+59 1.677890183639764e+59 1.6779963247714753e+59 1.6780816859995576e+59 1.6781528176150743e+59 1.6781737321656257e+59 1.6782118205556402e+59 1.6782626654499292e+59 1.6783059790900774e+59 1.6783315943420755e+59 1.6783436299353417e+59 1.6783867701216348e+59 1.6784319880436907e+59 1.6785008858644564e+59 1.6785524042981204e+59 1.6785958465269535e+59 1.6786343767202808e+59 1.6786686398607665e+59 1.6787004383942785e+59 1.6787292177303897e+59 1.6787538490954533e+59 1.678778994651336e+59 
