# time_axis
5.999999999999999 7.0 7.30102999566398 7.477121254719661 7.602059991327962 7.698970004336018 7.778151250383643 7.845098040014256 7.903089986991943 7.954242509439324 8.0 8.301029995663981 8.47712125471966 8.60205999132796 8.698970004336019 8.778151250383644 8.845098040014257 8.903089986991942 8.954242509439323 8.999999999999998 9.004321373782641 9.008600171761916 9.012837224705171 9.017033339298779 9.021189299069936 9.02530586526477 9.02938377768521 9.033423755486949 9.041392685158224 9.079181246047623 9.146128035678236 9.204119982655923 9.255272505103305 9.301029995663981 9.361727836017593 9.414973347970816 9.462397997898954 9.477121254719663 9.505149978319904 9.544068044350274 9.57978359661681 9.60205999132796 9.612783856719734 9.653212513775342 9.698970004336017 9.778151250383642 9.845098040014257 9.903089986991944 9.954242509439325 10.0 10.041392685158225 10.079181246047623 10.113943352306835 10.146128035678236 
# total_gas_mass_list
10.445757490560673 10.441826791844159 10.438132438728479 10.434618618776462 10.431318240500365 10.427947240938876 10.424644441465373 10.421533604797903 10.418507211572047 10.415566263286156 10.412712392261616 10.416815452957305 10.417235748749476 10.417444842443977 10.417577403724906 10.417671600409017 10.41774234580768 10.417798301275283 10.417843973687601 10.417882199018411 10.417885642540794 10.417889062479047 10.417892479175372 10.417895770747037 10.41789907630019 10.417902394908094 10.417905486734998 10.417908550534538 10.417914646950592 10.417943007569862 10.417989675623115 10.418026762334478 10.418057265739732 10.418082747638753 10.418113982542065 10.418139300428349 10.418160487551246 10.418166754404602 10.418178200170667 10.41819349355882 10.418206667809011 10.418214522089894 10.418218221766326 10.418231588804755 10.41824564264335 10.418267545236573 10.418284233823124 10.418298428642489 10.418310941080483 10.41832224491498 10.418332387503611 10.418341739099473 10.418349460599975 10.41835780176933 
# ejected_gas_mass_list
-10.0 -10.0 7.220931719196178 7.670528967385184 7.964143073205699 8.128795605374616 8.261878002862733 8.38774006406152 8.494273664928782 8.587002249031661 8.669346455894466 8.852817233642249 8.867958794618882 8.875304682916726 8.879900083841672 8.883137067724247 8.885552860331378 8.887454415231508 8.889000550106594 8.890290487583355 8.89040650904479 8.890521706134823 8.890636764424675 8.89074758113822 8.890858840959039 8.890970512369377 8.891074527517443 8.89117757593152 8.89138255340149 8.892334879603407 8.893897557875137 8.895135527115187 8.896151183690279 8.896997879083747 8.898033552222618 8.898871277469619 8.899571120486975 8.899777914819246 8.900155357226067 8.900659185183176 8.901092745978135 8.901351028566287 8.901472638283913 8.90191174278899 8.902372944822007 8.903090772538805 8.903636947210785 8.904100983788695 8.904509624191085 8.90487847294588 8.905209171499084 8.905513863650222 8.90576528822362 8.90603673179031 
# stellar_mass_list
-10.0 8.547842856620997 8.623759617172569 8.667633554285695 8.70059045657036 8.727677933067136 8.750987678568414 8.771731735767126 8.79048972789978 8.80768625868153 8.823614176964552 8.31039923933556 8.238611995270919 8.196693232544686 8.167494717631012 8.145278617296825 8.127479563199039 8.112695572117287 8.100105385439779 8.089160448823979 8.088137379642347 8.087141168506694 8.08615332633172 8.085181855544816 8.084211228548668 8.08324495082805 8.082291745710002 8.08135120627939 8.079521621392187 8.070925570998371 8.056100183562089 8.043701475719466 8.033027380809413 8.023748134102359 8.011793407694546 8.001550080418784 7.992652844490706 7.989890528587972 7.984799370482509 7.9777561622335575 7.971440502964134 7.967539016149457 7.965697263993339 7.958705315467752 7.951077199122358 7.938066763472292 7.927397637403133 7.918045062685332 7.909461771415081 7.901659639923554 7.894514927537567 7.887874425480356 7.881508380035469 7.87582287596017 
# remnant_mass_list
-10.0 -10.0 7.533026163353074 7.867982397144036 8.062907228327816 8.200311090863975 8.306182802789563 8.390771720319941 8.461342885925264 8.521749617381511 8.574441552749818 8.656281524011229 8.664911753236046 8.669344750522594 8.672187797489078 8.674223323408984 8.675777152993685 8.677017253917516 8.678037813337214 8.678899192624241 8.678978584404534 8.67905541723793 8.679131468513361 8.679205975176373 8.679280463198188 8.679354561339915 8.679427446122082 8.679499171963615 8.679637804913089 8.680281036972238 8.681357017815694 8.682224080749496 8.682948171176514 8.683559473791538 8.684322736587841 8.684956640196484 8.6854914629516 8.685655454816228 8.685951565869233 8.686355327602989 8.6867088648638 8.686923977034096 8.68702406199864 8.687401386591803 8.687799867545891 8.68845944086124 8.688978037410735 8.689425135285958 8.689835367259464 8.690204084619884 8.690537902450327 8.690845637288916 8.691142074606898 8.691398302919128 
# BH_mass_list
-10.0 -10.0 7.371509287799409 7.672539283463391 7.848630542519072 7.973569279127371 8.070469342697672 8.147804268733186 8.212480081678304 8.267914120975746 8.31630205633847 8.359142696396278 8.359142696396278 8.359142696396278 8.359142696396278 8.359142696396278 8.359142696396278 8.359142696396278 8.359142696396278 8.359142696396278 8.359142696396278 8.359142696396278 8.359142696396278 8.359142696396278 8.359142696396278 8.359142696396278 8.359142696396278 8.359142696396278 8.359142696396278 8.359142696396278 8.359142696396278 8.359142696396278 8.359142696396278 8.359142696396278 8.359142696396278 8.359142696396278 8.359142696396278 8.359142696396278 8.359142696396278 8.359142696396278 8.359142696396278 8.359142696396278 8.359142696396278 8.359142696396278 8.359142696396278 8.359142696396278 8.359142696396278 8.359142696396278 8.359142696396278 8.359142696396278 8.359142696396278 8.359142696396278 8.359142696396278 8.359142696396278 
# NS_mass_list
-10.0 -10.0 7.025201321894077 7.427155493880479 7.653355677792161 7.809113193606895 7.923511177414648 8.013008625559092 8.086435551330107 8.148600094000047 8.202494536499328 8.280752183362372 8.280752183362372 8.280752183362372 8.280752183362372 8.280752183362372 8.280752183362372 8.280752183362372 8.280752183362372 8.280752183362372 8.280752183362372 8.280752183362372 8.280752183362372 8.280752183362372 8.280752183362372 8.280752183362372 8.280752183362372 8.280752183362372 8.280752183362372 8.280752183362372 8.280752183362372 8.280752183362372 8.280752183362372 8.280752183362372 8.280752183362372 8.280752183362372 8.280752183362372 8.280752183362372 8.280752183362372 8.280752183362372 8.280752183362372 8.280752183362372 8.280752183362372 8.280752183362372 8.280752183362372 8.280752183362372 8.280752183362372 8.280752183362372 8.280752183362372 8.280752183362372 8.280752183362372 8.280752183362372 8.280752183362372 8.280752183362372 
# WD_mass_list
-10.0 -10.0 -10.0 -10.0 -10.0 4.866745826495221 5.963186530698599 6.366500078865516 6.619638109911273 6.802919920932958 6.944185856868578 7.527370669462418 7.63119721943478 7.67686365416273 7.704030135117485 7.722588521972076 7.736295565336522 7.746966741840496 7.755578389418252 7.762731634050287 7.763385751441584 7.7640179623066805 7.764642947103731 7.765254473332587 7.765865091669823 7.7664717670413586 7.767067783228894 7.7676536221566925 7.768783980201778 7.773995146991042 7.7825916768465175 7.7894124672892575 7.795037833441554 7.799738073493748 7.805545320817302 7.810317637848004 7.814308981463298 7.815526506439982 7.817717472688338 7.820689646558877 7.823277757901271 7.824846022291554 7.825574024649248 7.828309202174532 7.831181714895799 7.835900708887942 7.839580359253629 7.8427313519988875 7.845605377494659 7.848174723783209 7.850489706777241 7.852614496268135 7.854652911412358 7.8564082723248765 
