# time_axis
1000000 10000000 20000000 30000000 40000000 50000000 60000000 70000000 80000000 90000000 100000000 110000000 120000000 130000000 140000000 150000000 200000000 300000000 400000000 500000000 600000000 700000000 800000000 900000000 1000000000 1010000000 1020000000 1030000000 1040000000 1050000000 1060000000 1070000000 1080000000 1100000000 1200000000 1400000000 1600000000 1800000000 2000000000 2300000000 2600000000 2900000000 3000000000 3200000000 3500000000 3800000000 4000000000 4100000000 4500000000 5000000000 6000000000 7000000000 8000000000 9000000000 10000000000 11000000000 12000000000 13000000000 14000000000 
# SNIa_energy_release_list
0 0.0 0.0 0.0 0.0 0.0 1.1423808494818001e+55 5.277619475581383e+55 9.963803617552548e+55 1.4418295398539158e+56 1.8445887216351372e+56 2.204544424048599e+56 2.526955084403635e+56 2.8177383028016055e+56 3.0820962332801465e+56 3.3242750381578413e+56 4.3000939237081095e+56 5.609266564989483e+56 6.507673405962633e+56 7.192640491424637e+56 7.746447202646893e+56 8.211278482121175e+56 8.611873026080663e+56 8.963829650298246e+56 9.277709426675621e+56 9.307300129410746e+56 9.336613034446889e+56 9.365622600333135e+56 9.394346173072418e+56 9.42279145833131e+56 9.450951672618154e+56 9.478839021430123e+56 9.506464658962615e+56 9.560946715919093e+56 9.81900793581759e+56 1.0275056516883487e+57 1.0669091797185304e+57 1.1015990945598409e+57 1.132586489370254e+57 1.1736316278731912e+57 1.2095862071486111e+57 1.2415750372994277e+57 1.2515093504845594e+57 1.2703874496336621e+57 1.296595308807944e+57 1.3206360439290145e+57 1.3356229820666485e+57 1.3428358034456298e+57 1.3700231147422694e+57 1.4007716382474248e+57 1.4539507310248064e+57 1.4988814116384043e+57 1.5377805056017066e+57 1.5720895214814154e+57 1.602753084971742e+57 1.6304961266847993e+57 1.6558176507005276e+57 1.6791068340146755e+57 1.700665861163722e+57 
# SNII_energy_release_list
0 0.0 1.473606158203027e+55 7.134919885667352e+55 1.4310333963474043e+56 2.112308881916005e+56 2.6209805762194603e+56 2.824489671634233e+56 2.9059238223109584e+56 2.9385211087148704e+56 2.951572001862827e+56 2.9568000351880055e+56 2.958930198105158e+56 2.959814597088644e+56 2.9601947653058648e+56 2.960390389055883e+56 2.9605686184053627e+56 2.9605686184053627e+56 2.9605686184053627e+56 2.9605686184053627e+56 2.9605686184053627e+56 2.9605686184053627e+56 2.9605686184053627e+56 2.9605686184053627e+56 2.9605686184053627e+56 2.9605686184053627e+56 2.9605686184053627e+56 2.9605686184053627e+56 2.9605686184053627e+56 2.9605686184053627e+56 2.9605686184053627e+56 2.9605686184053627e+56 2.9605686184053627e+56 2.9605686184053627e+56 2.9605686184053627e+56 2.9605686184053627e+56 2.9605686184053627e+56 2.9605686184053627e+56 2.9605686184053627e+56 2.9605686184053627e+56 2.9605686184053627e+56 2.9605686184053627e+56 2.9605686184053627e+56 2.9605686184053627e+56 2.9605686184053627e+56 2.9605686184053627e+56 2.9605686184053627e+56 2.9605686184053627e+56 2.9605686184053627e+56 2.9605686184053627e+56 2.9605686184053627e+56 2.9605686184053627e+56 2.9605686184053627e+56 2.9605686184053627e+56 2.9605686184053627e+56 2.9605686184053627e+56 2.9605686184053627e+56 2.9605686184053627e+56 2.9605686184053627e+56 
# SN_energy_per_current_crossing_time_list
0.0 0.0 3.217598807184893e+55 1.1254189139295046e+56 1.3999261599403741e+56 1.3308548067828422e+56 1.008935186341006e+56 4.3427437209605397e+55 1.9786186416091248e+55 9.92429453720935e+54 5.704751144052549e+54 3.81708204286365e+54 2.9144333235892503e+54 2.4281422782999167e+54 2.1300003219869636e+54 1.9279934979026928e+54 1.5563939020472304e+54 1.0668261570667735e+54 7.46648665873819e+53 5.784349247724305e+53 4.740595230404803e+53 4.02614795984314e+53 3.506363957020281e+53 3.109901864294075e+53 2.7976287251735713e+53 2.6395837085580614e+53 2.6168936949666623e+53 2.591874835829213e+53 2.568369765777768e+53 2.545523725911328e+53 2.5220420243709248e+53 2.499619714465374e+53 2.4781191976315603e+53 2.4473055518767957e+53 2.3355447960912783e+53 2.091492125500256e+53 1.828550071086344e+53 1.6269945059528961e+53 1.4672991323280052e+53 1.3123138166985635e+53 1.1626947195758762e+53 1.0450232904589996e+53 9.768537245835596e+52 9.336479119650325e+52 8.714717860446944e+52 8.054565872250047e+52 7.567294730950233e+52 7.299471861575645e+52 6.937736649552373e+52 6.33462549888663e+52 5.565255106188553e+52 4.763286640935017e+52 4.171186667749352e+52 3.7181300304127467e+52 3.3569139820007054e+52 3.0637473002295004e+52 2.82084025228338e+52 2.615309871342242e+52 2.4388285797843503e+52 
# SN_energy_per_final_crossing_time_list
0.0 0.0 4.4453122912282504e+55 1.707804175295057e+56 2.1645509702282116e+56 2.055150402875384e+56 1.5473930539796768e+56 6.606891396310257e+55 2.986676924147897e+55 1.4872436789605105e+55 8.493106032407002e+54 5.649038034676624e+54 4.28980577474944e+54 3.556225823022744e+54 3.105186864585325e+54 2.7986191633195035e+54 2.218510318120957e+54 1.4809794669097471e+54 1.0163075842390213e+54 7.748574611865983e+53 6.264845002827273e+53 5.258325439836601e+53 4.531658204982127e+53 3.981449942300447e+53 3.550712024031789e+53 3.347398332373973e+53 3.315972936274818e+53 3.2816582066243036e+53 3.2493057142970202e+53 3.2178249125016724e+53 3.185576739655328e+53 3.1547092930885465e+53 3.125103646060503e+53 3.0815953955690588e+53 2.9192740195157777e+53 2.579486322792611e+53 2.228728820646034e+53 1.9621190501867363e+53 1.752698383703231e+53 1.5477206856339615e+53 1.3557670437352635e+53 1.2062274836789239e+53 1.1238024215531517e+53 1.067776561032599e+53 9.882399536138612e+52 9.065225359652391e+52 8.476860481883683e+52 8.159382516811149e+52 7.688796825030943e+52 6.956749707869957e+52 6.015795166259022e+52 5.082707453914587e+52 4.400394388371717e+52 3.881149547854734e+52 3.4687638955705253e+52 3.1383847959460416e+52 2.864454691128483e+52 2.6345495774791094e+52 2.4388285797843503e+52 
# total_energy_release_list
0 0 1.473606158203027e+55 7.134919885667352e+55 1.4310333963474043e+56 2.112308881916005e+56 2.73521866116764e+56 3.3522516191923714e+56 3.9023041840662133e+56 4.380350648568787e+56 4.796160723497964e+56 5.161344459236605e+56 5.485885282508793e+56 5.77755289989025e+56 6.042290998586012e+56 6.284665427213724e+56 7.260662542113472e+56 8.569835183394845e+56 9.468242024367995e+56 1.0153209109829999e+57 1.0707015821052255e+57 1.1171847100526537e+57 1.1572441644486026e+57 1.192439826870361e+57 1.2238278045080984e+57 1.2267868747816109e+57 1.2297181652852252e+57 1.2326191218738498e+57 1.2354914791477781e+57 1.2383360076736673e+57 1.2411520291023517e+57 1.2439407639835485e+57 1.2467033277367978e+57 1.2521515334324456e+57 1.2779576554222952e+57 1.323562513528885e+57 1.3629660415590667e+57 1.3976559564003771e+57 1.4286433512107903e+57 1.4696884897137275e+57 1.5056430689891474e+57 1.537631899139964e+57 1.5475662123250957e+57 1.5664443114741984e+57 1.59265217064848e+57 1.6166929057695508e+57 1.631679843907185e+57 1.638892665286166e+57 1.6660799765828055e+57 1.6968285000879612e+57 1.750007592865343e+57 1.7949382734789406e+57 1.833837367442243e+57 1.8681463833219515e+57 1.8988099468122785e+57 1.9265529885253354e+57 1.951874512541064e+57 1.9751636958552116e+57 1.996722723004258e+57 
# binding_energy_list
8.85115609830841e+54 8.85115609830841e+54 8.85115609830841e+54 8.830799004185586e+54 8.810488730080146e+54 8.790225168308896e+54 8.770008211436303e+54 8.749837752274363e+54 8.749837752274363e+54 8.729713683881166e+54 8.709635899560761e+54 8.68960429286302e+54 8.68960429286302e+54 8.669618757582214e+54 8.669618757582214e+54 8.649679187756885e+54 8.609937521846052e+54 8.531001140175843e+54 8.472274141405911e+54 8.413951416451895e+54 8.375292821268861e+54 8.336811846196331e+54 8.298507675144166e+54 8.260379495771817e+54 8.241381150129963e+54 8.241381150129963e+54 8.222426499470695e+54 8.222426499470695e+54 8.222426499470695e+54 8.222426499470695e+54 8.222426499470695e+54 8.222426499470695e+54 8.222426499470695e+54 8.20351544329821e+54 8.184647881347836e+54 8.128305161640929e+54 8.090958991783846e+54 8.053784411990643e+54 8.016780633876855e+54 7.979946872679785e+54 7.94328234724279e+54 7.90678627999831e+54 7.888601176185516e+54 7.870457896951001e+54 7.852356346100775e+54 7.816278045883308e+54 7.798301105232642e+54 7.798301105232642e+54 7.762471166286928e+54 7.744617978025239e+54 7.691304402866145e+54 7.655966069112569e+54 7.620790100254084e+54 7.585775750291883e+54 7.550922276654341e+54 7.516228940182015e+54 7.498942093324558e+54 7.464487584100623e+54 7.447319739059888e+54 
# total_gas_kinetic_energy_list
1.5237098334911527e+59 4.26964313563181e+59 1.708086182147571e+59 6.832930349598434e+58 2.7340398039663897e+58 1.094496766369213e+58 4.386387949035908e+57 1.7626591710003818e+57 7.128727425026242e+56 2.9265397897067007e+56 1.2417443139316812e+56 5.636481376260093e+55 2.8846785411466884e+55 1.7485158575374078e+55 1.2626401162000052e+55 1.0401017811820415e+55 3.3846917065430823e+55 7.040515560226489e+55 9.881682313804268e+55 1.2191027787071696e+56 1.4147251125598299e+56 1.5850109859882067e+56 1.7386981889635945e+56 1.8789786173059725e+56 2.0091765217256265e+56 2.021457687869962e+56 2.033552325600689e+56 2.0456004453789936e+56 2.057681698830296e+56 2.0698216465035207e+56 2.0820335461389888e+56 2.0942857306354473e+56 2.106297283457302e+56 2.129226528739007e+56 2.24164573480264e+56 2.4472029465838e+56 2.630237981888931e+56 2.7962130752836667e+56 2.946413173859751e+56 3.1462076857493346e+56 3.3238654433715856e+56 3.4825286620127154e+56 3.534296809452372e+56 3.6263408606640554e+56 3.757573632605714e+56 3.872543806357489e+56 3.943580861962762e+56 3.97569385886354e+56 4.103134802987247e+56 4.236078565520417e+56 4.460795421671295e+56 4.640488878393745e+56 4.800543412511069e+56 4.950356237347203e+56 5.094995336180652e+56 5.219904529400871e+56 5.3456389929766775e+56 5.462086047180837e+56 5.568791817775025e+56 
