# time_axis
5.999999999999999 7.0 7.30102999566398 7.477121254719661 7.602059991327962 7.698970004336018 7.778151250383643 7.845098040014256 7.903089986991943 7.954242509439324 8.0 8.041392685158224 8.079181246047623 8.113943352306837 8.146128035678238 8.176091259055681 8.301029995663981 8.47712125471966 8.60205999132796 8.698970004336019 8.778151250383644 8.845098040014257 8.903089986991942 8.954242509439323 8.999999999999998 9.004321373782641 9.008600171761916 9.012837224705171 9.017033339298779 9.021189299069936 9.02530586526477 9.02938377768521 9.033423755486949 9.041392685158224 9.079181246047623 9.146128035678236 9.204119982655923 9.255272505103305 9.301029995663981 9.361727836017593 9.414973347970816 9.462397997898954 9.477121254719663 9.505149978319904 9.544068044350274 9.57978359661681 9.60205999132796 9.612783856719734 9.653212513775342 9.698970004336017 9.778151250383642 9.845098040014257 9.903089986991944 9.954242509439325 10.0 10.041392685158225 10.079181246047623 10.113943352306835 10.146128035678236 
# total_gas_mass_list
10.425925345093205 10.873514803913123 10.475633403665883 10.07773652510299 9.679961972631808 9.282415618592701 8.885356492561407 8.48947594571086 8.096352730459865 7.709594364577356 7.3367707185776885 6.992352712150161 6.698627032373627 6.477056455886999 6.331265327914777 6.243474471966946 6.751317319424949 7.0643215426763755 7.210473947997671 7.3036533774609635 7.370707435430828 7.422172666361132 7.463701516639722 7.498196873770444 7.527764351872516 7.5304455832523525 7.533066934395339 7.5356616286742115 7.538246877884492 7.540828197230127 7.543407590563341 7.545978758126606 7.548482204980617 7.5532239871709015 7.575695003011087 7.6137494470205445 7.644762234537021 7.670853359114228 7.693050696989492 7.720800334145514 7.74401162519573 7.763665778621916 7.769906649089501 7.7806862643350065 7.795618444579728 7.808266802761681 7.815888658084649 7.819290539560171 7.83249744111184 7.845827035644104 7.8673538593277454 7.883751347421025 7.897844475640895 7.910624736267694 7.92260629982385 7.932697744629605 7.942597211318956 7.951603940196149 7.959680270496289 
# ejected_gas_mass_list
-10.0 -10.0 5.431584202434814 6.163704569124326 6.515977873542916 6.700425605331553 6.817759049454054 6.904885504473219 6.973594228244536 7.029889908352012 7.076739370194676 7.116340578506305 7.1503826510466215 7.180095979796789 7.206376163609032 7.229871601902325 7.319442393719756 7.428491369898019 7.4977789627302025 7.54835051791718 7.58778011123914 7.6197218959006925 7.646529488409717 7.6694787826503195 7.689629280543292 7.691478063593371 7.693288979496529 7.695084804113293 7.696877373237304 7.6986704780612865 7.700465491941182 7.702258004193404 7.704006388780135 7.7073263227125315 7.723205950406641 7.750638863457664 7.773483162470745 7.793029831176844 7.809888137513751 7.831250227361922 7.8493562179823835 7.864851630542885 7.869802774624946 7.87838911003429 7.8903540807374934 7.900552407092682 7.906725479984161 7.909487346865152 7.92024785928377 7.931169207318611 7.94893291127581 7.962565819998438 7.974351439452742 7.985092739007187 7.995208126806207 8.003761224791395 8.01218081314245 8.019865858695194 8.026776789254043 
# stellar_mass_list
-10.0 8.204076595476849 8.76888394208805 8.84501283162512 8.858339628515052 8.855479660771127 8.848466535155984 8.840973850646341 8.834056510412712 8.827914422960832 8.8224912550518 8.817670458961697 8.813342169742409 8.80941630693092 8.805822907508864 8.802507913444847 8.788858749887448 8.769813670887016 8.756175130835302 8.745438074326977 8.73652091013395 8.728878717699258 8.722153072019363 8.716147987939078 8.710676123256208 8.71016363247251 8.709661823797505 8.709162202740337 8.708661705055873 8.708159222082962 8.707654326255142 8.707148435585141 8.706652853970049 8.705709601814563 8.70111961900645 8.69283312154896 8.68551910627978 8.678928202677607 8.672987730186893 8.664993520023065 8.65778906465921 8.65127201165549 8.649138366240665 8.64529639326311 8.639689631032732 8.634576043767437 8.63131135604289 8.629809014821594 8.623654436819587 8.616891162892511 8.60448465406576 8.593857649879828 8.584566456976093 8.576030371378923 8.567923844823477 8.561006479145778 8.554071377550178 8.547834657515356 8.542118162657873 
# remnant_mass_list
-10.0 -10.0 6.600576966303484 7.232593179840129 7.44879576262586 7.5579501041037345 7.623519273034148 7.667396827375478 7.699425489237723 7.724314654670849 7.744550215110508 7.761560012669967 7.776209205429008 7.789060741364858 7.800498906239185 7.810793610226409 7.850729420925763 7.900867264051476 7.933349764491318 7.9571744972678795 7.975903413140923 7.9912487470932625 8.004249504493815 8.01547950430306 8.02541804061347 8.026334662063086 8.027229666706264 8.028118627804515 8.029007066469514 8.029896914539504 8.030789025102655 8.031680875587261 8.032552219541095 8.03420364834928 8.042133217056033 8.05600673256345 8.06780161555151 8.078088070321085 8.087092198570387 8.098828949391866 8.109051622350439 8.11802141994992 8.1209045403013 8.126024521795683 8.133349445545827 8.139877187001312 8.143971612481483 8.145836142066694 8.153359597865572 8.16140356210077 8.175600975591399 8.18720968333184 8.196965910504863 8.205626396904975 8.213596730089215 8.220200120443005 8.22665711057312 8.232320829773615 8.23739729404016 
# BH_mass_list
-10.0 -10.0 6.330267426730962 6.910368958824209 7.022589648303392 7.060451747890975 7.074723626291252 7.0803086226519065 7.0825243162889056 7.083389315807698 7.083720420479273 7.083842218207435 7.083878310984425 7.08388559232407 7.083889294696627 7.083891517528313 7.083893106490437 7.083893106490437 7.083893106490437 7.083893106490437 7.083893106490437 7.083893106490437 7.083893106490437 7.083893106490437 7.083893106490437 7.083893106490437 7.083893106490437 7.083893106490437 7.083893106490437 7.083893106490437 7.083893106490437 7.083893106490437 7.083893106490437 7.083893106490437 7.083893106490437 7.083893106490437 7.083893106490437 7.083893106490437 7.083893106490437 7.083893106490437 7.083893106490437 7.083893106490437 7.083893106490437 7.083893106490437 7.083893106490437 7.083893106490437 7.083893106490437 7.083893106490437 7.083893106490437 7.083893106490437 7.083893106490437 7.083893106490437 7.083893106490437 7.083893106490437 7.083893106490437 7.083893106490437 7.083893106490437 7.083893106490437 7.083893106490437 
# NS_mass_list
-10.0 -10.0 6.2664869134366095 6.951771048654126 7.244818146944416 7.390716867019209 7.466629935953855 7.493638176348574 7.503992009381471 7.508063089182702 7.509674898326556 7.5103117052865995 7.510562915611493 7.5106595277289845 7.510696218178788 7.5107124741560565 7.5107251252243294 7.5107251252243294 7.5107251252243294 7.5107251252243294 7.5107251252243294 7.5107251252243294 7.5107251252243294 7.5107251252243294 7.5107251252243294 7.5107251252243294 7.5107251252243294 7.5107251252243294 7.5107251252243294 7.5107251252243294 7.5107251252243294 7.5107251252243294 7.5107251252243294 7.5107251252243294 7.5107251252243294 7.5107251252243294 7.5107251252243294 7.5107251252243294 7.5107251252243294 7.5107251252243294 7.5107251252243294 7.5107251252243294 7.5107251252243294 7.5107251252243294 7.5107251252243294 7.5107251252243294 7.5107251252243294 7.5107251252243294 7.5107251252243294 7.5107251252243294 7.5107251252243294 7.5107251252243294 7.5107251252243294 7.5107251252243294 7.5107251252243294 7.5107251252243294 7.5107251252243294 7.5107251252243294 7.5107251252243294 
# WD_mass_list
-10.0 -10.0 -10.0 -10.0 -10.0 4.74591517891178 5.936859210485854 6.5184978468972075 6.781392491498594 6.938145689843921 7.044212394506888 7.121854748104646 7.181857035401079 7.230118089132165 7.270123803157823 7.3040629361449385 7.421097600806453 7.544654106279816 7.615197455892744 7.663374063012763 7.6994763728396185 7.728035239100587 7.751578886973204 7.77147156089116 7.788755334536871 7.790334839959326 7.791874775330325 7.793402054191455 7.794926198275162 7.796450529487921 7.797976506483196 7.799499817891089 7.800985969571193 7.803796872660155 7.817190953228082 7.840232534788633 7.8594516602949 7.875951995489095 7.890206135692878 7.9085343106894275 7.924277228631258 7.9379295224480995 7.942286813395823 7.949988609814434 7.960928804473243 7.970602793087875 7.976635280870163 7.9793735011293085 7.990367072299131 8.002025728026423 8.02237233926901 8.038800532687683 8.052469195939693 8.064501434356027 8.075493644015866 8.084543530564915 8.093344114411472 8.101024864102188 8.107879214798261 
