# time_axis
1000000 10000000 20000000 30000000 40000000 50000000 60000000 70000000 80000000 90000000 100000000 200000000 300000000 400000000 500000000 600000000 700000000 800000000 900000000 1000000000 1010000000 1020000000 1030000000 1040000000 1050000000 1060000000 1070000000 1080000000 1100000000 1200000000 1400000000 1600000000 1800000000 2000000000 2300000000 2600000000 2900000000 3000000000 3200000000 3500000000 3800000000 4000000000 4100000000 4500000000 5000000000 6000000000 7000000000 8000000000 9000000000 10000000000 11000000000 12000000000 13000000000 14000000000 
# SNIa_energy_release_list
0 0.0 0.0 0.0 0.0 0.0 3.556464664606907e+55 1.0018772547240102e+56 1.8937942663933008e+56 2.99853309568532e+56 4.290994706464115e+56 1.1502768593580462e+57 1.5206226882754289e+57 1.7722193619624428e+57 1.9630828326536333e+57 2.116924424273717e+57 2.245805809902511e+57 2.356705741016127e+57 2.454037429190666e+57 2.540765088748956e+57 2.548939250118516e+57 2.5570311169544085e+57 2.5650412824586785e+57 2.5729734650162705e+57 2.5808283360424003e+57 2.588603731198772e+57 2.596304482025638e+57 2.603931323872734e+57 2.6189693975006502e+57 2.690179695338388e+57 2.815954487887004e+57 2.924552447015828e+57 3.020106208429046e+57 3.105420511341819e+57 3.218391089395752e+57 3.317312022903021e+57 3.4052959751202455e+57 3.4326002208344e+57 3.484523905712745e+57 3.556581193275961e+57 3.622666138129245e+57 3.663856358188041e+57 3.683681764725533e+57 3.758396411813305e+57 3.842887235868472e+57 3.9889913017886285e+57 4.112394496508277e+57 4.219235631501401e+57 4.313440512588904e+57 4.397650190207053e+57 4.473830660120571e+57 4.5433512479039685e+57 4.607292208282551e+57 4.666480593098576e+57 
# SNII_energy_release_list
0 -2.483291790914152e+55 8.892375338103214e+55 2.4590983960197907e+56 4.254940151858581e+56 6.193429225519573e+56 8.380247478271981e+56 9.181169839031237e+56 9.54979805048276e+56 9.69244536830496e+56 9.69244536830496e+56 9.69244536830496e+56 9.69244536830496e+56 9.69244536830496e+56 9.69244536830496e+56 9.69244536830496e+56 9.69244536830496e+56 9.69244536830496e+56 9.69244536830496e+56 9.69244536830496e+56 9.69244536830496e+56 9.69244536830496e+56 9.69244536830496e+56 9.69244536830496e+56 9.69244536830496e+56 9.69244536830496e+56 9.69244536830496e+56 9.69244536830496e+56 9.69244536830496e+56 9.69244536830496e+56 9.69244536830496e+56 9.69244536830496e+56 9.69244536830496e+56 9.69244536830496e+56 9.69244536830496e+56 9.69244536830496e+56 9.69244536830496e+56 9.69244536830496e+56 9.69244536830496e+56 9.69244536830496e+56 9.69244536830496e+56 9.69244536830496e+56 9.69244536830496e+56 9.69244536830496e+56 9.69244536830496e+56 9.69244536830496e+56 9.69244536830496e+56 9.69244536830496e+56 9.69244536830496e+56 9.69244536830496e+56 9.69244536830496e+56 9.69244536830496e+56 9.69244536830496e+56 9.69244536830496e+56 
# SN_energy_per_current_crossing_time_list
0.0 -1.7880853444389278e+55 6.869418148246898e+55 9.549057115645117e+55 1.1287646475600762e+56 1.2702888249195314e+56 2.3687141598692138e+56 1.0593701553900745e+56 5.619888070655494e+55 2.7197474098854136e+55 7.457827267644682e+54 4.935634745204587e+54 2.689076572144174e+54 1.8884794243758883e+54 1.4647760988038445e+54 1.2000343744149063e+54 1.0179572458201538e+54 8.84801605782024e+53 7.830432723198167e+53 7.026736741163718e+53 6.62705271934069e+53 6.564503911102844e+53 6.502299937508668e+53 6.442899606096254e+53 6.383974705858085e+53 6.323234707215778e+53 6.2662901693542346e+53 6.209819846668957e+53 6.12909960775792e+53 5.83552613743738e+53 5.199494532921468e+53 4.521531582703743e+53 4.00225164236603e+53 3.591341355308912e+53 3.1900171323222764e+53 2.807645585054073e+53 2.507966485561901e+53 2.337972789017953e+53 2.228240345220215e+53 2.068130735021993e+53 1.9018931325243148e+53 1.7811189773106903e+53 1.715866963495678e+53 1.6212822829102674e+53 1.4710888205675706e+53 1.2780083327441035e+53 1.0834461456270383e+53 9.410045205341891e+52 8.320378699669035e+52 7.457599555165286e+52 6.760934686591898e+52 6.183396962109939e+52 5.696184025252285e+52 5.282906268490312e+52 
# SN_energy_per_final_crossing_time_list
0.0 -6.567353480029549e+55 2.7075845312530728e+56 3.7365113962376757e+56 4.274380837220826e+56 4.61390349270969e+56 5.2367088135764205e+56 1.963998803419178e+56 9.570008573220839e+55 4.3812699660160435e+55 1.1535968698233317e+55 6.436926027565349e+54 3.305551092800236e+54 2.24564608188565e+54 1.7035670577503833e+54 1.3731253374297826e+54 1.1503410375978809e+54 9.898461380156729e+53 8.68741708661754e+53 7.740946095355224e+53 7.295912614126388e+53 7.222459974875786e+53 7.149536802817924e+53 7.079932504758684e+53 7.0109274836790495e+53 6.939990665274281e+53 6.873366276472141e+53 6.807398229914149e+53 6.711175991866952e+53 6.355931657831052e+53 5.613064472349506e+53 4.8464985217133216e+53 4.264363411138898e+53 3.807397913042454e+53 3.361092872141411e+53 2.943088813426506e+53 2.6176924979436755e+53 2.4370621244027185e+53 2.317244854539955e+53 2.1438434660300977e+53 1.9661547362906045e+53 1.8382328933750614e+53 1.769532397240377e+53 1.667178782944164e+53 1.5082591133999244e+53 1.304063437616496e+53 1.1014450097980582e+53 9.536190310687329e+52 8.40833143811048e+52 7.516201618599024e+52 6.799548311609105e+52 6.205115245696144e+52 5.707101172760175e+52 5.282906268490312e+52 
# total_energy_release_list
0 -2.483291790914152e+55 8.892375338103214e+55 2.4590983960197907e+56 4.254940151858581e+56 6.193429225519573e+56 8.735893944732672e+56 1.0183047093755247e+57 1.1443592316876061e+57 1.269097846399028e+57 1.3983440074769076e+57 2.1195213961885424e+57 2.4898672251059248e+57 2.7414638987929387e+57 2.9323273694841296e+57 3.086168961104213e+57 3.215050346733007e+57 3.325950277846623e+57 3.423281966021162e+57 3.510009625579452e+57 3.518183786949012e+57 3.526275653784905e+57 3.534285819289175e+57 3.542218001846766e+57 3.5500728728728965e+57 3.557848268029268e+57 3.565549018856134e+57 3.57317586070323e+57 3.5882139343311464e+57 3.659424232168884e+57 3.7851990247175e+57 3.893796983846324e+57 3.989350745259542e+57 4.074665048172315e+57 4.187635626226248e+57 4.286556559733517e+57 4.374540511950742e+57 4.401844757664896e+57 4.453768442543241e+57 4.5258257301064575e+57 4.591910674959741e+57 4.6331008950185375e+57 4.6529263015560294e+57 4.727640948643801e+57 4.812131772698968e+57 4.958235838619125e+57 5.081639033338773e+57 5.188480168331897e+57 5.2826850494194004e+57 5.366894727037549e+57 5.443075196951067e+57 5.512595784734465e+57 5.5765367451130474e+57 5.635725129929072e+57 
# binding_energy_list
1.1939881044642683e+59 1.1939881044642683e+59 1.1508003889444355e+59 1.0814339512979354e+59 1.0115794542599044e+59 9.462371613657911e+58 8.072350302488316e+58 7.362070974947316e+58 7.046930689671453e+58 6.839116472814306e+58 6.698846094165273e+58 6.123503917247721e+58 5.94292158615574e+58 5.847900841444847e+58 5.780960474057187e+58 5.727960309858328e+58 5.688529308438448e+58 5.662392890382534e+58 5.636376558259514e+58 5.623413251903491e+58 5.610479760324735e+58 5.610479760324735e+58 5.610479760324735e+58 5.610479760324735e+58 5.610479760324735e+58 5.610479760324735e+58 5.610479760324735e+58 5.610479760324735e+58 5.59757601495107e+58 5.584701947368307e+58 5.559042572704003e+58 5.546257129579105e+58 5.52077439280754e+58 5.50807696405403e+58 5.49540873857627e+58 5.482769649208503e+58 5.47015962893971e+58 5.47015962893971e+58 5.457578610912733e+58 5.457578610912733e+58 5.445026528424176e+58 5.445026528424176e+58 5.445026528424176e+58 5.432503314924325e+58 5.42000890401626e+58 5.407543229455771e+58 5.407543229455771e+58 5.395106225151268e+58 5.395106225151268e+58 5.382697825162904e+58 5.382697825162904e+58 5.370317963702489e+58 5.370317963702489e+58 5.370317963702489e+58 
# total_gas_kinetic_energy_list
2.6961123658764366e+59 2.6799177519016842e+59 2.6645735654888707e+59 2.6501645912780287e+59 2.6361087650497047e+59 2.622072140013125e+59 2.625481165675619e+59 2.627311440133003e+59 2.6281635101142674e+59 2.628712862320493e+59 2.629124805641113e+59 2.6308635644341486e+59 2.631456553333364e+59 2.631779806786616e+59 2.631986164731896e+59 2.632132328545651e+59 2.6322410729465112e+59 2.632328355547507e+59 2.6324002820608986e+59 2.63246094812522e+59 2.6324665080078806e+59 2.6324719437271087e+59 2.6324773036766524e+59 2.6324824817536965e+59 2.6324876627503724e+59 2.6324929075451187e+59 2.6324980499392007e+59 2.6325031351760967e+59 2.632512965844719e+59 2.632558113841234e+59 2.632633319683089e+59 2.632693144024842e+59 2.6327429346736176e+59 2.6327845297531787e+59 2.6328347996966305e+59 2.632875936256817e+59 2.6329098515180473e+59 2.6329201454938957e+59 2.6329382642070095e+59 2.63296301263746e+59 2.632983335429052e+59 2.6329956011362357e+59 2.633001264279316e+59 2.633021967639864e+59 2.6330427175243702e+59 2.6330745258177503e+59 2.6330981978876694e+59 2.6331181930227255e+59 2.6331358363182676e+59 2.6331532296916218e+59 2.633166481894791e+59 2.633180521254821e+59 2.6331903646125383e+59 2.6332030444146628e+59 
