# time_axis
5.999999999999999 7.0 7.30102999566398 7.477121254719661 7.602059991327962 7.698970004336018 7.778151250383643 7.845098040014256 7.903089986991943 7.954242509439324 8.0 8.301029995663981 8.47712125471966 8.60205999132796 8.698970004336019 8.778151250383644 8.845098040014257 8.903089986991942 8.954242509439323 8.999999999999998 9.004321373782641 9.008600171761916 9.012837224705171 9.017033339298779 9.021189299069936 9.02530586526477 9.02938377768521 9.033423755486949 9.041392685158224 9.079181246047623 9.146128035678236 9.204119982655923 9.255272505103305 9.301029995663981 9.361727836017593 9.414973347970816 9.462397997898954 9.477121254719663 9.505149978319904 9.544068044350274 9.57978359661681 9.60205999132796 9.612783856719734 9.653212513775342 9.698970004336017 9.778151250383642 9.845098040014257 9.903089986991944 9.954242509439325 10.0 10.041392685158225 10.079181246047623 10.113943352306835 10.146128035678236 
# total_gas_mass_list
10.621848749616355 10.619232240642962 10.616780285680427 10.614485835618359 10.612266749257982 10.610082694457198 10.610774163631733 10.611149675544297 10.611324328393705 10.611435680864274 10.611515531266551 10.611827406882067 10.61193146966821 10.611988641595724 10.612026398694354 10.612053827934206 10.612074607432236 10.612091272420487 10.612104948512764 10.612116467521991 10.612117521258659 10.612118555582768 10.612119578125514 10.612120561582262 10.612121547385385 10.612122539462277 10.612123512299547 10.612124472399504 10.61212634365476 10.61213491442956 10.612149163927848 10.612160478678238 10.612169885930207 10.612177726992305 10.612187271495849 10.612195115473106 10.612201616148713 10.612203582848949 10.612207091013278 10.612211859062793 10.612215847125402 10.612218270571553 10.612219389607768 10.612223507298005 10.612227684014757 10.612234207390754 10.612239174695825 10.61224339749972 10.61224711523388 10.612250754440606 10.612253528359972 10.612256463678904 10.612258341468634 10.612261003773645 
# ejected_gas_mass_list
-10.0 -10.0 7.220931719196178 7.697092633393366 7.959955429833198 8.13657740336164 8.305094581901447 8.375083123479945 8.404170509430918 8.421753319633945 8.433940176710594 8.478529153103212 8.49245003352715 8.499913758871765 8.50477402418016 8.508271301321702 8.510902246700239 8.513000877137422 8.514715630239175 8.516154728526013 8.516286138597511 8.516415089406436 8.516542534090714 8.516665072300205 8.516787868456253 8.516911411340473 8.51703252447831 8.51715201904792 8.517384822821414 8.518449537947285 8.52021398873772 8.521609995813865 8.522767277801314 8.523729554998509 8.524898036700673 8.52585600339722 8.52664833072125 8.526887757498546 8.527314517895059 8.5278938745545 8.52837786849783 8.528671718454499 8.528807338361487 8.52930601430834 8.529811259231785 8.53059920815019 8.531198252201378 8.531706867729001 8.532154161710276 8.532591565739466 8.532924675871506 8.5332768922082 8.533502064463981 8.533821112359213 
# stellar_mass_list
-10.0 8.547842856620997 8.623759617172569 8.667633554285695 8.70059045657036 8.727677933067136 8.323387308255144 8.231830795168312 8.180996909489746 8.14506265219809 8.117190028828363 7.982061711889306 7.922504145534015 7.885034274001792 7.8580865578604095 7.837229608681382 7.8203360044339725 7.806194935367903 7.794077609853625 7.7834994452905795 7.782509661141325 7.781538157896114 7.78058481196343 7.779650036937413 7.778716085652746 7.777779305553109 7.776844440720782 7.775926853408241 7.77414461059817 7.765797259306341 7.751326296896928 7.7391969297329934 7.728690856465076 7.719575530921092 7.707850246682952 7.697744065040907 7.688960403726285 7.686165712046874 7.6811925482237715 7.674141519687699 7.667927922781131 7.664030892554533 7.662272150231497 7.65519881123584 7.647721505676303 7.634689657014264 7.624033352937059 7.614731354428734 7.606184821118276 7.5980796267296915 7.591153024349363 7.584218485413921 7.5779726516104375 7.572256560983972 
# remnant_mass_list
-10.0 -10.0 7.533026163353074 7.867982397144036 8.062907228327816 8.200311090863975 8.306190803636769 8.327601940147737 8.33792912064021 8.344522320742051 8.349212893697095 8.368272579554684 8.374996110231397 8.378775091687624 8.381292974360157 8.383132483254498 8.384554778780943 8.385700146795195 8.386649489457252 8.387454582479348 8.387528858895918 8.387601455778062 8.387672382177136 8.387741612948881 8.387810808098019 8.387880310344821 8.387949658056641 8.388017446641502 8.388148234723783 8.38875260017566 8.389769387975512 8.390590534209153 8.391281376354474 8.391862743951904 8.392586685982641 8.393192365502456 8.39370351777648 8.393865547023955 8.394144165667704 8.394537253466817 8.394872847929694 8.395081511961441 8.395172335742915 8.395544981557922 8.395920461598992 8.396561874436678 8.39706360926689 8.397493069822165 8.397887699426825 8.398265460811116 8.398573285803552 8.398890660088714 8.39916902570171 8.39941846987641 
# BH_mass_list
-10.0 -10.0 7.371509287799409 7.672539283463391 7.848630542519072 7.973569279127371 8.070479292135428 8.070479292135428 8.070479292135428 8.070479292135428 8.070479292135428 8.070479292135428 8.070479292135428 8.070479292135428 8.070479292135428 8.070479292135428 8.070479292135428 8.070479292135428 8.070479292135428 8.070479292135428 8.070479292135428 8.070479292135428 8.070479292135428 8.070479292135428 8.070479292135428 8.070479292135428 8.070479292135428 8.070479292135428 8.070479292135428 8.070479292135428 8.070479292135428 8.070479292135428 8.070479292135428 8.070479292135428 8.070479292135428 8.070479292135428 8.070479292135428 8.070479292135428 8.070479292135428 8.070479292135428 8.070479292135428 8.070479292135428 8.070479292135428 8.070479292135428 8.070479292135428 8.070479292135428 8.070479292135428 8.070479292135428 8.070479292135428 8.070479292135428 8.070479292135428 8.070479292135428 8.070479292135428 8.070479292135428 
# NS_mass_list
-10.0 -10.0 7.025201321894077 7.427155493880479 7.653355677792161 7.809113193606895 7.9235165326626165 7.966958062519885 7.982048269785746 7.987194219410778 7.987194219410778 7.987194219410778 7.987194219410778 7.987194219410778 7.987194219410778 7.987194219410778 7.987194219410778 7.987194219410778 7.987194219410778 7.987194219410778 7.987194219410778 7.987194219410778 7.987194219410778 7.987194219410778 7.987194219410778 7.987194219410778 7.987194219410778 7.987194219410778 7.987194219410778 7.987194219410778 7.987194219410778 7.987194219410778 7.987194219410778 7.987194219410778 7.987194219410778 7.987194219410778 7.987194219410778 7.987194219410778 7.987194219410778 7.987194219410778 7.987194219410778 7.987194219410778 7.987194219410778 7.987194219410778 7.987194219410778 7.987194219410778 7.987194219410778 7.987194219410778 7.987194219410778 7.987194219410778 7.987194219410778 7.987194219410778 7.987194219410778 7.987194219410778 
# WD_mass_list
-10.0 -10.0 -10.0 -10.0 -10.0 4.866745826495221 5.963186530698599 6.366500078865516 6.619638109911273 6.802930233863616 6.942149079347815 7.273658827884223 7.350661725457466 7.3890555755658855 7.413042033869372 7.429847216083286 7.442455817043439 7.452378882194717 7.46045448521777 7.467200793065277 7.467818571786548 7.468421635209896 7.469010111438427 7.46958384355527 7.470156615318504 7.470731261379259 7.471303964402972 7.471863150716238 7.472940233813688 7.477887144230719 7.4860999471812795 7.492634699189315 7.498066718254929 7.502592476515287 7.508171313558036 7.512791388824084 7.516657482690107 7.517876782972625 7.519966526380849 7.522900094333085 7.525391093937925 7.526933725244006 7.527603698935845 7.530343258336812 7.53308864120282 7.53774407780295 7.541355977963294 7.544427185408305 7.54723293717735 7.549904250784686 7.552070634423015 7.554294562027602 7.556237143403198 7.557971596106737 
