# time_axis
5.999999999999999 7.0 7.30102999566398 7.477121254719661 7.602059991327962 7.698970004336018 7.778151250383643 7.845098040014256 7.903089986991943 7.954242509439324 8.0 8.041392685158224 8.079181246047623 8.113943352306837 8.146128035678238 8.176091259055681 8.301029995663981 8.47712125471966 8.60205999132796 8.698970004336019 8.778151250383644 8.845098040014257 8.903089986991942 8.954242509439323 8.999999999999998 9.004321373782641 9.008600171761916 9.012837224705171 9.017033339298779 9.021189299069936 9.02530586526477 9.02938377768521 9.033423755486949 9.041392685158224 9.079181246047623 9.146128035678236 9.204119982655923 9.255272505103305 9.301029995663981 9.361727836017593 9.414973347970816 9.462397997898954 9.477121254719663 9.505149978319904 9.544068044350274 9.57978359661681 9.60205999132796 9.612783856719734 9.653212513775342 9.698970004336017 9.778151250383642 9.845098040014257 9.903089986991944 9.954242509439325 10.0 10.041392685158225 10.079181246047623 10.113943352306835 10.146128035678236 
# total_gas_mass_list
10.425925345093205 10.873018676903948 9.77639267870945 8.680117644043825 7.595800811068253 6.618580328725138 6.095893533701351 6.0086674752601805 5.996285629261949 5.987999752117921 5.970627023846442 5.950492301776981 5.931177051378381 5.913094287726377 5.896261730388754 5.880227988555804 6.593438884503909 6.961538968561391 7.1309520478187265 7.239367537939706 7.317799041750692 7.378242344083769 7.427306715593419 7.46817036909542 7.503456203174471 7.506603475829697 7.509700602995045 7.5127998046790205 7.515901992233231 7.519006270321514 7.522112594968403 7.525206576622979 7.528189341546137 7.5337932984398455 7.560738090424869 7.6065342381196235 7.644139635622453 7.675785003964747 7.702857726213463 7.736936311090821 7.765515547205361 7.789830163091644 7.7975251642113435 7.810975142846111 7.829583329497096 7.8454372383863165 7.854972439768218 7.859248275919774 7.875885573452705 7.892776560164328 7.920207311942534 7.941160357441446 7.959041621173035 7.97512385369741 7.9901238859017605 8.002660187848766 8.014995203085773 8.025994437946975 8.035897094874638 
# ejected_gas_mass_list
-10.0 -10.0 5.153523939900405 5.925238194115643 6.294183562875109 6.472697341030439 6.589309013097686 6.681662507458806 6.7569804772193764 6.820067237140974 6.873014708369999 6.9181474954621205 6.9573343191729204 6.991875598765909 7.022704471658383 7.050483031282733 7.158213916713413 7.292835748756522 7.380083246016078 7.444457243095565 7.495003432613432 7.536118065232905 7.57080721244277 7.6005560098976614 7.6268445542325844 7.62921557062462 7.631552939292388 7.6338959592546 7.636245314581893 7.638600322245424 7.6409609419840985 7.643316203487039 7.645590588305084 7.649873658926418 7.670647098112768 7.706614685572934 7.736741795453217 7.762486667034919 7.784783382342351 7.813190402294571 7.83729265543674 7.857989996802179 7.8645757431669665 7.876126886889779 7.892190130522895 7.9059490086693165 7.9142558209577265 7.917988406044945 7.932555863879254 7.947415446793656 7.971692247034819 7.990352491751348 8.006353679600503 8.020803264948567 8.034328788037342 8.045667560738204 8.056854440649523 8.066854551468778 8.075877183175885 
# stellar_mass_list
-10.0 8.38971317243876 8.96506214977444 8.975898424733836 8.968292001649939 8.961945055047753 8.956963857578868 8.952849406350726 8.949316592528712 8.946202536435813 8.943408085863537 8.94086420692947 8.938524328381034 8.936353802629197 8.934326585392133 8.93242280669189 8.924257455788823 8.91205614102465 8.90278643658549 8.895194855793767 8.888694346153521 8.882996299477853 8.877874919725128 8.873230297033606 8.868921621572731 8.868523134737673 8.86812862211759 8.86773148353864 8.867331522134158 8.866928855238957 8.866523573072365 8.866117403942106 8.865723377569747 8.864977872513258 8.861277991139103 8.854496396065768 8.848386968553378 8.842810919840952 8.837708150655892 8.830724879163906 8.824329953294932 8.818463568690941 8.81651970201052 8.813015996064992 8.807844485021963 8.80306296891434 8.79999989851756 8.798577490025524 8.792716005757715 8.786181509719546 8.773984000591742 8.763370970102612 8.754089048734633 8.74556166365437 8.737451012219815 8.730543157656236 8.723604843227717 8.71737674987274 8.711659069011688 
# remnant_mass_list
-10.0 -10.0 6.261547277546917 6.9177704868853 7.125753929927237 7.231504622832832 7.300037050637085 7.349820850257109 7.388942394262069 7.421064711256793 7.4482238209988125 7.47171076440427 7.492362245554742 7.510765241580445 7.527342689427556 7.542407029703406 7.601989671570206 7.678873508441792 7.729671873740672 7.767338700373076 7.797189674279809 7.8217474324616525 7.842664547888968 7.860767920702899 7.8768809261009824 7.8783392324514505 7.879777748715753 7.881221018878271 7.882669447986046 7.884122543218544 7.885580166596902 7.887035666076734 7.8884426448255445 7.89109038454665 7.903982519983662 7.926584427102313 7.945893515830639 7.962716933684425 7.97749071636813 7.996816348348565 8.01367632410223 8.028489231070942 8.033268254328185 8.041722145363082 8.053847528069287 8.064698301933026 8.071476553884255 8.074578901451586 8.0870801634061 8.100493067439084 8.124176278141908 8.14346887146791 8.159432064008307 8.173411898339765 8.186143246276437 8.196574609806298 8.206698056604457 8.215494909197997 8.223340102577442 
# BH_mass_list
-10.0 -10.0 5.909662143524241 6.489398067736591 6.514287309620094 6.516220988021059 6.516325474514969 6.5163299034247695 6.5163312326762775 6.516332320052656 6.516333376862808 6.516334413698771 6.516335409875307 6.516336360919311 6.5163372705904825 6.5163381431614855 6.51633898255839 6.51633898255839 6.51633898255839 6.51633898255839 6.51633898255839 6.51633898255839 6.51633898255839 6.51633898255839 6.51633898255839 6.51633898255839 6.51633898255839 6.51633898255839 6.51633898255839 6.51633898255839 6.51633898255839 6.51633898255839 6.51633898255839 6.51633898255839 6.51633898255839 6.51633898255839 6.51633898255839 6.51633898255839 6.51633898255839 6.51633898255839 6.51633898255839 6.51633898255839 6.51633898255839 6.51633898255839 6.51633898255839 6.51633898255839 6.51633898255839 6.51633898255839 6.51633898255839 6.51633898255839 6.51633898255839 6.51633898255839 6.51633898255839 6.51633898255839 6.51633898255839 6.51633898255839 6.51633898255839 6.51633898255839 6.51633898255839 
# NS_mass_list
-10.0 -10.0 6.006036718468828 6.71508635640216 7.003905998387119 7.136986112207082 7.200550907652068 7.205247473434015 7.2056144143618575 7.205641388297698 7.205649106352201 7.205651335120023 7.205653327444302 7.205655247838872 7.20565709639162 7.2056588672692925 7.205663006651441 7.205663006651441 7.205663006651441 7.205663006651441 7.205663006651441 7.205663006651441 7.205663006651441 7.205663006651441 7.205663006651441 7.205663006651441 7.205663006651441 7.205663006651441 7.205663006651441 7.205663006651441 7.205663006651441 7.205663006651441 7.205663006651441 7.205663006651441 7.205663006651441 7.205663006651441 7.205663006651441 7.205663006651441 7.205663006651441 7.205663006651441 7.205663006651441 7.205663006651441 7.205663006651441 7.205663006651441 7.205663006651441 7.205663006651441 7.205663006651441 7.205663006651441 7.205663006651441 7.205663006651441 7.205663006651441 7.205663006651441 7.205663006651441 7.205663006651441 7.205663006651441 7.205663006651441 7.205663006651441 7.205663006651441 7.205663006651441 
# WD_mass_list
-10.0 -10.0 -10.0 -10.0 -10.0 4.702193072493093 5.904100435126503 6.484718261237237 6.711704012381721 6.8468088238249125 6.94095910218649 7.012355355200679 7.069350719597598 7.116484141412734 7.156473097755058 7.191062100397827 7.314984423342126 7.453296287481881 7.535574574701743 7.593110653552622 7.636972032313918 7.672054007608032 7.701295072765478 7.7261674090216115 7.747989763735337 7.749950812500026 7.751883030776973 7.753819433234811 7.755760552965175 7.757705719444517 7.759654739419307 7.761598725179115 7.763475833202312 7.767002804825769 7.784075810498087 7.813624856794382 7.838508303494987 7.8599362369504 7.878571237852395 7.902705218562528 7.92354830889238 7.9417070120326265 7.947536028708081 7.957813208410354 7.97247973547114 7.985533090887996 7.9936540930167155 7.997362687883634 8.012255206654908 8.02814442939688 8.055985736142501 8.078474735712382 8.096960785609456 8.11306374192057 8.127661443242344 8.13957600586907 8.151100544628463 8.161085102394429 8.16996675064292 
