# time_axis
5.999999999999999 7.0 7.30102999566398 7.477121254719661 7.602059991327962 7.698970004336018 7.778151250383643 7.845098040014256 7.903089986991943 7.954242509439324 8.0 8.041392685158224 8.079181246047623 8.113943352306837 8.146128035678238 8.176091259055681 8.204119982655925 8.230448921378272 8.255272505103306 8.278753600952827 8.301029995663981 8.47712125471966 8.60205999132796 8.698970004336019 8.778151250383644 8.845098040014257 8.903089986991942 8.954242509439323 8.999999999999998 9.004321373782641 9.008600171761916 9.012837224705171 9.017033339298779 9.021189299069936 9.02530586526477 9.02938377768521 9.033423755486949 9.041392685158224 9.079181246047623 9.146128035678236 9.204119982655923 9.255272505103305 9.301029995663981 9.361727836017593 9.414973347970816 9.462397997898954 9.477121254719663 9.505149978319904 9.544068044350274 9.57978359661681 9.60205999132796 9.612783856719734 9.653212513775342 9.698970004336017 9.778151250383642 9.845098040014257 9.903089986991944 9.954242509439325 10.0 10.041392685158225 10.079181246047623 10.113943352306835 10.146128035678236 
# total_gas_mass_list
9.401029995663981 9.397285683242849 9.39527504323289 9.393638946327355 9.392149402900962 9.390737115086255 9.38932075853774 9.38789968896523 9.386473856150063 9.385043476300842 9.383608732154737 9.382169629963702 9.380726075153529 9.379278000133853 9.377825290181478 9.37636763981255 9.37490499830248 9.37343734887471 9.371964877604603 9.370487590149962 9.369005436966729 9.372621229767603 9.372660321365654 9.372686747528268 9.372706949056226 9.372723296197021 9.372737067651732 9.372748924527636 9.372759381553584 9.372760363136473 9.372761334420575 9.37276228423141 9.372763234864351 9.37276417175894 9.372765120181816 9.372766016540156 9.372766935088993 9.372768715621232 9.372777154983584 9.372791925425934 9.37280453682706 9.372815602625343 9.372825411624794 9.372838324173806 9.372849587906328 9.372859557429795 9.372862642980378 9.372868522130464 9.372876647664093 9.372884083359933 9.372888718419135 9.372890937755505 9.372899324779091 9.372908782706533 9.372925112390716 9.372938869814323 9.372950761371367 9.372961209938312 9.372970591857161 9.372979034650172 9.37298674858559 9.372993842016268 9.373000396789433 
# ejected_gas_mass_list
-10.0 -10.0 -10.0 -10.0 -10.0 6.599250229905529 6.93234310721994 7.118602057449418 7.248523273836598 7.348411836522318 7.429600087296217 7.4980052409208495 7.557109870271161 7.609143165831851 7.655615045390832 7.697588264774596 7.7358564293967715 7.771021326782292 7.803556690620311 7.833830255978308 7.862136018723956 7.965458986456816 7.966456150331622 7.9671289953190705 7.96764267833306 7.9680579254323005 7.968407449672993 7.968708164924287 7.968973211161981 7.968998082617686 7.9690226917749625 7.969046755574736 7.969070838920531 7.969094572963649 7.969118597780304 7.969141302559429 7.969164568241702 7.969209663465923 7.969423344541494 7.9697970830214535 7.970115946695504 7.970395546629687 7.970643246520355 7.970969111478887 7.971253174782853 7.971504450287615 7.971582191346037 7.971730280718102 7.971934874248026 7.972122017224654 7.972238634088974 7.9722944613614795 7.972505374227659 7.972743099738453 7.973153253350386 7.973498510918737 7.973796730331012 7.974058599906129 7.974293607266305 7.974504986176349 7.974698030652125 7.974875474059652 7.975039381004892 
# stellar_mass_list
-10.0 7.454821665207646 7.601375376964093 7.689704322176413 7.755464917355557 7.80855070328688 7.853367552663579 7.892315799240856 7.9268416163598845 7.9579047109348915 7.986174315916459 8.012138889178358 8.036164673832456 8.05853600622536 8.079478088011772 8.099171470284306 8.117763856223334 8.135378206587609 8.152117180359793 8.16806783270201 8.18330524874951 8.020709507512162 7.980926501222986 7.955245066262795 7.9362240938585265 7.921131876606854 7.9086357403411744 7.897985121860287 7.8887064266705 7.8878422048048815 7.886988535017725 7.886146328409886 7.885312362541345 7.884489493819545 7.883673350710521 7.882863272055425 7.882065992276016 7.880500290547734 7.873148059138644 7.860399902266391 7.84962701075266 7.840295970474548 7.832082700899857 7.821379532377205 7.812118323390607 7.803978013650072 7.801458125707741 7.796715902334983 7.790155842520178 7.784220262868225 7.78049982885207 7.778739595302729 7.77206927876065 7.764654131466248 7.751840877039729 7.741160173026968 7.7318421947403575 7.723393946938177 7.715627451711641 7.708584405940938 7.701944082051714 7.695767250572734 7.690004542952561 
# remnant_mass_list
-10.0 -10.0 5.414683961242206 6.0467241728188945 6.349251615246998 6.546835940193816 6.6920920957122565 6.8062961343611015 6.900026284158895 6.979316776455762 7.047896582089054 7.108226238990665 7.162016758215738 7.210500105438525 7.254592016397888 7.294993739529542 7.332252208843978 7.366801569160548 7.398993337631117 7.429115313832699 7.45740503594711 7.5705269728630205 7.60226264868756 7.620810685121081 7.633656481957637 7.643346866789237 7.6510531955240415 7.6574048801232415 7.662782837703379 7.663276512260655 7.663762927249745 7.664241583142807 7.66471450560279 7.665179983628931 7.66564074638519 7.666096978128429 7.666545212952843 7.667421933867368 7.671487819786995 7.678342263423441 7.683947596239977 7.688670300705006 7.692728094664042 7.697880398498649 7.702220669156089 7.7059470832721955 7.7070849814509765 7.7092037438695735 7.712092654684039 7.7146615064889055 7.716252877581301 7.716999789907336 7.719800587006762 7.722853291207423 7.72799703946141 7.732154613573197 7.735696650431353 7.738849444213941 7.7417001991552175 7.74423828371951 7.746600373939024 7.748764638609943 7.750756219409365 
# BH_mass_list
-10.0 -10.0 -10.0 -10.0 -10.0 -10.0 -10.0 -10.0 -10.0 -10.0 -10.0 -10.0 -10.0 -10.0 -10.0 -10.0 -10.0 -10.0 -10.0 -10.0 -10.0 -10.0 -10.0 -10.0 -10.0 -10.0 -10.0 -10.0 -10.0 -10.0 -10.0 -10.0 -10.0 -10.0 -10.0 -10.0 -10.0 -10.0 -10.0 -10.0 -10.0 -10.0 -10.0 -10.0 -10.0 -10.0 -10.0 -10.0 -10.0 -10.0 -10.0 -10.0 -10.0 -10.0 -10.0 -10.0 -10.0 -10.0 -10.0 -10.0 -10.0 -10.0 -10.0 
# NS_mass_list
-10.0 -10.0 5.949937624296689 6.3758792109221725 6.615819117469536 6.780834890579154 6.899908144503042 6.992798903586529 7.068824170050663 7.1331099965282645 7.1887678906378385 7.237799668902115 7.281586060561883 7.321116326672587 7.357121799116137 7.390133115244171 7.420621446510763 7.4489319172296895 7.4753436950538825 7.500085405173562 7.523346813026515 7.564281895507936 7.564281895507936 7.564281895507936 7.564281895507936 7.564281895507936 7.564281895507936 7.564281895507936 7.564281895507936 7.564281895507936 7.564281895507936 7.564281895507936 7.564281895507936 7.564281895507936 7.564281895507936 7.564281895507936 7.564281895507936 7.564281895507936 7.564281895507936 7.564281895507936 7.564281895507936 7.564281895507936 7.564281895507936 7.564281895507936 7.564281895507936 7.564281895507936 7.564281895507936 7.564281895507936 7.564281895507936 7.564281895507936 7.564281895507936 7.564281895507936 7.564281895507936 7.564281895507936 7.564281895507936 7.564281895507936 7.564281895507936 7.564281895507936 7.564281895507936 7.564281895507936 7.564281895507936 7.564281895507936 7.564281895507936 
# WD_mass_list
-10.0 -10.0 -10.0 -10.0 -10.0 4.015850655931237 5.126704266346766 5.5362335587370035 5.794380764653635 5.981527322748141 6.127238714793783 6.246062140476404 6.346058219275507 6.432159180465031 6.507610675060456 6.574838507456814 6.635196672040496 6.689896187245414 6.73985891876962 6.7858021683583125 6.8282889849035255 7.0976522751315585 7.185865551941081 7.232680478909247 7.263431788002685 7.285827955877308 7.303186649902114 7.317211679825606 7.328897157942816 7.32996140156281 7.331008630346948 7.332037836448764 7.333053435463526 7.3340518105402115 7.335038867739127 7.336015041960839 7.336972969405428 7.338843378065915 7.347462275216458 7.361792229516832 7.373331404429358 7.382933380508551 7.3910986096547555 7.401356793117068 7.409906095874544 7.417181007061167 7.419390706643569 7.423490714896111 7.429051155844356 7.433967081736349 7.436999191236916 7.4384188592432405 7.443722926192658 7.44946955503876 7.45907300506117 7.4667641892503935 7.473267879058825 7.479019926894664 7.4841915537359345 7.488772885196495 7.493017316571788 7.496890232878488 7.5004407534850985 
