# time_axis
1000000 10000000 20000000 30000000 40000000 50000000 60000000 70000000 80000000 90000000 100000000 110000000 120000000 130000000 140000000 150000000 200000000 300000000 400000000 500000000 600000000 700000000 800000000 900000000 1000000000 1010000000 1020000000 1030000000 1040000000 1050000000 1060000000 1070000000 1080000000 1100000000 1200000000 1400000000 1600000000 1800000000 2000000000 2300000000 2600000000 2900000000 3000000000 3200000000 3500000000 3800000000 4000000000 4100000000 4500000000 5000000000 6000000000 7000000000 8000000000 9000000000 10000000000 11000000000 12000000000 13000000000 14000000000 
# SNIa_energy_release_list
0 0.0 0.0 0.0 0.0 0.0 1.5923198120115716e+54 7.359291975870379e+54 1.4743378489379197e+55 2.2489191077159037e+55 3.001016116084566e+55 3.706095106597575e+55 4.3566296577512676e+55 4.953178358370776e+55 5.49978819450662e+55 6.001687050132688e+55 8.009258799670842e+55 1.0638619465406002e+56 1.2414988446983096e+56 1.375988688640624e+56 1.4842850789261416e+56 1.5749490159927695e+56 1.652936105678253e+56 1.7213604657715783e+56 1.782316681641299e+56 1.7880605922855744e+56 1.7937486499590803e+56 1.7993785415256822e+56 1.8049524723018902e+56 1.8104717807844998e+56 1.8159360319710286e+56 1.8213469300414752e+56 1.8267062584751139e+56 1.8372741614820821e+56 1.8873114812862668e+56 1.9756694644153684e+56 2.0519488763702187e+56 2.119059313421968e+56 2.1789759748833047e+56 2.258303442924148e+56 2.3277611456229412e+56 2.3895358936211455e+56 2.4087117243312106e+56 2.445160787108998e+56 2.49574663429392e+56 2.542138789073564e+56 2.571057321386754e+56 2.584973752265299e+56 2.637420729535795e+56 2.696731644778193e+56 2.799286634861481e+56 2.885910478094792e+56 2.96089909036191e+56 3.027024820595548e+56 3.0861238310309146e+56 3.1395924800664726e+56 3.188387931012161e+56 3.233264035195365e+56 3.2748051221965634e+56 
# SNII_energy_release_list
0 0.0 1.2884506418950986e+54 7.29104358080878e+54 1.8595189163030908e+55 3.30084891902518e+55 4.6538480755930545e+55 5.452155567886744e+55 5.923166228504313e+55 6.201074307550827e+55 6.365053305669786e+55 6.461815076994883e+55 6.518919332619594e+55 6.552626007713485e+55 6.572528206769648e+55 6.584285655379705e+55 6.597682803248849e+55 6.597682803248849e+55 6.597682803248849e+55 6.597682803248849e+55 6.597682803248849e+55 6.597682803248849e+55 6.597682803248849e+55 6.597682803248849e+55 6.597682803248849e+55 6.597682803248849e+55 6.597682803248849e+55 6.597682803248849e+55 6.597682803248849e+55 6.597682803248849e+55 6.597682803248849e+55 6.597682803248849e+55 6.597682803248849e+55 6.597682803248849e+55 6.597682803248849e+55 6.597682803248849e+55 6.597682803248849e+55 6.597682803248849e+55 6.597682803248849e+55 6.597682803248849e+55 6.597682803248849e+55 6.597682803248849e+55 6.597682803248849e+55 6.597682803248849e+55 6.597682803248849e+55 6.597682803248849e+55 6.597682803248849e+55 6.597682803248849e+55 6.597682803248849e+55 6.597682803248849e+55 6.597682803248849e+55 6.597682803248849e+55 6.597682803248849e+55 6.597682803248849e+55 6.597682803248849e+55 6.597682803248849e+55 6.597682803248849e+55 6.597682803248849e+55 6.597682803248849e+55 
# SN_energy_per_current_crossing_time_list
0.0 0.0 4.2223004984985565e+54 1.6479877261536873e+55 2.8689409617083055e+55 3.516549918183622e+55 3.248316433528781e+55 1.9394022150552812e+55 1.1737118063400282e+55 7.210542918204449e+54 4.513675488997008e+54 2.8958301510535957e+54 1.9180982497071675e+54 1.3218461276902975e+54 9.539071479159398e+53 7.232522996757824e+53 4.2309223971081566e+53 2.3845203824754974e+53 1.6291159638036487e+53 1.2454953017812185e+53 1.0117094110940884e+53 8.537259411446793e+52 7.39746618916788e+52 6.534713603801266e+52 5.858921859540749e+52 5.524271624064857e+52 5.473870450807737e+52 5.421158671945016e+52 5.370506118785193e+52 5.321092007138254e+52 5.271213891920906e+52 5.222931735419779e+52 5.176274956508874e+52 5.109424392301726e+52 4.866210041697799e+52 4.3426460560783625e+52 3.7857296637364654e+52 3.3610114200823475e+52 3.025998317703343e+52 2.701757477460623e+52 2.3907314932121173e+52 2.1470625649112415e+52 2.005855748810612e+52 1.9175264300190478e+52 1.7893471809176486e+52 1.6536659618061155e+52 1.5538218794355834e+52 1.4988283766978306e+52 1.4250923978027882e+52 1.3020894766247762e+52 1.1459366290344009e+52 9.825233010280523e+51 8.618925204022231e+51 7.694326228697921e+51 6.95822358539271e+51 6.359574875384081e+51 5.8635112829861766e+51 5.442948922100547e+51 5.081771258569496e+51 
# SN_energy_per_final_crossing_time_list
0.0 0.0 4.2031392132350226e+54 1.958145150638209e+55 3.6875993556781994e+55 4.7018569875077793e+55 4.4331861901594166e+55 2.67475921365005e+55 1.6268451407894682e+55 1.0013376027857304e+55 6.269315617739576e+54 4.0190607370993255e+54 2.6586420773706332e+54 1.8293327390866756e+54 1.317917071354881e+54 9.975263519211948e+53 5.78584772018988e+53 3.2165286043575656e+53 2.1730535926834103e+53 1.6452304762651752e+53 1.324802799560573e+53 1.1091028734049473e+53 9.540254709554027e+52 8.370434468848501e+52 7.456847381701176e+52 7.026595144953492e+52 6.958269532395363e+52 6.887114232518579e+52 6.818656722914141e+52 6.75183661257963e+52 6.684484358462643e+52 6.61921684828609e+52 6.556131089808689e+52 6.463921582337703e+52 6.121125661189787e+52 5.404469304302091e+52 4.665676216916966e+52 4.104850339493673e+52 3.664838718771148e+52 3.234741603282383e+52 2.832281505222369e+52 2.518993134625164e+52 2.345802490887862e+52 2.229428897956067e+52 2.062742559010006e+52 1.8917360762650295e+52 1.7688194623427805e+52 1.7024137682872193e+52 1.6039754910864563e+52 1.4511151544473424e+52 1.2545675586512515e+52 1.059679918431529e+52 9.173447351728251e+51 8.089240306675892e+51 7.22965320170054e+51 6.540884303186441e+51 5.969206346419896e+51 5.4897479314445194e+51 5.081771258569496e+51 
# total_energy_release_list
0 0 1.2884506418950986e+54 7.29104358080878e+54 1.8595189163030908e+55 3.30084891902518e+55 4.8130800567942117e+55 6.188084765473782e+55 7.397504077442232e+55 8.449993415266731e+55 9.366069421754352e+55 1.016791018359246e+56 1.087554899037086e+56 1.150580436608426e+56 1.2072316401276268e+56 1.2585972705512393e+56 1.460694160291969e+56 1.7236302268654851e+56 1.9012671250231946e+56 2.035756968965509e+56 2.1440533592510266e+56 2.2347172963176546e+56 2.312704386003138e+56 2.381128746096463e+56 2.442084961966184e+56 2.4478288726104594e+56 2.4535169302839652e+56 2.4591468218505674e+56 2.4647207526267754e+56 2.4702400611093848e+56 2.4757043122959135e+56 2.4811152103663603e+56 2.4864745387999986e+56 2.497042441806967e+56 2.5470797616111516e+56 2.6354377447402534e+56 2.7117171566951036e+56 2.778827593746853e+56 2.8387442552081896e+56 2.918071723249033e+56 2.987529425947826e+56 3.0493041739460304e+56 3.0684800046560956e+56 3.104929067433883e+56 3.155514914618805e+56 3.201907069398449e+56 3.230825601711639e+56 3.244742032590184e+56 3.29718900986068e+56 3.356499925103078e+56 3.459054915186366e+56 3.545678758419677e+56 3.6206673706867947e+56 3.686793100920433e+56 3.7458921113557996e+56 3.7993607603913575e+56 3.8481562113370457e+56 3.89303231552025e+56 3.934573402521448e+56 
# binding_energy_list
8.550667128846876e+54 8.550667128846876e+54 8.550667128846876e+54 8.550667128846876e+54 8.550667128846876e+54 8.531001140175843e+54 8.531001140175843e+54 8.531001140175843e+54 8.531001140175843e+54 8.51138038202376e+54 8.51138038202376e+54 8.51138038202376e+54 8.51138038202376e+54 8.491804750363178e+54 8.491804750363178e+54 8.491804750363178e+54 8.472274141405911e+54 8.433347577642791e+54 8.394599865193965e+54 8.356030182312423e+54 8.336811846196331e+54 8.317637711026743e+54 8.279421637123327e+54 8.260379495771817e+54 8.241381150129963e+54 8.241381150129963e+54 8.241381150129963e+54 8.241381150129963e+54 8.241381150129963e+54 8.222426499470695e+54 8.222426499470695e+54 8.222426499470695e+54 8.222426499470695e+54 8.222426499470695e+54 8.20351544329821e+54 8.165823713585906e+54 8.128305161640929e+54 8.090958991783846e+54 8.072350302488317e+54 8.035261221856194e+54 7.99834255007026e+54 7.96159350417325e+54 7.94328234724279e+54 7.925013304804734e+54 7.90678627999831e+54 7.870457896951001e+54 7.852356346100775e+54 7.852356346100775e+54 7.816278045883308e+54 7.780365510398008e+54 7.72680585095699e+54 7.691304402866145e+54 7.638357835776954e+54 7.603262769401822e+54 7.568328950209705e+54 7.533555637337217e+54 7.498942093324558e+54 7.464487584100623e+54 7.447319739059888e+54 
# total_gas_kinetic_energy_list
1.5237098334911527e+59 4.272538184315484e+59 2.5210138565407847e+59 1.4874048733121097e+59 8.775828614551456e+58 5.177926932941526e+58 3.055197638768631e+58 1.802813076172728e+58 1.0639254262477292e+58 6.279950388954632e+57 3.708021773042531e+57 2.190592048971183e+57 1.295286014501708e+57 7.67016595064615e+56 4.552904066195898e+56 2.7131958176279096e+56 2.840219901439656e+56 3.0637694950186885e+56 3.257731556514353e+56 3.4279125876209314e+56 3.5806450555081515e+56 3.7199856210226377e+56 3.8506094286312777e+56 3.974042481776527e+56 4.091833159635106e+56 4.103243866230093e+56 4.114476184208491e+56 4.125651221408857e+56 4.1368370379736735e+56 4.148072407314484e+56 4.1593802710084806e+56 4.170747503914023e+56 4.181995194023806e+56 4.203752458820049e+56 4.310942482079513e+56 4.513168403413267e+56 4.69962689418627e+56 4.874637390579889e+56 5.037542390978803e+56 5.2606110325281955e+56 5.465208292308761e+56 5.65324214839115e+56 5.715161620337593e+56 5.828074415039911e+56 5.991353711849518e+56 6.136695630554079e+56 6.228569142727062e+56 6.270114518243225e+56 6.437877198599252e+56 6.61663363692155e+56 6.928815252051495e+56 7.185417368569076e+56 7.414361336931664e+56 7.6286379416969744e+56 7.835240304021318e+56 8.014223242743955e+56 8.195562566036023e+56 8.36083264308048e+56 8.513402967114882e+56 
