# time_axis
5.999999999999999 7.0 7.30102999566398 7.477121254719661 7.602059991327962 7.698970004336018 7.778151250383643 7.845098040014256 7.903089986991943 7.954242509439324 8.0 8.041392685158224 8.079181246047623 8.113943352306837 8.146128035678238 8.176091259055681 8.301029995663981 8.47712125471966 8.60205999132796 8.698970004336019 8.778151250383644 8.845098040014257 8.903089986991942 8.954242509439323 8.999999999999998 9.004321373782641 9.008600171761916 9.012837224705171 9.017033339298779 9.021189299069936 9.02530586526477 9.02938377768521 9.033423755486949 9.041392685158224 9.079181246047623 9.146128035678236 9.204119982655923 9.255272505103305 9.301029995663981 9.361727836017593 9.414973347970816 9.462397997898954 9.477121254719663 9.505149978319904 9.544068044350274 9.57978359661681 9.60205999132796 9.612783856719734 9.653212513775342 9.698970004336017 9.778151250383642 9.845098040014257 9.903089986991944 9.954242509439325 10.0 10.041392685158225 10.079181246047623 10.113943352306835 10.146128035678236 
# total_gas_mass_list
10.425925345093205 10.873809111387224 10.644698429633056 10.41555278203727 10.186413110668157 9.957282922254047 9.728168396803978 9.499081669964882 9.270042901106205 9.041085807832001 8.812263862459604 8.583664060133687 8.355429396806533 8.127794572227883 7.901143563851936 7.676099291719446 7.694770172610895 7.725274082733396 7.750127813628006 7.771433171077054 7.7901002736665586 7.806642983648247 7.821541589323336 7.835077406857756 7.847539768793796 7.848724892880823 7.8498877411496855 7.851041031286468 7.852191826294996 7.8533441086163185 7.854500180155182 7.855658700766688 7.856801303281755 7.859002028771623 7.869659429248466 7.888955275851237 7.905858632004888 7.921021345813456 7.93458380658827 7.952423517152576 7.968105384315602 7.981985026651268 7.986451659803514 7.994466280413744 8.005775771387155 8.015578395285138 8.021650676213413 8.024366198017427 8.035140092312874 8.046295936619819 8.065008975648249 8.079724293370607 8.092443563917264 8.104015308557646 8.11488881034282 8.124091532436374 8.13321961998686 8.141379725261885 8.148776360911139 
# ejected_gas_mass_list
-10.0 -10.0 4.416559869642098 5.221126572657629 5.663281110942303 5.920129281843513 6.094835562795693 6.2276657250243845 6.333934447765382 6.421682624461669 6.495204046883097 6.557651685069427 6.611450118409521 6.658415692846274 6.699909470795889 6.736949005011769 6.87741180741883 7.047035437836374 7.154502495973142 7.233018977384422 7.294369962581476 7.344198931886133 7.386073907516044 7.4220191235067245 7.453571566646592 7.456501508014817 7.459364996614656 7.4621939309063405 7.465005921351047 7.467810824473888 7.470614280031977 7.473413061000082 7.4761630851287 7.481431356296942 7.506434801550192 7.549739959238785 7.58583877263777 7.616938567484047 7.643835471516161 7.678023978755359 7.707068139175803 7.732061083614433 7.739971119213638 7.754010195531039 7.773499005275145 7.790102572509437 7.800259884725005 7.804771631615877 7.822492092112357 7.840550514590932 7.870223345038933 7.893051439698987 7.912450232991803 7.92984680072512 7.945986345056708 7.959496357271077 7.972767085321629 7.984525326193939 7.995100653045153 
# stellar_mass_list
-10.0 8.03870920181294 8.617421769057243 8.770710967001774 8.838697219141622 8.872800346082753 8.890535361181426 8.899663203069744 8.904080874226091 8.905878189699054 8.906216399129285 8.905751697947958 8.904858011620984 8.903748143876385 8.902542399741021 8.901307821315893 8.895251546818113 8.886043668046717 8.878869578453164 8.872869203686626 8.867646991898305 8.862993231246163 8.858764930250297 8.854878957043598 8.85125726867273 8.8509105003565 8.850569845254443 8.850231569399725 8.849893592048058 8.849554737867164 8.849214314024781 8.848872720849531 8.84853526913926 8.847884211925118 8.844708383107278 8.838823419509993 8.833471716029091 8.828505447399984 8.823916691850142 8.817586847087592 8.81171948116092 8.80627352301639 8.804469382728206 8.801163840706716 8.796268651416828 8.791736595941282 8.788780400485845 8.787418089890503 8.781749441298697 8.775388459736856 8.76332883538206 8.752700919751833 8.743397157966852 8.734848827001834 8.726744288749286 8.719815639994948 8.712881492797303 8.706633642217577 8.70091801597948 
# remnant_mass_list
-10.0 -10.0 5.4846059833680085 6.163755472307189 6.480990090183921 6.668399678137427 6.794111636076168 6.8849912433588925 6.9543903663689095 7.009566564356177 7.0548220720352255 7.092887751206202 7.125565526753611 7.154093962959355 7.179349398701069 7.201968114072959 7.2887457890231575 7.396471020033796 7.466033108931697 7.517074902031278 7.557239507901862 7.590215954728878 7.618176834015564 7.642382091817773 7.663781423096767 7.665775380893075 7.667725020385295 7.669652340504511 7.671569328140541 7.673482707384829 7.6753965032566 7.677308315282829 7.6791884873241205 7.682792200367573 7.699944987944586 7.72998931004268 7.755543273170547 7.777910810774469 7.797535578690524 7.823115566750016 7.845431713680223 7.865058653480664 7.871346703034723 7.882604326660329 7.898685682900572 7.9129824243111955 7.922020454312964 7.9261113249880815 7.942662303625592 7.960374478883172 7.991711106002168 8.017162675597422 8.03797665394959 8.056018800627397 8.07225294377342 8.085509832438781 8.098246247891389 8.109294326152215 8.119065588438737 
# BH_mass_list
-10.0 -10.0 5.0647445117797325 5.645062978015032 5.801904379158875 5.873359684145615 5.910590990011709 5.931148758917276 5.942837444197294 5.949589982556724 5.953526269652204 5.9558330652176235 5.957189365800671 5.957988608153932 5.958460462889384 5.9587395874276 5.958904145886201 5.958904145886201 5.958904145886201 5.958904145886201 5.958904145886201 5.958904145886201 5.958904145886201 5.958904145886201 5.958904145886201 5.958904145886201 5.958904145886201 5.958904145886201 5.958904145886201 5.958904145886201 5.958904145886201 5.958904145886201 5.958904145886201 5.958904145886201 5.958904145886201 5.958904145886201 5.958904145886201 5.958904145886201 5.958904145886201 5.958904145886201 5.958904145886201 5.958904145886201 5.958904145886201 5.958904145886201 5.958904145886201 5.958904145886201 5.958904145886201 5.958904145886201 5.958904145886201 5.958904145886201 5.958904145886201 5.958904145886201 5.958904145886201 5.958904145886201 5.958904145886201 5.958904145886201 5.958904145886201 5.958904145886201 5.958904145886201 
# NS_mass_list
-10.0 -10.0 5.276779990561471 6.007046977909443 6.378963423005725 6.591005957204684 6.715167608107313 6.774622671727786 6.806228268818992 6.8238516329115075 6.833924490748785 6.83976067085266 6.843168578265811 6.845167778298517 6.846344010910988 6.847037492718709 6.847800675644527 6.847800675644527 6.847800675644527 6.847800675644527 6.847800675644527 6.847800675644527 6.847800675644527 6.847800675644527 6.847800675644527 6.847800675644527 6.847800675644527 6.847800675644527 6.847800675644527 6.847800675644527 6.847800675644527 6.847800675644527 6.847800675644527 6.847800675644527 6.847800675644527 6.847800675644527 6.847800675644527 6.847800675644527 6.847800675644527 6.847800675644527 6.847800675644527 6.847800675644527 6.847800675644527 6.847800675644527 6.847800675644527 6.847800675644527 6.847800675644527 6.847800675644527 6.847800675644527 6.847800675644527 6.847800675644527 6.847800675644527 6.847800675644527 6.847800675644527 6.847800675644527 6.847800675644527 6.847800675644527 6.847800675644527 6.847800675644527 
# WD_mass_list
-10.0 -10.0 -10.0 -10.0 -10.0 4.133765005277714 5.343728192674693 5.938829528544316 6.236960325996789 6.425945225685657 6.559277029084208 6.659627589580761 6.738581835075348 6.80279012731591 6.856369966228396 6.902014880115697 7.06027495276479 7.229481448398649 7.328182668331533 7.3968516172554795 7.44908242622272 7.490947587373949 7.525807639110279 7.555557034345951 7.581553005069023 7.58396145133085 7.586314151297676 7.588637778269894 7.590946851319224 7.59324950561208 7.595550603044381 7.597847272556626 7.600103953850597 7.60442387764098 7.624889946613637 7.660376366744036 7.690223445526481 7.716115089971335 7.738664040187584 7.767835442362783 7.793094347744198 7.815172094483471 7.822219380936676 7.834805926318595 7.852720177027063 7.868584238090931 7.8785839927750905 7.8831029456994655 7.901341180309142 7.920782348819522 7.954995117661381 7.982621996759551 8.005115093032796 8.024544132827163 8.041974324060432 8.05617296806184 8.069785651101613 8.081571927528012 8.09197960037727 
