# time_axis
5.999999999999999 7.0 7.30102999566398 7.477121254719661 7.602059991327962 7.698970004336018 7.778151250383643 7.845098040014256 7.903089986991943 7.954242509439324 8.0 8.301029995663981 8.47712125471966 8.60205999132796 8.698970004336019 8.778151250383644 8.845098040014257 8.903089986991942 8.954242509439323 8.999999999999998 9.004321373782641 9.008600171761916 9.012837224705171 9.017033339298779 9.021189299069936 9.02530586526477 9.02938377768521 9.033423755486949 9.041392685158224 9.079181246047623 9.146128035678236 9.204119982655923 9.255272505103305 9.301029995663981 9.361727836017593 9.414973347970816 9.462397997898954 9.477121254719663 9.505149978319904 9.544068044350274 9.57978359661681 9.60205999132796 9.612783856719734 9.653212513775342 9.698970004336017 9.778151250383642 9.845098040014257 9.903089986991944 9.954242509439325 10.0 10.041392685158225 10.079181246047623 10.113943352306835 10.146128035678236 
# total_gas_mass_list
11.057991946977687 11.040263180017254 11.0235553799768 11.008313006569297 10.994314772103127 10.98161480366753 10.970293268544774 10.96045520912611 10.951356156109938 10.9428572062223 10.935105956277447 10.955709592940854 10.958785988354132 10.960451261482987 10.961561753179323 10.962373989320481 10.963001586017707 10.963508173452887 10.963928052450582 10.964283473800272 10.964316108060304 10.964348056429868 10.964380359434971 10.964411630925136 10.964442422287938 10.964469157744047 10.964500066641513 10.964530907180537 10.964588191410284 10.964856589121723 10.9653072758663 10.965674733426876 10.965978922371061 10.966235160172378 10.966553253283864 10.9668151319441 10.96703353734837 10.967099897057137 10.967216831443247 10.967379956895886 10.967526178918474 10.96761123141043 10.967650847649752 10.96779789547973 10.96795277638404 10.968199289503517 10.968388702412751 10.968543010577216 10.968676677577498 10.968799040674734 10.968909831367494 10.969006958251425 10.969103366309362 10.969185203605578 
# ejected_gas_mass_list
-10.0 -10.0 8.39427235610099 8.9189775178958 9.22375345001954 9.44365699917692 9.617543782076577 9.762601897840517 9.877829388015886 9.972736113414188 10.054900465220754 10.191218018347438 10.20880731624758 10.218089447756055 10.224190132458856 10.228608370596069 10.231997315668162 10.234717205714835 10.236961101305182 10.238853191334806 10.239026585176784 10.239196280294077 10.239367804370245 10.239533798896785 10.239697194527198 10.239839026869468 10.240002952602294 10.240166465771157 10.240470048011607 10.241890154497149 10.244266326937723 10.246195924413273 10.24778805259804 10.249125551004589 10.25078130111102 10.252140625687359 10.253271674756629 10.253614859451007 10.254219063469076 10.255060807650388 10.255814212293622 10.256251958755445 10.256455733536955 10.257211433420457 10.258006245234828 10.259268881793322 10.260237049334682 10.261024501042712 10.261705692050883 10.262328524421761 10.262891834479197 10.263385189231812 10.263874448043316 10.264289415090067 
# stellar_mass_list
-10.0 9.660051938305648 9.794029036324734 9.870947654694902 9.92649443987549 9.97048224505478 10.00719191451941 10.03894808273651 10.067045312262056 10.09205220746632 10.114580697944511 9.885867252193577 9.838129965100153 9.80891036912112 9.787904909579808 9.771549164499858 9.758196467778289 9.746912588792204 9.737174856984211 9.7285944199161 9.727794284593092 9.727006363640648 9.726227157893529 9.725455044027173 9.72468534744321 9.723918125333935 9.723159414415889 9.722415049724088 9.720963743559615 9.714079411984361 9.702044836120963 9.691793653730013 9.682869377590643 9.674996735945198 9.664676112441434 9.655731988311878 9.647840603899763 9.645370273000673 9.640782371642244 9.6343704985051 9.628583577453094 9.624962246333887 9.623258921955127 9.616704551465928 9.609447538562007 9.596885426567589 9.58639969096468 9.577280735626658 9.56907457351991 9.561533701913465 9.554718344669624 9.548288733695248 9.542282905022448 9.536771703365982 
# remnant_mass_list
-10.0 -10.0 8.689051167018313 9.022487789511306 9.214533403223108 9.344738074200693 9.44102972563166 9.516004038742919 9.57593171645669 9.624281589959919 9.662670928789245 9.74342070126097 9.761316540274889 9.771503059606326 9.7784715954283 9.783697885343798 9.78783840537691 9.791251472456853 9.79413425587499 9.796628073239507 9.796858319550674 9.79708453855884 9.79730797176026 9.797529008197754 9.797749246706719 9.797968536681296 9.798185077423302 9.798397004854111 9.798808892995481 9.800747542267981 9.804072391799478 9.806840958075751 9.809204554608064 9.811253598129321 9.813890338226855 9.816130837332443 9.818074032990276 9.818676916379106 9.819785922385444 9.821320700572505 9.822687060214394 9.823534786398513 9.82393032083293 9.825444229063397 9.827093897590737 9.829895444140579 9.832178794836324 9.834127891720007 9.835856248919795 9.837424736033006 9.8388225701749 9.840127993089078 9.841334791398587 9.842427755985742 
# BH_mass_list
-10.0 -10.0 8.538781389903644 8.831037461260122 8.998694394085971 9.111025334741663 9.193245560905924 9.256427962668285 9.305786577916411 9.34410315024179 9.372366731987363 9.392011603710703 9.392011603710703 9.392011603710703 9.392011603710703 9.392011603710703 9.392011603710703 9.392011603710703 9.392011603710703 9.392011603710703 9.392011603710703 9.392011603710703 9.392011603710703 9.392011603710703 9.392011603710703 9.392011603710703 9.392011603710703 9.392011603710703 9.392011603710703 9.392011603710703 9.392011603710703 9.392011603710703 9.392011603710703 9.392011603710703 9.392011603710703 9.392011603710703 9.392011603710703 9.392011603710703 9.392011603710703 9.392011603710703 9.392011603710703 9.392011603710703 9.392011603710703 9.392011603710703 9.392011603710703 9.392011603710703 9.392011603710703 9.392011603710703 9.392011603710703 9.392011603710703 9.392011603710703 9.392011603710703 9.392011603710703 9.392011603710703 
# NS_mass_list
-10.0 -10.0 8.15516789739469 8.574545301119187 8.807419917531544 8.963221959332365 9.071479244646513 9.152877470243096 9.217104265567528 9.26879909568085 9.310494156100114 9.372328401002067 9.372328401002067 9.372328401002067 9.372328401002067 9.372328401002067 9.372328401002067 9.372328401002067 9.372328401002067 9.372328401002067 9.372328401002067 9.372328401002067 9.372328401002067 9.372328401002067 9.372328401002067 9.372328401002067 9.372328401002067 9.372328401002067 9.372328401002067 9.372328401002067 9.372328401002067 9.372328401002067 9.372328401002067 9.372328401002067 9.372328401002067 9.372328401002067 9.372328401002067 9.372328401002067 9.372328401002067 9.372328401002067 9.372328401002067 9.372328401002067 9.372328401002067 9.372328401002067 9.372328401002067 9.372328401002067 9.372328401002067 9.372328401002067 9.372328401002067 9.372328401002067 9.372328401002067 9.372328401002067 9.372328401002067 9.372328401002067 
# WD_mass_list
-10.0 -10.0 -10.0 -10.0 -10.0 6.22108092902924 7.3309425162914765 7.7344841179599735 7.981648088692329 8.159929869821648 8.296617795827219 8.854869341534018 8.977236001431725 9.035795943556622 9.072430549342794 9.098361609241318 9.118066470840162 9.1337967180036 9.14674519338632 9.157710157020768 9.158711827314104 9.159694247772299 9.160662894258042 9.161619517819261 9.162571079631357 9.163516954247525 9.164449420582478 9.16536053550767 9.167127135071604 9.175368957652037 9.189232174568206 9.200525485067617 9.20999500124133 9.218081050139979 9.228324054102734 9.236889344783068 9.244218605988086 9.246474205198089 9.250601126013793 9.25626564052839 9.261263706853063 9.264343786401566 9.265775502886788 9.271224096250688 9.27710572736205 9.286965083072245 9.294884251047922 9.301563978449465 9.307427074855994 9.312700046732326 9.317361770021561 9.321683941852113 9.325653079888204 9.329226191796183 
