# time_axis
5.999999999999999 7.0 7.30102999566398 7.477121254719661 7.602059991327962 7.698970004336018 7.778151250383643 7.845098040014256 7.903089986991943 7.954242509439324 8.0 8.041392685158224 8.079181246047623 8.113943352306837 8.146128035678238 8.176091259055681 8.204119982655925 8.230448921378272 8.255272505103306 8.278753600952827 8.301029995663981 8.47712125471966 8.60205999132796 8.698970004336019 8.778151250383644 8.845098040014257 8.903089986991942 8.954242509439323 8.999999999999998 9.004321373782641 9.008600171761916 9.012837224705171 9.017033339298779 9.021189299069936 9.02530586526477 9.02938377768521 9.033423755486949 9.041392685158224 9.079181246047623 9.146128035678236 9.204119982655923 9.255272505103305 9.301029995663981 9.361727836017593 9.414973347970816 9.462397997898954 9.477121254719663 9.505149978319904 9.544068044350274 9.57978359661681 9.60205999132796 9.612783856719734 9.653212513775342 9.698970004336017 9.778151250383642 9.845098040014257 9.903089986991944 9.954242509439325 10.0 10.041392685158225 10.079181246047623 10.113943352306835 10.146128035678236 
# total_gas_mass_list
9.414258261397736 9.412024606032709 9.41091180945364 9.409935951888835 9.40901536840689 9.408121930845095 9.407227026944325 9.406329718156174 9.4054296274042 9.404527248852023 9.403623047192227 9.402716991281725 9.401809082761194 9.400899361804022 9.399987847120537 9.399074548016431 9.398159433164595 9.39724248020544 9.39632368173416 9.39540300795855 9.39448046968287 9.396230396166706 9.396245415463005 9.396255404550725 9.39626225264473 9.396266868058019 9.396271724722636 9.396277263214486 9.396280951582803 9.396281302867223 9.396281292725623 9.3962816121456 9.396282172197996 9.396282699576338 9.396283032355303 9.396283108301649 9.396283484885469 9.396283692001207 9.396286700354548 9.396292779946972 9.39629735853908 9.396301350837485 9.396304853988916 9.396308738405297 9.39631410042221 9.396317118431604 9.396318231135503 9.396320382950318 9.396323274492998 9.39632618436775 9.396327500242739 9.396329036554896 9.39633171924131 9.396334879359273 9.39634044527037 9.396347105386265 9.396349695532175 9.396353792821651 9.396357381690688 9.396361766250633 9.396359442371095 9.396365285588264 9.396368362316476 
# ejected_gas_mass_list
-10.0 -10.0 6.720494694478974 7.081419405483272 7.283511666060005 7.423706121635581 7.529547117667467 7.614547436904737 7.685554998621197 7.746548761988499 7.8000240083109125 7.847631931899377 7.890534116017659 7.929579248244527 7.965404926734787 7.998502513309067 8.02925791713976 8.057980673324568 8.08492301185583 8.110292513961893 8.134263146334856 8.165067984184153 8.165323661184196 8.165493629350477 8.165610116137827 8.165688608209868 8.165771188710446 8.165865344655648 8.165928037315883 8.165934007792393 8.16593383542549 8.165939264264697 8.165948782721143 8.16595774568121 8.16596340127438 8.165964691976152 8.165971091933207 8.165974611780623 8.166025734490539 8.166129031279514 8.16620680969718 8.16627461780658 8.166334109680557 8.166400067377705 8.166491099363098 8.166542328788205 8.166561215028574 8.166597736202135 8.166646807682925 8.166696185004602 8.166718512197564 8.166744578305563 8.166790091042515 8.166843697819797 8.166938100218053 8.167051035851658 8.167094949511863 8.167164406942469 8.167225237020794 8.167299542903121 8.167260161211768 8.167359177062123 8.167411305020552 
# stellar_mass_list
-10.0 7.181441326329612 7.256522936687302 7.300920210678193 7.333732684310953 7.360765015367493 7.384409908145601 7.40547769991475 7.42455268816857 7.4420359374639515 7.458213651312757 7.473297324436001 7.487447246607028 7.500788707735968 7.513422693722267 7.525430517234613 7.536879931195386 7.547826812881194 7.558319865000545 7.568399696220857 7.578101685624777 7.229168257740043 7.174335772602379 7.140211106897659 7.115540264621341 7.096333230455043 7.080669859404513 7.06750030983008 7.056163312106417 7.05511434241393 7.054077712622793 7.053056710850457 7.052045846074199 7.051042978434023 7.0500552589230745 7.04908533208672 7.04812760740431 7.0462432629783995 7.037430249429726 7.022362807919116 7.009813563760188 6.999084135448441 6.989756492560341 6.977733744163805 6.967523717823741 6.958638724873914 6.955867737132009 6.950810284605066 6.943806382204771 6.937429146310256 6.9336423938655525 6.931766178024946 6.924884594392543 6.917183956107627 6.904316986225738 6.893739526581235 6.884859270392464 6.877148702923164 6.870292813032129 6.864440088811247 6.858687546326599 6.853725947792961 6.8488093931577945 
# remnant_mass_list
-10.0 -10.0 5.87260207063255 6.217575193412871 6.390000403638926 6.50221673119976 6.591832353867872 6.666972818787084 6.731741974022723 6.7886646333250305 6.839430979979179 6.885234860159714 6.926953457969108 6.965250405741139 7.000639275226862 7.033526961261962 7.064240297833339 7.093046884577186 7.120166904647911 7.145785337567806 7.170058188119406 7.2245299913720835 7.236073548444105 7.2428551569230715 7.247556530619126 7.251098852466446 7.253912037999475 7.256224699601864 7.258177709861365 7.258356566688756 7.25853309567804 7.258706576005666 7.258878178787662 7.259048372917661 7.2592156048202385 7.259379281453096 7.259540651318376 7.259857582079326 7.261327895591245 7.263792589499141 7.265798826616934 7.267481416298842 7.268918941257984 7.270737841994125 7.272251208668373 7.273546760705142 7.273949413513143 7.274670584585072 7.275663455126108 7.276559449915933 7.27707871088941 7.277338977186785 7.278278112466512 7.2793173243582565 7.281013539159124 7.282377309859317 7.283496366932078 7.284453986374619 7.285298038613043 7.285993500245716 7.286699837037745 7.287286261026138 7.287884707602779 
# BH_mass_list
-10.0 -10.0 5.705989647723915 6.0144204846328 6.1568841183574845 6.246111435336233 6.320094325751273 6.3832895358168855 6.438446376494591 6.487380949180094 6.531355888143695 6.571284660308722 6.607849512936859 6.6415734737769965 6.672866338783686 6.702055168785615 6.7294051636187895 6.755134341856738 6.779424108923933 6.802427022527868 6.824272602593009 6.845071748391741 6.845071748391741 6.845071748391741 6.845071748391741 6.845071748391741 6.845071748391741 6.845071748391741 6.845071748391741 6.845071748391741 6.845071748391741 6.845071748391741 6.845071748391741 6.845071748391741 6.845071748391741 6.845071748391741 6.845071748391741 6.845071748391741 6.845071748391741 6.845071748391741 6.845071748391741 6.845071748391741 6.845071748391741 6.845071748391741 6.845071748391741 6.845071748391741 6.845071748391741 6.845071748391741 6.845071748391741 6.845071748391741 6.845071748391741 6.845071748391741 6.845071748391741 6.845071748391741 6.845071748391741 6.845071748391741 6.845071748391741 6.845071748391741 6.845071748391741 6.845071748391741 6.845071748391741 6.845071748391741 6.845071748391741 
# NS_mass_list
-10.0 -10.0 5.3758789635889785 5.78999288833759 6.008431845991396 6.151072960859278 6.254974379084466 6.337257617512935 6.405782636219979 6.464835650885671 6.51681165964745 6.563226816858926 6.605156853125814 6.643392699282435 6.678532918214003 6.7110414363526125 6.741285121338748 6.769559100360821 6.796104325967651 6.821120074315407 6.844773034888575 6.884684283415985 6.884684283415985 6.884684283415985 6.884684283415985 6.884684283415985 6.884684283415985 6.884684283415985 6.884684283415985 6.884684283415985 6.884684283415985 6.884684283415985 6.884684283415985 6.884684283415985 6.884684283415985 6.884684283415985 6.884684283415985 6.884684283415985 6.884684283415985 6.884684283415985 6.884684283415985 6.884684283415985 6.884684283415985 6.884684283415985 6.884684283415985 6.884684283415985 6.884684283415985 6.884684283415985 6.884684283415985 6.884684283415985 6.884684283415985 6.884684283415985 6.884684283415985 6.884684283415985 6.884684283415985 6.884684283415985 6.884684283415985 6.884684283415985 6.884684283415985 6.884684283415985 6.884684283415985 6.884684283415985 6.884684283415985 
# WD_mass_list
-10.0 -10.0 -10.0 -10.0 -10.0 -10.0 4.264481852168797 4.73078182677295 5.0083976609685825 5.201347129107558 5.348545704103143 5.467681027680335 5.567705026717187 5.6538302748209155 5.729364897008366 5.796570237464814 5.857045977718474 5.911984092684816 5.962272093970825 6.008612154183979 6.0515568202117365 6.3226878086495075 6.407218731528956 6.451021091054014 6.479346233533465 6.499718746572857 6.515355408426273 6.527873879572807 6.5382216799640025 6.5391594190760385 6.540083349785813 6.540989778030072 6.541884893971359 6.542771191906502 6.543640642948516 6.544490250984823 6.545326573763759 6.546965341121016 6.554503461035866 6.566908639107589 6.576801319690291 6.5849620781905385 6.591839260918865 6.600419536677029 6.6074582819490315 6.6134137321480795 6.615251733294489 6.618528587777907 6.623008702845608 6.627021069229735 6.629333278312108 6.63048863398217 6.634637905582612 6.639193908894067 6.646552054542561 6.65239938928133 6.657152860865465 6.661189273799562 6.664723447151985 6.667619102786541 6.670545111509826 6.672963077310833 6.675420153994852 
