# time_axis
1000000 10000000 20000000 30000000 40000000 50000000 60000000 70000000 80000000 90000000 100000000 200000000 300000000 400000000 500000000 600000000 700000000 800000000 900000000 1000000000 1010000000 1020000000 1030000000 1040000000 1050000000 1060000000 1070000000 1080000000 1100000000 1200000000 1400000000 1600000000 1800000000 2000000000 2300000000 2600000000 2900000000 3000000000 3200000000 3500000000 3800000000 4000000000 4100000000 4500000000 5000000000 6000000000 7000000000 8000000000 9000000000 10000000000 11000000000 12000000000 13000000000 14000000000 
# SNIa_energy_release_list
0 0.0 0.0 0.0 0.0 0.0 3.515422153100271e+56 9.762536464433331e+56 1.819512055102504e+57 2.8414216915284172e+57 4.0120162257313726e+57 1.7465986788986655e+58 2.4683039525981012e+58 2.934417485297366e+58 3.280196124551696e+58 3.5553766420978117e+58 3.78401598954332e+58 3.9796190250455454e+58 4.15056011191799e+58 4.302370445411831e+58 4.3166597641321214e+58 4.3307978937858234e+58 4.344791152338088e+58 4.3586424055898335e+58 4.3723532452923537e+58 4.3859257687832567e+58 4.399364999663696e+58 4.412672128181753e+58 4.4389051406757056e+58 4.562957223691536e+58 4.781529666063676e+58 4.9697631738650534e+58 5.135066611621731e+58 5.282431859862692e+58 5.477265614504601e+58 5.647648779576662e+58 5.799028219140471e+58 5.845974297651051e+58 5.935229582033581e+58 6.059018314241466e+58 6.172465396170055e+58 6.24316279935149e+58 6.277179074417868e+58 6.405325054490413e+58 6.550178941975247e+58 6.800485909008168e+58 7.011768469367024e+58 7.194613784641796e+58 7.355760981753222e+58 7.499786788874858e+58 7.63003715841084e+58 7.748891531605708e+58 7.858169754698223e+58 7.959321331406992e+58 
# SNII_energy_release_list
0 0.0 1.395710095018373e+57 3.170947220718767e+57 5.1054736440313594e+57 7.110129868287647e+57 9.041621258485965e+57 1.0906920694892933e+58 1.2718104826090379e+58 1.4484618935995235e+58 1.6215040565544876e+58 1.90061768715432e+58 1.90061768715432e+58 1.90061768715432e+58 1.90061768715432e+58 1.90061768715432e+58 1.90061768715432e+58 1.90061768715432e+58 1.90061768715432e+58 1.90061768715432e+58 1.90061768715432e+58 1.90061768715432e+58 1.90061768715432e+58 1.90061768715432e+58 1.90061768715432e+58 1.90061768715432e+58 1.90061768715432e+58 1.90061768715432e+58 1.90061768715432e+58 1.90061768715432e+58 1.90061768715432e+58 1.90061768715432e+58 1.90061768715432e+58 1.90061768715432e+58 1.90061768715432e+58 1.90061768715432e+58 1.90061768715432e+58 1.90061768715432e+58 1.90061768715432e+58 1.90061768715432e+58 1.90061768715432e+58 1.90061768715432e+58 1.90061768715432e+58 1.90061768715432e+58 1.90061768715432e+58 1.90061768715432e+58 1.90061768715432e+58 1.90061768715432e+58 1.90061768715432e+58 1.90061768715432e+58 1.90061768715432e+58 1.90061768715432e+58 1.90061768715432e+58 1.90061768715432e+58 
# SN_energy_per_current_crossing_time_list
0.0 0.0 1.0612811744955557e+57 1.3760534132920876e+57 1.6245702740681295e+57 1.9076154865998263e+57 2.178559875171618e+57 2.5788438368410976e+57 3.1382722754420495e+57 3.836448551560388e+57 4.716276448873438e+57 1.996176706976349e+57 1.7514613085634865e+56 1.1703489112279866e+56 8.875243807325988e+55 7.175727232617898e+55 6.034237211596193e+55 5.212021257598164e+55 4.590904144519967e+55 4.10427523193313e+55 3.8655421661706086e+55 3.826969727057527e+55 3.7896011272722845e+55 3.7535100497983677e+55 3.717766671143431e+55 3.682388182688434e+55 3.648185114911625e+55 3.614083162663061e+55 3.5663937016531216e+55 3.389180880981458e+55 3.010908454593912e+55 2.610249675917999e+55 2.3049503001212786e+55 2.0643548548024445e+55 1.8300381713928518e+55 1.6079702064789544e+55 1.434317286906176e+55 1.3360114320332577e+55 1.2728715406176835e+55 1.1803144514963363e+55 1.0845065608312729e+55 1.0153273324949475e+55 9.777656620692845e+54 9.233467001888205e+54 8.373837258217896e+54 7.268395707092066e+54 6.157392907624421e+54 5.344376512563259e+54 4.722860882471712e+54 4.230999478241225e+54 3.834563869145655e+54 3.5059832194542e+54 3.2293186674614856e+54 2.994108026520589e+54 
# SN_energy_per_final_crossing_time_list
0.0 0.0 1.101688359631344e+58 1.4012638326183228e+58 1.5269970816788318e+58 1.5823532660603147e+58 1.5350071355800936e+58 1.4908451138500073e+58 1.4545988316071482e+58 1.4246271573644644e+58 1.4005390606995238e+58 2.6013930077137704e+57 2.1362628473772185e+56 1.3797058977566473e+56 1.0235120725518008e+56 8.145401417707058e+55 6.767772956579846e+55 5.78989114816467e+55 5.059892261892601e+55 4.4936179228461385e+55 4.229668509974636e+55 4.18491622706083e+55 4.142034075172859e+55 4.1000002064056397e+55 4.058437499382296e+55 4.017495608719618e+55 3.978040714603374e+55 3.9389381364338435e+55 3.8825135417364347e+55 3.671967848150153e+55 3.234895220500758e+55 2.7858757861525647e+55 2.4465083288998726e+55 2.181021230439228e+55 1.9223734240941547e+55 1.681125886269409e+55 1.4936211238478174e+55 1.3896138355498646e+55 1.3209876310111072e+55 1.2213908695447457e+55 1.1193525256513334e+55 1.0463290301897023e+55 1.00688892375655e+55 9.482870163414178e+54 8.575411304556489e+54 7.409139071010817e+54 6.254008394309368e+54 5.412259935918724e+54 4.769991057201013e+54 4.2631942986966e+54 3.8554384377791246e+54 3.518114540067039e+54 3.2346584752429e+54 2.994108026520589e+54 
# total_energy_release_list
0 0 1.395710095018373e+57 3.170947220718767e+57 5.1054736440313594e+57 7.110129868287647e+57 9.393163473795992e+57 1.1883174341336265e+58 1.4537616881192884e+58 1.7326040627523653e+58 2.022705679127625e+58 3.647216366052986e+58 4.3689216397524213e+58 4.835035172451686e+58 5.180813811706016e+58 5.455994329252131e+58 5.684633676697639e+58 5.880236712199865e+58 6.05117779907231e+58 6.202988132566151e+58 6.217277451286441e+58 6.231415580940144e+58 6.245408839492409e+58 6.259260092744153e+58 6.272970932446674e+58 6.286543455937577e+58 6.299982686818017e+58 6.313289815336073e+58 6.339522827830026e+58 6.463574910845857e+58 6.682147353217996e+58 6.870380861019373e+58 7.035684298776051e+58 7.183049547017012e+58 7.377883301658922e+58 7.548266466730982e+58 7.699645906294791e+58 7.746591984805371e+58 7.835847269187901e+58 7.959636001395786e+58 8.073083083324375e+58 8.14378048650581e+58 8.177796761572188e+58 8.305942741644733e+58 8.450796629129567e+58 8.701103596162488e+58 8.912386156521344e+58 9.095231471796116e+58 9.256378668907542e+58 9.400404476029178e+58 9.53065484556516e+58 9.649509218760028e+58 9.758787441852543e+58 9.859939018561312e+58 
# binding_energy_list
8.241381150129962e+59 8.241381150129962e+59 7.925013304804734e+59 7.413102413009131e+59 6.729766562843223e+59 5.984115950603211e+59 5.1999599653351725e+59 4.44631267469112e+59 3.7497300224548183e+59 3.1768740706497887e+59 2.6915348039269138e+59 1.766037820686164e+59 1.7060823890031209e+59 1.6749428760264244e+59 1.6557699634695327e+59 1.6443717232149357e+59 1.633051947894338e+59 1.6255487557504784e+59 1.6180800376430776e+59 1.6143585568264805e+59 1.6143585568264805e+59 1.6143585568264805e+59 1.6106456351782732e+59 1.6106456351782732e+59 1.6106456351782732e+59 1.6106456351782732e+59 1.6106456351782732e+59 1.6106456351782732e+59 1.6106456351782732e+59 1.6069412530128886e+59 1.599558028614671e+59 1.5922087270511635e+59 1.5885467485977806e+59 1.584893192461124e+59 1.5812480392703762e+59 1.57761126969935e+59 1.5739828644662295e+59 1.5739828644662295e+59 1.5703628043335451e+59 1.5703628043335451e+59 1.5667510701081502e+59 1.5667510701081502e+59 1.5667510701081502e+59 1.5631476426409634e+59 1.5595525028269458e+59 1.5595525028269458e+59 1.555965631605075e+59 1.552387009958091e+59 1.552387009958091e+59 1.5488166189124732e+59 1.5488166189124732e+59 1.5452544395384141e+59 1.5452544395384141e+59 1.5452544395384141e+59 
# total_gas_kinetic_energy_list
5.7244888825247185e+59 5.495509327223735e+59 5.284253447548552e+59 5.091661956196881e+59 4.920232176195154e+59 4.76673645070367e+59 4.630849431112541e+59 4.512517918488134e+59 4.408259121989737e+59 4.3104485664768275e+59 4.218976309676186e+59 4.3543232657867286e+59 4.3674330844518775e+59 4.374008046504673e+59 4.378102597794273e+59 4.380972470200336e+59 4.38312652363553e+59 4.384834999610438e+59 4.38623467876295e+59 4.387410224971888e+59 4.38751763161716e+59 4.387627944866499e+59 4.387724597711124e+59 4.387829719406465e+59 4.387933385331155e+59 4.388036526072911e+59 4.38813187591005e+59 4.388223320237935e+59 4.388418151341448e+59 4.389270879213913e+59 4.390705365816279e+59 4.391853015277406e+59 4.392793707113513e+59 4.393576430921467e+59 4.394535771770751e+59 4.395313778189115e+59 4.3959559300674085e+59 4.396145552365974e+59 4.396500429042812e+59 4.396955834429561e+59 4.397359281053666e+59 4.397596377463859e+59 4.397706506681332e+59 4.3981140521362665e+59 4.3985386895540715e+59 4.399199096048122e+59 4.399699486599824e+59 4.40009422871937e+59 4.400466546198741e+59 4.40078264947784e+59 4.4010788772184685e+59 4.401349291832902e+59 4.401593263442901e+59 4.401817978597136e+59 
