# time_axis
5.999999999999999 7.0 7.30102999566398 7.477121254719661 7.602059991327962 7.698970004336018 7.778151250383643 7.845098040014256 7.903089986991943 7.954242509439324 8.0 8.301029995663981 8.47712125471966 8.60205999132796 8.698970004336019 8.778151250383644 8.845098040014257 8.903089986991942 8.954242509439323 8.999999999999998 9.004321373782641 9.008600171761916 9.012837224705171 9.017033339298779 9.021189299069936 9.02530586526477 9.02938377768521 9.033423755486949 9.041392685158224 9.079181246047623 9.146128035678236 9.204119982655923 9.255272505103305 9.301029995663981 9.361727836017593 9.414973347970816 9.462397997898954 9.477121254719663 9.505149978319904 9.544068044350274 9.57978359661681 9.60205999132796 9.612783856719734 9.653212513775342 9.698970004336017 9.778151250383642 9.845098040014257 9.903089986991944 9.954242509439325 10.0 10.041392685158225 10.079181246047623 10.113943352306835 10.146128035678236 
# total_gas_mass_list
10.948847477552619 10.931118710592186 10.914306533644831 10.89860252024905 10.884244108623886 10.87125569778973 10.859740513938444 10.849818359950204 10.841270884765043 10.83334114510312 10.826013887199634 10.842630744958253 10.843990878431418 10.844674971174689 10.845111743901185 10.845422511422106 10.84565658219161 10.845841528910828 10.845992695992262 10.846119331932137 10.846130888727247 10.84614254918889 10.846151227653614 10.846163507229333 10.846175589082364 10.846186631548672 10.846196706858459 10.846205555196349 10.84622774149108 10.846317200476301 10.846475185290691 10.846598574951607 10.846700449540778 10.846785173483216 10.846889562211238 10.846974675136648 10.847045628151283 10.847066377969053 10.847106084121142 10.847156515034978 10.847201572519296 10.847228308815884 10.847240814659417 10.84728710104003 10.84733573625925 10.847412501244499 10.847471831209722 10.847519404367684 10.847563561597859 10.84760147827851 10.84763665573879 10.847668766644112 10.847697985487482 10.847724804194762 
# ejected_gas_mass_list
-10.0 -10.0 8.23823912891773 8.733483862358405 9.054434530958911 9.287938212128738 9.472623111592986 9.62631490012317 9.754441690561158 9.857407392603347 9.943822325619642 10.056884783133896 10.065123918804158 10.069219116072057 10.071817062258654 10.073657686175865 10.075039780928572 10.076129240367866 10.077018033377604 10.07776143448985 10.077829224733376 10.077897614172771 10.07794850818966 10.078020512122512 10.078091347003177 10.07815607966704 10.078215135727103 10.078266994443666 10.07839700224883 10.078920889062369 10.079844796822158 10.080565257985699 10.081159349085558 10.081652912334778 10.082260395553375 10.08275518431168 10.083167300567782 10.083287760539838 10.08351819161797 10.083810717080796 10.084071936013762 10.084226877166278 10.084299334849863 10.08456742681156 10.084848975875444 10.085293061027425 10.08563602753004 10.08591087019014 10.086165849499771 10.086384694966078 10.086587648852722 10.086772842042732 10.086941299143952 10.08709587108036 
# stellar_mass_list
-10.0 9.55090746888058 9.611987965307716 9.642056531094735 9.662365884531367 9.678204396039108 9.691591563446236 9.703599244886075 9.714881863215835 9.725500937357832 9.73522524502549 9.252199072430361 9.181811129512496 9.140452203595553 9.111527148224713 9.089506387001775 9.071829935288582 9.057139287604143 9.044621343923497 9.033722699253676 9.032707459056299 9.031714281583607 9.030733158686035 9.029753961282722 9.028788132952856 9.027830898359916 9.026882129971582 9.02594570666642 9.024129803179319 9.015562760728942 9.000798412612097 8.988407269073495 8.977782328899924 8.968513064853623 8.956562006182939 8.946327055087883 8.937433554214214 8.934684707372808 8.92958302817385 8.922546056600387 8.916232972197085 8.91232442142407 8.910474104836322 8.903495984883165 8.89583917979847 8.882818466425 8.872154217475018 8.862951309216049 8.854666455816876 8.847032017632719 8.840148612928484 8.833629832954585 8.82756470236603 8.821961973288497 
# remnant_mass_list
-10.0 -10.0 8.69769685638365 9.014088273868241 9.19547920542938 9.318407048192238 9.409400468666846 9.48043982352295 9.537879272204359 9.585103054384273 9.62371335559806 9.679397593431425 9.686219909829322 9.689800668621347 9.692124974678013 9.693798449014919 9.69508342826009 9.69611268690282 9.696962333450843 9.697682274065633 9.697748394813146 9.697812770684077 9.69787622003904 9.697939559182982 9.698001866767466 9.698063533144204 9.698124536531857 9.698184582120861 9.698300260192088 9.698840190222096 9.699744546565585 9.700478282653851 9.701089113209585 9.701608177831439 9.70225820447882 9.702798830292256 9.703256057779504 9.703395538362104 9.703650101687776 9.703996185886451 9.704299887110169 9.704485436162157 9.704572194904268 9.704896478237359 9.70524246131803 9.705813928760946 9.706263801484752 9.706643155768958 9.706981853139775 9.707293138862738 9.707568917939836 9.707830819753479 9.708072368984036 9.708292386655788 
# BH_mass_list
-10.0 -10.0 8.59307710890163 8.885333180258105 9.053004160786072 9.166176427026198 9.249648542777248 9.314501239382004 9.366616989134835 9.408975446660332 9.442834920297296 9.46886182325161 9.46886182325161 9.46886182325161 9.46886182325161 9.46886182325161 9.46886182325161 9.46886182325161 9.46886182325161 9.46886182325161 9.46886182325161 9.46886182325161 9.46886182325161 9.46886182325161 9.46886182325161 9.46886182325161 9.46886182325161 9.46886182325161 9.46886182325161 9.46886182325161 9.46886182325161 9.46886182325161 9.46886182325161 9.46886182325161 9.46886182325161 9.46886182325161 9.46886182325161 9.46886182325161 9.46886182325161 9.46886182325161 9.46886182325161 9.46886182325161 9.46886182325161 9.46886182325161 9.46886182325161 9.46886182325161 9.46886182325161 9.46886182325161 9.46886182325161 9.46886182325161 9.46886182325161 9.46886182325161 9.46886182325161 9.46886182325161 
# NS_mass_list
-10.0 -10.0 8.02826593415366 8.42328016993942 8.642141950404147 8.78870737764024 8.892527568030069 8.971719857437426 9.035079703047089 9.087208677723149 9.130470674124977 9.191667220778367 9.191667220778367 9.191667220778367 9.191667220778367 9.191667220778367 9.191667220778367 9.191667220778367 9.191667220778367 9.191667220778367 9.191667220778367 9.191667220778367 9.191667220778367 9.191667220778367 9.191667220778367 9.191667220778367 9.191667220778367 9.191667220778367 9.191667220778367 9.191667220778367 9.191667220778367 9.191667220778367 9.191667220778367 9.191667220778367 9.191667220778367 9.191667220778367 9.191667220778367 9.191667220778367 9.191667220778367 9.191667220778367 9.191667220778367 9.191667220778367 9.191667220778367 9.191667220778367 9.191667220778367 9.191667220778367 9.191667220778367 9.191667220778367 9.191667220778367 9.191667220778367 9.191667220778367 9.191667220778367 9.191667220778367 9.191667220778367 
# WD_mass_list
-10.0 -10.0 -10.0 -10.0 -10.0 5.869810438754803 6.965247320179642 7.362570838099436 7.605447635055471 7.778907739900382 7.912745509950059 8.449335951291308 8.552770555954133 8.599098817130633 8.626907430842264 8.645966823572214 8.660101436259065 8.67112940667325 8.680045625801004 8.687473324183117 8.688149783202988 8.688807478941916 8.689454830968486 8.690100191687963 8.690734199186442 8.691360861480373 8.69197998532144 8.692588612489374 8.693758972669752 8.69918439099783 8.70813728633321 8.715281216465613 8.721149160934646 8.72608036533661 8.732185955588875 8.737206222601829 8.741412026060056 8.74268784621988 8.74500775199938 8.74814412742785 8.750879911706697 8.752543857807446 8.753319944263032 8.756209913664849 8.759274565915177 8.764294899422655 8.768211182126517 8.771489470309335 8.774398042001799 8.777056127493676 8.779399083949249 8.781613868240788 8.783647751639904 8.785493061124733 
