# time_axis
1000000 10000000 20000000 30000000 40000000 50000000 60000000 70000000 80000000 90000000 100000000 110000000 120000000 130000000 140000000 150000000 200000000 300000000 400000000 500000000 600000000 700000000 800000000 900000000 1000000000 1010000000 1020000000 1030000000 1040000000 1050000000 1060000000 1070000000 1080000000 1100000000 1200000000 1400000000 1600000000 1800000000 2000000000 2300000000 2600000000 2900000000 3000000000 3200000000 3500000000 3800000000 4000000000 4100000000 4500000000 5000000000 6000000000 7000000000 8000000000 9000000000 10000000000 11000000000 12000000000 13000000000 14000000000 
# SNIa_energy_release_list
0 0.0 0.0 0.0 0.0 0.0 8.835876417490235e+54 2.4820063057140195e+55 4.3300392147483867e+55 6.200669505720575e+55 7.98998491586876e+55 9.656983674861402e+55 1.1191889762824549e+56 1.2599550692053852e+56 1.3890870102406723e+56 1.5078521649523458e+56 1.9852892660587325e+56 2.616010344528887e+56 3.0445756454649723e+56 3.3699789553068136e+56 3.6324677238550517e+56 3.85246955280706e+56 4.041867981012422e+56 4.208150041678392e+56 4.356359647519479e+56 4.370332769351147e+56 4.3841652055215655e+56 4.397857634071716e+56 4.411415802782586e+56 4.424839345801351e+56 4.438129754912934e+56 4.451292284467729e+56 4.464329022010038e+56 4.490038337385876e+56 4.611785596738722e+56 4.826857066200908e+56 5.012603340314907e+56 5.176072932374215e+56 5.3220520005635555e+56 5.515367167736917e+56 5.68466968448555e+56 5.835270772688401e+56 5.88201882663215e+56 5.970899578433844e+56 6.094255629414843e+56 6.207393239109179e+56 6.277921124841116e+56 6.311864822451796e+56 6.439800650514318e+56 6.584471142940614e+56 6.834657859686393e+56 7.046009244060104e+56 7.228984218562384e+56 7.3903391586259875e+56 7.53457368681514e+56 7.6650487844756705e+56 7.784131929749371e+56 7.893653700902392e+56 7.995037963120314e+56 
# SNII_energy_release_list
0 0.0 7.149688495955436e+54 2.749795656868657e+55 5.858328049408491e+55 9.511616432423172e+55 1.2185199927394637e+56 1.377601720857468e+56 1.4722603467334204e+56 1.5285882000650905e+56 1.5621098250075127e+56 1.5820621460328284e+56 1.593940989319823e+56 1.6010162364020518e+56 1.6052330726501372e+56 1.6077481656793754e+56 1.6106704424182106e+56 1.6106704424182106e+56 1.6106704424182106e+56 1.6106704424182106e+56 1.6106704424182106e+56 1.6106704424182106e+56 1.6106704424182106e+56 1.6106704424182106e+56 1.6106704424182106e+56 1.6106704424182106e+56 1.6106704424182106e+56 1.6106704424182106e+56 1.6106704424182106e+56 1.6106704424182106e+56 1.6106704424182106e+56 1.6106704424182106e+56 1.6106704424182106e+56 1.6106704424182106e+56 1.6106704424182106e+56 1.6106704424182106e+56 1.6106704424182106e+56 1.6106704424182106e+56 1.6106704424182106e+56 1.6106704424182106e+56 1.6106704424182106e+56 1.6106704424182106e+56 1.6106704424182106e+56 1.6106704424182106e+56 1.6106704424182106e+56 1.6106704424182106e+56 1.6106704424182106e+56 1.6106704424182106e+56 1.6106704424182106e+56 1.6106704424182106e+56 1.6106704424182106e+56 1.6106704424182106e+56 1.6106704424182106e+56 1.6106704424182106e+56 1.6106704424182106e+56 1.6106704424182106e+56 1.6106704424182106e+56 1.6106704424182106e+56 1.6106704424182106e+56 
# SN_energy_per_current_crossing_time_list
0.0 0.0 3.0733966581635285e+55 7.710689968378215e+55 1.1091071038571134e+56 1.2635400005704723e+56 9.209862427224895e+55 5.570313160792289e+55 3.414889939902883e+55 2.1265004644543412e+55 1.3508130949034925e+55 8.806313903828355e+54 5.9346431739652025e+54 4.164077142374107e+54 3.058683292415742e+54 2.356887823412233e+54 1.4206060738811954e+54 8.177017752318413e+53 5.618411135516296e+53 4.307584938488032e+53 3.5050720933317455e+53 2.9610388518273208e+53 2.567808509117508e+53 2.269749628940272e+53 2.0360446976413578e+53 1.9207459655848615e+53 1.9025564841105162e+53 1.8844337062496612e+53 1.8670816465995029e+53 1.8496621239914188e+53 1.8324335365108542e+53 1.81590881171408e+53 1.7996255987633161e+53 1.7765513534198308e+53 1.6922170862247082e+53 1.5107151939263817e+53 1.3175026214970347e+53 1.1700281641623177e+53 1.0536240181499096e+53 9.409341606300664e+52 8.328000830432805e+52 7.480396076144717e+52 6.988325010268367e+52 6.682216789505985e+52 6.2356030391806e+52 5.763208931864164e+52 5.415441526147892e+52 5.224344526577163e+52 4.967748445636901e+52 4.538707538990756e+52 3.994956775354074e+52 3.4257304798543127e+52 3.005317098554574e+52 2.6830070368927873e+52 2.4267780068876475e+52 2.2176695922351465e+52 2.0448871744494187e+52 1.8982812544459209e+52 1.772354056845229e+52 
# SN_energy_per_final_crossing_time_list
0.0 0.0 3.333003665795351e+55 9.485847127097283e+55 1.4491190581855297e+56 1.7030705015587305e+56 1.2618033815726106e+56 7.695415549067355e+55 4.735810153987148e+55 2.952877007503369e+55 1.8754933095643907e+55 1.2215438871589509e+55 8.220869597477525e+54 5.75911046680046e+54 4.223208734419524e+54 3.2486716589486085e+54 1.9417263962984984e+54 1.1025982117042392e+54 7.491985768999079e+53 5.688554255781582e+53 4.5887105516710885e+53 3.8459729895585414e+53 3.3109781069209593e+53 2.9068681702140424e+53 2.5909336462028917e+53 2.4427182901345283e+53 2.4181242558132386e+53 2.3936487535670925e+53 2.3701780525316236e+53 2.3466433947516153e+53 2.3233695240997396e+53 2.301014195343632e+53 2.279023801688807e+53 2.2471934207665842e+53 2.1283308109496193e+53 1.8798913316231548e+53 1.6235663961444059e+53 1.4288509297152428e+53 1.2759701952741497e+53 1.1264829251077657e+53 9.865568081581257e+52 8.775801549550524e+52 8.172284459566779e+52 7.768866566912688e+52 7.188183274528306e+52 6.592735964368353e+52 6.164683830762194e+52 5.933884495337545e+52 5.591291461860979e+52 5.05812891563777e+52 4.373651617053148e+52 3.6947498094864043e+52 3.198686179351983e+52 2.8207344646750096e+52 2.521443127176024e+52 2.2809069533775726e+52 2.0817579672677793e+52 1.9146103267851182e+52 1.772354056845229e+52 
# total_energy_release_list
0 0 7.149688495955436e+54 2.749795656868657e+55 5.858328049408491e+55 9.511616432423172e+55 1.3068787569143661e+56 1.62580235142887e+56 1.9052642682082591e+56 2.148655150637148e+56 2.3611083165943887e+56 2.5477605135189686e+56 2.7131299656022777e+56 2.860971305607437e+56 2.9943200828908097e+56 3.1156003306317214e+56 3.5959597084769433e+56 4.2266807869470975e+56 4.655246087883183e+56 4.980649397725024e+56 5.2431381662732625e+56 5.463139995225271e+56 5.652538423430633e+56 5.818820484096603e+56 5.9670300899376895e+56 5.981003211769357e+56 5.994835647939776e+56 6.008528076489926e+56 6.022086245200797e+56 6.035509788219562e+56 6.0488001973311445e+56 6.06196272688594e+56 6.074999464428249e+56 6.1007087798040865e+56 6.222456039156932e+56 6.437527508619119e+56 6.623273782733117e+56 6.786743374792426e+56 6.932722442981766e+56 7.126037610155127e+56 7.295340126903761e+56 7.445941215106612e+56 7.492689269050361e+56 7.581570020852055e+56 7.704926071833054e+56 7.8180636815273894e+56 7.888591567259327e+56 7.922535264870006e+56 8.050471092932528e+56 8.195141585358823e+56 8.445328302104604e+56 8.656679686478315e+56 8.839654660980594e+56 9.001009601044198e+56 9.14524412923335e+56 9.275719226893881e+56 9.39480237216758e+56 9.504324143320602e+56 9.605708405538523e+56 
# binding_energy_list
8.550667128846876e+54 8.550667128846876e+54 8.550667128846876e+54 8.550667128846876e+54 8.531001140175843e+54 8.531001140175843e+54 8.531001140175843e+54 8.531001140175843e+54 8.531001140175843e+54 8.51138038202376e+54 8.51138038202376e+54 8.51138038202376e+54 8.491804750363178e+54 8.491804750363178e+54 8.491804750363178e+54 8.491804750363178e+54 8.472274141405911e+54 8.433347577642791e+54 8.394599865193965e+54 8.356030182312423e+54 8.336811846196331e+54 8.317637711026743e+54 8.279421637123327e+54 8.260379495771817e+54 8.241381150129963e+54 8.241381150129963e+54 8.241381150129963e+54 8.241381150129963e+54 8.241381150129963e+54 8.222426499470695e+54 8.222426499470695e+54 8.222426499470695e+54 8.222426499470695e+54 8.222426499470695e+54 8.20351544329821e+54 8.165823713585906e+54 8.128305161640929e+54 8.090958991783846e+54 8.072350302488317e+54 8.035261221856194e+54 7.99834255007026e+54 7.96159350417325e+54 7.94328234724279e+54 7.925013304804734e+54 7.90678627999831e+54 7.870457896951001e+54 7.852356346100775e+54 7.852356346100775e+54 7.816278045883308e+54 7.780365510398008e+54 7.72680585095699e+54 7.691304402866145e+54 7.638357835776954e+54 7.603262769401822e+54 7.568328950209705e+54 7.533555637337217e+54 7.498942093324558e+54 7.464487584100623e+54 7.447319739059888e+54 
# total_gas_kinetic_energy_list
4.278785394632788e+59 4.244342266245606e+59 2.5253908401557146e+59 1.5026316719635115e+59 8.941050029723274e+58 5.320415017622227e+58 3.1662105881655003e+58 1.8845151580579238e+58 1.1219488033988012e+58 6.682470729879308e+57 3.9830386054104984e+57 2.376865066211745e+57 1.4211208088530693e+57 8.523513554838718e+56 5.138137305428998e+56 3.122544725579528e+56 3.4303258358538705e+56 3.972977930210726e+56 4.444048115342639e+56 4.857740210616494e+56 5.229174315090848e+56 5.568457274843497e+56 5.886775181615694e+56 6.187349844283515e+56 6.474495339761973e+56 6.502143634553893e+56 6.529496918923775e+56 6.5567834971509726e+56 6.584138675043304e+56 6.611633501761916e+56 6.639330225978314e+56 6.667069885839599e+56 6.694185106409667e+56 6.7470897679942604e+56 7.008447102372426e+56 7.501333177101596e+56 7.95642119329195e+56 8.382708235066784e+56 8.77985102475707e+56 9.324056178065187e+56 9.823152704262189e+56 1.028174213664129e+57 1.0433049644173538e+57 1.070802754511768e+57 1.1106003167565615e+57 1.146096507147501e+57 1.168458373176169e+57 1.178606736338789e+57 1.2195210857437423e+57 1.2631693914739667e+57 1.3393594836368762e+57 1.4019999836801406e+57 1.4578839698449742e+57 1.5101904173103697e+57 1.5606678185852947e+57 1.6043466100634058e+57 1.6486316601791457e+57 1.68898116189666e+57 1.7262496204698647e+57 
