# time_axis
5.999999999999999 7.0 7.30102999566398 7.477121254719661 7.602059991327962 7.698970004336018 7.778151250383643 7.845098040014256 7.903089986991943 7.954242509439324 8.0 8.041392685158224 8.079181246047623 8.113943352306837 8.146128035678238 8.176091259055681 8.301029995663981 8.47712125471966 8.60205999132796 8.698970004336019 8.778151250383644 8.845098040014257 8.903089986991942 8.954242509439323 8.999999999999998 9.004321373782641 9.008600171761916 9.012837224705171 9.017033339298779 9.021189299069936 9.02530586526477 9.02938377768521 9.033423755486949 9.041392685158224 9.079181246047623 9.146128035678236 9.204119982655923 9.255272505103305 9.301029995663981 9.361727836017593 9.414973347970816 9.462397997898954 9.477121254719663 9.505149978319904 9.544068044350274 9.57978359661681 9.60205999132796 9.612783856719734 9.653212513775342 9.698970004336017 9.778151250383642 9.845098040014257 9.903089986991944 9.954242509439325 10.0 10.041392685158225 10.079181246047623 10.113943352306835 10.146128035678236 
# total_gas_mass_list
10.87444351720968 10.870933413714846 10.645451802140425 10.419977288501025 10.194516542472952 9.969077479609272 9.743675741171034 9.518338601812706 9.293111859144718 9.068068610913544 8.84332492765543 8.619068709899405 8.395604694784945 8.173425298275982 7.95331703630941 7.736518543762947 7.774954187441859 7.834428473957661 7.880279964141547 7.917975309031125 7.949894737885529 7.977423433565747 8.001654217645623 8.023217689392844 8.042750892199008 8.044581104055174 8.04638320934068 8.048172648922982 8.0499583873905 8.051744992715468 8.053536468990522 8.055322540702553 8.057059893034243 8.06042956517157 8.076662942986824 8.105532372217215 8.130353684187872 8.152204782547638 8.171490546301543 8.196502953328654 8.21815834523445 8.237079998325227 8.243134436792051 8.253907772602043 8.269008885693506 8.282018796643792 8.290003667564424 8.293575826430697 8.307657946314492 8.322146193838156 8.346195569629199 8.364910864964271 8.380949767007388 8.395438704254165 8.40897831643602 8.420359779128104 8.431597452993653 8.441603657681728 8.450637811453483 
# ejected_gas_mass_list
-10.0 -10.0 5.16077920391749 5.820080820559738 6.1655312580157196 6.3814426402913655 6.537082020659256 6.65821209049264 6.756689635543677 6.838507742740354 6.907433222957554 6.9663210174251065 7.017331578526 7.062088943781079 7.10179871521023 7.137379840654974 7.273358446615817 7.439438769051367 7.545457669443161 7.623197637347222 7.684027960825853 7.733517104739554 7.775152392655028 7.810884474910642 7.842297425916244 7.845197568696299 7.848046224342616 7.850868096610904 7.853677474341223 7.856481618390189 7.859286839612826 7.862077108022807 7.864785101410969 7.870020239785267 7.894934250008131 7.938079251119012 7.974104778330323 8.005086846979836 8.031912570432404 8.06604156129408 8.095036487554273 8.119984859443784 8.127895983197073 8.141890896321401 8.161337277753477 8.177938500379483 8.188060721219873 8.192573072341007 8.210268182928232 8.228323737370049 8.257978515844332 8.280800020311087 8.300190925562202 8.31758235383398 8.333731529575058 8.347232961176745 8.360500294506544 8.372262396081457 8.38284160768295 
# stellar_mass_list
-10.0 8.782928536088331 9.079134533654722 9.188301947062245 9.240380859774163 9.267284328293142 9.281436847195504 9.288705533830518 9.292144399518241 9.293429490923327 9.293506275746699 9.292915736881248 9.291968974382948 9.290844382840595 9.28964368629783 9.288423442348675 9.282469234062397 9.273363759483306 9.266243920933935 9.260277429137426 9.255079958074242 9.250443488827385 9.24622803197692 9.242355939880486 9.23874285141442 9.238398958911636 9.238059426660502 9.23772135511565 9.237383058594023 9.237043650684251 9.236702372640385 9.236361174960733 9.236028145484662 9.23538020752651 9.23221048936131 9.226337532267532 9.220988810017753 9.216035155719394 9.21145319633021 9.205127243027336 9.199264073871507 9.193823309224534 9.1920173088075 9.188719616164484 9.183830326305648 9.17929487517982 9.176346512193144 9.17498323551912 9.1693192256157 9.162955803727908 9.150899106902587 9.140276962358788 9.130979286641683 9.12243652643554 9.114330440241895 9.107407513485557 9.10047234031034 9.094229907079876 9.088513837867227 
# remnant_mass_list
-10.0 -10.0 6.2288253176434 6.7007334201310425 6.951230930382434 7.109263561385604 7.219100567597727 7.300545315164265 7.363876560288606 7.414912595638791 7.4572235120407635 7.4931150133211215 7.524137919044455 7.551374246284348 7.575594612464277 7.5973719978203444 7.681555771784934 7.787162610593705 7.855809812577109 7.906350706303705 7.946191596430694 7.978954408942598 8.006763800342908 8.030832320229116 8.052141668119628 8.05411559090072 8.056055559594675 8.057978521314448 8.059894106615937 8.061807508053617 8.063722934978017 8.065629362314894 8.067481792502704 8.071062567072747 8.088157019205545 8.118100959806617 8.143611420198265 8.16589956400436 8.185478161376414 8.211022602297279 8.233307125841067 8.252903034347307 8.259193821026527 8.270418358898722 8.286472470470736 8.300773332182526 8.309783470169876 8.313875637719892 8.33040680111137 8.348119480418035 8.379437905410889 8.40486827411005 8.425663706537724 8.443690668613057 8.459925160201145 8.473169067127401 8.485905664002937 8.496942834692458 8.506713849317196 
# BH_mass_list
-10.0 -10.0 5.808963846055124 6.108242336180977 6.220947432825582 6.27632711417771 6.306212953762193 6.323067407647803 6.332795769428052 6.338484300080587 6.341835924217832 6.3438199391741 6.344998142904839 6.345699637634576 6.346116375370985 6.346362788970213 6.346508262201181 6.346508262201181 6.346508262201181 6.346508262201181 6.346508262201181 6.346508262201181 6.346508262201181 6.346508262201181 6.346508262201181 6.346508262201181 6.346508262201181 6.346508262201181 6.346508262201181 6.346508262201181 6.346508262201181 6.346508262201181 6.346508262201181 6.346508262201181 6.346508262201181 6.346508262201181 6.346508262201181 6.346508262201181 6.346508262201181 6.346508262201181 6.346508262201181 6.346508262201181 6.346508262201181 6.346508262201181 6.346508262201181 6.346508262201181 6.346508262201181 6.346508262201181 6.346508262201181 6.346508262201181 6.346508262201181 6.346508262201181 6.346508262201181 6.346508262201181 6.346508262201181 6.346508262201181 6.346508262201181 6.346508262201181 6.346508262201181 
# NS_mass_list
-10.0 -10.0 6.020999324836862 6.572557615218781 6.861808808572613 7.0372570734289015 7.128719950554453 7.175213270436945 7.200687197248112 7.2151659570920375 7.223559051884605 7.22847897073579 7.231382065427288 7.233102233513299 7.234124081352647 7.234731742756654 7.235410507007251 7.235410507007251 7.235410507007251 7.235410507007251 7.235410507007251 7.235410507007251 7.235410507007251 7.235410507007251 7.235410507007251 7.235410507007251 7.235410507007251 7.235410507007251 7.235410507007251 7.235410507007251 7.235410507007251 7.235410507007251 7.235410507007251 7.235410507007251 7.235410507007251 7.235410507007251 7.235410507007251 7.235410507007251 7.235410507007251 7.235410507007251 7.235410507007251 7.235410507007251 7.235410507007251 7.235410507007251 7.235410507007251 7.235410507007251 7.235410507007251 7.235410507007251 7.235410507007251 7.235410507007251 7.235410507007251 7.235410507007251 7.235410507007251 7.235410507007251 7.235410507007251 7.235410507007251 7.235410507007251 7.235410507007251 7.235410507007251 
# WD_mass_list
-10.0 -10.0 -10.0 -10.0 -10.0 4.877984339553105 6.036467261776646 6.4629788319751205 6.706570798323121 6.869469664212223 6.987981733592183 7.079009401664621 7.151690541940841 7.211466267996231 7.261785414143601 7.304964542948147 7.4566491827960215 7.621610854958429 7.718766324790871 7.786657624143584 7.838413530541585 7.879975573725872 7.914626017604591 7.944193173760225 7.970069646057427 7.972453047899287 7.974793269446993 7.977110853305275 7.9794174597177285 7.981719369674621 7.984021660261431 7.986311103441 7.988533772707201 7.992824879252674 8.013215614162657 8.048575312451511 8.07836603950258 8.104161855184394 8.126655003395118 8.155782894331495 8.181003845678553 8.203045096860865 8.210094987376477 8.22264378607043 8.24052678906832 8.256394702661652 8.266363187513015 8.270883404794068 8.289099182936175 8.30854031237382 8.342732291919482 8.370335576138551 8.392808266218383 8.412220712494225 8.429651091970065 8.443835700740053 8.457448469547327 8.469223028419984 8.47963037628514 
