# time_axis
1000000 10000000 20000000 30000000 40000000 50000000 60000000 70000000 80000000 90000000 100000000 110000000 120000000 130000000 140000000 150000000 160000000 170000000 180000000 190000000 200000000 210000000 220000000 230000000 240000000 250000000 260000000 270000000 280000000 290000000 300000000 400000000 500000000 600000000 700000000 800000000 900000000 1000000000 1010000000 1020000000 1030000000 1040000000 1050000000 1060000000 1070000000 1080000000 1100000000 1200000000 1400000000 1600000000 1800000000 2000000000 2300000000 2600000000 2900000000 3000000000 3200000000 3500000000 3800000000 4000000000 4100000000 4500000000 5000000000 6000000000 7000000000 8000000000 9000000000 10000000000 11000000000 12000000000 13000000000 14000000000 
# SNIa_energy_release_list
0 0 0 0 0 0 0 0 0 0 0 0 0 0 0 0 0 0 0 0 0 0 0 0 0 0 0 0 0 0 0 0 0 0 0 0 0 0 0 0 0 0 0 0 0 0 0 0 0 0 0 0 0 0 0 0 0 0 0 0 0 0 0 0 0 0 0 0 0 0 0 1e-10 
# SNII_energy_release_list
0 -2.678523775096799e+55 -1.251066130946362e+57 -2.798726352483446e+57 -3.39029734788388e+57 -2.8436998767550962e+57 -1.3657629146036265e+57 7.078354737543692e+56 4.446162607013366e+57 4.709616351336331e+57 4.2896762308583216e+57 3.629130071742973e+57 2.8437827496808395e+57 2.296786989666124e+57 2.4579112294621565e+57 2.7364940910768042e+57 3.0198226215252376e+57 3.086250534417779e+57 3.0746850483200694e+57 3.0363987798166997e+57 2.990345868332521e+57 2.9579875709714125e+57 2.9351685218404877e+57 2.9190035530606763e+57 2.92351877895104e+57 2.9315811379919434e+57 3.737433171396481e+57 4.573469170311438e+57 5.3623015028551825e+57 6.0806372635675396e+57 6.728578512734816e+57 9.838225108994948e+57 1.146680975610154e+58 1.2572150468028977e+58 1.3411599812625522e+58 1.408748902756996e+58 1.4652388980934576e+58 1.5137033142492794e+58 1.518190544325721e+58 1.522617908296938e+58 1.5269892436625255e+58 1.5313049109411498e+58 1.5355650130942832e+58 1.5397716161724086e+58 1.543929986820211e+58 1.5480331100171058e+58 1.5560969435791232e+58 1.5937414603825862e+58 1.6582735859010432e+58 1.712242502518724e+58 1.7585581565652703e+58 1.7990863148230085e+58 1.8141397126999131e+58 1.8141397126999131e+58 1.8141397126999131e+58 1.8141397126999131e+58 1.8141397126999131e+58 1.8141397126999131e+58 1.8141397126999131e+58 1.8141397126999131e+58 1.8141397126999131e+58 1.8141397126999131e+58 1.8141397126999131e+58 1.8141397126999131e+58 1.8141397126999131e+58 1.8141397126999131e+58 1.8141397126999131e+58 1.8141397126999131e+58 1.8141397126999131e+58 1.8141397126999131e+58 1.8141397126999131e+58 1.8141397126999131e+58 
# SN_energy_per_current_crossing_time_list
0.0 -8.909164701745769e+56 -3.366106551130999e+57 -2.1522353592850845e+57 -6.2643657100270944e+56 5.22798911276369e+56 1.3434328352820158e+57 1.897144019751149e+57 4.325962144249124e+57 2.4437256710880453e+56 -3.326058886482037e+56 -4.744021354682086e+56 -5.3105795585745745e+56 -3.569898147416006e+56 1.070956176565587e+56 1.8829810982199499e+56 1.9453449496430663e+56 4.545960578209996e+55 -7.891292389004068e+54 -2.60894536866549e+55 -3.1381748552336697e+55 -2.2068203655514416e+55 -1.5583177297443038e+55 -1.1056840993165692e+55 3.097897377635301e+54 5.5467163650156975e+54 6.324642632149864e+56 7.591248289372959e+56 8.256640229356437e+56 8.55052349324594e+56 8.641897413121551e+56 6.776325626285516e+56 4.402158277861256e+56 3.5316230152570405e+56 3.072976618264178e+56 2.690707655780425e+56 2.400297417330123e+56 2.170531578862845e+56 2.0190949228759214e+56 2.0013458643077572e+56 1.9849630258102515e+56 1.9683866473729828e+56 1.9515021290001756e+56 1.935219352468001e+56 1.9210694082505283e+56 1.9033817659280942e+56 1.8854804801360195e+56 1.8260994595016517e+56 1.6602159458139331e+56 1.4527411243044285e+56 1.2926617324910369e+56 1.1651740204270608e+56 2.9915739596135927e+55 0.0 0.0 0.0 0.0 0.0 0.0 0.0 0.0 0.0 0.0 0.0 0.0 0.0 0.0 0.0 0.0 0.0 0.0 0.0 
# SN_energy_per_final_crossing_time_list
0.0 -2.3879677878621595e+56 -9.823280372137274e+57 -1.2417983782530917e+58 -4.746596781948907e+57 4.3857420624976654e+57 1.1858544254224209e+58 1.6637961485201122e+58 2.999526967779805e+58 2.1138776321332514e+57 -3.369479639756334e+57 -5.300033804164653e+57 -6.301402706684463e+57 -4.388937818812544e+57 1.2928149014339764e+57 2.235269350132907e+57 2.2733472420339337e+57 5.329986088210638e+56 -9.279815866548539e+55 -3.071980882834026e+56 -3.6951541429480135e+56 -2.5963374018974353e+56 -1.8309353571106966e+56 -1.297030946194691e+56 3.62288835112102e+55 6.469006725484505e+55 6.465926656691115e+57 6.708114178851896e+57 6.329365435867761e+57 5.763721069265905e+57 5.1988956052646654e+57 2.4950916528312084e+57 1.3067298270522857e+57 8.868938313381042e+56 6.735501890139084e+56 5.423142103912053e+56 4.532595954858418e+56 3.8886463932962405e+56 3.600425309270487e+56 3.552390455530954e+56 3.507434701910732e+56 3.462768218177603e+56 3.4181843477893223e+56 3.3752582173253443e+56 3.3365578922020533e+56 3.2922289148296916e+56 3.2350949195654773e+56 3.0204885585437826e+56 2.588936760759316e+56 2.165155897893122e+56 1.8581179280298165e+56 1.625931858223389e+56 4.026138901076586e+55 0.0 0.0 0.0 0.0 0.0 0.0 0.0 0.0 0.0 0.0 0.0 0.0 0.0 0.0 0.0 0.0 0.0 0.0 0.0 
# total_energy_release_list
0 -2.678523775096799e+55 -1.251066130946362e+57 -2.798726352483446e+57 -3.39029734788388e+57 -2.8436998767550962e+57 -1.3657629146036265e+57 7.078354737543692e+56 4.446162607013366e+57 4.709616351336331e+57 4.2896762308583216e+57 3.629130071742973e+57 2.8437827496808395e+57 2.296786989666124e+57 2.4579112294621565e+57 2.7364940910768042e+57 3.0198226215252376e+57 3.086250534417779e+57 3.0746850483200694e+57 3.0363987798166997e+57 2.990345868332521e+57 2.9579875709714125e+57 2.9351685218404877e+57 2.9190035530606763e+57 2.92351877895104e+57 2.9315811379919434e+57 3.737433171396481e+57 4.573469170311438e+57 5.3623015028551825e+57 6.0806372635675396e+57 6.728578512734816e+57 9.838225108994948e+57 1.146680975610154e+58 1.2572150468028977e+58 1.3411599812625522e+58 1.408748902756996e+58 1.4652388980934576e+58 1.5137033142492794e+58 1.518190544325721e+58 1.522617908296938e+58 1.5269892436625255e+58 1.5313049109411498e+58 1.5355650130942832e+58 1.5397716161724086e+58 1.543929986820211e+58 1.5480331100171058e+58 1.5560969435791232e+58 1.5937414603825862e+58 1.6582735859010432e+58 1.712242502518724e+58 1.7585581565652703e+58 1.7990863148230085e+58 1.8141397126999131e+58 1.8141397126999131e+58 1.8141397126999131e+58 1.8141397126999131e+58 1.8141397126999131e+58 1.8141397126999131e+58 1.8141397126999131e+58 1.8141397126999131e+58 1.8141397126999131e+58 1.8141397126999131e+58 1.8141397126999131e+58 1.8141397126999131e+58 1.8141397126999131e+58 1.8141397126999131e+58 1.8141397126999131e+58 1.8141397126999131e+58 1.8141397126999131e+58 1.8141397126999131e+58 1.8141397126999131e+58 1.8141397126999131e+58 
# binding_energy_list
2.558585886905653e+56 3.5156044052829764e+56 4.78630092322638e+56 5.584701947368307e+56 5.888436553555932e+56 5.861381645140297e+56 5.794286964268786e+56 5.597576014951071e+56 4.9773708497893916e+56 5.296634438916537e+56 5.571857489319327e+56 5.754399373371543e+56 5.861381645140297e+56 5.915616341754719e+56 5.861381645140297e+56 5.80764417521316e+56 5.767664633922544e+56 5.767664633922544e+56 5.767664633922544e+56 5.767664633922544e+56 5.767664633922544e+56 5.754399373371543e+56 5.754399373371543e+56 5.74116462207328e+56 5.74116462207328e+56 5.727960309858327e+56 5.445026528424175e+56 5.1404365158242435e+56 4.8528850016212095e+56 4.602565735813525e+56 4.405548635065516e+56 3.5727283815192665e+56 3.228494121712638e+56 2.9785164294291665e+56 2.818382931264472e+56 2.697739432444904e+56 2.612161354399216e+56 2.540972705549312e+56 2.5351286304979277e+56 2.529297996446137e+56 2.5234807724805804e+56 2.517676927758875e+56 2.511886431509572e+56 2.506109253032119e+56 2.50034536169645e+56 2.494594726942946e+56 2.483133105295588e+56 2.437810818368755e+56 2.365919697485771e+56 2.3120647901755796e+56 2.2698648518838304e+56 2.2387211385683468e+56 2.1978598727848184e+56 2.1627185237270247e+56 2.1379620895022236e+56 2.1281390459827265e+56 2.113489039836661e+56 2.0941124558508827e+56 2.0749135174549107e+56 2.0653801558105185e+56 2.0606299132700003e+56 2.04173794466954e+56 2.0230191786782595e+56 1.9952623149688666e+56 1.9724227361148615e+56 1.9543394557753804e+56 1.9408858775927634e+56 1.927524913190921e+56 1.9186687406702949e+56 1.909853258566233e+56 1.9010782799233153e+56 1.89234361864498e+56 
# total_gas_kinetic_energy_list
2.4875734780128865e+58 1.1367347812971378e+60 2.5411521018392438e+60 3.414165857519027e+60 3.8618008212256095e+60 4.0691299355858276e+60 4.157502174730825e+60 2.9566149346245626e+60 2.097974632520366e+60 1.470388200200485e+60 1.0284517754997067e+60 7.184419450659491e+59 5.0163970689928024e+59 3.502271474184864e+59 2.4681882090024888e+59 1.7424021599859034e+59 1.2323175981046685e+59 8.635960709251428e+58 6.052307650226209e+58 4.249442842272669e+58 2.9919752290548867e+58 2.114299775153429e+58 1.5009669240495964e+58 1.0717328777790143e+58 7.784875114649321e+57 5.705225643394946e+57 1.0473256593912611e+58 1.4001181833200187e+58 1.5729361802714222e+58 1.5882835048194083e+58 1.5068474484378199e+58 2.9087001025998785e+58 3.4755463931880983e+58 3.824468431414471e+58 4.054237663203297e+58 4.221405725105663e+58 4.3501789290018135e+58 4.4526206673532496e+58 4.4617668011300846e+58 4.470746061069333e+58 4.4795575279192806e+58 4.4882003353220937e+58 4.496672460378597e+58 4.5049766634871225e+58 4.513156463564033e+58 4.521207277366085e+58 4.536928409600078e+58 4.60812290327392e+58 4.722739890052423e+58 4.8117482428501674e+58 4.8837726294861e+58 4.9435197188252126e+58 5.0169738883561007e+58 5.077544678735344e+58 5.128762454089545e+58 5.144252745565242e+58 5.172945093278624e+58 5.211668956463141e+58 5.245335024887637e+58 5.26554113040662e+58 5.274894487714949e+58 5.309164298688128e+58 5.344922749293177e+58 5.401195000834334e+58 5.44382031220728e+58 5.477994235801151e+58 5.506422561995974e+58 5.530690780113738e+58 5.55139510972054e+58 5.569722501782478e+58 5.58584875366244e+58 5.600148889531508e+58 
