# time_axis
1000000 10000000 20000000 30000000 40000000 50000000 60000000 70000000 80000000 90000000 100000000 110000000 120000000 130000000 140000000 150000000 200000000 300000000 400000000 500000000 600000000 700000000 800000000 900000000 1000000000 1010000000 1020000000 1030000000 1040000000 1050000000 1060000000 1070000000 1080000000 1100000000 1200000000 1400000000 1600000000 1800000000 2000000000 2300000000 2600000000 2900000000 3000000000 3200000000 3500000000 3800000000 4000000000 4100000000 4500000000 5000000000 6000000000 7000000000 8000000000 9000000000 10000000000 11000000000 12000000000 13000000000 14000000000 
# SNIa_energy_release_list
0 0.0 0.0 0.0 0.0 0.0 1.8246108280604375e+54 8.033715223673179e+55 2.164773164076638e+56 3.6215814749274785e+56 4.977412928534236e+56 6.189652059160334e+56 7.267852712027095e+56 8.232924216150685e+56 9.104647752991586e+56 9.8990844210098e+56 1.3068579872160832e+57 1.726297884060036e+57 2.011513541803132e+57 2.2279583636201997e+57 2.4024539653544195e+57 2.548645981423825e+57 2.6744592341874226e+57 2.7848809502597164e+57 2.8832759673965118e+57 2.892546335931577e+57 2.9017284367727068e+57 2.9108191664570347e+57 2.9198179291232456e+57 2.9287292488701495e+57 2.937552389337096e+57 2.9462881292259582e+57 2.9549406904233178e+57 2.9720032322810905e+57 3.0528029666694057e+57 3.195504291446455e+57 3.3187211158518446e+57 3.427140610632484e+57 3.523951142878565e+57 3.652135440131131e+57 3.764381210475314e+57 3.8642177126661784e+57 3.895209870486923e+57 3.954117896977245e+57 4.0358777382098485e+57 4.1108678402250246e+57 4.157611225207855e+57 4.180104468518583e+57 4.264878781698535e+57 4.360757287626198e+57 4.526548597284012e+57 4.666589013006251e+57 4.787816794401444e+57 4.894724136480937e+57 4.990255924898316e+57 5.076715894060451e+57 5.155607097798631e+57 5.228162971027652e+57 5.2953269938725606e+57 
# SNII_energy_release_list
0 0.0 2.7292355526664588e+54 1.2029678394908868e+56 3.2926747689997907e+56 5.468479623288864e+56 7.338188663370675e+56 8.406180993589903e+56 8.839720648626054e+56 8.994342242827201e+56 9.045943111368533e+56 9.062623836761421e+56 9.068181522829468e+56 9.070124925333143e+56 9.070962617246655e+56 9.071467416649883e+56 9.072190821385824e+56 9.072190821385824e+56 9.072190821385824e+56 9.072190821385824e+56 9.072190821385824e+56 9.072190821385824e+56 9.072190821385824e+56 9.072190821385824e+56 9.072190821385824e+56 9.072190821385824e+56 9.072190821385824e+56 9.072190821385824e+56 9.072190821385824e+56 9.072190821385824e+56 9.072190821385824e+56 9.072190821385824e+56 9.072190821385824e+56 9.072190821385824e+56 9.072190821385824e+56 9.072190821385824e+56 9.072190821385824e+56 9.072190821385824e+56 9.072190821385824e+56 9.072190821385824e+56 9.072190821385824e+56 9.072190821385824e+56 9.072190821385824e+56 9.072190821385824e+56 9.072190821385824e+56 9.072190821385824e+56 9.072190821385824e+56 9.072190821385824e+56 9.072190821385824e+56 9.072190821385824e+56 9.072190821385824e+56 9.072190821385824e+56 9.072190821385824e+56 9.072190821385824e+56 9.072190821385824e+56 9.072190821385824e+56 9.072190821385824e+56 9.072190821385824e+56 9.072190821385824e+56 
# SN_energy_per_current_crossing_time_list
0.0 0.0 9.21509499671824e+54 3.0195291631720098e+56 5.1078083732609035e+56 5.333759039899494e+56 4.649117986777405e+56 2.7668595779112746e+56 1.2370626762807225e+56 5.399077001468516e+55 2.667759573412231e+55 1.6313447247761894e+55 1.2161134748900114e+55 1.0149464284007268e+55 8.976633139789762e+54 8.155979915264772e+54 6.585174522850404e+54 4.4691159344576424e+54 3.1081253882721496e+54 2.401129679318854e+54 1.9647375193595526e+54 1.6671228008408008e+54 1.4508961256500724e+54 1.286195905339961e+54 1.1565479968714569e+54 1.0905928150440493e+54 1.081113737219392e+54 1.0712397140789262e+54 1.0612763891879928e+54 1.0518313033727152e+54 1.0422860891704082e+54 1.0328201321805628e+54 1.0238371915762815e+54 1.0110768090179348e+54 9.648916124864077e+53 8.637879880484978e+53 7.547760430602074e+53 6.712418063612098e+53 6.051253815878688e+53 5.408555453955799e+53 4.788678483303872e+53 4.3014055254614095e+53 4.018653659144974e+53 3.840893236291538e+53 3.58280780709703e+53 3.309675837394483e+53 3.1083108198912724e+53 2.9974851641220486e+53 2.847093820525626e+53 2.597942195812018e+53 2.2791820069282044e+53 1.94805632391149e+53 1.70402644811668e+53 1.5173370277829468e+53 1.3682007344595337e+53 1.248201939740995e+53 1.1480636863131567e+53 1.0635622913444437e+53 9.912019966752222e+52 
# SN_energy_per_final_crossing_time_list
0.0 0.0 1.0740765128365574e+55 4.626809960796546e+56 8.223933362968382e+56 8.562767285602863e+56 7.360835814228754e+56 4.318896752554944e+56 1.9070875639342204e+56 8.23500035124632e+55 4.0316521167570587e+55 2.4454754180846535e+55 1.8099209108020498e+55 1.5007274394539498e+55 1.3194504885040186e+55 1.192290250577774e+55 9.411977300497468e+54 6.190064942908594e+54 4.209192920007302e+54 3.1942776871852634e+54 2.5751940030363526e+54 2.1574916463920184e+54 1.8567432691673262e+54 1.6295960368529546e+54 1.4521068470555123e+54 1.368114566795884e+54 1.3550880816677363e+54 1.3416035896404337e+54 1.3280311608123613e+54 1.31512639535273e+54 1.30211295829898e+54 1.2892144415275972e+54 1.2769389878539578e+54 1.2590390540507593e+54 1.1924368830834212e+54 1.0529881330502824e+54 9.092126796560807e+53 8.000236968625592e+53 7.143615643980228e+53 6.305783264975512e+53 5.521717678149213e+53 4.9112672787713155e+53 4.573801182834561e+53 4.346802871846658e+53 4.022020244615183e+53 3.68899576985154e+53 3.4491781882488056e+53 3.319537266667205e+53 3.1277336039256175e+53 2.829936697901064e+53 2.446736663521451e+53 2.0667067545915456e+53 1.7890712003492206e+53 1.5777311489088277e+53 1.4098515159509799e+53 1.2759702357894924e+53 1.1642709199531585e+53 1.0707745511490497e+53 9.912019966752222e+52 
# total_energy_release_list
0 0 2.7292355526664588e+54 1.2029678394908868e+56 3.2926747689997907e+56 5.468479623288864e+56 7.35643477165128e+56 9.209552515957221e+56 1.1004493812702692e+57 1.261592371775468e+57 1.4023356039902769e+57 1.5252275895921755e+57 1.6336034234856562e+57 1.730304914148383e+57 1.817561037023824e+57 1.8970551837659683e+57 2.2140770693546656e+57 2.6335169661986187e+57 2.9187326239417147e+57 3.1351774457587822e+57 3.309673047493002e+57 3.4558650635624076e+57 3.581678316326005e+57 3.692100032398299e+57 3.790495049535094e+57 3.799765418070159e+57 3.8089475189112894e+57 3.818038248595617e+57 3.827037011261828e+57 3.835948331008732e+57 3.8447714714756784e+57 3.853507211364541e+57 3.8621597725619e+57 3.879222314419673e+57 3.960022048807988e+57 4.102723373585038e+57 4.225940197990427e+57 4.3343596927710665e+57 4.4311702250171474e+57 4.559354522269714e+57 4.671600292613897e+57 4.771436794804761e+57 4.802428952625505e+57 4.861336979115827e+57 4.943096820348431e+57 5.018086922363607e+57 5.064830307346438e+57 5.087323550657166e+57 5.172097863837118e+57 5.2679763697647804e+57 5.433767679422595e+57 5.573808095144834e+57 5.695035876540026e+57 5.80194321861952e+57 5.897475007036899e+57 5.9839349761990336e+57 6.0628261799372136e+57 6.1353820531662346e+57 6.202546076011143e+57 
# binding_energy_list
8.933054837332963e+54 8.933054837332963e+54 8.933054837332963e+54 8.933054837332963e+54 8.892011178579445e+54 8.871560120379617e+54 8.830799004185586e+54 8.810488730080146e+54 8.790225168308896e+54 8.770008211436303e+54 8.749837752274363e+54 8.729713683881166e+54 8.709635899560761e+54 8.68960429286302e+54 8.68960429286302e+54 8.669618757582214e+54 8.609937521846052e+54 8.51138038202376e+54 8.452788451602891e+54 8.394599865193965e+54 8.336811846196331e+54 8.298507675144166e+54 8.260379495771817e+54 8.222426499470695e+54 8.20351544329821e+54 8.20351544329821e+54 8.184647881347836e+54 8.184647881347836e+54 8.184647881347836e+54 8.184647881347836e+54 8.184647881347836e+54 8.184647881347836e+54 8.184647881347836e+54 8.165823713585906e+54 8.147042840208421e+54 8.090958991783846e+54 8.053784411990643e+54 8.016780633876855e+54 7.979946872679785e+54 7.94328234724279e+54 7.90678627999831e+54 7.870457896951001e+54 7.852356346100775e+54 7.834296427662088e+54 7.816278045883308e+54 7.798301105232642e+54 7.780365510398008e+54 7.762471166286928e+54 7.744617978025239e+54 7.709034690644309e+54 7.673614893618154e+54 7.638357835776954e+54 7.603262769401822e+54 7.568328950209705e+54 7.533555637337217e+54 7.516228940182015e+54 7.481695005111584e+54 7.464487584100623e+54 7.447319739059888e+54 
# total_gas_kinetic_energy_list
3.959720777839278e+57 1.6490530730006847e+59 1.5399337369829806e+59 6.97547773003061e+58 2.6075899465351873e+58 8.902238480960762e+57 2.8813315690934824e+57 9.02878328976847e+56 2.7450918613794245e+56 8.573211680439979e+55 2.4221281206883117e+55 1.0169829643977822e+55 5.199494494286339e+54 8.1407266423822e+54 3.88780126620511e+54 7.706711311791424e+54 6.367480356866151e+55 1.4727984432575266e+56 2.0988631867149977e+56 2.5950138544388263e+56 3.0071005872891285e+56 3.3594100997533926e+56 3.6746998466851044e+56 3.9595154150049545e+56 4.220350263846161e+56 4.2453562320320795e+56 4.269634943542868e+56 4.293614515659908e+56 4.317575970339969e+56 4.34158143048026e+56 4.365677250815934e+56 4.389898346717817e+56 4.414243416740314e+56 4.460137163128655e+56 4.682176362587866e+56 5.085205250265618e+56 5.438646828020772e+56 5.757724600212956e+56 6.047539526255779e+56 6.4202924091203225e+56 6.751800225190809e+56 7.046128475352952e+56 7.141371755804474e+56 7.3108509692690255e+56 7.550809887482342e+56 7.759876308356668e+56 7.888734222666598e+56 7.946383014401118e+56 8.175722590643663e+56 8.413471955221e+56 8.811543594318122e+56 9.127064219491354e+56 9.408188649223901e+56 9.672396299538895e+56 9.921893457594814e+56 1.0142319344615926e+57 1.0363186199947762e+57 1.0566523521411282e+57 1.0757849664924305e+57 
