# time_axis
5.999999999999999 7.0 7.30102999566398 7.477121254719661 7.602059991327962 7.698970004336018 7.778151250383643 7.845098040014256 7.903089986991943 7.954242509439324 8.0 8.041392685158224 8.079181246047623 8.113943352306837 8.146128035678238 8.176091259055681 8.301029995663981 8.47712125471966 8.60205999132796 8.698970004336019 8.778151250383644 8.845098040014257 8.903089986991942 8.954242509439323 8.999999999999998 9.004321373782641 9.008600171761916 9.012837224705171 9.017033339298779 9.021189299069936 9.02530586526477 9.02938377768521 9.033423755486949 9.041392685158224 9.079181246047623 9.146128035678236 9.204119982655923 9.255272505103305 9.301029995663981 9.361727836017593 9.414973347970816 9.462397997898954 9.477121254719663 9.505149978319904 9.544068044350274 9.57978359661681 9.60205999132796 9.612783856719734 9.653212513775342 9.698970004336017 9.778151250383642 9.845098040014257 9.903089986991944 9.954242509439325 10.0 10.041392685158225 10.079181246047623 10.113943352306835 10.146128035678236 
# total_gas_mass_list
10.05980524029204 10.573323094283671 9.177555232718225 7.801781746281089 6.603593957640894 6.030539032831342 nan nan nan nan nan nan nan nan nan nan nan nan nan nan nan nan nan nan nan nan nan nan nan nan nan nan nan nan nan nan nan nan nan nan nan nan nan nan nan nan nan nan nan nan nan nan nan nan nan nan nan nan nan 
# ejected_gas_mass_list
-10.0 -10.0 5.858169547206705 6.588128447819614 6.728651625526614 6.796987221427603 nan nan nan nan nan nan nan nan nan nan nan nan nan nan nan nan nan nan nan nan nan nan nan nan nan nan nan nan nan nan nan nan nan nan nan nan nan nan nan nan nan nan nan nan nan nan nan nan nan nan nan nan nan 
# stellar_mass_list
-10.0 7.962895227283982 8.537482759041223 8.197955934806533 8.11946980921499 8.080853588724466 8.055244995413283 8.036108202609993 8.020788117139215 8.007976668919163 7.996967854717806 7.987283203361859 7.9786375612401965 7.970840409297107 7.963728860869151 7.957182665048487 7.930431905811334 7.893497400464221 7.867156226896853 7.846410696348021 7.829100514456267 7.814210403563647 7.801007089800181 7.789156382846799 7.778296201655357 7.7772981611857706 7.776312332491395 7.77533002800702 7.7743317814430295 7.7733290479537835 7.772322298329107 7.771314564534478 7.770347632308338 7.768500059049414 7.759427483649912 7.743045873477459 7.728541627874233 7.715506956104181 7.703723000843423 7.687799655657772 7.673404715921327 7.66033046645109 7.656028572141507 7.6483058641312045 7.636966501834276 7.626554814875406 7.619916166025428 7.616854979551845 7.604233989944166 7.590241362798009 7.564342875291558 7.542031072839841 7.522855750829856 7.505398424792436 7.489019634828817 7.475239355826405 7.461507664859824 7.449310239526065 7.438137265062094 
# remnant_mass_list
-10.0 -10.0 6.920250417502359 7.641512491413455 7.700927379101295 7.726035203003396 nan nan nan nan nan nan nan nan nan nan nan nan nan nan nan nan nan nan nan nan nan nan nan nan nan nan nan nan nan nan nan nan nan nan nan nan nan nan nan nan nan nan nan nan nan nan nan nan nan nan nan nan nan 
# BH_mass_list
-10.0 -10.0 6.772651591751821 7.49629799490851 7.500063025730168 7.500068934888278 7.500068934888278 7.500068934888278 7.500068934888278 7.500068934888278 7.500068934888278 7.500068934888278 7.500068934888278 7.500068934888278 7.500068934888278 7.500068934888278 7.500068934888278 7.500068934888278 7.500068934888278 7.500068934888278 7.500068934888278 7.500068934888278 7.500068934888278 7.500068934888278 7.500068934888278 7.500068934888278 7.500068934888278 7.500068934888278 7.500068934888278 7.500068934888278 7.500068934888278 7.500068934888278 7.500068934888278 7.500068934888278 7.500068934888278 7.500068934888278 7.500068934888278 7.500068934888278 7.500068934888278 7.500068934888278 7.500068934888278 7.500068934888278 7.500068934888278 7.500068934888278 7.500068934888278 7.500068934888278 7.500068934888278 7.500068934888278 7.500068934888278 7.500068934888278 7.500068934888278 7.500068934888278 7.500068934888278 7.500068934888278 7.500068934888278 7.500068934888278 7.500068934888278 7.500068934888278 7.500068934888278 
# NS_mass_list
-10.0 -10.0 6.379837702927764 7.09515215645797 7.269477769472745 7.333534389850511 7.3617788816976395 7.363129210584024 7.363148115782134 7.363149703382152 7.36314970348537 7.36314970348537 7.36314970348537 7.36314970348537 7.36314970348537 7.36314970348537 7.36314970348537 7.36314970348537 7.36314970348537 7.36314970348537 7.36314970348537 7.36314970348537 7.36314970348537 7.36314970348537 7.36314970348537 7.36314970348537 7.36314970348537 7.36314970348537 7.36314970348537 7.36314970348537 7.36314970348537 7.36314970348537 7.36314970348537 7.36314970348537 7.36314970348537 7.36314970348537 7.36314970348537 7.36314970348537 7.36314970348537 7.36314970348537 7.36314970348537 7.36314970348537 7.36314970348537 7.36314970348537 7.36314970348537 7.36314970348537 7.36314970348537 7.36314970348537 7.36314970348537 7.36314970348537 7.36314970348537 7.36314970348537 7.36314970348537 7.36314970348537 7.36314970348537 7.36314970348537 7.36314970348537 7.36314970348537 7.36314970348537 
# WD_mass_list
-10.0 -10.0 -10.0 -10.0 -10.0 4.518772681771183 nan nan nan nan nan nan nan nan nan nan nan nan nan nan nan nan nan nan nan nan nan nan nan nan nan nan nan nan nan nan nan nan nan nan nan nan nan nan nan nan nan nan nan nan nan nan nan nan nan nan nan nan nan 
