# time_axis
1000000 10000000 20000000 30000000 40000000 50000000 60000000 70000000 80000000 90000000 100000000 200000000 300000000 400000000 500000000 600000000 700000000 800000000 900000000 1000000000 1010000000 1020000000 1030000000 1040000000 1050000000 1060000000 1070000000 1080000000 1100000000 1200000000 1400000000 1600000000 1800000000 2000000000 2300000000 2600000000 2900000000 3000000000 3200000000 3500000000 3800000000 4000000000 4100000000 4500000000 5000000000 6000000000 7000000000 8000000000 9000000000 10000000000 11000000000 12000000000 13000000000 14000000000 
# SNIa_energy_release_list
0 0.0 0.0 0.0 0.0 0.0 3.556464664606907e+55 1.0018772547240102e+56 1.8937942663933008e+56 2.99853309568532e+56 4.290994706464115e+56 2.0201611849816805e+57 2.877485100341445e+57 3.4285480913266326e+57 3.8364428866670346e+57 4.1606383795233654e+57 4.429776609144104e+57 4.659887930925871e+57 4.860897084794321e+57 5.0393476976572446e+57 5.0561419380063e+57 5.0727577949160495e+57 5.089203090128714e+57 5.105480921003803e+57 5.121593424791356e+57 5.1375429813172874e+57 5.153335598980047e+57 5.168972606331413e+57 5.1997977335430505e+57 5.345544810884901e+57 5.602277502525749e+57 5.823313019592719e+57 6.0173822251036415e+57 6.1903631006652254e+57 6.419026751068198e+57 6.618966279539708e+57 6.796584358805008e+57 6.851663312873798e+57 6.956379086664754e+57 7.101600475195424e+57 7.234680128935627e+57 7.317608805216953e+57 7.357509389499074e+57 7.507815161801459e+57 7.677712221951659e+57 7.97127031012977e+57 8.219042149658524e+57 8.433456710149659e+57 8.62241692177609e+57 8.791297506759845e+57 8.944020821912684e+57 9.08337975467389e+57 9.211506597976515e+57 9.330104228648398e+57 
# SNII_energy_release_list
0 -2.483291790914152e+55 8.892375338103214e+55 2.4590983960197907e+56 4.254940151858581e+56 6.193429225519573e+56 8.131918299180567e+56 1.0070354019799043e+57 1.200765238963267e+57 1.3943658537787097e+57 1.587835036464743e+57 1.938489073660992e+57 1.938489073660992e+57 1.938489073660992e+57 1.938489073660992e+57 1.938489073660992e+57 1.938489073660992e+57 1.938489073660992e+57 1.938489073660992e+57 1.938489073660992e+57 1.938489073660992e+57 1.938489073660992e+57 1.938489073660992e+57 1.938489073660992e+57 1.938489073660992e+57 1.938489073660992e+57 1.938489073660992e+57 1.938489073660992e+57 1.938489073660992e+57 1.938489073660992e+57 1.938489073660992e+57 1.938489073660992e+57 1.938489073660992e+57 1.938489073660992e+57 1.938489073660992e+57 1.938489073660992e+57 1.938489073660992e+57 1.938489073660992e+57 1.938489073660992e+57 1.938489073660992e+57 1.938489073660992e+57 1.938489073660992e+57 1.938489073660992e+57 1.938489073660992e+57 1.938489073660992e+57 1.938489073660992e+57 1.938489073660992e+57 1.938489073660992e+57 1.938489073660992e+57 1.938489073660992e+57 1.938489073660992e+57 1.938489073660992e+57 1.938489073660992e+57 1.938489073660992e+57 
# SN_energy_per_current_crossing_time_list
0.0 -2.3058702595348885e+55 8.858630298388845e+55 1.2353987463818828e+56 1.4555729934787192e+56 1.6428379724359221e+56 1.728681934870254e+56 1.830899180083466e+56 1.9508944833204254e+56 2.0828652660636928e+56 2.227258158487685e+56 9.543412426443252e+55 8.065173024160887e+54 5.387638228357968e+54 4.0879773846533834e+54 3.307421758166569e+54 2.7830465240172753e+54 2.405227580456004e+54 2.119713119366675e+54 1.8958713191979813e+54 1.7854460535633656e+54 1.767681320533507e+54 1.7506927390025125e+54 1.7339919485043137e+54 1.717468821337922e+54 1.701163817111226e+54 1.685496094818496e+54 1.6699174977284014e+54 1.6479355674574252e+54 1.5670569248804313e+54 1.3930171019348034e+54 1.2082818937240822e+54 1.0674062176959227e+54 9.563661993511586e+53 8.482524107903374e+53 7.455967854854015e+53 6.653006055588029e+53 6.197429519326575e+53 5.90561928288723e+53 5.477984158652448e+53 5.034049102443935e+53 4.71360326625458e+53 4.539432121898763e+53 4.287665353672034e+53 3.8891615595426035e+53 3.3766716483378802e+53 2.86101302946607e+53 2.484004427449172e+53 2.195520278908276e+53 1.96756783072252e+53 1.783379052966005e+53 1.6309357179815623e+53 1.5023009328648276e+53 1.3932509217281958e+53 
# SN_energy_per_final_crossing_time_list
0.0 -8.643851594574624e+55 3.563681921353219e+56 4.9179399416719024e+56 5.625875587172475e+56 6.072750185283558e+56 6.11453051128152e+56 6.1485003829581e+56 6.173799889763973e+56 6.194753412832592e+56 6.212689141200786e+56 1.2854154894295168e+56 1.0071595263140605e+55 6.473729835670688e+54 4.7918309696121885e+54 3.808555589882447e+54 3.161758665557352e+54 2.7032817549242376e+54 2.3613978400449003e+54 2.0963865757326544e+54 1.972939148403538e+54 1.9519831740028377e+54 1.9319460754260623e+54 1.9122728457535357e+54 1.892850694080446e+54 1.873708117524702e+54 1.8552713903716243e+54 1.8369907376680215e+54 1.8106237307059767e+54 1.7121948279686023e+54 1.5080109831872808e+54 1.2983309031705598e+54 1.1399346594251135e+54 1.0160648360012604e+54 8.954249757065701e+53 7.829440626390627e+53 6.955354033354121e+53 6.470517420071818e+53 6.150854259364354e+53 5.6867306223786635e+53 5.211271905585264e+53 4.87111142153913e+53 4.687406106987193e+53 4.41437266948333e+53 3.991803787515215e+53 3.4486361541781673e+53 2.9107524479709253e+53 2.518880709031305e+53 2.2198503252299624e+53 1.9839606352810304e+53 1.7941496672456885e+53 1.6371487391496623e+53 1.5051973763572951e+53 1.3932509217281958e+53 
# total_energy_release_list
0 -2.483291790914152e+55 8.892375338103214e+55 2.4590983960197907e+56 4.254940151858581e+56 6.193429225519573e+56 8.487564765641257e+56 1.1072231274523053e+57 1.3901446656025972e+57 1.6942191633472416e+57 2.0169345071111542e+57 3.958650258642673e+57 4.815974174002437e+57 5.367037164987625e+57 5.7749319603280264e+57 6.099127453184357e+57 6.368265682805095e+57 6.598377004586863e+57 6.799386158455313e+57 6.977836771318236e+57 6.994631011667291e+57 7.011246868577042e+57 7.027692163789706e+57 7.043969994664795e+57 7.060082498452348e+57 7.076032054978279e+57 7.091824672641039e+57 7.107461679992405e+57 7.138286807204043e+57 7.284033884545893e+57 7.540766576186741e+57 7.761802093253711e+57 7.955871298764634e+57 8.128852174326218e+57 8.35751582472919e+57 8.5574553532007e+57 8.735073432466e+57 8.790152386534791e+57 8.894868160325747e+57 9.040089548856416e+57 9.17316920259662e+57 9.256097878877945e+57 9.295998463160066e+57 9.446304235462452e+57 9.616201295612651e+57 9.909759383790763e+57 1.0157531223319517e+58 1.0371945783810651e+58 1.0560905995437082e+58 1.0729786580420838e+58 1.0882509895573676e+58 1.1021868828334883e+58 1.1149995671637507e+58 1.1268593302309391e+58 
# binding_energy_list
1.9633602768360434e+59 1.9633602768360434e+59 1.8923436186449798e+59 1.7782794100389227e+59 1.6634126503701562e+59 1.555965631605075e+59 1.4621771744567153e+59 1.370881766164855e+59 1.2823305826560127e+59 1.1994993031493806e+59 1.1246049739669314e+59 8.053784411990644e+58 7.744617978025239e+58 7.585775750291882e+58 7.498942093324558e+58 7.430191378967052e+58 7.379042301291046e+58 7.328245331389075e+58 7.29457510254568e+58 7.277798045368273e+58 7.277798045368273e+58 7.261059574351499e+58 7.261059574351499e+58 7.261059574351499e+58 7.261059574351499e+58 7.261059574351499e+58 7.261059574351499e+58 7.261059574351499e+58 7.244359600749891e+58 7.227698036021732e+58 7.194489780036983e+58 7.161434102128968e+58 7.14496326075512e+58 7.12853030126522e+58 7.112135136533237e+58 7.095777679633873e+58 7.079457843841402e+58 7.063175542629565e+58 7.063175542629565e+58 7.046930689671453e+58 7.046930689671453e+58 7.030723198838356e+58 7.030723198838356e+58 7.014552984199657e+58 7.014552984199657e+58 6.998419960022717e+58 6.982324040771733e+58 6.966265141107743e+58 6.966265141107743e+58 6.950243175887948e+58 6.950243175887948e+58 6.950243175887948e+58 6.934258060165708e+58 6.934258060165708e+58 
# total_gas_kinetic_energy_list
3.2353348390517258e+59 3.2191402250769957e+59 3.2037960385777444e+59 3.1894213565423924e+59 3.1753311606440326e+59 3.1614218914857763e+59 3.1475591311840475e+59 3.134212977661416e+59 3.1212222862841436e+59 3.1084643413011527e+59 3.0959299004692665e+59 3.107525223587027e+59 3.109039359985191e+59 3.1097905959218528e+59 3.110254027920436e+59 3.110575029430213e+59 3.110812457362015e+59 3.1110001650272274e+59 3.111154035648403e+59 3.111282694564761e+59 3.1112944546948197e+59 3.1113060883239564e+59 3.1113174559735176e+59 3.111328642632527e+59 3.111339537181452e+59 3.11135039983104e+59 3.111361270150158e+59 3.111371896825973e+59 3.111392600405102e+59 3.1114878168963083e+59 3.111645087917082e+59 3.11177021369039e+59 3.1118729087210503e+59 3.111958898537268e+59 3.112063833689903e+59 3.1121479169507978e+59 3.112218181308282e+59 3.112238765498323e+59 3.1122765251192144e+59 3.1123272007720645e+59 3.112369081983747e+59 3.112394649714561e+59 3.11240631946897e+59 3.1124489827208964e+59 3.112492512348667e+59 3.1125595123083608e+59 3.112609467907173e+59 3.112651782659943e+59 3.1126892466721385e+59 3.1127244560386634e+59 3.1127537678926876e+59 3.112782406819172e+59 3.112806347341876e+59 3.112831849685576e+59 
