# time_axis
5.999999999999999 7.0 7.30102999566398 7.477121254719661 7.602059991327962 7.698970004336018 7.778151250383643 7.845098040014256 7.903089986991943 7.954242509439324 8.0 8.301029995663981 8.47712125471966 8.60205999132796 8.698970004336019 8.778151250383644 8.845098040014257 8.903089986991942 8.954242509439323 8.999999999999998 9.004321373782641 9.008600171761916 9.012837224705171 9.017033339298779 9.021189299069936 9.02530586526477 9.02938377768521 9.033423755486949 9.041392685158224 9.079181246047623 9.146128035678236 9.204119982655923 9.255272505103305 9.301029995663981 9.361727836017593 9.414973347970816 9.462397997898954 9.477121254719663 9.505149978319904 9.544068044350274 9.57978359661681 9.60205999132796 9.612783856719734 9.653212513775342 9.698970004336017 9.778151250383642 9.845098040014257 9.903089986991944 9.954242509439325 10.0 10.041392685158225 10.079181246047623 10.113943352306835 10.146128035678236 
# total_gas_mass_list
10.70102999566398 10.698850667692053 10.696810394146526 10.694913051404784 10.693058141490257 10.69125741559918 10.689458141674084 10.687703197810796 10.685997793466399 10.684321601031499 10.682673560182305 10.684595881704249 10.684821692847333 10.684933895996291 10.685005059796751 10.685055588341458 10.685093532433303 10.685123540913077 10.68514804881571 10.685168503628027 10.685170370494008 10.685172240925674 10.685174055091645 10.685175837330588 10.685177571610959 10.685179276775763 10.68518102483857 10.685182709834509 10.685186009629215 10.68520119336516 10.685226189238195 10.68524610014997 10.685262382874887 10.685276042069999 10.685292798928618 10.685306294262407 10.685317625536571 10.685320966502207 10.685327103544404 10.685335346089065 10.68534226507675 10.685346510662153 10.685348453961314 10.685355619691569 10.685362964069403 10.685374521990026 10.685383324249491 10.685390830973216 10.685397440676041 10.685403699942535 10.685408791278011 10.685413844988728 10.68541790907198 10.685422433612452 
# ejected_gas_mass_list
-10.0 -10.0 7.220931719196178 7.707043047046693 7.959085201913998 8.140218780397673 8.270014188698202 8.380453597578168 8.477676752528007 8.561856897228239 8.636212293558593 8.810476127912711 8.827059017381487 8.835072310270256 8.840080144888256 8.843601623383023 8.84622767593069 8.848293491462266 8.84997348720468 8.851370760837819 8.851498066629915 8.851625578709346 8.851749219781851 8.851870651164008 8.851988782820687 8.852104900391373 8.852223907465653 8.852338590579217 8.85256309269313 8.853594649788553 8.85528758605466 8.856631487999415 8.85772746574414 8.858644758847179 8.859767477109541 8.860669597630359 8.861425634606617 8.861648300824308 8.86205702513069 8.862605379492846 8.863065155257798 8.863347042786828 8.863476008901996 8.863951233431818 8.86443777480462 8.865202364296323 8.865783770938947 8.866278999976183 8.866714591335166 8.867126692037486 8.867461614130129 8.867793809805368 8.868060772867105 8.86835779263711 
# stellar_mass_list
-10.0 8.547842856620997 8.623759617172569 8.667633554285695 8.70059045657036 8.727677933067136 8.750987122457632 8.771616293417756 8.790270709395253 8.807352089316392 8.82315368615648 8.309092163193762 8.237298619383514 8.19538843811135 8.166171066883694 8.143958565467706 8.126157374072458 8.11137661535432 8.098785790608787 8.087849337689201 8.086828977050041 8.085823943541802 8.084833828028238 8.083855870205001 8.082895445980899 8.08193424887925 8.080982629179314 8.080041402849664 8.078203320120378 8.069608803745123 8.05479434262699 8.04239178349873 8.031737308547505 8.02245566017869 8.010491172474792 8.00027630077365 7.991386681043538 7.988632847885655 7.98351311325928 7.976450180328869 7.970204958980023 7.966232419578605 7.964420177493607 7.957411645188514 7.949851103795098 7.936789972741755 7.926106672564682 7.9167606764639675 7.908140175276482 7.900193285217685 7.893139802028396 7.886341589198598 7.879936872007883 7.874326432973937 
# remnant_mass_list
-10.0 -10.0 7.533026163353074 7.867982397144036 8.062907228327816 8.200311090863975 8.306190803636769 8.392206969372092 8.464032009084294 8.52568376995559 8.579628248231327 8.662574762608726 8.671095549524056 8.67546454911078 8.67826717817706 8.680270846838262 8.681800296071199 8.683020063682736 8.684023961327918 8.684870219903539 8.684948024354457 8.685024407166674 8.685099402652583 8.685173277548603 8.685245550982998 8.685317924087409 8.685389435907862 8.685460006417443 8.685597078632867 8.686229268339257 8.687285760984963 8.688138007582433 8.688847590609893 8.689448176018024 8.690198387585795 8.690818306434174 8.691342583264857 8.691502839656867 8.69179563953559 8.69219327869098 8.692534516483352 8.692751002494564 8.692846817155903 8.69321810962799 8.693603635596459 8.694253731785354 8.694762744249243 8.695200079706193 8.695604389289752 8.695975409186662 8.696295670910217 8.696607536997796 8.696900064915313 8.697145512120258 
# BH_mass_list
-10.0 -10.0 7.371509287799409 7.672539283463391 7.848630542519072 7.973569279127371 8.070479292135428 8.149618718365412 8.215790248891214 8.272722702874717 8.322628736025926 8.367002573062633 8.367002573062633 8.367002573062633 8.367002573062633 8.367002573062633 8.367002573062633 8.367002573062633 8.367002573062633 8.367002573062633 8.367002573062633 8.367002573062633 8.367002573062633 8.367002573062633 8.367002573062633 8.367002573062633 8.367002573062633 8.367002573062633 8.367002573062633 8.367002573062633 8.367002573062633 8.367002573062633 8.367002573062633 8.367002573062633 8.367002573062633 8.367002573062633 8.367002573062633 8.367002573062633 8.367002573062633 8.367002573062633 8.367002573062633 8.367002573062633 8.367002573062633 8.367002573062633 8.367002573062633 8.367002573062633 8.367002573062633 8.367002573062633 8.367002573062633 8.367002573062633 8.367002573062633 8.367002573062633 8.367002573062633 8.367002573062633 
# NS_mass_list
-10.0 -10.0 7.025201321894077 7.427155493880479 7.653355677792161 7.809113193606895 7.9235165326626165 8.013958507454417 8.08838479110002 8.15155731239891 8.206394979193488 8.285509296443006 8.285509296443006 8.285509296443006 8.285509296443006 8.285509296443006 8.285509296443006 8.285509296443006 8.285509296443006 8.285509296443006 8.285509296443006 8.285509296443006 8.285509296443006 8.285509296443006 8.285509296443006 8.285509296443006 8.285509296443006 8.285509296443006 8.285509296443006 8.285509296443006 8.285509296443006 8.285509296443006 8.285509296443006 8.285509296443006 8.285509296443006 8.285509296443006 8.285509296443006 8.285509296443006 8.285509296443006 8.285509296443006 8.285509296443006 8.285509296443006 8.285509296443006 8.285509296443006 8.285509296443006 8.285509296443006 8.285509296443006 8.285509296443006 8.285509296443006 8.285509296443006 8.285509296443006 8.285509296443006 8.285509296443006 8.285509296443006 
# WD_mass_list
-10.0 -10.0 -10.0 -10.0 -10.0 4.866745826495221 5.963186530698599 6.366500078865516 6.619638109911273 6.802930233863616 6.9457483077745525 7.531695582924886 7.634752954701245 7.680049573775168 7.707016378842594 7.725417566115423 7.739011298036751 7.7495886441358355 7.758126464185682 7.76521043847189 7.765856657849437 7.766490247929268 7.767111540410052 7.76772278640143 7.768320050836112 7.768917416384459 7.769506964547578 7.770088063949452 7.771214810966958 7.776378515814687 7.784889565185068 7.791650439187839 7.797210284884438 7.801868091193085 7.807625895736561 7.812334162583138 7.8162817493600265 7.817482232170273 7.8196682035121095 7.82262170928207 7.8251425088381525 7.8267352070820815 7.827438512515138 7.830154647396531 7.832959478443289 7.837654066153773 7.841299578574394 7.844410864820245 7.847270264976768 7.849880089347133 7.852122106888076 7.854295860557982 7.856326391477634 7.858023874642135 
