# time_axis
1000000 10000000 20000000 30000000 40000000 50000000 60000000 70000000 80000000 90000000 100000000 110000000 120000000 130000000 140000000 150000000 160000000 170000000 180000000 190000000 200000000 210000000 220000000 230000000 240000000 250000000 260000000 270000000 280000000 290000000 300000000 310000000 320000000 330000000 340000000 350000000 360000000 370000000 380000000 390000000 400000000 500000000 600000000 700000000 800000000 900000000 1000000000 1010000000 1020000000 1030000000 1040000000 1050000000 1060000000 1070000000 1080000000 1100000000 1200000000 1400000000 1600000000 1800000000 2000000000 2300000000 2600000000 2900000000 3000000000 3200000000 3500000000 3800000000 4000000000 4100000000 4500000000 5000000000 6000000000 7000000000 8000000000 9000000000 10000000000 11000000000 12000000000 13000000000 14000000000 
# SNIa_energy_release_list
0 0 0 0 0 0 0 0 0 0 0 0 0 0 0 0 0 0 0 0 0 0 0 0 0 0 0 0 0 0 0 0 0 0 0 0 0 0 0 0 0 0 0 0 0 0 0 0 0 0 0 0 0 0 0 0 0 0 0 0 0 0 0 0 0 0 0 0 0 0 0 0 0 0 0 0 0 0 0 0 1e-10 
# SNII_energy_release_list
0 -3.571365033462399e+55 -1.668088174595149e+57 -3.731635136644595e+57 -4.5203964638451736e+57 -3.791599835673462e+57 -1.8210172194715025e+57 9.437806316724942e+56 5.928216809351155e+57 6.279488468448443e+57 5.7195683078111006e+57 4.838840095657299e+57 3.791710332907786e+57 3.062382652888166e+57 3.277214972616208e+57 3.648658788102405e+57 4.02643016203365e+57 4.11500071255704e+57 4.099580064426759e+57 4.048531706422266e+57 3.9871278244433616e+57 3.943983427961884e+57 3.9135580291206504e+57 3.892004737414235e+57 3.898025038601388e+57 3.908774850655924e+57 4.983244228528641e+57 6.097958893748583e+57 7.149735337140248e+57 8.107516351423385e+57 8.971438016979758e+57 9.567921944498118e+57 1.0080851359376318e+58 1.0534834337181357e+58 1.1005894788536403e+58 1.1442116995908917e+58 1.1843665062556414e+58 1.221410750259393e+58 1.255731331907266e+58 1.2876705277056914e+58 1.317517978988671e+58 1.536485478901432e+58 1.683864240491757e+58 1.7957908197712966e+58 1.885909381763888e+58 1.9612293755458372e+58 2.0258485970869327e+58 2.0318315705221878e+58 2.037734722483811e+58 2.0435631696379282e+58 2.0493173926760927e+58 2.054997528880271e+58 2.0606063329844382e+58 2.0661508271815088e+58 2.071621658110701e+58 2.0823734361933917e+58 2.1325661252646752e+58 2.2186089592892846e+58 2.2905675147795252e+58 2.3523217201749208e+58 2.4063592645185714e+58 2.426430461687778e+58 2.426430461687778e+58 2.426430461687778e+58 2.426430461687778e+58 2.426430461687778e+58 2.426430461687778e+58 2.426430461687778e+58 2.426430461687778e+58 2.426430461687778e+58 2.426430461687778e+58 2.426430461687778e+58 2.426430461687778e+58 2.426430461687778e+58 2.426430461687778e+58 2.426430461687778e+58 2.426430461687778e+58 2.426430461687778e+58 2.426430461687778e+58 2.426430461687778e+58 2.426430461687778e+58 
# SN_energy_per_current_crossing_time_list
0.0 -1.3988112871520755e+57 -5.285060940175386e+57 -3.3791844846979345e+57 -9.83556343987812e+56 8.20836792770149e+56 2.1092987686656768e+57 2.9786703434284595e+57 6.79211225490368e+57 3.8368479715628425e+56 -5.222182850915165e+56 -7.44849920230957e+56 -8.33804164199321e+56 -5.605030314020679e+56 1.6814882629026033e+56 2.9564334052191966e+56 3.0543497219574404e+56 7.137527681469792e+55 -1.238997059038829e+55 -4.096256328651606e+55 -4.927189647417237e+55 -3.464887382142004e+55 -2.4466855225028927e+55 -1.7360139249031435e+55 4.863950733144039e+54 8.708795625355837e+54 9.93020310795343e+56 1.1918876961235243e+57 1.2963596401483684e+57 1.3425017017664738e+57 1.3568481500309445e+57 9.981788331329655e+56 9.037060712461412e+56 8.357543385519614e+56 9.149914119664125e+56 8.905963578137311e+56 8.572533255707034e+56 8.227531388593064e+56 7.89519825425884e+56 7.582180102148787e+56 7.290822977848091e+56 6.651602809932903e+56 5.2918482614419375e+56 4.604221239587992e+56 4.031292054428252e+56 3.59604409977359e+56 3.2516976149843772e+56 3.024818385012158e+56 2.998218339442916e+56 2.9736654423244733e+56 2.948822906531081e+56 2.92351897314843e+56 2.8991168268412512e+56 2.8779101021599567e+56 2.851403956721971e+56 2.8245692944152853e+56 2.7355353906283084e+56 2.486920806137784e+56 2.176053128682179e+56 1.9362129803311228e+56 1.7452124434377332e+56 4.4806813764067575e+55 0.0 0.0 0.0 0.0 0.0 0.0 0.0 0.0 0.0 0.0 0.0 0.0 0.0 0.0 0.0 0.0 0.0 0.0 0.0 
# SN_energy_per_final_crossing_time_list
0.0 -3.575565075296028e+56 -1.4708648249773816e+58 -1.8593763845600494e+58 -7.107200426368859e+57 6.566883451121583e+57 1.775610077103099e+58 2.4912444092834432e+58 4.491268233565109e+58 3.165162894291697e+57 -5.045207805177153e+57 -7.935875795470885e+57 -9.435250993719606e+57 -6.571668538561495e+57 1.9357647259253562e+57 3.346925809820107e+57 3.403940808562661e+57 7.980724114323476e+56 -1.3894904984171523e+56 -4.59975532855589e+56 -5.532848545326746e+56 -3.887562212981157e+56 -2.7415062092904124e+56 -1.9420775172783278e+56 5.424643132043282e+55 9.686208765906861e+55 9.681596900345173e+57 1.0044230454412396e+58 9.477120301331673e+57 8.630166564124837e+57 7.78443899066838e+57 5.374668708754548e+57 4.6217937294895075e+57 4.0906518894272636e+57 4.2445299043733484e+57 3.9306169703235384e+57 3.618182702508322e+57 3.33790283193018e+57 3.092484939477247e+57 2.8779081601539915e+57 2.6894297573805354e+57 1.9730251155494996e+57 1.3279687544139813e+57 1.008523877306251e+57 8.12020899263265e+56 6.7867715297486025e+56 5.822569426907429e+56 5.391008646546514e+56 5.319084834885186e+56 5.251771438366665e+56 5.184891173027013e+56 5.1181346067576375e+56 5.053860216757483e+56 4.995913232875174e+56 4.929538324418551e+56 4.843990136073387e+56 4.522654558053863e+56 3.8764810442473693e+56 3.241943149496441e+56 2.7822073660351667e+56 2.434549241671037e+56 6.028440465634701e+55 0.0 0.0 0.0 0.0 0.0 0.0 0.0 0.0 0.0 0.0 0.0 0.0 0.0 0.0 0.0 0.0 0.0 0.0 0.0 
# total_energy_release_list
0 -3.571365033462399e+55 -1.668088174595149e+57 -3.731635136644595e+57 -4.5203964638451736e+57 -3.791599835673462e+57 -1.8210172194715025e+57 9.437806316724942e+56 5.928216809351155e+57 6.279488468448443e+57 5.7195683078111006e+57 4.838840095657299e+57 3.791710332907786e+57 3.062382652888166e+57 3.277214972616208e+57 3.648658788102405e+57 4.02643016203365e+57 4.11500071255704e+57 4.099580064426759e+57 4.048531706422266e+57 3.9871278244433616e+57 3.943983427961884e+57 3.9135580291206504e+57 3.892004737414235e+57 3.898025038601388e+57 3.908774850655924e+57 4.983244228528641e+57 6.097958893748583e+57 7.149735337140248e+57 8.107516351423385e+57 8.971438016979758e+57 9.567921944498118e+57 1.0080851359376318e+58 1.0534834337181357e+58 1.1005894788536403e+58 1.1442116995908917e+58 1.1843665062556414e+58 1.221410750259393e+58 1.255731331907266e+58 1.2876705277056914e+58 1.317517978988671e+58 1.536485478901432e+58 1.683864240491757e+58 1.7957908197712966e+58 1.885909381763888e+58 1.9612293755458372e+58 2.0258485970869327e+58 2.0318315705221878e+58 2.037734722483811e+58 2.0435631696379282e+58 2.0493173926760927e+58 2.054997528880271e+58 2.0606063329844382e+58 2.0661508271815088e+58 2.071621658110701e+58 2.0823734361933917e+58 2.1325661252646752e+58 2.2186089592892846e+58 2.2905675147795252e+58 2.3523217201749208e+58 2.4063592645185714e+58 2.426430461687778e+58 2.426430461687778e+58 2.426430461687778e+58 2.426430461687778e+58 2.426430461687778e+58 2.426430461687778e+58 2.426430461687778e+58 2.426430461687778e+58 2.426430461687778e+58 2.426430461687778e+58 2.426430461687778e+58 2.426430461687778e+58 2.426430461687778e+58 2.426430461687778e+58 2.426430461687778e+58 2.426430461687778e+58 2.426430461687778e+58 2.426430461687778e+58 2.426430461687778e+58 2.426430461687778e+58 
# binding_energy_list
3.715352290971728e+56 5.105049999754044e+56 6.9502431758879475e+56 8.109610578538388e+56 8.550667128846876e+56 8.511380382023758e+56 8.413951416451896e+56 8.128305161640929e+56 7.227698036021732e+56 7.6913044028661456e+56 8.090958991783847e+56 8.356030182312424e+56 8.511380382023758e+56 8.590135215053908e+56 8.511380382023758e+56 8.433347577642791e+56 8.37529282126886e+56 8.37529282126886e+56 8.37529282126886e+56 8.37529282126886e+56 8.37529282126886e+56 8.356030182312424e+56 8.356030182312424e+56 8.33681184619633e+56 8.33681184619633e+56 8.317637711026742e+56 7.90678627999831e+56 7.464487584100623e+56 7.0469306896714526e+56 6.698846094165272e+56 6.397348354826443e+56 6.251726927756849e+56 6.123503917247721e+56 6.011737374832829e+56 5.888436553555932e+56 5.780960474057187e+56 5.675446054085442e+56 5.571857489319327e+56 5.49540873857627e+56 5.42000890401626e+56 5.3579665751334065e+56 4.830588020397698e+56 4.4668359215096165e+56 4.216965034285823e+56 4.036453929676065e+56 3.908408957924009e+56 3.801893963205597e+56 3.793149849736825e+56 3.784425847170959e+56 3.7757219092541446e+56 3.767037989839093e+56 3.758374042884466e+56 3.7497300224548187e+56 3.7411058827205366e+56 3.7325015779572295e+56 3.7239170625456674e+56 3.647539469256058e+56 3.5399734108343427e+56 3.459393778261231e+56 3.404081897009981e+56 3.3496543915782656e+56 3.2885163087598534e+56 3.243396173493513e+56 3.198895109691417e+56 3.1841975217261253e+56 3.1622776601683794e+56 3.133285724315602e+56 3.1045595881283367e+56 3.0902954325136045e+56 3.0831879502493345e+56 3.054921113215509e+56 3.026913428101317e+56 2.9853826189179694e+56 2.951209226666378e+56 2.9241523778433427e+56 2.904022654464457e+56 2.890679882365466e+56 2.8707805820246805e+56 2.857590543374967e+56 2.84446110744792e+56 2.8379190284415753e+56 
# total_gas_kinetic_energy_list
3.3167646373505153e+58 1.5156463750628504e+60 3.3882028024523246e+60 4.552221143358703e+60 5.149067761634145e+60 5.425506580781103e+60 5.543336232974433e+60 3.9421532461662124e+60 2.7972995100271543e+60 1.960517600267313e+60 1.3712690339996087e+60 9.579225934212653e+59 6.688529425323735e+59 4.669695298913152e+59 3.290917612003318e+59 2.323202879981204e+59 1.6430901308062244e+59 1.1514614279001904e+59 8.069743533634943e+58 5.665923789696891e+58 3.9893003054063847e+58 2.8190663668712385e+58 2.0012892320661284e+58 1.4289771703719722e+58 1.0379833486199433e+58 7.606967524526594e+57 1.3964342125216813e+58 1.8668242444266912e+58 2.0972482403618274e+58 2.11771133975928e+58 2.0091299312504918e+58 1.7034363089081322e+58 1.4279684017445457e+58 1.1965257463665187e+58 1.0598831020676989e+58 9.460500532760039e+57 8.437183781734446e+57 7.5012074937544e+57 6.660355142076385e+57 5.9189447588826615e+57 5.27449776921365e+57 1.2931087823052797e+58 1.7596249036793327e+58 2.066658206702926e+58 2.2899833287946824e+58 2.461991139270022e+58 2.598816401886715e+58 2.6110318163877235e+58 2.6230242732686045e+58 2.634792675831055e+58 2.646335759824019e+58 2.657650737439565e+58 2.668741418830144e+58 2.67966591063429e+58 2.690418146546952e+58 2.711413930644596e+58 2.806493129841648e+58 2.959553953062917e+58 3.0784105299348656e+58 3.17458383545758e+58 3.254360866808162e+58 3.352437442453686e+58 3.433306703973467e+58 3.501686156659253e+58 3.5223659124572705e+58 3.5606704608616583e+58 3.6123649800199256e+58 3.6573072971752783e+58 3.684282420806224e+58 3.696768150429987e+58 3.7425173190021384e+58 3.790254034449657e+58 3.8653753380404867e+58 3.922278841496566e+58 3.967899062986069e+58 4.0058486926309747e+58 4.0382426883087146e+58 4.065879144748123e+58 4.090343964392008e+58 4.111870759115745e+58 4.130960926657452e+58 
