# time_axis
1000000 10000000 20000000 30000000 40000000 50000000 60000000 70000000 80000000 90000000 100000000 200000000 300000000 400000000 500000000 600000000 700000000 800000000 900000000 1000000000 1010000000 1020000000 1030000000 1040000000 1050000000 1060000000 1070000000 1080000000 1100000000 1200000000 1400000000 1600000000 1800000000 2000000000 2300000000 2600000000 2900000000 3000000000 3200000000 3500000000 3800000000 4000000000 4100000000 4500000000 5000000000 6000000000 7000000000 8000000000 9000000000 10000000000 11000000000 12000000000 13000000000 14000000000 
# SNIa_energy_release_list
0 0.0 0.0 0.0 0.0 0.0 3.556464664606907e+55 1.0018772547240102e+56 1.8937942663933008e+56 2.99853309568532e+56 4.290994706464115e+56 1.1502768593580462e+57 1.5206226882754289e+57 1.7722193619624428e+57 1.9630828326536333e+57 2.116924424273717e+57 2.245805809902511e+57 2.356705741016127e+57 2.454037429190666e+57 2.540765088748956e+57 2.548939250118516e+57 2.5570311169544085e+57 2.5650412824586785e+57 2.5729734650162705e+57 2.5808283360424003e+57 2.588603731198772e+57 2.596304482025638e+57 2.603931323872734e+57 2.6189693975006502e+57 2.690179695338388e+57 2.815954487887004e+57 2.924552447015828e+57 3.020106208429046e+57 3.105420511341819e+57 3.218391089395752e+57 3.317312022903021e+57 3.4052959751202455e+57 3.4326002208344e+57 3.484523905712745e+57 3.556581193275961e+57 3.622666138129245e+57 3.663856358188041e+57 3.683681764725533e+57 3.758396411813305e+57 3.842887235868472e+57 3.9889913017886285e+57 4.112394496508277e+57 4.219235631501401e+57 4.313440512588904e+57 4.397650190207053e+57 4.473830660120571e+57 4.5433512479039685e+57 4.607292208282551e+57 4.666480593098576e+57 
# SNII_energy_release_list
0 -2.483291790914152e+55 8.892375338103214e+55 2.4590983960197907e+56 4.254940151858581e+56 6.193429225519573e+56 8.37816027193841e+56 9.178198575485801e+56 9.546357294355172e+56 9.69244536830496e+56 9.69244536830496e+56 9.69244536830496e+56 9.69244536830496e+56 9.69244536830496e+56 9.69244536830496e+56 9.69244536830496e+56 9.69244536830496e+56 9.69244536830496e+56 9.69244536830496e+56 9.69244536830496e+56 9.69244536830496e+56 9.69244536830496e+56 9.69244536830496e+56 9.69244536830496e+56 9.69244536830496e+56 9.69244536830496e+56 9.69244536830496e+56 9.69244536830496e+56 9.69244536830496e+56 9.69244536830496e+56 9.69244536830496e+56 9.69244536830496e+56 9.69244536830496e+56 9.69244536830496e+56 9.69244536830496e+56 9.69244536830496e+56 9.69244536830496e+56 9.69244536830496e+56 9.69244536830496e+56 9.69244536830496e+56 9.69244536830496e+56 9.69244536830496e+56 9.69244536830496e+56 9.69244536830496e+56 9.69244536830496e+56 9.69244536830496e+56 9.69244536830496e+56 9.69244536830496e+56 9.69244536830496e+56 9.69244536830496e+56 9.69244536830496e+56 9.69244536830496e+56 9.69244536830496e+56 9.69244536830496e+56 
# SN_energy_per_current_crossing_time_list
0.0 -1.6841128684577845e+55 6.469979488540673e+55 8.873714555494663e+55 1.053187474058559e+56 1.1753451791286667e+56 2.3547813118895753e+56 1.053648821189356e+56 5.590662972765337e+55 2.759923766938317e+55 7.429905578666043e+54 4.9206194422084816e+54 2.681681059628795e+54 1.8836176165969515e+54 1.4612079340565356e+54 1.1972056770904612e+54 1.0156460422322033e+54 8.82849464056201e+53 7.813536686403407e+53 7.011891774223721e+53 6.613063350626859e+53 6.5506964017680265e+53 6.48857891503555e+53 6.429336817156534e+53 6.370645303698028e+53 6.310042491870504e+53 6.253230895270953e+53 6.196880525457956e+53 6.116321841407331e+53 5.823600815009513e+53 5.189063837926308e+53 4.512762367851589e+53 3.994573602000783e+53 3.584551563475752e+53 3.1841407086331656e+53 2.802571489226469e+53 2.503525069103474e+53 2.333834705446742e+53 2.224345426559318e+53 2.0645636637675546e+53 1.8986540268438168e+53 1.7781310460755443e+53 1.7130051933651806e+53 1.6186002529907953e+53 1.4687154576846612e+53 1.2760707446339925e+53 1.0818739857441144e+53 9.396966350656357e+52 8.309353877600826e+52 7.447841803837065e+52 6.752574271884611e+52 6.175903712553319e+52 5.690366943525601e+52 5.277076408209086e+52 
# SN_energy_per_final_crossing_time_list
0.0 -6.56010619013642e+55 2.7045966229475716e+56 3.7323880334005972e+56 4.26966391782016e+56 4.608811898926551e+56 5.225967542364566e+56 1.9597295956389922e+56 9.548285437750507e+55 4.458240028614978e+55 1.152323837853781e+55 6.42982266864242e+54 3.3019033087881644e+54 2.2431679378048892e+54 1.7016871156462395e+54 1.3716100485984114e+54 1.149071598545942e+54 9.887538103476696e+53 8.677830237022693e+53 7.732403707531769e+53 7.2878613353410586e+53 7.214489753486207e+53 7.141647054539689e+53 7.072119567105518e+53 7.003190695329155e+53 6.9323321580293464e+53 6.865781291424705e+53 6.7998860427690245e+53 6.703769989116411e+53 6.348917678850737e+53 5.60687027166522e+53 4.84115025168944e+53 4.259657546296361e+53 3.8031963246098802e+53 3.3573837959547528e+53 2.9398410184239996e+53 2.614803788444278e+53 2.4343727464429635e+53 2.314687698866017e+53 2.1414776644737996e+53 1.963985020073565e+53 1.8362043431059327e+53 1.7675796602212593e+53 1.6653389964943539e+53 1.5065947000160547e+53 1.3026243608559444e+53 1.1002295291159809e+53 9.525666812010462e+52 8.399052568679315e+52 7.507907243674506e+52 6.792044787106211e+52 6.198267697571532e+52 5.700803199493747e+52 5.277076408209086e+52 
# total_energy_release_list
0 -2.483291790914152e+55 8.892375338103214e+55 2.4590983960197907e+56 4.254940151858581e+56 6.193429225519573e+56 8.7338067383991e+56 1.0180075830209811e+57 1.1440151560748473e+57 1.269097846399028e+57 1.3983440074769076e+57 2.1195213961885424e+57 2.4898672251059248e+57 2.7414638987929387e+57 2.9323273694841296e+57 3.086168961104213e+57 3.215050346733007e+57 3.325950277846623e+57 3.423281966021162e+57 3.510009625579452e+57 3.518183786949012e+57 3.526275653784905e+57 3.534285819289175e+57 3.542218001846766e+57 3.5500728728728965e+57 3.557848268029268e+57 3.565549018856134e+57 3.57317586070323e+57 3.5882139343311464e+57 3.659424232168884e+57 3.7851990247175e+57 3.893796983846324e+57 3.989350745259542e+57 4.074665048172315e+57 4.187635626226248e+57 4.286556559733517e+57 4.374540511950742e+57 4.401844757664896e+57 4.453768442543241e+57 4.5258257301064575e+57 4.591910674959741e+57 4.6331008950185375e+57 4.6529263015560294e+57 4.727640948643801e+57 4.812131772698968e+57 4.958235838619125e+57 5.081639033338773e+57 5.188480168331897e+57 5.2826850494194004e+57 5.366894727037549e+57 5.443075196951067e+57 5.512595784734465e+57 5.5765367451130474e+57 5.635725129929072e+57 
# binding_energy_list
3.7757219092541447e+58 3.7757219092541447e+58 3.639150361272071e+58 3.451437393358536e+58 3.2210687912834543e+58 3.026913428101317e+58 2.4660393372343564e+58 2.2438819237827616e+58 2.1478304741305376e+58 2.0844908830973016e+58 2.04173794466954e+58 1.8663796908346734e+58 1.8113400926196138e+58 1.778279410038923e+58 1.7579236139586822e+58 1.745822152920493e+58 1.7338039977541267e+58 1.725837891990211e+58 1.717908387157586e+58 1.7100153150902757e+58 1.7100153150902757e+58 1.7100153150902757e+58 1.7100153150902757e+58 1.7100153150902757e+58 1.7100153150902757e+58 1.7060823890031207e+58 1.7060823890031207e+58 1.7060823890031207e+58 1.7060823890031207e+58 1.702158508394957e+58 1.6943378004473254e+58 1.6865530253887286e+58 1.682674061070464e+58 1.678804018122566e+58 1.6749428760264245e+58 1.667247212551068e+58 1.667247212551068e+58 1.6634126503701563e+58 1.6634126503701563e+58 1.6595869074375563e+58 1.6595869074375563e+58 1.6557699634695326e+58 1.6557699634695326e+58 1.6519617982290284e+58 1.6519617982290284e+58 1.6481623915255034e+58 1.6443717232149357e+58 1.6443717232149357e+58 1.6405897731995522e+58 1.6405897731995522e+58 1.6368165214278034e+58 1.6368165214278034e+58 1.633051947894338e+58 1.633051947894338e+58 
# total_gas_kinetic_energy_list
1.1554767282327776e+59 1.1392821142579285e+59 1.123937928542945e+59 1.1092482540828156e+59 1.0951330145093165e+59 1.0810971773165415e+59 1.0856089978029665e+59 1.0874397116436363e+59 1.088292121694961e+59 1.0888413647210223e+59 1.0892525231239955e+59 1.0909903087971795e+59 1.0915848113516336e+59 1.0919082665380016e+59 1.0921155101544222e+59 1.0922623531226755e+59 1.0923721444599804e+59 1.0924603645296634e+59 1.0925329792883242e+59 1.0925942415946166e+59 1.0925998158511645e+59 1.0926053312672753e+59 1.0926106653659334e+59 1.0926158269848696e+59 1.0926212944134497e+59 1.0926265322739252e+59 1.0926317083921661e+59 1.0926367954738964e+59 1.09264661913669e+59 1.0926922537479444e+59 1.0927679471248632e+59 1.0928283641986118e+59 1.0928784370479233e+59 1.092920254632151e+59 1.0929710427413817e+59 1.0930124264197092e+59 1.0930466348779785e+59 1.09305691332391e+59 1.0930752371443346e+59 1.093100146861478e+59 1.0931206498373409e+59 1.0931331300723717e+59 1.0931389061640477e+59 1.0931597299341668e+59 1.0931808329673509e+59 1.093213571501219e+59 1.0932378582706584e+59 1.0932584194438864e+59 1.0932767026565567e+59 1.0932942780803057e+59 1.0933081760526762e+59 1.093322455303558e+59 1.0933336864486465e+59 1.0933460389491835e+59 
