# time_axis
5.999999999999999 7.0 7.30102999566398 7.477121254719661 7.602059991327962 7.698970004336018 7.778151250383643 7.845098040014256 7.903089986991943 7.954242509439324 8.0 8.301029995663981 8.47712125471966 8.60205999132796 8.698970004336019 8.778151250383644 8.845098040014257 8.903089986991942 8.954242509439323 8.999999999999998 9.004321373782641 9.008600171761916 9.012837224705171 9.017033339298779 9.021189299069936 9.02530586526477 9.02938377768521 9.033423755486949 9.041392685158224 9.079181246047623 9.146128035678236 9.204119982655923 9.255272505103305 9.301029995663981 9.361727836017593 9.414973347970816 9.462397997898954 9.477121254719663 9.505149978319904 9.544068044350274 9.57978359661681 9.60205999132796 9.612783856719734 9.653212513775342 9.698970004336017 9.778151250383642 9.845098040014257 9.903089986991944 9.954242509439325 10.0 10.041392685158225 10.079181246047623 10.113943352306835 10.146128035678236 
# total_gas_mass_list
10.253871964321762 10.24774207325754 10.24195220108726 10.236372226770408 10.23109545017798 10.225723894360762 10.227887420709814 10.228794917354797 10.229216642137494 10.229485357188421 10.229677781257076 10.23043015863162 10.230681287874074 10.230819288498356 10.230910508159141 10.23097666540155 10.231026906548339 10.231067164325362 10.231100188893569 10.231128005850513 10.231130542501445 10.231133063007011 10.231135480862074 10.23113785345898 10.231140294366181 10.231142682623213 10.231145028113517 10.231147333208758 10.231151816485724 10.231172554113796 10.231206880426246 10.231234311155518 10.231256955526112 10.231275874603929 10.231298958884857 10.231317920345713 10.231333666226956 10.231338388355544 10.231346883563234 10.231358419974391 10.231368080586124 10.231373996649335 10.231376723318046 10.231386668137855 10.231396859431955 10.231412959100233 10.23142517065241 10.231435576080145 10.231444783891565 10.231453602193419 10.231460574620217 10.231467742935136 10.231473142921697 10.231479130865297 
# ejected_gas_mass_list
-10.0 -10.0 7.220931719196178 7.65292214355236 7.944656202381393 8.113754805484092 8.33026182968097 8.396680752250411 8.424439561840869 8.441257294155877 8.452918408887827 8.495770228905894 8.509196406995274 8.516404590880672 8.521105654290446 8.52448416249718 8.527032765807107 8.529064410889617 8.530724098323516 8.532117264263238 8.532244090557633 8.532370073683564 8.532490892353744 8.53260941749197 8.532731322057673 8.532850564704828 8.532967640844214 8.533082670520601 8.533306311120535 8.534339306443922 8.536043916234497 8.537401401467989 8.538518896544671 8.539450393951302 8.540584324055478 8.541513571131166 8.542283754338467 8.542514468748049 8.54292922674903 8.54349184369908 8.543962431559056 8.544250368533136 8.54438301358129 8.54486646612764 8.545361354402692 8.546142029070108 8.546733253348075 8.547236412589235 8.547681184936929 8.548106724733449 8.548442900364192 8.548788255283137 8.5490482382339 8.549336350359045 
# stellar_mass_list
-10.0 8.547842856620997 8.623759617172569 8.667633554285695 8.70059045657036 8.727677933067136 8.32367874268736 8.232135942168965 8.181304566545966 8.145371939138851 8.117501856493131 7.98238213423524 7.922826041266368 7.8853633987756915 7.858407250819218 7.8375631023041645 7.8206662958139255 7.8065201212812685 7.79441358530592 7.7838208182347834 7.782836018071884 7.781869292461056 7.780920987423244 7.779973123191969 7.779026779783691 7.778094438078291 7.7771643020710215 7.776251465199291 7.774478165319851 7.766124679846484 7.751659710504178 7.739517576457774 7.7290243615163385 7.719909876737698 7.708158651143286 7.69805827194003 7.689272101839367 7.686492632450438 7.681494250831867 7.67445258036901 7.668248567918098 7.66432755761306 7.662567213984483 7.655534228167225 7.648039372558832 7.635020170129469 7.624372134919071 7.61506816751365 7.606505857250874 7.598464613699206 7.591499486216062 7.5846202484384735 7.578318796295198 7.57264890910392 
# remnant_mass_list
-10.0 -10.0 7.533026163353074 7.867982397144036 8.062907228327816 8.200311090863975 8.304614080238407 8.325971017800804 8.336301133106103 8.342902795733076 8.347601628956754 8.366712111857058 8.373458662502458 8.377250792221902 8.379779292033074 8.381624754856228 8.383053126452475 8.384203722062898 8.385155986097233 8.385965867890183 8.386039988875911 8.386112444447866 8.386183192712105 8.38625394666967 8.386324586808893 8.386393981271517 8.386463191066198 8.386530809914214 8.38666132364873 8.387268877004825 8.388289577851014 8.389115493592382 8.389808333826423 8.390392296217232 8.39112171943262 8.391729740846216 8.392243492740976 8.392405067371593 8.392687018003574 8.39308124759307 8.39341772780042 8.393629250628479 8.393720656724408 8.394092062085097 8.39447074644151 8.395114494010816 8.39561824150916 8.396050124482247 8.396447964981425 8.396823304834102 8.39713548304361 8.397450843259652 8.397734500703903 8.397982271303052 
# BH_mass_list
-10.0 -10.0 7.371509287799409 7.672539283463391 7.848630542519072 7.973569279127371 8.068516096547864 8.068516096547864 8.068516096547864 8.068516096547864 8.068516096547864 8.068516096547864 8.068516096547864 8.068516096547864 8.068516096547864 8.068516096547864 8.068516096547864 8.068516096547864 8.068516096547864 8.068516096547864 8.068516096547864 8.068516096547864 8.068516096547864 8.068516096547864 8.068516096547864 8.068516096547864 8.068516096547864 8.068516096547864 8.068516096547864 8.068516096547864 8.068516096547864 8.068516096547864 8.068516096547864 8.068516096547864 8.068516096547864 8.068516096547864 8.068516096547864 8.068516096547864 8.068516096547864 8.068516096547864 8.068516096547864 8.068516096547864 8.068516096547864 8.068516096547864 8.068516096547864 8.068516096547864 8.068516096547864 8.068516096547864 8.068516096547864 8.068516096547864 8.068516096547864 8.068516096547864 8.068516096547864 8.068516096547864 
# NS_mass_list
-10.0 -10.0 7.025201321894077 7.427155493880479 7.653355677792161 7.809113193606895 7.922464046902755 7.965707524202229 7.980760095986916 7.9860123577429745 7.9860123577429745 7.9860123577429745 7.9860123577429745 7.9860123577429745 7.9860123577429745 7.9860123577429745 7.9860123577429745 7.9860123577429745 7.9860123577429745 7.9860123577429745 7.9860123577429745 7.9860123577429745 7.9860123577429745 7.9860123577429745 7.9860123577429745 7.9860123577429745 7.9860123577429745 7.9860123577429745 7.9860123577429745 7.9860123577429745 7.9860123577429745 7.9860123577429745 7.9860123577429745 7.9860123577429745 7.9860123577429745 7.9860123577429745 7.9860123577429745 7.9860123577429745 7.9860123577429745 7.9860123577429745 7.9860123577429745 7.9860123577429745 7.9860123577429745 7.9860123577429745 7.9860123577429745 7.9860123577429745 7.9860123577429745 7.9860123577429745 7.9860123577429745 7.9860123577429745 7.9860123577429745 7.9860123577429745 7.9860123577429745 7.9860123577429745 
# WD_mass_list
-10.0 -10.0 -10.0 -10.0 -10.0 4.866745826495221 5.963186530698599 6.366500078865516 6.619638109911273 6.800978463114567 6.940499414402901 7.272660883434036 7.349815574684373 7.388279179536696 7.412323999213545 7.429152378525522 7.441790817027803 7.451739749531594 7.459824173685257 7.466596964398882 7.467212197223093 7.4678128665284405 7.468398677907185 7.468983842464967 7.4695673751303175 7.4701399475290895 7.470710336309531 7.471266978450105 7.472339605840002 7.477302399222729 7.485529660287557 7.492088471817647 7.4975245502395165 7.502060733687425 7.507669514881557 7.512297151538097 7.516174215386285 7.5173873710215044 7.519497341307914 7.522432742706463 7.524924637688691 7.526484821526712 7.527157533091475 7.529881703119414 7.532644157534399 7.537305717121939 7.54092367364215 7.54400498117017 7.54682687946262 7.549474823506782 7.551666673252658 7.5538712774781835 7.555846098779193 7.557564808075739 
