# time_axis
1000000 10000000 20000000 30000000 40000000 50000000 60000000 70000000 80000000 90000000 100000000 200000000 300000000 400000000 500000000 600000000 700000000 800000000 900000000 1000000000 1010000000 1020000000 1030000000 1040000000 1050000000 1060000000 1070000000 1080000000 1100000000 1200000000 1400000000 1600000000 1800000000 2000000000 2300000000 2600000000 2900000000 3000000000 3200000000 3500000000 3800000000 4000000000 4100000000 4500000000 5000000000 6000000000 7000000000 8000000000 9000000000 10000000000 11000000000 12000000000 13000000000 14000000000 
# SNIa_energy_release_list
0 0.0 0.0 0.0 0.0 0.0 3.556464664606907e+55 1.0018772547240102e+56 1.8937942663933008e+56 2.99853309568532e+56 4.290994706464115e+56 2.0201611849816805e+57 2.877485100341445e+57 3.4285480913266326e+57 3.8364428866670346e+57 4.1606383795233654e+57 4.429776609144104e+57 4.659887930925871e+57 4.860897084794321e+57 5.0393476976572446e+57 5.0561419380063e+57 5.0727577949160495e+57 5.089203090128714e+57 5.105480921003803e+57 5.121593424791356e+57 5.1375429813172874e+57 5.153335598980047e+57 5.168972606331413e+57 5.1997977335430505e+57 5.345544810884901e+57 5.602277502525749e+57 5.823313019592719e+57 6.0173822251036415e+57 6.1903631006652254e+57 6.419026751068198e+57 6.618966279539708e+57 6.796584358805008e+57 6.851663312873798e+57 6.956379086664754e+57 7.101600475195424e+57 7.234680128935627e+57 7.317608805216953e+57 7.357509389499074e+57 7.507815161801459e+57 7.677712221951659e+57 7.97127031012977e+57 8.219042149658524e+57 8.433456710149659e+57 8.62241692177609e+57 8.791297506759845e+57 8.944020821912684e+57 9.08337975467389e+57 9.211506597976515e+57 9.330104228648398e+57 
# SNII_energy_release_list
0 -2.483291790914152e+55 8.892375338103214e+55 2.4590983960197907e+56 4.254940151858581e+56 6.193429225519573e+56 8.131918299180567e+56 1.0069129997746829e+57 1.2004623002882553e+57 1.3938200506896834e+57 1.5871972128507416e+57 1.938489073660992e+57 1.938489073660992e+57 1.938489073660992e+57 1.938489073660992e+57 1.938489073660992e+57 1.938489073660992e+57 1.938489073660992e+57 1.938489073660992e+57 1.938489073660992e+57 1.938489073660992e+57 1.938489073660992e+57 1.938489073660992e+57 1.938489073660992e+57 1.938489073660992e+57 1.938489073660992e+57 1.938489073660992e+57 1.938489073660992e+57 1.938489073660992e+57 1.938489073660992e+57 1.938489073660992e+57 1.938489073660992e+57 1.938489073660992e+57 1.938489073660992e+57 1.938489073660992e+57 1.938489073660992e+57 1.938489073660992e+57 1.938489073660992e+57 1.938489073660992e+57 1.938489073660992e+57 1.938489073660992e+57 1.938489073660992e+57 1.938489073660992e+57 1.938489073660992e+57 1.938489073660992e+57 1.938489073660992e+57 1.938489073660992e+57 1.938489073660992e+57 1.938489073660992e+57 1.938489073660992e+57 1.938489073660992e+57 1.938489073660992e+57 1.938489073660992e+57 1.938489073660992e+57 
# SN_energy_per_current_crossing_time_list
0.0 -2.1398730036343567e+55 8.220906508644292e+55 1.1390822623204e+56 1.351614479202049e+56 1.5159592394102882e+56 1.5951948490475645e+56 1.7019662575559902e+56 1.8248054397370052e+56 1.9631813291009507e+56 2.120598296961081e+56 9.513112948822888e+55 8.031328602777309e+54 5.3666522811441e+54 4.072878944353468e+54 3.295691124281321e+54 2.7734948144935756e+54 2.397177952974006e+54 2.1127731484533395e+54 1.889786299641138e+54 1.77974161257317e+54 1.7620104890951933e+54 1.7450997351711714e+54 1.7284578615527466e+54 1.7120155845575406e+54 1.6957820984480665e+54 1.6801346802517653e+54 1.664633579400372e+54 1.6427347385004695e+54 1.5621738190697277e+54 1.3887899581417035e+54 1.2046685583932174e+54 1.064307588508922e+54 9.536277765840127e+53 8.458756792195387e+53 7.435503725833802e+53 6.635049206487564e+53 6.180739921300406e+53 5.8898751464362795e+53 5.4634569425244924e+53 5.0209801994726165e+53 4.7013756746581696e+53 4.527745328933851e+53 4.276558638851069e+53 3.879449592223636e+53 3.3684709337632035e+53 2.8542202794566293e+53 2.478226341906649e+53 2.1905138057402227e+53 1.9630720041117364e+53 1.7794283250742484e+53 1.6273143321490741e+53 1.4990189355637849e+53 1.390191517800573e+53 
# SN_energy_per_final_crossing_time_list
0.0 -8.624870782787018e+55 3.555856523718841e+56 4.907140763620973e+56 5.613521871413678e+56 6.059415189068172e+56 6.101103770720975e+56 6.13117294636772e+56 6.154599711990535e+56 6.173558949210138e+56 6.1961704382106815e+56 1.2845866159223898e+56 1.004947930568819e+55 6.459514338536077e+54 4.781308711015186e+54 3.800192480446422e+54 3.1548158408810876e+54 2.6973456879247428e+54 2.356212507156297e+54 2.091783174275251e+54 1.968606821982322e+54 1.947696864267768e+54 1.9277037646413097e+54 1.9080737349087155e+54 1.888694231839825e+54 1.869593689976459e+54 1.8511974475591777e+54 1.8329569368714948e+54 1.8066478285430715e+54 1.708435063306078e+54 1.5046995805871383e+54 1.2954799316746375e+54 1.1374315061740447e+54 1.0138336853151182e+54 8.934587349922485e+53 7.81224815873824e+53 6.94008095000941e+53 6.456308976998144e+53 6.137347756417999e+53 5.674243276610497e+53 5.199828607406008e+53 4.860415073033249e+53 4.677113152264943e+53 4.404679261876424e+53 3.983038288066863e+53 3.4410633825901554e+53 2.9043608014033316e+53 2.5133495635540316e+53 2.2149758128949412e+53 1.9796041070597543e+53 1.7902099400557674e+53 1.6335537662667844e+53 1.501892152084152e+53 1.390191517800573e+53 
# total_energy_release_list
0 -2.483291790914152e+55 8.892375338103214e+55 2.4590983960197907e+56 4.254940151858581e+56 6.193429225519573e+56 8.487564765641257e+56 1.1071007252470839e+57 1.3898417269275854e+57 1.6936733602582154e+57 2.016296683497153e+57 3.958650258642673e+57 4.815974174002437e+57 5.367037164987625e+57 5.7749319603280264e+57 6.099127453184357e+57 6.368265682805095e+57 6.598377004586863e+57 6.799386158455313e+57 6.977836771318236e+57 6.994631011667291e+57 7.011246868577042e+57 7.027692163789706e+57 7.043969994664795e+57 7.060082498452348e+57 7.076032054978279e+57 7.091824672641039e+57 7.107461679992405e+57 7.138286807204043e+57 7.284033884545893e+57 7.540766576186741e+57 7.761802093253711e+57 7.955871298764634e+57 8.128852174326218e+57 8.35751582472919e+57 8.5574553532007e+57 8.735073432466e+57 8.790152386534791e+57 8.894868160325747e+57 9.040089548856416e+57 9.17316920259662e+57 9.256097878877945e+57 9.295998463160066e+57 9.446304235462452e+57 9.616201295612651e+57 9.909759383790763e+57 1.0157531223319517e+58 1.0371945783810651e+58 1.0560905995437082e+58 1.0729786580420838e+58 1.0882509895573676e+58 1.1021868828334883e+58 1.1149995671637507e+58 1.1268593302309391e+58 
# binding_energy_list
1.2823305826560127e+59 1.2823305826560127e+59 1.235947433444507e+59 1.166809617060963e+59 1.0864256236170689e+59 1.0209394837076808e+59 9.57194071294848e+58 8.933054837332963e+58 8.317637711026743e+58 7.744617978025239e+58 7.211074791828946e+58 5.023425895223876e+58 4.8305880203976986e+58 4.731512589614774e+58 4.6773514128720005e+58 4.6344691973628464e+58 4.6025657358135254e+58 4.5708818961487145e+58 4.549880601500499e+58 4.539416166501995e+58 4.539416166501995e+58 4.528975799036195e+58 4.528975799036195e+58 4.528975799036195e+58 4.528975799036195e+58 4.528975799036195e+58 4.528975799036195e+58 4.528975799036195e+58 4.5185594437492353e+58 4.508167045414637e+58 4.487453899331332e+58 4.4668359215096165e+58 4.456562483975042e+58 4.44631267469112e+58 4.4360864393143093e+58 4.415704473533157e+58 4.415704473533157e+58 4.4055486350655166e+58 4.4055486350655166e+58 4.395416154378252e+58 4.3853069777498873e+58 4.3853069777498873e+58 4.3853069777498873e+58 4.375221051582503e+58 4.375221051582503e+58 4.3651583224016654e+58 4.3551187368557146e+58 4.3451022417156966e+58 4.3451022417156966e+58 4.335108783875293e+58 4.335108783875293e+58 4.325138310350115e+58 4.325138310350115e+58 4.325138310350115e+58 
# total_gas_kinetic_energy_list
2.3109534564655553e+59 2.294758842490735e+59 2.279414656164596e+59 2.2649712553260245e+59 2.2509708810841153e+59 2.2367865279543254e+59 2.223105991138695e+59 2.2100113252644584e+59 2.1972493825999595e+59 2.1847888539129244e+59 2.1726248656039716e+59 2.185027979606951e+59 2.1865448927249153e+59 2.187297900680343e+59 2.1877628036201393e+59 2.1880853047191996e+59 2.1883241047875405e+59 2.1885129311909216e+59 2.1886677722457537e+59 2.188797318298324e+59 2.1888092427895356e+59 2.188820723934809e+59 2.1888322583320515e+59 2.188843474511736e+59 2.1888546217635783e+59 2.1888655925877377e+59 2.1888763013756245e+59 2.188887085425301e+59 2.1889078979126425e+59 2.1890036221225057e+59 2.1891618582576993e+59 2.1892876200887004e+59 2.189391159151803e+59 2.1894775411757915e+59 2.1895832246924194e+59 2.189667919951052e+59 2.1897387294462665e+59 2.1897593105998184e+59 2.1897973864277765e+59 2.189847974473429e+59 2.1898907052690248e+59 2.189916273571571e+59 2.1899282350399753e+59 2.1899706518407515e+59 2.1900154497446604e+59 2.1900834281048275e+59 2.1901341918449476e+59 2.190177198471858e+59 2.1902153109810584e+59 2.190250042829527e+59 2.1902807245000333e+59 2.1903091996813064e+59 2.19033366920194e+59 2.1903586816624963e+59 
