# time_axis
5.999999999999999 7.0 7.30102999566398 7.477121254719661 7.602059991327962 7.698970004336018 7.778151250383643 7.845098040014256 7.903089986991943 7.954242509439324 8.0 8.301029995663981 8.47712125471966 8.60205999132796 8.698970004336019 8.778151250383644 8.845098040014257 8.903089986991942 8.954242509439323 8.999999999999998 9.004321373782641 9.008600171761916 9.012837224705171 9.017033339298779 9.021189299069936 9.02530586526477 9.02938377768521 9.033423755486949 9.041392685158224 9.079181246047623 9.146128035678236 9.204119982655923 9.255272505103305 9.301029995663981 9.361727836017593 9.414973347970816 9.462397997898954 9.477121254719663 9.505149978319904 9.544068044350274 9.57978359661681 9.60205999132796 9.612783856719734 9.653212513775342 9.698970004336017 9.778151250383642 9.845098040014257 9.903089986991944 9.954242509439325 10.0 10.041392685158225 10.079181246047623 10.113943352306835 10.146128035678236 
# total_gas_mass_list
10.554901959985742 10.55184782948068 10.548982971213718 10.546285365781877 10.543707205210543 10.541129186950181 10.538584800350716 10.53615299953004 10.53378092665811 10.531461928026514 10.529195893834373 10.53213033533027 10.532451774928026 10.532611636067603 10.532713056201626 10.532785066123898 10.532839159648038 10.532881905859192 10.532916826909881 10.532945982088014 10.532948693443418 10.532951262863524 10.532953890436314 10.53295641920928 10.532958940623246 10.532961403751097 10.532963777690899 10.532966243113318 10.53297093720856 10.532992537506503 10.533028173338451 10.53305645700493 10.533079834817752 10.533099286261058 10.533123200575771 10.533142484397525 10.533158671023603 10.533163414129238 10.533172193576544 10.533183882060671 10.533193885921508 10.533199889653053 10.53320271150014 10.53321273516705 10.533223516572514 10.533240135447445 10.533252794241635 10.53326359267111 10.53327311219969 10.533281945504267 10.53328941707487 10.533296549386765 10.53330243409238 10.533308747082938 
# ejected_gas_mass_list
-10.0 -10.0 7.220931719196178 7.686868480601744 7.961869740172494 8.132922049794383 8.264630463720565 8.384046630714355 8.485884934050093 8.574350676807704 8.65275910598843 8.831761657005838 8.847599133435494 8.855269824437466 8.860068431513247 8.863444287805583 8.865963431384914 8.86794406449732 8.869555587812863 8.870896563351328 8.871021064962175 8.871139016892897 8.871259605983388 8.871375629861006 8.87149128591601 8.871604239330393 8.871713075596588 8.871826077763947 8.872041151246968 8.873029490545935 8.874655243818896 8.875941358106843 8.877001588968248 8.87788182594942 8.87896163593902 8.879830455984974 8.880558424206368 8.880771512144522 8.881165666541898 8.881689880317586 8.882138050069035 8.882406798366379 8.882533058093662 8.882981263581476 8.883462846891637 8.884204156946664 8.884767992813048 8.885248401188806 8.885671482494015 8.886063705555726 8.88639519379571 8.886711399720774 8.886972124593951 8.887251654857037 
# stellar_mass_list
-10.0 8.547842856620997 8.623759617172569 8.667633554285695 8.70059045657036 8.727677933067136 8.750987122457632 8.771677169127331 8.790381523584742 8.80751875853166 8.823382190380203 8.30973910529139 8.237947473625963 8.196039023196258 8.166824571242982 8.14460981568551 8.126811716432474 8.11203244047786 8.099441490519743 8.088495992298954 8.087482123127657 8.086477367302471 8.085490207090134 8.084512664418211 8.083542997129127 8.082582247885588 8.081629643232665 8.080694715253644 8.078858209072518 8.070259552289695 8.055438211884569 8.04303981216602 8.03237449398344 8.023103555664347 8.011136240607502 8.000898694568827 7.992004585086356 7.989263141800071 7.984145346997734 7.97710022901571 7.97082430107704 7.966880505567683 7.96504617499434 7.958061474794181 7.950466356839181 7.937431446926871 7.926757428290127 7.917408426691249 7.908775451555417 7.900932983655578 7.893807382833323 7.887114849878942 7.880696986775485 7.875081450145773 
# remnant_mass_list
-10.0 -10.0 7.533026163353074 7.867982397144036 8.062907228327816 8.200311090863975 8.306190803636769 8.391450827555976 8.462662638431842 8.52370693174258 8.577037556952366 8.659443639932524 8.668018936822968 8.672419039929615 8.675242473723506 8.677261992324851 8.678803331107776 8.68003287993527 8.681045084035631 8.6818993067126 8.681977143389274 8.68205415044418 8.682129494330601 8.682203959427534 8.682277710529803 8.682350664400431 8.682422822672534 8.682493440881897 8.682631546344336 8.683269532265491 8.684335809280743 8.685195195671476 8.685912053254707 8.686517135964017 8.687274470957629 8.687902025199472 8.688431569525347 8.688592328662837 8.688887747658653 8.689287787699747 8.689634778764104 8.689851109281793 8.68994959778437 8.690322705482323 8.69071466965163 8.69136942894574 8.691883039341109 8.692325197206678 8.69273467212415 8.693102276480364 8.693431108333764 8.69373906484178 8.694035747523113 8.6942843275747 
# BH_mass_list
-10.0 -10.0 7.371509287799409 7.672539283463391 7.848630542519072 7.973569279127371 8.070479292135428 8.148662683236592 8.214106963535082 8.270308517932856 8.319470065924046 8.363089479000102 8.363089479000102 8.363089479000102 8.363089479000102 8.363089479000102 8.363089479000102 8.363089479000102 8.363089479000102 8.363089479000102 8.363089479000102 8.363089479000102 8.363089479000102 8.363089479000102 8.363089479000102 8.363089479000102 8.363089479000102 8.363089479000102 8.363089479000102 8.363089479000102 8.363089479000102 8.363089479000102 8.363089479000102 8.363089479000102 8.363089479000102 8.363089479000102 8.363089479000102 8.363089479000102 8.363089479000102 8.363089479000102 8.363089479000102 8.363089479000102 8.363089479000102 8.363089479000102 8.363089479000102 8.363089479000102 8.363089479000102 8.363089479000102 8.363089479000102 8.363089479000102 8.363089479000102 8.363089479000102 8.363089479000102 8.363089479000102 
# NS_mass_list
-10.0 -10.0 7.025201321894077 7.427155493880479 7.653355677792161 7.809113193606895 7.9235165326626165 8.013458371238261 8.087389436406376 8.150069208919216 8.204448285116262 8.283145371788455 8.283145371788455 8.283145371788455 8.283145371788455 8.283145371788455 8.283145371788455 8.283145371788455 8.283145371788455 8.283145371788455 8.283145371788455 8.283145371788455 8.283145371788455 8.283145371788455 8.283145371788455 8.283145371788455 8.283145371788455 8.283145371788455 8.283145371788455 8.283145371788455 8.283145371788455 8.283145371788455 8.283145371788455 8.283145371788455 8.283145371788455 8.283145371788455 8.283145371788455 8.283145371788455 8.283145371788455 8.283145371788455 8.283145371788455 8.283145371788455 8.283145371788455 8.283145371788455 8.283145371788455 8.283145371788455 8.283145371788455 8.283145371788455 8.283145371788455 8.283145371788455 8.283145371788455 8.283145371788455 8.283145371788455 8.283145371788455 
# WD_mass_list
-10.0 -10.0 -10.0 -10.0 -10.0 4.866745826495221 5.963186530698599 6.366500078865516 6.619638109911273 6.802930233863616 6.944927517417204 7.529554121419708 7.632993868521464 7.678467003278902 7.705539938381832 7.724019347347505 7.737667370985917 7.748288610842899 7.7568634129578085 7.7639856099836155 7.764629504777125 7.765265711881819 7.7658873866698945 7.766501043024183 7.767108065485688 7.767707793812872 7.768300267142137 7.76887940901088 7.770010059812032 7.775199901479986 7.7837542849294845 7.790543207836592 7.796136195414058 7.800808754511405 7.8065960845510345 7.811341438739135 7.815310990022033 7.816509873704568 7.818705559967251 7.8216636120795515 7.824215369992019 7.825799726634322 7.826519384843045 7.829236398207937 7.832075026881043 7.836781476191061 7.84044287136439 7.843573793156292 7.846456108587675 7.8490297945244505 7.851321003386765 7.853457414533605 7.855507145804275 7.857218198419086 
