# time_axis
1000000 10000000 20000000 30000000 40000000 50000000 60000000 70000000 80000000 90000000 100000000 110000000 120000000 130000000 140000000 150000000 200000000 300000000 400000000 500000000 600000000 700000000 800000000 900000000 1000000000 1010000000 1020000000 1030000000 1040000000 1050000000 1060000000 1070000000 1080000000 1100000000 1200000000 1400000000 1600000000 1800000000 2000000000 2300000000 2600000000 2900000000 3000000000 3200000000 3500000000 3800000000 4000000000 4100000000 4500000000 5000000000 6000000000 7000000000 8000000000 9000000000 10000000000 11000000000 12000000000 13000000000 14000000000 
# SNIa_energy_release_list
0 0.0 0.0 0.0 0.0 0.0 3.223476692608792e+54 1.4884540275872544e+55 2.677156940235222e+55 3.738116294516289e+55 4.6681248665808714e+55 5.489105889968885e+55 6.222270335841398e+55 6.884245086362108e+55 7.487604175812816e+55 8.041917730812268e+55 1.0290160644759892e+56 1.3333843270231292e+56 1.5434135315253249e+56 1.7039724025645783e+56 1.8339949306694024e+56 1.9432382324789138e+56 2.0374571175415585e+56 2.120282739472186e+56 2.1941799461274827e+56 2.201147986761232e+56 2.208052181988893e+56 2.214883561027486e+56 2.221648051893861e+56 2.228347486044786e+56 2.234979296939837e+56 2.2415472336735277e+56 2.2480541694865305e+56 2.260887515577732e+56 2.3216828365611806e+56 2.4291552432336414e+56 2.5220453079060607e+56 2.6038463357389505e+56 2.676932233304024e+56 2.773758653860211e+56 2.858592199958091e+56 2.934079991961427e+56 2.957529520722319e+56 3.0020806499658624e+56 3.063939190858168e+56 3.1206876957418544e+56 3.1560661650967796e+56 3.173093645609552e+56 3.2372792674118496e+56 3.309875471793404e+56 3.4354394742417115e+56 3.541541839791536e+56 3.6334044034826424e+56 3.7144355040544897e+56 3.7868578677047652e+56 3.8523780062943624e+56 3.9121859002596753e+56 3.9671947728169475e+56 4.018117670027423e+56 
# SNII_energy_release_list
0 0.0 2.6083269092022727e+54 1.4748962519838147e+55 3.5144550536375296e+55 5.764651784745443e+55 7.50433111871073e+55 7.944556646199838e+55 8.055961112191705e+55 8.084168178871947e+55 8.091318267257827e+55 8.093177338914418e+55 8.093686178172219e+55 8.093874595220271e+55 8.093973109626917e+55 8.094032678734759e+55 8.094166975262149e+55 8.094166975262149e+55 8.094166975262149e+55 8.094166975262149e+55 8.094166975262149e+55 8.094166975262149e+55 8.094166975262149e+55 8.094166975262149e+55 8.094166975262149e+55 8.094166975262149e+55 8.094166975262149e+55 8.094166975262149e+55 8.094166975262149e+55 8.094166975262149e+55 8.094166975262149e+55 8.094166975262149e+55 8.094166975262149e+55 8.094166975262149e+55 8.094166975262149e+55 8.094166975262149e+55 8.094166975262149e+55 8.094166975262149e+55 8.094166975262149e+55 8.094166975262149e+55 8.094166975262149e+55 8.094166975262149e+55 8.094166975262149e+55 8.094166975262149e+55 8.094166975262149e+55 8.094166975262149e+55 8.094166975262149e+55 8.094166975262149e+55 8.094166975262149e+55 8.094166975262149e+55 8.094166975262149e+55 8.094166975262149e+55 8.094166975262149e+55 8.094166975262149e+55 8.094166975262149e+55 8.094166975262149e+55 8.094166975262149e+55 8.094166975262149e+55 8.094166975262149e+55 
# SN_energy_per_current_crossing_time_list
0.0 0.0 7.22712219827219e+54 3.102660306495369e+55 5.13522179807121e+55 5.660246558940573e+55 4.4157141524831234e+55 1.2231460734118771e+55 3.952612018757289e+54 1.7272669762885625e+54 1.0700979582944699e+54 8.33098026383225e+53 7.160924171182522e+53 6.4089653036055885e+53 5.833716559178409e+53 5.361253364099442e+53 4.378945347140925e+53 2.999030074388725e+53 2.0923796967034893e+53 1.6149987331078614e+53 1.3191820162188839e+53 1.1170892661357002e+53 9.704711444831802e+52 8.588955626359092e+52 7.712185791015466e+52 7.276491514024444e+52 7.2141041805344e+52 7.1422756988497e+52 7.076592114397605e+52 7.012778808710026e+52 6.946232200700335e+52 6.883550143083323e+52 6.823705727109731e+52 6.736727776202079e+52 6.419165612581556e+52 5.734461827367341e+52 5.004831756025361e+52 4.4472964280699685e+52 4.006751805099127e+52 3.5796564707982997e+52 3.1695100725722865e+52 2.8478163119278364e+52 2.662471668164511e+52 2.5439096087078927e+52 2.3748569218234251e+52 2.1955025533783797e+52 2.0631101776569757e+52 1.9903702176769493e+52 1.8928276692660418e+52 1.7296951025713287e+52 1.5226760673478965e+52 1.3060526772502382e+52 1.1458200398788039e+52 1.0232060706760028e+52 9.253524459083923e+51 8.456869494123224e+51 7.79911599388414e+51 7.240224647485043e+51 6.760092575058173e+51 
# SN_energy_per_final_crossing_time_list
0.0 0.0 9.233583757992647e+54 4.2978345770453873e+55 7.220121434157336e+55 7.96578830488725e+55 6.201328020952937e+55 1.713218746507276e+55 5.52178490047766e+54 2.4069814652203458e+54 1.4877166674809464e+54 1.1556767746743942e+54 9.91300145198542e+53 8.854516575458672e+53 8.044558797707858e+53 7.3796850234917235e+53 5.9786620880804105e+53 4.0405352885241595e+53 2.78816984829469e+53 2.131443596946075e+53 1.7260689689329824e+53 1.4502215582607368e+53 1.2507701254892043e+53 1.0995228129372488e+53 9.80996733086918e+52 9.250180632148793e+52 9.165424877995873e+52 9.06876027208949e+52 8.979965199311589e+52 8.89360141344024e+52 8.80383050585885e+52 8.719036578643559e+52 8.63805692241886e+52 8.518231716638688e+52 8.070671947037567e+52 7.133563270832942e+52 6.16564915673601e+52 5.429605847047578e+52 4.851132403455033e+52 4.284618528058635e+52 3.753927712333251e+52 3.34037332374642e+52 3.112960847649665e+52 2.957115310671717e+52 2.737272005960972e+52 2.5111503045098685e+52 2.3482729882260318e+52 2.2604241096212273e+52 2.1301848929459529e+52 1.9274514574012785e+52 1.6668813581775422e+52 1.408525148490343e+52 1.2194895984949273e+52 1.0757002671321265e+52 9.614179663753273e+51 8.697898718637425e+51 7.939589498485626e+51 7.302512058567633e+51 6.760092575058173e+51 
# total_energy_release_list
0 0 2.6083269092022727e+54 1.4748962519838147e+55 3.5144550536375296e+55 5.764651784745443e+55 7.826678787971609e+55 9.433010673787092e+55 1.0733118052426927e+56 1.1822284473388235e+56 1.27594431338387e+56 1.3582283228883305e+56 1.4315956514013617e+56 1.497811968158238e+56 1.5581577285439732e+56 1.6135950409547028e+56 1.838432762002204e+56 2.142801024549344e+56 2.3528302290515395e+56 2.5133891000907933e+56 2.6434116281956175e+56 2.7526549300051287e+56 2.8468738150677733e+56 2.9296994369984007e+56 3.0035966436536976e+56 3.0105646842874467e+56 3.0174688795151077e+56 3.024300258553701e+56 3.0310647494200757e+56 3.037764183571001e+56 3.0443959944660516e+56 3.0509639311997425e+56 3.0574708670127454e+56 3.070304213103947e+56 3.1310995340873955e+56 3.2385719407598562e+56 3.3314620054322756e+56 3.4132630332651653e+56 3.4863489308302388e+56 3.583175351386426e+56 3.668008897484306e+56 3.743496689487642e+56 3.766946218248534e+56 3.8114973474920773e+56 3.873355888384383e+56 3.930104393268069e+56 3.9654828626229945e+56 3.982510343135767e+56 4.0466959649380645e+56 4.1192921693196195e+56 4.244856171767927e+56 4.350958537317751e+56 4.442821101008857e+56 4.523852201580705e+56 4.59627456523098e+56 4.661794703820577e+56 4.72160259778589e+56 4.776611470343162e+56 4.827534367553638e+56 
# binding_energy_list
8.550667128846876e+54 8.550667128846876e+54 8.550667128846876e+54 8.550667128846876e+54 8.531001140175843e+54 8.531001140175843e+54 8.531001140175843e+54 8.531001140175843e+54 8.51138038202376e+54 8.51138038202376e+54 8.51138038202376e+54 8.51138038202376e+54 8.491804750363178e+54 8.491804750363178e+54 8.491804750363178e+54 8.491804750363178e+54 8.452788451602891e+54 8.433347577642791e+54 8.394599865193965e+54 8.356030182312423e+54 8.336811846196331e+54 8.317637711026743e+54 8.279421637123327e+54 8.260379495771817e+54 8.241381150129963e+54 8.241381150129963e+54 8.241381150129963e+54 8.241381150129963e+54 8.222426499470695e+54 8.222426499470695e+54 8.222426499470695e+54 8.222426499470695e+54 8.222426499470695e+54 8.222426499470695e+54 8.20351544329821e+54 8.165823713585906e+54 8.128305161640929e+54 8.090958991783846e+54 8.072350302488317e+54 8.035261221856194e+54 7.99834255007026e+54 7.96159350417325e+54 7.94328234724279e+54 7.925013304804734e+54 7.90678627999831e+54 7.870457896951001e+54 7.852356346100775e+54 7.852356346100775e+54 7.816278045883308e+54 7.780365510398008e+54 7.72680585095699e+54 7.691304402866145e+54 7.638357835776954e+54 7.603262769401822e+54 7.568328950209705e+54 7.533555637337217e+54 7.498942093324558e+54 7.464487584100623e+54 7.447319739059888e+54 
# total_gas_kinetic_energy_list
1.5237098334911527e+59 4.266138603014864e+59 1.0795507219965717e+59 2.731398793355598e+58 6.913019435206572e+57 1.7520024504585432e+57 4.464659225004097e+56 1.1636120207887426e+56 3.2985667319955303e+55 1.197448493350898e+55 6.640123046644222e+54 5.224196874295482e+54 4.788456999564777e+54 4.60149984696245e+54 4.4805578009911555e+54 4.3764797132320714e+54 1.961778544124632e+55 4.6572835028813356e+55 7.001289572487221e+55 9.062033450100552e+55 1.0916035024625938e+56 1.2609717888136679e+56 1.420273930214684e+56 1.570682120820154e+56 1.7148617970729774e+56 1.7285773687194745e+56 1.7421016643109717e+56 1.7556863610971135e+56 1.769385960909154e+56 1.7832115241450895e+56 1.7971655173519422e+56 1.811196443864811e+56 1.8249196020237746e+56 1.8510642920229286e+56 1.9819323643749775e+56 2.2288861197884685e+56 2.4572736912298285e+56 2.6709644314658477e+56 2.8697820060471156e+56 3.1427208355835892e+56 3.3931378641101214e+56 3.6231257038370547e+56 3.6992971044988684e+56 3.8368637730677276e+56 4.036242731382732e+56 4.214697763774836e+56 4.326409766750154e+56 4.377423800612633e+56 4.5827143563374385e+56 4.801862404910805e+56 5.184183847124257e+56 5.498589410277177e+56 5.779038467106459e+56 6.0415196098396345e+56 6.295282458307261e+56 6.514369972881448e+56 6.736996169156484e+56 6.9393399969154705e+56 7.126639484169064e+56 
