# time_axis
5.999999999999999 7.0 7.30102999566398 7.477121254719661 7.602059991327962 7.698970004336018 7.778151250383643 7.845098040014256 7.903089986991943 7.954242509439324 8.0 8.041392685158224 8.079181246047623 8.113943352306837 8.146128035678238 8.176091259055681 8.301029995663981 8.47712125471966 8.60205999132796 8.698970004336019 8.778151250383644 8.845098040014257 8.903089986991942 8.954242509439323 8.999999999999998 9.004321373782641 9.008600171761916 9.012837224705171 9.017033339298779 9.021189299069936 9.02530586526477 9.02938377768521 9.033423755486949 9.041392685158224 9.079181246047623 9.146128035678236 9.204119982655923 9.255272505103305 9.301029995663981 9.361727836017593 9.414973347970816 9.462397997898954 9.477121254719663 9.505149978319904 9.544068044350274 9.57978359661681 9.60205999132796 9.612783856719734 9.653212513775342 9.698970004336017 9.778151250383642 9.845098040014257 9.903089986991944 9.954242509439325 10.0 10.041392685158225 10.079181246047623 10.113943352306835 10.146128035678236 
# total_gas_mass_list
10.425925345093205 10.87315826991994 10.276366530553837 9.679512834019434 9.082828972585004 8.486772569299683 7.8931106553457 7.309144364945317 6.76084853256692 6.317074101669131 6.0541521569431795 5.944099996018797 5.90263544166522 5.882875231035675 5.8694162033037856 5.857819079935271 6.506974919539163 6.877879641650002 7.0545193256478 7.169480578225133 7.253555517727891 7.318920758241858 7.372286717029121 7.417007424894496 7.455727152376481 7.459226947630958 7.462649262782382 7.4660581988360075 7.4694674592637265 7.472879539716963 7.476294636365041 7.4797002350585196 7.483003124373855 7.4892258006563575 7.519029020549624 7.569919558495141 7.611821785754657 7.647388305274688 7.677856271421554 7.716336810544265 7.748751308956935 7.776432381600976 7.785208103759796 7.80059479651223 7.821924666022173 7.840124372111649 7.851120285733047 7.8560447970838405 7.875279563556418 7.894848795371709 7.926828778344296 7.951336300064397 7.9720789351407015 7.990631852940849 8.007845325417255 8.022172595465259 8.036260492974654 8.048692037617618 8.059883737074728 
# ejected_gas_mass_list
-10.0 -10.0 4.7228541052984365 5.527134647626047 5.945253343832136 6.165051161744972 6.309511468541044 6.421013463951 6.5114336845720695 6.5869465065154085 6.650399655208393 6.704457300554695 6.751301807650402 6.792512361030274 6.829229287715162 6.862271548633709 6.9901175581338295 7.149538488438001 7.252831091305437 7.3290915683773985 7.388998009794685 7.43779254263639 7.478964373071492 7.514329926678342 7.545548336455833 7.548396387200714 7.551185509348214 7.55396776044807 7.5567542816746975 7.559547098427276 7.562346361557894 7.565141782390027 7.567856638577016 7.572981402287079 7.597702913824555 7.640562769798842 7.676426716646934 7.707247216126121 7.7339101493266815 7.7679086264562285 7.796811689038946 7.821674257641402 7.829589651520344 7.843505298169689 7.8628724919433415 7.879465505123141 7.889520058130123 7.894030000891112 7.91168617478358 7.929714003698088 7.959309086390718 7.982096086551591 8.00145152768289 8.018815073296151 8.03496682128965 8.048440036784672 8.061713615786378 8.07344698341729 8.084026082217774 
# stellar_mass_list
-10.0 8.345003437469279 8.923234543015683 8.992850521914093 9.005418873994223 9.006024323045137 9.004111236174834 9.001845284114909 8.999691003934124 8.997716615059442 8.995907749671069 8.99423720615002 8.99268209029705 8.991224198374853 8.989849462448573 8.988546979200208 8.9828379952173 8.973956673242101 8.966948397579296 8.96105187383463 8.955899040575854 8.95130175313783 8.947112982675426 8.943264110266089 8.939659569714502 8.939320611508943 8.938987028379485 8.938652559392052 8.938315849153902 8.93797664095914 8.937634884741584 8.93729186273659 8.936956893401815 8.936320501379061 8.933165627164373 8.927313688749205 8.921974254747264 8.917034607731448 8.912470108959175 8.906154977966318 8.90029948281197 8.894868297396226 8.893058805115649 8.889775057623561 8.884896509259804 8.880354981128328 8.877420988943049 8.876056370069517 8.870396188343499 8.864032320922599 8.851981499736672 8.841369092610465 8.832082789969597 8.823551397338703 8.81544178946667 8.808529819788518 8.801592191863884 8.795360292414003 8.789642772528945 
# remnant_mass_list
-10.0 -10.0 5.790900219024347 6.469667697636141 6.743332461100365 6.89105066388411 6.986616874262394 7.055354877742191 7.108681300020927 7.152082359723189 7.18856550221558 7.219982166423272 7.247523168122059 7.272009335263956 7.294027041182787 7.314007632876371 7.392817755715339 7.494188284257704 7.561057153260593 7.610619445995195 7.64987455536236 7.682194090144424 7.7097071465615885 7.733540499616468 7.754726822021181 7.756666061341208 7.758565828202753 7.760462405694459 7.762363217353103 7.764269601459996 7.766181990389036 7.768092841670245 7.769950461297279 7.773456885503893 7.790424675289319 7.8201894682486115 7.845601942533015 7.867785107150628 7.8872568222299755 7.912720915903104 7.934947909654215 7.954486614319654 7.960782717422187 7.971948120145287 7.987952673580014 8.00226058282885 8.011219548325734 8.015312824837537 8.031821098609598 8.049523059504248 8.08080676698571 8.10620023892041 8.126961130049523 8.144957832556063 8.161194375743472 8.17441361722421 8.187151627148747 8.198167747648679 8.207939447956994 
# BH_mass_list
-10.0 -10.0 5.371038747436071 5.950877529977822 6.025133259265736 6.0420681473046285 6.046251890202732 6.047306013045855 6.047568488133873 6.0476307037964565 6.047642398345047 6.0476443148121914 6.0476453609236325 6.047646172865361 6.047646910870749 6.047647616048499 6.047648299706465 6.047648299706465 6.047648299706465 6.047648299706465 6.047648299706465 6.047648299706465 6.047648299706465 6.047648299706465 6.047648299706465 6.047648299706465 6.047648299706465 6.047648299706465 6.047648299706465 6.047648299706465 6.047648299706465 6.047648299706465 6.047648299706465 6.047648299706465 6.047648299706465 6.047648299706465 6.047648299706465 6.047648299706465 6.047648299706465 6.047648299706465 6.047648299706465 6.047648299706465 6.047648299706465 6.047648299706465 6.047648299706465 6.047648299706465 6.047648299706465 6.047648299706465 6.047648299706465 6.047648299706465 6.047648299706465 6.047648299706465 6.047648299706465 6.047648299706465 6.047648299706465 6.047648299706465 6.047648299706465 6.047648299706465 6.047648299706465 
# NS_mass_list
-10.0 -10.0 5.583074226217809 6.313001638032768 6.651099598870061 6.8229532191524775 6.910494957416239 6.9301080769931 6.934933523879878 6.9361452257388905 6.936449744419978 6.936526556743502 6.936545892635278 6.936551927536838 6.936554656234436 6.936556270448569 6.936559839746644 6.936559839746644 6.936559839746644 6.936559839746644 6.936559839746644 6.936559839746644 6.936559839746644 6.936559839746644 6.936559839746644 6.936559839746644 6.936559839746644 6.936559839746644 6.936559839746644 6.936559839746644 6.936559839746644 6.936559839746644 6.936559839746644 6.936559839746644 6.936559839746644 6.936559839746644 6.936559839746644 6.936559839746644 6.936559839746644 6.936559839746644 6.936559839746644 6.936559839746644 6.936559839746644 6.936559839746644 6.936559839746644 6.936559839746644 6.936559839746644 6.936559839746644 6.936559839746644 6.936559839746644 6.936559839746644 6.936559839746644 6.936559839746644 6.936559839746644 6.936559839746644 6.936559839746644 6.936559839746644 6.936559839746644 6.936559839746644 
# WD_mass_list
-10.0 -10.0 -10.0 -10.0 -10.0 4.440059240934052 5.64990993503033 6.238248845690049 6.494024338119949 6.647840588784714 6.7545334419121 6.834991572153399 6.899003335666318 6.951847788186345 6.996656937519693 7.0354240459868445 7.174641052569172 7.331337070188225 7.42552471253441 7.491911900464488 7.5428077870254 7.583748975938125 7.617992529737857 7.647245003890791 7.672953095863337 7.675293035315959 7.677583259246762 7.679867590746667 7.682154982004094 7.684447040260076 7.686744279370626 7.689037644409892 7.691265191427536 7.695464740407371 7.71569377511968 7.750826853271854 7.780492941522513 7.806159911795537 7.82852502441579 7.857555760885645 7.882707623572747 7.904681603235705 7.91173659362739 7.924217886828692 7.942044017803196 7.95791840817945 7.967829516970268 7.972350645308416 7.990540016974647 8.009968244287482 8.044120602615642 8.071682740312667 8.094117409216038 8.113496810298406 8.130929037990052 8.145086977718359 8.158701047663548 8.17045299232924 8.180860950391127 
