# time_axis
1000000 10000000 20000000 30000000 40000000 50000000 60000000 70000000 80000000 90000000 100000000 110000000 120000000 130000000 140000000 150000000 200000000 300000000 400000000 500000000 600000000 700000000 800000000 900000000 1000000000 1010000000 1020000000 1030000000 1040000000 1050000000 1060000000 1070000000 1080000000 1100000000 1200000000 1400000000 1600000000 1800000000 2000000000 2300000000 2600000000 2900000000 3000000000 3200000000 3500000000 3800000000 4000000000 4100000000 4500000000 5000000000 6000000000 7000000000 8000000000 9000000000 10000000000 11000000000 12000000000 13000000000 14000000000 
# SNIa_energy_release_list
0 0.0 0.0 0.0 0.0 0.0 8.624211375453041e+54 3.9873544465828435e+55 7.819325340858658e+55 1.1690348063476311e+56 1.5338626188323143e+56 1.8683921603974833e+56 2.17230551952731e+56 2.448210165687507e+56 2.699523572336219e+56 2.929597752724753e+56 3.8505557657747134e+56 5.070079833488891e+56 5.900312433088072e+56 6.530986161007185e+56 7.039800627541871e+56 7.466287271818147e+56 7.833464791802126e+56 8.155825101915613e+56 8.443145157463145e+56 8.470225121210986e+56 8.497045327790526e+56 8.523590601830488e+56 8.549872953722358e+56 8.575898963077311e+56 8.601665126678528e+56 8.62718048123819e+56 8.652454129416597e+56 8.702293793450074e+56 8.938318851520603e+56 9.355251649149374e+56 9.715328809403215e+56 1.0032219447671075e+57 1.0315208810708535e+57 1.0689956684698317e+57 1.1018147148072345e+57 1.1310082772280481e+57 1.1400720936239044e+57 1.1572988767590185e+57 1.1812102909967301e+57 1.2031416884148588e+57 1.2168131013490524e+57 1.223392456639569e+57 1.2481899359033897e+57 1.2762340268639648e+57 1.3247303404600106e+57 1.3656981401780532e+57 1.4011647273888026e+57 1.4324424671982247e+57 1.4603966860780118e+57 1.4856884410739127e+57 1.508770739153611e+57 1.5299997062372136e+57 1.5496512656893807e+57 
# SNII_energy_release_list
0 0.0 2.1963388144353382e+55 9.388043745795231e+55 1.6092455791617091e+56 2.139964814600744e+56 2.511193676977162e+56 2.704257916100076e+56 2.804669607271548e+56 2.8568994825632253e+56 2.884072239032168e+56 2.8982106349638736e+56 2.905567168613369e+56 2.909394731731652e+56 2.911392327843956e+56 2.9124400992592866e+56 2.913344698846907e+56 2.913344698846907e+56 2.913344698846907e+56 2.913344698846907e+56 2.913344698846907e+56 2.913344698846907e+56 2.913344698846907e+56 2.913344698846907e+56 2.913344698846907e+56 2.913344698846907e+56 2.913344698846907e+56 2.913344698846907e+56 2.913344698846907e+56 2.913344698846907e+56 2.913344698846907e+56 2.913344698846907e+56 2.913344698846907e+56 2.913344698846907e+56 2.913344698846907e+56 2.913344698846907e+56 2.913344698846907e+56 2.913344698846907e+56 2.913344698846907e+56 2.913344698846907e+56 2.913344698846907e+56 2.913344698846907e+56 2.913344698846907e+56 2.913344698846907e+56 2.913344698846907e+56 2.913344698846907e+56 2.913344698846907e+56 2.913344698846907e+56 2.913344698846907e+56 2.913344698846907e+56 2.913344698846907e+56 2.913344698846907e+56 2.913344698846907e+56 2.913344698846907e+56 2.913344698846907e+56 2.913344698846907e+56 2.913344698846907e+56 2.913344698846907e+56 2.913344698846907e+56 
# SN_energy_per_current_crossing_time_list
0.0 0.0 2.137862024936009e+55 7.130588265655425e+55 6.943828405727922e+55 5.721704930396514e+55 4.1712089968711117e+55 2.3416194606807422e+55 1.3402790434310168e+55 7.927397756888423e+54 4.9206496181164094e+54 3.251925766922971e+54 2.30862461184969e+54 1.7602531680168857e+54 1.4294959584778512e+54 1.2193586591877412e+54 9.175533798622165e+53 6.121863916923464e+53 4.259808826836407e+53 3.2888624944632677e+53 2.687748656430251e+53 2.2768531911909985e+53 1.9779458126029903e+53 1.750112191765261e+53 1.5706772743999486e+53 1.4813144207851434e+53 1.4680259070792923e+53 1.4538795956938079e+53 1.4403697753523355e+53 1.4272015028347408e+53 1.4138245925498304e+53 1.4009254844455092e+53 1.3884946070729032e+53 1.3706433207695793e+53 1.305380846664387e+53 1.1641856619516707e+53 1.013678871411302e+53 8.984571827790158e+52 8.073189802629296e+52 7.184204249537533e+52 6.334768959359139e+52 5.668580935218739e+52 5.289842058767687e+52 5.043846931486224e+52 4.6892310372408326e+52 4.318475972025036e+52 4.048153318507168e+52 3.9007549470786236e+52 3.6918329591547915e+52 3.355646881189808e+52 2.9240041822140774e+52 2.4853284322711514e+52 2.1632138736992712e+52 1.917181044476181e+52 1.721496482355371e+52 1.5638296510258944e+52 1.4328983381832976e+52 1.322689783869621e+52 1.2285016039576884e+52 
# SN_energy_per_final_crossing_time_list
0.0 0.0 3.6613966274935795e+55 1.1988898984321658e+56 1.117655959661691e+56 8.847330867218816e+55 6.24246743097609e+55 3.4138213336302314e+55 1.913461140706478e+55 1.1126896652826905e+55 6.810514047115143e+54 4.448219674193308e+54 3.126257779506739e+54 2.3628681120481366e+54 1.904074117656981e+54 1.612958690580303e+54 1.1816193215787103e+54 7.623757681412011e+53 5.190133041340191e+53 3.942606632356315e+53 3.1808131551910697e+53 2.6661473245175422e+53 2.295381052763056e+53 2.015209831009307e+53 1.7961584674666806e+53 1.6928823883067755e+53 1.6766438755987465e+53 1.6594566866291137e+53 1.6430203177276747e+53 1.6269952679838318e+53 1.6107512174274973e+53 1.5950720897439308e+53 1.5799620076265307e+53 1.5578434717831005e+53 1.4754918718772217e+53 1.303211106162404e+53 1.1254968594148347e+53 9.905083063225078e+52 8.845427438994994e+52 7.809021728390014e+52 6.838855234194321e+52 6.083374425746962e+52 5.66617270623709e+52 5.384593208501204e+52 4.982676788819276e+52 4.570079535042133e+52 4.273287511585296e+52 4.113031613130523e+52 3.8754867169524667e+52 3.5063080678619413e+52 3.031708459768378e+52 2.5610694045291814e+52 2.2171654815162752e+52 1.9553030189575462e+52 1.7475357523045932e+52 1.5810939409158604e+52 1.4429714996898385e+52 1.3271119870181077e+52 1.2285016039576884e+52 
# total_energy_release_list
0 0 2.1963388144353382e+55 9.388043745795231e+55 1.6092455791617091e+56 2.139964814600744e+56 2.5974357907316924e+56 3.1029933607583604e+56 3.586602141357414e+56 4.025934288910857e+56 4.417934857864482e+56 4.766602795361357e+56 5.077872688140679e+56 5.357604897419159e+56 5.610915900180176e+56 5.84203785198404e+56 6.76390046462162e+56 7.983424532335798e+56 8.813657131934979e+56 9.444330859854092e+56 9.953145326388778e+56 1.0379631970665055e+57 1.0746809490649034e+57 1.106916980076252e+57 1.1356489856310053e+57 1.1383569820057893e+57 1.1410390026637433e+57 1.1436935300677395e+57 1.1463217652569265e+57 1.1489243661924218e+57 1.1515009825525435e+57 1.1540525180085097e+57 1.1565798828263504e+57 1.1615638492296981e+57 1.185166355036751e+57 1.226859634799628e+57 1.2628673508250122e+57 1.2945564146517983e+57 1.3228553509555443e+57 1.3603301383545225e+57 1.3931491846919252e+57 1.4223427471127388e+57 1.4314065635085951e+57 1.4486333466437092e+57 1.4725447608814208e+57 1.4944761582995495e+57 1.5081475712337431e+57 1.5147269265242598e+57 1.5395244057880804e+57 1.5675684967486556e+57 1.6160648103447013e+57 1.657032610062744e+57 1.6924991972734935e+57 1.7237769370829154e+57 1.7517311559627025e+57 1.7770229109586034e+57 1.8001052090383018e+57 1.8213341761219045e+57 1.8409857355740713e+57 
# binding_energy_list
8.810488730080146e+54 8.810488730080146e+54 8.790225168308896e+54 8.749837752274363e+54 8.669618757582214e+54 8.609937521846052e+54 8.570378452303692e+54 8.531001140175843e+54 8.491804750363178e+54 8.452788451602891e+54 8.433347577642791e+54 8.394599865193965e+54 8.375292821268861e+54 8.356030182312423e+54 8.336811846196331e+54 8.317637711026743e+54 8.241381150129963e+54 8.147042840208421e+54 8.090958991783846e+54 8.035261221856194e+54 7.99834255007026e+54 7.96159350417325e+54 7.94328234724279e+54 7.90678627999831e+54 7.888601176185516e+54 7.888601176185516e+54 7.888601176185516e+54 7.888601176185516e+54 7.888601176185516e+54 7.870457896951001e+54 7.870457896951001e+54 7.870457896951001e+54 7.870457896951001e+54 7.870457896951001e+54 7.852356346100775e+54 7.816278045883308e+54 7.780365510398008e+54 7.762471166286928e+54 7.744617978025239e+54 7.709034690644309e+54 7.691304402866145e+54 7.673614893618154e+54 7.673614893618154e+54 7.655966069112569e+54 7.638357835776954e+54 7.620790100254084e+54 7.620790100254084e+54 7.620790100254084e+54 7.603262769401822e+54 7.585775750291883e+54 7.550922276654341e+54 7.533555637337217e+54 7.516228940182015e+54 7.498942093324558e+54 7.498942093324558e+54 7.481695005111584e+54 7.464487584100623e+54 7.447319739059888e+54 7.447319739059888e+54 
# total_gas_kinetic_energy_list
1.5237098334911527e+59 4.275128491032505e+59 2.2233007040665853e+59 1.1561824484940644e+59 6.012874109308121e+58 3.127317312119707e+58 1.6267224308424567e+58 8.46337667584793e+57 4.404784564888291e+57 2.2938513543118475e+57 1.1957702273849818e+57 6.244317034892051e+56 3.2705519606992683e+56 1.7218677118187988e+56 9.146128944241704e+55 4.931994415765715e+55 5.637826712628384e+55 6.581341152474932e+55 7.222225680964194e+55 7.697993327371995e+55 8.074128042181285e+55 8.384032630469132e+55 8.650764127814117e+55 8.884840402501671e+55 9.094359731524379e+55 9.113760874438863e+55 9.132960355453942e+55 9.151972408222493e+55 9.170924891433221e+55 9.189857072512086e+55 9.208824287624189e+55 9.227784180891055e+55 9.246409495284747e+55 9.282068099276848e+55 9.452935299939309e+55 9.754791744489468e+55 1.0011751379492784e+56 1.023720583577843e+56 1.0434807453324228e+56 1.0688843253215897e+56 1.09064660696913e+56 1.1095654778890666e+56 1.1155932008133467e+56 1.126242448200079e+56 1.1410555408550196e+56 1.1537647971171753e+56 1.161514340816766e+56 1.1649829965951584e+56 1.1785420136669246e+56 1.1923979995344046e+56 1.215035265034166e+56 1.232637585757751e+56 1.248267172351618e+56 1.2628398409875032e+56 1.2768302862406216e+56 1.2889571256721519e+56 1.3010248856655867e+56 1.3123342131239712e+56 1.3226336384916744e+56 
