# time_axis
5.999999999999999 7.0 7.30102999566398 7.477121254719661 7.602059991327962 7.698970004336018 7.778151250383643 7.845098040014256 7.903089986991943 7.954242509439324 8.0 8.041392685158224 8.079181246047623 8.113943352306837 8.146128035678238 8.176091259055681 8.301029995663981 8.47712125471966 8.60205999132796 8.698970004336019 8.778151250383644 8.845098040014257 8.903089986991942 8.954242509439323 8.999999999999998 9.004321373782641 9.008600171761916 9.012837224705171 9.017033339298779 9.021189299069936 9.02530586526477 9.02938377768521 9.033423755486949 9.041392685158224 9.079181246047623 9.146128035678236 9.204119982655923 9.255272505103305 9.301029995663981 9.361727836017593 9.414973347970816 9.462397997898954 9.477121254719663 9.505149978319904 9.544068044350274 9.57978359661681 9.60205999132796 9.612783856719734 9.653212513775342 9.698970004336017 9.778151250383642 9.845098040014257 9.903089986991944 9.954242509439325 10.0 10.041392685158225 10.079181246047623 10.113943352306835 10.146128035678236 
# total_gas_mass_list
10.425925345093205 10.874072270176919 10.590121533334234 10.30615217845957 10.022216587214599 9.73831788399648 9.4544718252131 9.170718474567693 8.887119945388438 8.603784734562861 8.320894326120447 8.038759603883808 7.75792078684343 7.479312056897197 7.204531050695657 6.936238541715221 6.993719275768446 7.059403906236825 7.0990668549782034 7.127117354091676 7.148518807855008 7.165579648284254 7.17969509049924 7.1916467708260265 7.202016915364653 7.202970950009093 7.203904690655419 7.204827202711437 7.205744421630446 7.2066574303085424 7.207569297809229 7.208478163314276 7.209369233245202 7.211071188600051 7.219104143010529 7.2328930895272645 7.24421117564895 7.253830064076896 7.262052716028487 7.272370252214742 7.281008905512634 7.288394345436198 7.29072723393042 7.294802379931288 7.300371352998545 7.3051226997396075 7.307997795003907 7.309287177161891 7.314254047545638 7.319307611412496 7.327440588226134 7.333691985228204 7.339150786664713 7.34415084139598 7.3488643744519635 7.3529227378170745 7.356888980316784 7.360577864382145 7.36391051185389 
# ejected_gas_mass_list
-10.0 -10.0 5.544288037757805 6.210133020484584 6.4916529162345675 6.637150693759123 6.726227462555371 6.789133061364551 6.836338617779927 6.873402082051137 6.90330772095262 6.927973470492124 6.948738637595524 6.966536770268713 6.982030314664021 6.995693274352216 7.046230485711928 7.104916591603335 7.140791736415654 7.166346759817307 7.185940830460865 7.201618245513734 7.214626303523314 7.225665965510674 7.235263362709689 7.2361471603330125 7.237012296301048 7.237867162763003 7.238717256111807 7.23956357771305 7.240408971084757 7.241251709947408 7.24207807245802 7.243656777472294 7.251114022676817 7.263937517425667 7.2744842002674135 7.283462074421791 7.291147173910978 7.300803532802222 7.308899799910971 7.315829492592124 7.318019926346209 7.321847946633286 7.3270827093721005 7.331552082414801 7.334257956341662 7.335471790311219 7.34014960495302 7.344912246938337 7.352583677731945 7.35848581124653 7.3636434905976955 7.368370850381036 7.3728300196042085 7.376671458332731 7.380427546484647 7.383922597267988 7.387081466449474 
# stellar_mass_list
-10.0 7.8061365868048105 8.307913246016792 8.250127262205575 8.176873841453531 8.112802466513704 8.061228598825561 8.020931795163127 7.989584868317715 7.964931499139 7.945160431755334 7.928928822272222 7.915286507871129 7.903570723549658 7.893320770989788 7.884213599500269 7.849450069461772 7.806381223807761 7.778417206639039 7.7578254944806 7.741581570029813 7.728223942173096 7.716880679424795 7.707052754768007 7.698349809793082 7.697540896058092 7.696750518531372 7.695968129105995 7.695188466685273 7.694409117890371 7.693628822047228 7.6928489929780275 7.6920836390770235 7.690622326548341 7.683642821668741 7.6714059585788394 7.660984092057042 7.651861499294839 7.6438568589912235 7.633410420019128 7.624290707264885 7.616269012349632 7.613694217503453 7.609097144906945 7.602522693051684 7.596666029787065 7.5929749137126095 7.591298177918285 7.584522752514801 7.577267313508221 7.564431644242737 7.553784803411725 7.5444867133336055 7.535943984734505 7.527839127101511 7.520915291823381 7.513981267154056 7.507738225241516 7.502022319742542 
# remnant_mass_list
-10.0 -10.0 6.856431368816624 7.457269672675126 7.637513117994447 7.722208796184637 7.7683620023071365 7.7956735162990505 7.8130004485084985 7.824700481028578 7.833069968671504 7.8393733155373155 7.844338882100013 7.848400983779194 7.851825619038669 7.854781077523505 7.865416879133828 7.877548616225519 7.884829005884631 7.889910139374325 7.893759274506616 7.896822912373452 7.899355282660691 7.901498880845748 7.9033598498325155 7.90353087012653 7.903697453176813 7.903862075840059 7.90402596866986 7.9041897247688775 7.9043536101884495 7.904517314777818 7.904677547898028 7.904981701736114 7.906423258942964 7.908898908939193 7.91095549033127 7.912718779129393 7.914235681695069 7.916174614202338 7.917832935877796 7.91926404482982 7.919720399836218 7.920522501146953 7.921661203031587 7.922658606827227 7.923282093908475 7.9235612905623185 7.924691588697662 7.925875048788728 7.927933030124251 7.929594683516646 7.931017919888522 7.932309427123184 7.933524013833787 7.934536155477435 7.935548708370426 7.936444627287264 7.9372528010411605 
# BH_mass_list
-10.0 -10.0 6.712552131970715 7.29306460536647 7.434021136413775 7.49249694335136 7.520056860889465 7.533728431307088 7.540673512445258 7.544243525719176 7.54609008778555 7.547039665944388 7.547522999732526 7.547766024041101 7.547885625945191 7.54794185633231 7.547963938789257 7.547963938789257 7.547963938789257 7.547963938789257 7.547963938789257 7.547963938789257 7.547963938789257 7.547963938789257 7.547963938789257 7.547963938789257 7.547963938789257 7.547963938789257 7.547963938789257 7.547963938789257 7.547963938789257 7.547963938789257 7.547963938789257 7.547963938789257 7.547963938789257 7.547963938789257 7.547963938789257 7.547963938789257 7.547963938789257 7.547963938789257 7.547963938789257 7.547963938789257 7.547963938789257 7.547963938789257 7.547963938789257 7.547963938789257 7.547963938789257 7.547963938789257 7.547963938789257 7.547963938789257 7.547963938789257 7.547963938789257 7.547963938789257 7.547963938789257 7.547963938789257 7.547963938789257 7.547963938789257 7.547963938789257 7.547963938789257 
# NS_mass_list
-10.0 -10.0 6.306689849411214 6.955353195669955 7.210495695025675 7.335359273007292 7.401759080660729 7.43265567913996 7.447896112150389 7.45561708406967 7.4595803700301 7.461625286515247 7.46268068214195 7.463223957315247 7.463502700330737 7.4636447282900305 7.4637578797114905 7.4637578797114905 7.4637578797114905 7.4637578797114905 7.4637578797114905 7.4637578797114905 7.4637578797114905 7.4637578797114905 7.4637578797114905 7.4637578797114905 7.4637578797114905 7.4637578797114905 7.4637578797114905 7.4637578797114905 7.4637578797114905 7.4637578797114905 7.4637578797114905 7.4637578797114905 7.4637578797114905 7.4637578797114905 7.4637578797114905 7.4637578797114905 7.4637578797114905 7.4637578797114905 7.4637578797114905 7.4637578797114905 7.4637578797114905 7.4637578797114905 7.4637578797114905 7.4637578797114905 7.4637578797114905 7.4637578797114905 7.4637578797114905 7.4637578797114905 7.4637578797114905 7.4637578797114905 7.4637578797114905 7.4637578797114905 7.4637578797114905 7.4637578797114905 7.4637578797114905 7.4637578797114905 7.4637578797114905 
# WD_mass_list
-10.0 -10.0 -10.0 -10.0 -10.0 4.344702140735957 5.511125147183356 6.083962786191497 6.349842712196625 6.508320650519268 6.614064211065476 6.6897158367566885 6.746580938758692 6.79098151319394 6.8267175153186725 6.856202548059777 6.951653070611424 7.0423569399883545 7.089891299040017 7.120650222159355 7.142802870788505 7.159793272829058 7.173438574292678 7.184722959926041 7.194330960413518 7.195205389837729 7.1960557723567335 7.196894834292385 7.197728884227157 7.198560955153077 7.1993924034379155 7.200221660582355 7.201032104147192 7.202567156100631 7.2097841100027535 7.221959002618091 7.231870727004341 7.2402287667597 7.247318933747591 7.256251481320472 7.263779005108687 7.270194507630896 7.272224923273434 7.275775910512312 7.28077881546018 7.285124692664833 7.287824436654436 7.289029208879423 7.293880556919506 7.298915984644928 7.307567594106433 7.314458667470436 7.320295846372683 7.325541977293863 7.330432506428369 7.334476545860726 7.338494207181414 7.34202607234309 7.3451937620921335 
