# time_axis
5.999999999999999 7.0 7.30102999566398 7.477121254719661 7.602059991327962 7.698970004336018 7.778151250383643 7.845098040014256 7.903089986991943 7.954242509439324 8.0 8.041392685158224 8.079181246047623 8.113943352306837 8.146128035678238 8.176091259055681 8.301029995663981 8.47712125471966 8.60205999132796 8.698970004336019 8.778151250383644 8.845098040014257 8.903089986991942 8.954242509439323 8.999999999999998 9.004321373782641 9.008600171761916 9.012837224705171 9.017033339298779 9.021189299069936 9.02530586526477 9.02938377768521 9.033423755486949 9.041392685158224 9.079181246047623 9.146128035678236 9.204119982655923 9.255272505103305 9.301029995663981 9.361727836017593 9.414973347970816 9.462397997898954 9.477121254719663 9.505149978319904 9.544068044350274 9.57978359661681 9.60205999132796 9.612783856719734 9.653212513775342 9.698970004336017 9.778151250383642 9.845098040014257 9.903089986991944 9.954242509439325 10.0 10.041392685158225 10.079181246047623 10.113943352306835 10.146128035678236 
# total_gas_mass_list
7.787367376730502 9.425833499125893 9.460440323994087 9.188876532387411 8.81761280043657 8.398811669875416 7.953010167944942 7.490510245597104 7.0181159253530385 6.543347580425336 6.08018968964045 5.658062669196211 5.3247032795995155 5.113355670305887 5.0024787759334615 4.945283947978397 5.628027732429708 5.969676325918796 6.1221649521822314 6.218001343941468 6.286528697642514 6.338944502208997 6.381046350555012 6.416033734327851 6.4458529995416285 6.448626001968017 6.451299209351858 6.4539126535415905 6.456501524685587 6.459081612241011 6.461657867966944 6.464234700678283 6.466792889273689 6.47165166119115 6.4943006417098985 6.532653261193941 6.563787034223544 6.59011155567567 6.612439401691827 6.640310345144112 6.663579064580446 6.683299807847327 6.6894748972327465 6.700387472804637 6.7153847638939315 6.728036027936165 6.735713394732357 6.739111278378286 6.752362621531832 6.76568585351124 6.787236878350789 6.803632844183282 6.817733099903461 6.8305118103456035 6.842469627385148 6.852575101123644 6.862461810018472 6.871470737338612 6.879534242585362 
# ejected_gas_mass_list
-10.0 -10.0 3.174966244657817 4.833555613374329 5.3202220753965035 5.575181346128644 5.729657543784235 5.83297061176937 5.907477896276405 5.965596143554065 6.013388254148622 6.053671207928988 6.088182173907031 6.118181498357631 6.144604943000348 6.168144600060309 6.257252844165379 6.364764093823213 6.432716303439071 6.482236545139363 6.520863142083957 6.552184770971761 6.578432510093264 6.600965621807757 6.620674782971093 6.62253082306931 6.624323773721313 6.62608014998421 6.627823425728668 6.629564160351368 6.631305663019844 6.633050900665094 6.634786813184496 6.638092868861555 6.6536587943196555 6.680587794544855 6.70296071199819 6.722224776137617 6.738806441567255 6.759808000366767 6.777592375088394 6.792838597114383 6.7976446706276095 6.806174752156217 6.8179734227123 6.827993397504966 6.834103390057928 6.836814594391476 6.84742864778079 6.858164663618099 6.875664338115316 6.889085966871309 6.9007010569005045 6.911284371134617 6.921235829720343 6.929681292175065 6.937974926290176 6.9455585173183545 6.952367234225491 
# stellar_mass_list
-10.0 5.751155204076057 7.398206399577941 7.68413027618669 7.7620705952997895 7.778250957334304 7.775478945480423 7.767941869212494 7.760077295253587 7.753013115234838 7.746863729619141 7.741493447365516 7.736743687971429 7.73248610938646 7.728623905727475 7.725085995115538 7.710716484937501 7.691016204495248 7.677066918674773 7.666146088828474 7.657112494197185 7.649378985542355 7.642593023508833 7.636528838121214 7.631029620862195 7.630502120098473 7.629991084620681 7.629489006102322 7.628989189012098 7.628488474553758 7.62798578397153 7.627480302732676 7.626975944119048 7.626011729660605 7.621395974154498 7.6130623626339435 7.605733236174786 7.599100357515422 7.593134071543363 7.585124980608225 7.57790493689694 7.571370658405666 7.569240741820759 7.565377225197969 7.559753549608148 7.554646196589602 7.551362071816621 7.549860554958366 7.543692887037109 7.536934332418297 7.524518180366677 7.5138794512214115 7.504575052866408 7.496027243384131 7.487926277047159 7.480995813347103 7.474064860787142 7.467815768065445 7.462100781812695 
# remnant_mass_list
-10.0 -10.0 4.147655574902693 5.800680289516771 6.202191240170051 6.388620268597259 6.49024125314374 6.552272428206175 6.5940428203374095 6.624608585342077 6.648462984517275 6.667965628136047 6.68444149298656 6.69869560100627 6.711245628024318 6.72244295138961 6.765148118747471 6.817547050011896 6.850995328458359 6.875351251559892 6.894402391498825 6.909984716657493 6.923140863372201 6.9345112793343 6.944522542711823 6.945468475320603 6.946382101957141 6.947277292816607 6.948166300512495 6.949054791170862 6.949944713323888 6.950837582350167 6.951726378181598 6.953418409664738 6.961407602090378 6.975383828978756 6.987220593295012 6.997587075411796 7.006641192873511 7.018412254856276 7.028667250947824 7.037668895657497 7.0405493495275495 7.045702599817767 7.053055262081338 7.059579297330416 7.063701373477135 7.065565776283705 7.073109858855737 7.081152721470853 7.095369121115393 7.106996668203224 7.116771337744227 7.125447333371023 7.133415264037734 7.140033645852517 7.1464889384734915 7.152165934402276 7.157242610896367 
# BH_mass_list
-10.0 -10.0 3.87734603533017 5.5256834316431265 5.83925728284561 5.944824684402997 5.982961392558309 5.9966621587524 6.001467300384348 6.003051721734673 6.003542630893417 6.00367981564204 6.00370511163897 6.00371133079645 6.003714217270196 6.003715991531872 6.003717366014336 6.003717366014336 6.003717366014336 6.003717366014336 6.003717366014336 6.003717366014336 6.003717366014336 6.003717366014336 6.003717366014336 6.003717366014336 6.003717366014336 6.003717366014336 6.003717366014336 6.003717366014336 6.003717366014336 6.003717366014336 6.003717366014336 6.003717366014336 6.003717366014336 6.003717366014336 6.003717366014336 6.003717366014336 6.003717366014336 6.003717366014336 6.003717366014336 6.003717366014336 6.003717366014336 6.003717366014336 6.003717366014336 6.003717366014336 6.003717366014336 6.003717366014336 6.003717366014336 6.003717366014336 6.003717366014336 6.003717366014336 6.003717366014336 6.003717366014336 6.003717366014336 6.003717366014336 6.003717366014336 6.003717366014336 6.003717366014336 
# NS_mass_list
-10.0 -10.0 3.8135655220358173 5.471956567932016 5.9553322680844705 6.194800961652481 6.326222882466397 6.389542354606126 6.415467812819564 6.425282882986208 6.42879901691829 6.430000870962259 6.43039959710761 6.430523921789365 6.430565566769827 6.4305808334057 6.430591005353883 6.430591005353883 6.430591005353883 6.430591005353883 6.430591005353883 6.430591005353883 6.430591005353883 6.430591005353883 6.430591005353883 6.430591005353883 6.430591005353883 6.430591005353883 6.430591005353883 6.430591005353883 6.430591005353883 6.430591005353883 6.430591005353883 6.430591005353883 6.430591005353883 6.430591005353883 6.430591005353883 6.430591005353883 6.430591005353883 6.430591005353883 6.430591005353883 6.430591005353883 6.430591005353883 6.430591005353883 6.430591005353883 6.430591005353883 6.430591005353883 6.430591005353883 6.430591005353883 6.430591005353883 6.430591005353883 6.430591005353883 6.430591005353883 6.430591005353883 6.430591005353883 6.430591005353883 6.430591005353883 6.430591005353883 6.430591005353883 
# WD_mass_list
-10.0 -10.0 -10.0 -10.0 -10.0 2.2929937875109876 4.042859673398587 5.087357680051518 5.505814895315178 5.735324046406457 5.88010595399294 5.98020486345312 6.054199589026501 6.111758300142812 6.158276078842509 6.196990582268506 6.326176347085246 6.457265053210836 6.530443682447348 6.579922235055522 6.616765533163554 6.645836988243577 6.669708540959406 6.68988200645568 6.707315621054168 6.7089476351603246 6.710521470637923 6.71206123347616 6.713588105015975 6.7151118534964604 6.716635828284919 6.718162619085421 6.719680236900875 6.722563329077927 6.736071210384068 6.759302106575145 6.778602258778218 6.79524013137113 6.809579777737104 6.8279683975977346 6.843766107897066 6.857470550211153 6.861824879903383 6.869578460770102 6.880562115508865 6.890232227837469 6.896306372568618 6.899044775574698 6.910069830113148 6.921728153951653 6.942103925558911 6.958559992040268 6.972255232022586 6.9843094653182165 6.995298695485655 7.004369348621284 7.013167779626299 7.020866635983519 7.02772132483843 
