# time_axis
1000000 10000000 20000000 30000000 40000000 50000000 60000000 70000000 80000000 90000000 100000000 110000000 120000000 130000000 140000000 150000000 200000000 300000000 400000000 500000000 600000000 700000000 800000000 900000000 1000000000 1010000000 1020000000 1030000000 1040000000 1050000000 1060000000 1070000000 1080000000 1100000000 1200000000 1400000000 1600000000 1800000000 2000000000 2300000000 2600000000 2900000000 3000000000 3200000000 3500000000 3800000000 4000000000 4100000000 4500000000 5000000000 6000000000 7000000000 8000000000 9000000000 10000000000 11000000000 12000000000 13000000000 14000000000 
# SNIa_energy_release_list
0 0.0 0.0 0.0 0.0 0.0 1.1221591356297202e+55 6.873090845823645e+55 1.2957080613333077e+56 1.8459168141273482e+56 2.3300887749003e+56 2.757579999861965e+56 3.1389471928048803e+56 3.482839196928278e+56 3.7958996795321057e+56 4.08320705240979e+56 5.245951137872675e+56 6.815285813048048e+56 7.896045192817495e+56 8.721402288279772e+56 9.38936700785015e+56 9.950355404646164e+56 1.0434046338296795e+57 1.0859148744720104e+57 1.1238356036090423e+57 1.1274105459472624e+57 1.1309532250015862e+57 1.134458470292516e+57 1.137929176295544e+57 1.141366684977667e+57 1.144769441608855e+57 1.1481392121573814e+57 1.1514777159931922e+57 1.1580618721421143e+57 1.1892514332258072e+57 1.2443796282382818e+57 1.2920208729686699e+57 1.3339701166385107e+57 1.3714471613260921e+57 1.421093771115357e+57 1.4645875456068041e+57 1.5032874133340436e+57 1.515309215541524e+57 1.5381469493868424e+57 1.569856538780477e+57 1.598946044264674e+57 1.617080791030229e+57 1.6258085765502223e+57 1.6587071675406952e+57 1.695917674754013e+57 1.7602744606784933e+57 1.8146535572216245e+57 1.8617332849146617e+57 1.903261451207618e+57 1.9403748539503605e+57 1.973953602155039e+57 2.004603424770414e+57 2.032793562377591e+57 2.0588896167961916e+57 
# SNII_energy_release_list
0 0.0 2.8578168579817454e+55 1.6506305190041259e+56 2.652836614758029e+56 3.3102047423527406e+56 3.7130032797182757e+56 3.8260913610138528e+56 3.857783632152988e+56 3.866677416992674e+56 3.8692374917177885e+56 3.8699871170350864e+56 3.8702218083858072e+56 3.8703243620049224e+56 3.870367774209957e+56 3.870395887755288e+56 3.870435289028178e+56 3.870435289028178e+56 3.870435289028178e+56 3.870435289028178e+56 3.870435289028178e+56 3.870435289028178e+56 3.870435289028178e+56 3.870435289028178e+56 3.870435289028178e+56 3.870435289028178e+56 3.870435289028178e+56 3.870435289028178e+56 3.870435289028178e+56 3.870435289028178e+56 3.870435289028178e+56 3.870435289028178e+56 3.870435289028178e+56 3.870435289028178e+56 3.870435289028178e+56 3.870435289028178e+56 3.870435289028178e+56 3.870435289028178e+56 3.870435289028178e+56 3.870435289028178e+56 3.870435289028178e+56 3.870435289028178e+56 3.870435289028178e+56 3.870435289028178e+56 3.870435289028178e+56 3.870435289028178e+56 3.870435289028178e+56 3.870435289028178e+56 3.870435289028178e+56 3.870435289028178e+56 3.870435289028178e+56 3.870435289028178e+56 3.870435289028178e+56 3.870435289028178e+56 3.870435289028178e+56 3.870435289028178e+56 3.870435289028178e+56 3.870435289028178e+56 3.870435289028178e+56 
# SN_energy_per_current_crossing_time_list
0.0 0.0 2.614019146513328e+55 1.436257757168621e+56 1.1656696420026226e+56 8.097521935405629e+55 5.18815019273632e+55 1.7570353967472926e+55 7.238154559104508e+54 3.976509908727273e+54 2.8229758057296873e+54 2.309736965237852e+54 2.0184253936290423e+54 1.819043998153925e+54 1.6605338343060692e+54 1.5319564374592755e+54 1.2693098716486031e+54 8.839154869934524e+53 6.218850732689364e+53 4.825695481415308e+53 3.955392183370066e+53 3.356899029944037e+53 2.9202910078490766e+53 2.58647996723146e+53 2.323130435532956e+53 2.1914901074964738e+53 2.1730540892005447e+53 2.1514148151606973e+53 2.1315268982189456e+53 2.112438852095612e+53 2.092373006961333e+53 2.0733679429648215e+53 2.05536972928351e+53 2.0290974463361534e+53 1.932979582180265e+53 1.724831890415659e+53 1.5027718641614708e+53 1.3326110502794414e+53 1.1978971165331987e+53 1.066347770203467e+53 9.405775482138552e+52 8.418848766222394e+52 7.860679422561109e+52 7.491361374260709e+52 6.96674990287391e+52 6.41717995448912e+52 6.015803395420626e+52 5.797062008289342e+52 5.487153200755885e+52 4.988097556051961e+52 4.3470517154259375e+52 3.695753258582726e+52 3.2169400753892913e+52 2.851665838768463e+52 2.5604650179574654e+52 2.325967957257168e+52 2.1315415148247775e+52 1.9676813617865931e+52 1.8276047288105197e+52 
# SN_energy_per_final_crossing_time_list
0.0 0.0 5.33716402226082e+55 2.5489464337318954e+56 1.8716868795174494e+56 1.2276789221746062e+56 7.601120968972693e+55 2.514754868381524e+55 1.0179590090460068e+55 5.5142923708848144e+54 3.868949203980891e+54 3.133879187785634e+54 2.714687903142978e+54 2.4275574724348457e+54 2.2005876899920785e+54 2.0173718606617125e+54 1.630098420454326e+54 1.0990640299218923e+54 7.568963957114845e+53 5.780285810367566e+53 4.678007872696949e+53 3.9288124953534345e+53 3.38746932177066e+53 2.9771518550106844e+53 2.65573112237931e+53 2.5036664231884193e+53 2.4810712334071594e+53 2.4548549625865755e+53 2.430665801694826e+53 2.40741647070457e+53 2.3830783038672763e+53 2.3599769109554933e+53 2.338079657410231e+53 2.3055659526098925e+53 2.1843221358954824e+53 1.930417301394289e+53 1.6682476737482356e+53 1.4689315647345248e+53 1.3123291167734438e+53 1.1589795321139688e+53 1.0153441418041492e+53 9.034323749753175e+52 8.41931972197159e+52 7.997061490887463e+52 7.402472240291279e+52 6.790824509187604e+52 6.350222223802216e+52 6.11239608582933e+52 5.760029801912688e+52 5.211983225788027e+52 4.5071474944039274e+52 3.808372422761053e+52 3.297170199858904e+52 2.908373498858855e+52 2.5991910220166633e+52 2.3516458856961706e+52 2.1465222232652203e+52 1.9742612415757328e+52 1.8276047288105197e+52 
# total_energy_release_list
0 0 2.8578168579817454e+55 1.6506305190041259e+56 2.652836614758029e+56 3.3102047423527406e+56 3.825219193281248e+56 4.513400445596217e+56 5.153491693486296e+56 5.712594231120022e+56 6.199326266618089e+56 6.627567116897051e+56 7.0091690011906875e+56 7.3531635589332e+56 7.666267453742062e+56 7.953602940165078e+56 9.116386426900853e+56 1.0685721102076226e+57 1.1766480481845672e+57 1.259183757730795e+57 1.3259802296878327e+57 1.3820790693674342e+57 1.4304481627324973e+57 1.4729584033748282e+57 1.51087913251186e+57 1.5144540748500802e+57 1.517996753904404e+57 1.5215019991953338e+57 1.5249727051983618e+57 1.5284102138804847e+57 1.5318129705116727e+57 1.5351827410601991e+57 1.53852124489601e+57 1.545105401044932e+57 1.576294962128625e+57 1.6314231571410996e+57 1.679064401871488e+57 1.7210136455413285e+57 1.75849069022891e+57 1.808137300018175e+57 1.851631074509622e+57 1.8903309422368613e+57 1.902352744444342e+57 1.9251904782896603e+57 1.9569000676832947e+57 1.9859895731674917e+57 2.0041243199330467e+57 2.01285210545304e+57 2.045750696443513e+57 2.0829612036568306e+57 2.147317989581311e+57 2.2016970861244423e+57 2.2487768138174794e+57 2.2903049801104358e+57 2.3274183828531782e+57 2.3609971310578566e+57 2.391646953673232e+57 2.4198370912804086e+57 2.4459331456990094e+57 
# binding_energy_list
8.790225168308896e+54 8.790225168308896e+54 8.790225168308896e+54 8.709635899560761e+54 8.629785477669702e+54 8.570378452303692e+54 8.531001140175843e+54 8.491804750363178e+54 8.452788451602891e+54 8.433347577642791e+54 8.413951416451895e+54 8.375292821268861e+54 8.356030182312423e+54 8.336811846196331e+54 8.317637711026743e+54 8.317637711026743e+54 8.241381150129963e+54 8.147042840208421e+54 8.090958991783846e+54 8.035261221856194e+54 7.99834255007026e+54 7.96159350417325e+54 7.94328234724279e+54 7.90678627999831e+54 7.888601176185516e+54 7.888601176185516e+54 7.888601176185516e+54 7.888601176185516e+54 7.870457896951001e+54 7.870457896951001e+54 7.870457896951001e+54 7.870457896951001e+54 7.870457896951001e+54 7.870457896951001e+54 7.852356346100775e+54 7.816278045883308e+54 7.780365510398008e+54 7.762471166286928e+54 7.744617978025239e+54 7.709034690644309e+54 7.691304402866145e+54 7.673614893618154e+54 7.673614893618154e+54 7.655966069112569e+54 7.638357835776954e+54 7.620790100254084e+54 7.620790100254084e+54 7.620790100254084e+54 7.603262769401822e+54 7.585775750291883e+54 7.550922276654341e+54 7.533555637337217e+54 7.516228940182015e+54 7.498942093324558e+54 7.498942093324558e+54 7.481695005111584e+54 7.464487584100623e+54 7.447319739059888e+54 7.447319739059888e+54 
# total_gas_kinetic_energy_list
9.914953057308331e+58 4.269381078532307e+59 1.2003103690353852e+59 3.3621076637870845e+58 9.425301691781978e+57 2.647317840514339e+57 7.474578171032035e+56 2.1450910720409144e+56 6.460539807194102e+55 2.2128982618248155e+55 9.778421583562035e+54 5.922497277708316e+54 4.517317129965837e+54 3.8606784577175745e+54 3.457485988417654e+54 3.1567755893133285e+54 1.206202119640377e+55 2.4203476412879405e+55 3.253819574666961e+55 3.8754287450237386e+55 4.368600821989381e+55 4.775621340820608e+55 5.126984765342102e+55 5.435439758479244e+55 5.712469952906788e+55 5.737958322889831e+55 5.763083993835771e+55 5.788102534858778e+55 5.813161375456125e+55 5.838265326807083e+55 5.863453847368954e+55 5.888669001249598e+55 5.913343859721732e+55 5.959897650351995e+55 6.185423356683285e+55 6.584217211766732e+55 6.924516195084823e+55 7.222673209096412e+55 7.483947958010747e+55 7.820351170311784e+55 8.108682704210425e+55 8.3592712972489e+55 8.439653309049302e+55 8.580194886035008e+55 8.776172366243947e+55 8.944948463707195e+55 9.047343598732354e+55 9.093410584533224e+55 9.27302738952269e+55 9.456863172299555e+55 9.756966169777629e+55 9.99049073839695e+55 1.0197849275101027e+56 1.0391243405233287e+56 1.0577096640146114e+56 1.0738052764175445e+56 1.089838155715996e+56 1.1048445982281233e+56 1.1185265694184318e+56 
