# time_axis
5.999999999999999 7.0 7.30102999566398 7.477121254719661 7.602059991327962 7.698970004336018 7.778151250383643 7.845098040014256 7.903089986991943 7.954242509439324 8.0 8.041392685158224 8.079181246047623 8.113943352306837 8.146128035678238 8.176091259055681 8.301029995663981 8.47712125471966 8.60205999132796 8.698970004336019 8.778151250383644 8.845098040014257 8.903089986991942 8.954242509439323 8.999999999999998 9.004321373782641 9.008600171761916 9.012837224705171 9.017033339298779 9.021189299069936 9.02530586526477 9.02938377768521 9.033423755486949 9.041392685158224 9.079181246047623 9.146128035678236 9.204119982655923 9.255272505103305 9.301029995663981 9.361727836017593 9.414973347970816 9.462397997898954 9.477121254719663 9.505149978319904 9.544068044350274 9.57978359661681 9.60205999132796 9.612783856719734 9.653212513775342 9.698970004336017 9.778151250383642 9.845098040014257 9.903089986991944 9.954242509439325 10.0 10.041392685158225 10.079181246047623 10.113943352306835 10.146128035678236 
# total_gas_mass_list
10.239230406554135 10.873488077639903 10.322417478650635 9.769749527058169 9.21753375874369 8.666221420637607 8.117213089909024 7.575580745525267 7.055380382234803 6.591451821347888 6.237761256215178 6.019929995574387 5.901206302894595 5.831064823295186 5.781237894773803 5.740211249428202 6.3201892480324435 6.619143708774039 6.747272569619397 6.825134561770051 6.879340188581733 6.919891882496419 6.951954192115321 6.978126275430145 7.000239085164476 7.00222054950043 7.004159213603886 7.006080089333883 7.0079949929588645 7.009901011104959 7.011803061618642 7.013697399982052 7.015543805273828 7.0190122424488575 7.035363690465428 7.062749523595648 7.084651946280381 7.102841008608625 7.118111158329744 7.13696278078194 7.1524755466802645 7.165544801969104 7.1696697124456055 7.176748932570217 7.18637684049023 7.194552659424576 7.199444661610148 7.201641167417523 7.21004687682539 7.218542849707577 7.232070562239863 7.242363491877529 7.251276452081294 7.259378590116938 7.266970570561136 7.273462987706443 7.2797762929896335 7.285611848672562 7.290862728566256 
# ejected_gas_mass_list
-10.0 -10.0 5.658623094882717 6.446384820188505 6.71371527428089 6.832696909609534 6.900589651843912 6.950024965718944 6.988360336692758 7.019457369568188 7.04509215104421 7.066586024961789 7.084946724821471 7.100890019886707 7.11493081399003 7.127435316235637 7.174658633966603 7.230981913760261 7.265963455467377 7.2910557600169845 7.310367273525627 7.325843127219237 7.338717329634045 7.349650568238911 7.35918830554889 7.360056454014248 7.360908004717866 7.361753844838966 7.362599139748066 7.363442580252627 7.364286322723032 7.365128688193032 7.365951703107077 7.367502966145991 7.374908541754955 7.3876540637948525 7.398157288438931 7.407089469053135 7.414735283689541 7.424359459331747 7.432432354822124 7.439340893598378 7.441541699064524 7.445341462691925 7.450555243234981 7.455024247471251 7.457716504549984 7.458929760582684 7.463598065009715 7.4683572771286935 7.476019496981044 7.48191870560678 7.4870751469728525 7.491801141019529 7.496262850469878 7.500103834321793 7.503861311291151 7.50735408690277 7.510512998834032 
# stellar_mass_list
-10.0 7.920471643929723 8.590409211918171 8.409743309978603 8.275506435210197 8.19412201995698 8.144503754393364 8.111621551164038 8.087684709169963 8.068931318655357 8.053492971698237 8.040354654921176 8.028914987815602 8.018787395477394 8.00970621146531 8.001482398489053 7.969128238395181 7.927664634871587 7.900347225345792 7.8801050422963606 7.864070544606854 7.850867983250324 7.839628174382176 7.82988536914013 7.821226833545329 7.820431614732587 7.819654774563475 7.818880393496961 7.818104786417438 7.817326677766999 7.81654634265631 7.815765587508803 7.815002535986078 7.813567239878592 7.8066310115302056 7.7944579398204255 7.784067160242461 7.774986426332889 7.767018168210992 7.75659688640696 7.747497731100215 7.739496203633971 7.736919944537351 7.732343365058294 7.7257870901882875 7.7199277561068245 7.71625440547665 7.714577166811814 7.70781251964834 7.70055876901937 7.687735811527542 7.677098920100517 7.667810420749306 7.659276926202711 7.651170398342655 7.644255023913168 7.637320297786663 7.631085364508338 7.625369155132212 
# remnant_mass_list
-10.0 -10.0 6.970766425941536 7.710354747617516 7.849721226530466 7.901421267541725 7.9262415208383485 7.9404462214802285 7.949950733759251 7.9569900105938345 7.962551217382163 7.967139955278301 7.971028591215099 7.974389185641648 7.977338127373284 7.979957039466157 7.989794591853121 8.001406258429551 8.008492605321925 8.013474568214138 8.017266661785534 8.02028971069049 8.022795718680632 8.024918260792134 8.026768350513054 8.026936134333233 8.027099525451803 8.02726225770073 8.027425169506463 8.027588627993037 8.02775249095636 8.027916399753936 8.0280760657082 8.028374168254793 8.029805695298311 8.032266895104081 8.034316646433458 8.036070931337226 8.037580223960447 8.0395141080149 8.041168410616356 8.04259563718732 8.043052314175794 8.043850482391914 8.044985807205752 8.045983898479314 8.046604076391533 8.046883427334516 8.048011888589164 8.049195254234183 8.05125126943274 8.052911445097253 8.054333255805478 8.055623384113797 8.056838488461661 8.05784940617479 8.058862261828537 8.059757012621231 8.060565395089876 
# BH_mass_list
-10.0 -10.0 6.826887189095627 7.551803475347645 7.641064234810756 7.663096724201764 7.669079234289214 7.67069768413186 7.671131562326095 7.671227441037134 7.671237391090232 7.671240810019789 7.671242324268182 7.671243241258278 7.671243938912369 7.671244532518011 7.671245061779787 7.671245061779787 7.671245061779787 7.671245061779787 7.671245061779787 7.671245061779787 7.671245061779787 7.671245061779787 7.671245061779787 7.671245061779787 7.671245061779787 7.671245061779787 7.671245061779787 7.671245061779787 7.671245061779787 7.671245061779787 7.671245061779787 7.671245061779787 7.671245061779787 7.671245061779787 7.671245061779787 7.671245061779787 7.671245061779787 7.671245061779787 7.671245061779787 7.671245061779787 7.671245061779787 7.671245061779787 7.671245061779787 7.671245061779787 7.671245061779787 7.671245061779787 7.671245061779787 7.671245061779787 7.671245061779787 7.671245061779787 7.671245061779787 7.671245061779787 7.671245061779787 7.671245061779787 7.671245061779787 7.671245061779787 7.671245061779787 
# NS_mass_list
-10.0 -10.0 6.421024906536126 7.195873672925191 7.431210411706553 7.526707686242757 7.571016508226538 7.5826661988092985 7.585862235914625 7.586740302273031 7.586977703710742 7.587040165976249 7.58705668790594 7.5870627557204235 7.587065087329988 7.587066571141027 7.5870687634571246 7.5870687634571246 7.5870687634571246 7.5870687634571246 7.5870687634571246 7.5870687634571246 7.5870687634571246 7.5870687634571246 7.5870687634571246 7.5870687634571246 7.5870687634571246 7.5870687634571246 7.5870687634571246 7.5870687634571246 7.5870687634571246 7.5870687634571246 7.5870687634571246 7.5870687634571246 7.5870687634571246 7.5870687634571246 7.5870687634571246 7.5870687634571246 7.5870687634571246 7.5870687634571246 7.5870687634571246 7.5870687634571246 7.5870687634571246 7.5870687634571246 7.5870687634571246 7.5870687634571246 7.5870687634571246 7.5870687634571246 7.5870687634571246 7.5870687634571246 7.5870687634571246 7.5870687634571246 7.5870687634571246 7.5870687634571246 7.5870687634571246 7.5870687634571246 7.5870687634571246 7.5870687634571246 7.5870687634571246 
# WD_mass_list
-10.0 -10.0 -10.0 -10.0 -10.0 4.459037197860869 5.667779399019485 6.318922024932833 6.566299811359654 6.70343578894149 6.792162326378648 6.855230948647543 6.902953190196154 6.940691719002765 6.971533232842405 6.997362315447521 7.08374969981264 7.169489640981938 7.215482223759352 7.245528755930957 7.2672954993095455 7.2840270465975845 7.297508617469644 7.308667323100417 7.318208235569689 7.31906520539951 7.3198984344282865 7.320727028312005 7.321555266137128 7.322385010232645 7.323215532018593 7.32404501288727 7.324851802106287 7.326354899922448 7.333515502405698 7.3456105254320665 7.355483252031491 7.363794167664907 7.370845555686403 7.379751334463604 7.387257988604469 7.393654087626646 7.395685335934478 7.399217924522749 7.404204755773356 7.4085526073663175 7.411237423888782 7.412442608965297 7.417285094487189 7.422319151252443 7.430960922899468 7.437844723717602 7.4436751609111775 7.448914948664636 7.4538068922088 7.457845503812616 7.461863849205929 7.465390669677868 7.4685587957627755 
