# time_axis
1000000 10000000 20000000 30000000 40000000 50000000 60000000 70000000 80000000 90000000 100000000 110000000 120000000 130000000 140000000 150000000 200000000 300000000 400000000 500000000 600000000 700000000 800000000 900000000 1000000000 1010000000 1020000000 1030000000 1040000000 1050000000 1060000000 1070000000 1080000000 1100000000 1200000000 1400000000 1600000000 1800000000 2000000000 2300000000 2600000000 2900000000 3000000000 3200000000 3500000000 3800000000 4000000000 4100000000 4500000000 5000000000 6000000000 7000000000 8000000000 9000000000 10000000000 11000000000 12000000000 13000000000 14000000000 
# SNIa_energy_release_list
0 0.0 0.0 0.0 0.0 0.0 1.341605070444091e+53 6.079717130095101e+54 2.2587488557754191e+55 4.2352535793062075e+55 6.186178728951986e+55 7.981390806239882e+55 9.595458994431176e+55 1.104229683909033e+56 1.234583479963376e+56 1.3529231806111686e+56 1.8204525407019551e+56 2.4309578276926463e+56 2.8427531531354655e+56 3.1540370913177517e+56 3.404401111191462e+56 3.6138430484124417e+56 3.7938838955083225e+56 3.951769878843707e+56 4.092369551027669e+56 4.105613517885641e+56 4.118725157584787e+56 4.131710306053654e+56 4.144563193049078e+56 4.1572893864570145e+56 4.169891153405022e+56 4.182367486435989e+56 4.194723032868473e+56 4.21908592177737e+56 4.334430666397294e+56 4.538048987345562e+56 4.713776167025468e+56 4.868335924478826e+56 5.006301060332389e+56 5.188925669934419e+56 5.348798591958018e+56 5.490965254519814e+56 5.535077622468562e+56 5.618959211649592e+56 5.7353500862028744e+56 5.84208745846478e+56 5.908616530240621e+56 5.9406291063009886e+56 6.061270480428835e+56 6.197700422066041e+56 6.433586721442451e+56 6.63279654348068e+56 6.80523674273662e+56 6.957280187089299e+56 7.093150388397648e+56 7.216121976189634e+56 7.328312786568478e+56 7.4314907258559485e+56 7.526999460024576e+56 
# SNII_energy_release_list
0 0.0 1.3161519954907994e+53 6.049354746314586e+54 2.6028740729896534e+55 5.670394234061948e+55 9.061446576325471e+55 1.1759849258188694e+56 1.308009075791805e+56 1.3669214214407759e+56 1.3913617042850374e+56 1.4009598813943159e+56 1.4045759234360739e+56 1.4058953509884473e+56 1.4063731084309016e+56 1.406548762096872e+56 1.4066676896294011e+56 1.4066676896294011e+56 1.4066676896294011e+56 1.4066676896294011e+56 1.4066676896294011e+56 1.4066676896294011e+56 1.4066676896294011e+56 1.4066676896294011e+56 1.4066676896294011e+56 1.4066676896294011e+56 1.4066676896294011e+56 1.4066676896294011e+56 1.4066676896294011e+56 1.4066676896294011e+56 1.4066676896294011e+56 1.4066676896294011e+56 1.4066676896294011e+56 1.4066676896294011e+56 1.4066676896294011e+56 1.4066676896294011e+56 1.4066676896294011e+56 1.4066676896294011e+56 1.4066676896294011e+56 1.4066676896294011e+56 1.4066676896294011e+56 1.4066676896294011e+56 1.4066676896294011e+56 1.4066676896294011e+56 1.4066676896294011e+56 1.4066676896294011e+56 1.4066676896294011e+56 1.4066676896294011e+56 1.4066676896294011e+56 1.4066676896294011e+56 1.4066676896294011e+56 1.4066676896294011e+56 1.4066676896294011e+56 1.4066676896294011e+56 1.4066676896294011e+56 1.4066676896294011e+56 1.4066676896294011e+56 1.4066676896294011e+56 1.4066676896294011e+56 
# SN_energy_per_current_crossing_time_list
0.0 0.0 6.2691543692721515e+53 1.6495666973735483e+55 4.8411010917869184e+55 7.078860098111905e+55 7.706677670507066e+55 6.165897155885435e+55 3.1386900297844186e+55 1.511439043760442e+55 7.26446038202645e+54 3.749529148636109e+54 2.2277850651021285e+54 1.5592102943305744e+54 1.2442241107896182e+54 1.0727916091276468e+54 8.311775612440607e+53 5.4931453395743724e+53 3.7602707686759663e+53 2.877963489091046e+53 2.339935902315368e+53 1.976461439576368e+53 1.71394110750389e+53 1.515166484686515e+53 1.3593769163105113e+53 1.281415839795446e+53 1.2695080707431132e+53 1.2581319416293682e+53 1.2461758316084003e+53 1.2347447700678415e+53 1.2235218886160629e+53 1.2121904888284503e+53 1.201296585425557e+53 1.1859728851205302e+53 1.1303314454715895e+53 1.009778635735474e+53 8.809211799316129e+52 7.82552712419977e+52 7.048980098851075e+52 6.297282731040732e+52 5.574464951334249e+52 5.007549628270981e+52 4.6767565539595934e+52 4.4733948903711565e+52 4.174263537015074e+52 3.85790440266517e+52 3.6247874129024536e+52 3.4961644823271945e+52 3.3239294593662216e+52 3.036557281257905e+52 2.670859268163145e+52 2.2881918978006516e+52 2.0060175770619433e+52 1.7897050485162698e+52 1.6174576603771392e+52 1.4782097935559532e+52 1.361859559357014e+52 1.2636733356624338e+52 1.1793522160489713e+52 
# SN_energy_per_final_crossing_time_list
0.0 0.0 4.333863385516947e+53 1.948610406291935e+55 6.57887004510199e+55 1.0100819172825698e+56 1.1167811931885521e+56 8.958794832045696e+55 4.551169176785607e+55 2.183943717709438e+55 1.0456790625185552e+55 5.3772628978502744e+54 3.183769707702019e+54 2.2210359979912572e+54 1.766940175777565e+54 1.519111215754391e+54 1.1624528172510076e+54 7.538585548111863e+53 5.0848933749046745e+53 3.8437678554880614e+53 3.091522091955164e+53 2.5862117736692115e+53 2.2231639216050014e+53 1.9495932591976315e+53 1.7361400128406077e+53 1.6353794026473374e+53 1.6190395014470933e+53 1.6034202270388163e+53 1.5870884367409076e+53 1.5714441750443865e+53 1.5560798607200621e+53 1.5405911444975964e+53 1.525676284214975e+53 1.5041779829963115e+53 1.4242894261056275e+53 1.2571505639187218e+53 1.084949144073173e+53 9.542603304886005e+52 8.518042361399081e+52 7.516895004909966e+52 6.580427312607806e+52 5.851631267025081e+52 5.447043073953219e+52 5.178894838648668e+52 4.790690506899497e+52 4.3933488599435503e+52 4.107540996825868e+52 3.952947638440347e+52 3.7242319554163754e+52 3.369303454931922e+52 2.9127496278402087e+52 2.459864504797018e+52 2.1293102971017782e+52 1.8774489536889767e+52 1.6777399931309592e+52 1.5184665134131227e+52 1.3853443037681542e+52 1.2740523932732932e+52 1.1793522160489713e+52 
# total_energy_release_list
0 0 1.3161519954907994e+53 6.049354746314586e+54 2.6028740729896534e+55 5.670394234061948e+55 9.074862627029912e+55 1.2367820971198204e+56 1.533883961369347e+56 1.7904467793713967e+56 2.009979577180236e+56 2.1990989620183042e+56 2.3641218228791914e+56 2.5101250348974804e+56 2.6409565883942774e+56 2.7594719427080405e+56 3.227120230331356e+56 3.8376255173220474e+56 4.249420842764866e+56 4.560704780947153e+56 4.811068800820863e+56 5.020510738041843e+56 5.200551585137724e+56 5.358437568473108e+56 5.49903724065707e+56 5.512281207515043e+56 5.525392847214188e+56 5.538377995683055e+56 5.551230882678479e+56 5.563957076086416e+56 5.576558843034423e+56 5.58903517606539e+56 5.601390722497874e+56 5.625753611406771e+56 5.741098356026695e+56 5.944716676974963e+56 6.120443856654869e+56 6.275003614108228e+56 6.412968749961789e+56 6.59559335956382e+56 6.7554662815874195e+56 6.8976329441492145e+56 6.941745312097962e+56 7.025626901278994e+56 7.142017775832276e+56 7.248755148094182e+56 7.315284219870023e+56 7.347296795930389e+56 7.467938170058236e+56 7.6043681116954415e+56 7.840254411071852e+56 8.039464233110081e+56 8.211904432366022e+56 8.3639478767187e+56 8.499818078027049e+56 8.622789665819036e+56 8.734980476197879e+56 8.83815841548535e+56 8.933667149653978e+56 
# binding_energy_list
8.669618757582214e+54 8.669618757582214e+54 8.669618757582214e+54 8.669618757582214e+54 8.669618757582214e+54 8.649679187756885e+54 8.649679187756885e+54 8.629785477669702e+54 8.629785477669702e+54 8.609937521846052e+54 8.609937521846052e+54 8.609937521846052e+54 8.590135215053907e+54 8.590135215053907e+54 8.570378452303692e+54 8.570378452303692e+54 8.531001140175843e+54 8.491804750363178e+54 8.433347577642791e+54 8.394599865193965e+54 8.375292821268861e+54 8.336811846196331e+54 8.298507675144166e+54 8.279421637123327e+54 8.260379495771817e+54 8.260379495771817e+54 8.241381150129963e+54 8.241381150129963e+54 8.241381150129963e+54 8.241381150129963e+54 8.241381150129963e+54 8.241381150129963e+54 8.241381150129963e+54 8.222426499470695e+54 8.20351544329821e+54 8.165823713585906e+54 8.128305161640929e+54 8.090958991783846e+54 8.053784411990643e+54 8.016780633876855e+54 7.979946872679785e+54 7.94328234724279e+54 7.94328234724279e+54 7.90678627999831e+54 7.888601176185516e+54 7.852356346100775e+54 7.834296427662088e+54 7.834296427662088e+54 7.798301105232642e+54 7.780365510398008e+54 7.72680585095699e+54 7.673614893618154e+54 7.638357835776954e+54 7.603262769401822e+54 7.568328950209705e+54 7.533555637337217e+54 7.498942093324558e+54 7.464487584100623e+54 7.447319739059888e+54 
# total_gas_kinetic_energy_list
3.555417159551863e+57 1.5234538434556997e+59 3.0398139649760115e+59 1.6016496749121227e+59 7.531546437400511e+58 3.2389579966789694e+58 1.3046218490784455e+58 5.006712299301371e+57 1.853689675417787e+57 6.693565164934892e+56 2.3899666455987584e+56 8.657278571164691e+55 3.3612704430919664e+55 1.5424245718830954e+55 9.169604429172363e+54 6.954183566321063e+54 2.629100561491974e+55 5.824884129491765e+55 8.462116340920356e+55 1.0695676244444215e+56 1.2646254090180296e+56 1.4389272404713404e+56 1.5992210683266495e+56 1.748675022306851e+56 1.8890102160461964e+56 1.9028259507677062e+56 1.9162182701524859e+56 1.929375238275302e+56 1.9424816424520598e+56 1.9556297317040617e+56 1.9688591536379096e+56 1.9821882644966573e+56 1.995562745886773e+56 2.021415748488478e+56 2.146429009668082e+56 2.379346175684132e+56 2.5902211524563167e+56 2.7861522806201147e+56 2.9659817059697853e+56 3.208723372359375e+56 3.4284881308165227e+56 3.6280841121071486e+56 3.693218900307568e+56 3.8117346262018158e+56 3.981673756645746e+56 4.131381954341437e+56 4.225583489586876e+56 4.2679560877432365e+56 4.438251153634106e+56 4.617526858920078e+56 4.926632353849014e+56 5.177490680776616e+56 5.401342053380657e+56 5.61084717349817e+56 5.812592644500175e+56 5.98756218406665e+56 6.164365727820439e+56 6.326162090110975e+56 6.475172007234695e+56 
