# time_axis
5.999999999999999 7.0 7.30102999566398 7.477121254719661 7.602059991327962 7.698970004336018 7.778151250383643 7.845098040014256 7.903089986991943 7.954242509439324 8.0 8.041392685158224 8.079181246047623 8.113943352306837 8.146128035678238 8.176091259055681 8.301029995663981 8.47712125471966 8.60205999132796 8.698970004336019 8.778151250383644 8.845098040014257 8.903089986991942 8.954242509439323 8.999999999999998 9.004321373782641 9.008600171761916 9.012837224705171 9.017033339298779 9.021189299069936 9.02530586526477 9.02938377768521 9.033423755486949 9.041392685158224 9.079181246047623 9.146128035678236 9.204119982655923 9.255272505103305 9.301029995663981 9.361727836017593 9.414973347970816 9.462397997898954 9.477121254719663 9.505149978319904 9.544068044350274 9.57978359661681 9.60205999132796 9.612783856719734 9.653212513775342 9.698970004336017 9.778151250383642 9.845098040014257 9.903089986991944 9.954242509439325 10.0 10.041392685158225 10.079181246047623 10.113943352306835 10.146128035678236 
# total_gas_mass_list
8.7873673767305 10.425853467292905 10.725948611528805 10.447705283240538 10.120040748996079 9.753579207464847 9.358677797906912 8.942765720124969 8.511268635147465 8.068875766717376 7.621448939269456 7.179769708654414 6.766866712061337 6.424136705122269 6.192064159550669 6.066509389614236 6.638744415136584 6.978840403202301 7.139468824567342 7.243190564754151 7.3186268736863 7.377119657694092 7.424564558165725 7.464314467322317 7.498396230496371 7.501601481733045 7.504684826467338 7.507691559368841 7.510664708587811 7.513625515267104 7.516582991063784 7.5195411350870405 7.522487742953235 7.528122890982008 7.554332186598016 7.5990248340671736 7.635535928512485 7.666645702482454 7.693188330859366 7.726494746047848 7.754485220916901 7.778346269172834 7.7858453498696845 7.799139729726683 7.817480364017466 7.832984663210809 7.842447224460717 7.846633606756835 7.863026579111752 7.879589037319946 7.906589046569644 7.927209471438887 7.944825501343609 7.960675389957205 7.975409552688902 7.987795777415291 7.999937092942342 8.010800728431507 8.020550970405491 
# ejected_gas_mass_list
-10.0 -10.0 3.4085106406234154 5.07700675131998 5.764684778016748 6.136861388664214 6.351492580173665 6.4949238291617375 6.6024828588746685 6.687934604174756 6.758220651546433 6.816980705635701 6.8668427798588985 6.909815001847911 6.947392257194923 6.980675217343705 7.105211876723599 7.253171300587027 7.345875998235857 7.413212704412078 7.465615840117281 7.508104254982676 7.543686295809884 7.574227139649819 7.6009171267715745 7.603450373860157 7.605890964321219 7.608274384931705 7.610634540831866 7.612988202863155 7.615342495317127 7.617700584055057 7.620052709274679 7.624559894867424 7.645674777942448 7.682236151746243 7.712597959502939 7.738798861923826 7.761382247435511 7.790004504797809 7.814291338709824 7.835155207890531 7.841741736725419 7.853452023839012 7.869676370556666 7.883452433143266 7.891886882885717 7.89562474972295 7.910298173582639 7.925181426755443 7.949564742867669 7.968283622951181 7.9843389544948264 7.998833164428806 8.012347077453947 8.023736510348634 8.03492581628511 8.044958191314212 8.053978557807387 
# stellar_mass_list
-10.0 6.644699873161771 8.292683937169732 8.75727293931634 8.87780011368807 8.919432432746898 8.932379647003925 8.934420095622098 8.932597961154979 8.929645315559771 8.926545263573054 8.923606537130098 8.920895968247228 8.918404540555988 8.916104498276967 8.913967936872936 8.905020704140371 8.89206767682834 8.882421410754437 8.874597364375477 8.86794948370383 8.862127267772083 8.856925030003701 8.85219832058001 8.847856461420422 8.847433695648654 8.847024608921908 8.846623396102034 8.84622441259635 8.845824814231701 8.845423393207946 8.845019621872405 8.84461511779226 8.843834953050242 8.840097250205117 8.833246523488889 8.827117980030524 8.82147687742116 8.816332261235987 8.80932722628082 8.802908307507717 8.797013682366476 8.795077716699247 8.791536096126887 8.786333946702046 8.781566843100924 8.778466982929425 8.77704735608544 8.77116266575825 8.764638850457978 8.752424083421051 8.741786646488928 8.732477193026844 8.723924045429802 8.715821874500174 8.708887595476568 8.701955307434549 8.695702642509891 8.689987141745416 
# remnant_mass_list
-10.0 -10.0 4.516533978269926 6.171974047396842 6.7323942570832065 6.98823801847601 7.133057911421712 7.225675928342622 7.290141744729728 7.338272531295716 7.3762005922358105 7.4073220128861434 7.433646263715951 7.4564230273566405 7.476474720872203 7.49436772403849 7.562666184302789 7.646745715615137 7.700645503791759 7.740032065785378 7.770915664599659 7.7962525853605795 7.8176762142643765 7.836233406034281 7.852575381420337 7.854132565907875 7.855633417382563 7.857099881384164 7.85855305942061 7.860003356981059 7.861455190922804 7.862910486167265 7.864363269702814 7.867150216365533 7.880241394154236 7.903178188469256 7.922625332206227 7.939706452989108 7.954647161876437 7.974085868432865 7.991050843154394 8.005968530543575 8.010738085209114 8.019300881644243 8.031519294859116 8.042354726619763 8.049225489755889 8.052325928372277 8.064893647606814 8.078301215718623 8.102046649151223 8.121403872410045 8.13742833316048 8.151460288802632 8.164186249398805 8.174663624068842 8.184783319844062 8.193619050510359 8.20146428802941 
# BH_mass_list
-10.0 -10.0 4.164648844247251 5.813005759991086 6.282953185252813 6.412760410731551 6.462558120803482 6.482335139820885 6.490053825890623 6.492980091334556 6.494058578466058 6.494439920729045 6.494568564984594 6.494609323652038 6.494618458945383 6.494620787604651 6.494622152286937 6.494622152286937 6.494622152286937 6.494622152286937 6.494622152286937 6.494622152286937 6.494622152286937 6.494622152286937 6.494622152286937 6.494622152286937 6.494622152286937 6.494622152286937 6.494622152286937 6.494622152286937 6.494622152286937 6.494622152286937 6.494622152286937 6.494622152286937 6.494622152286937 6.494622152286937 6.494622152286937 6.494622152286937 6.494622152286937 6.494622152286937 6.494622152286937 6.494622152286937 6.494622152286937 6.494622152286937 6.494622152286937 6.494622152286937 6.494622152286937 6.494622152286937 6.494622152286937 6.494622152286937 6.494622152286937 6.494622152286937 6.494622152286937 6.494622152286937 6.494622152286937 6.494622152286937 6.494622152286937 6.494622152286937 6.494622152286937 
# NS_mass_list
-10.0 -10.0 4.2610234191918375 5.922054837746678 6.54177191986022 6.854009122880324 7.026638402069796 7.119281153706077 7.157710823318736 7.1736415178000295 7.1800320342579145 7.182500760269088 7.183420950701938 7.183752684489083 7.183869478108481 7.183909642650125 7.18393172501998 7.18393172501998 7.18393172501998 7.18393172501998 7.18393172501998 7.18393172501998 7.18393172501998 7.18393172501998 7.18393172501998 7.18393172501998 7.18393172501998 7.18393172501998 7.18393172501998 7.18393172501998 7.18393172501998 7.18393172501998 7.18393172501998 7.18393172501998 7.18393172501998 7.18393172501998 7.18393172501998 7.18393172501998 7.18393172501998 7.18393172501998 7.18393172501998 7.18393172501998 7.18393172501998 7.18393172501998 7.18393172501998 7.18393172501998 7.18393172501998 7.18393172501998 7.18393172501998 7.18393172501998 7.18393172501998 7.18393172501998 7.18393172501998 7.18393172501998 7.18393172501998 7.18393172501998 7.18393172501998 7.18393172501998 7.18393172501998 
# WD_mass_list
-10.0 -10.0 -10.0 -10.0 -10.0 2.9571797732161023 4.710140367124756 5.790419054391252 6.3087188513619745 6.575599640584178 6.742202117685763 6.857385507282861 6.942702057343865 7.009175482676728 7.062994186890208 7.107870458815383 7.25851202400978 7.4139411426745 7.50238138697117 7.563024301468617 7.608654676615123 7.644999754496837 7.675046118416116 7.700609002584919 7.722790338251747 7.724888574551937 7.7269084380750765 7.728879697675808 7.730830844099016 7.732775898677031 7.734720800614581 7.736668129576516 7.738609903263202 7.742328811489123 7.75969286843978 7.7897190783669 7.814807323334177 7.836582898999848 7.855442079430706 7.879732021367653 7.900715768613346 7.919010964348169 7.924830779617451 7.935244219974688 7.950027887852077 7.963066488910664 7.971300465583418 7.975007651713341 7.989982581013297 8.005868593187587 8.033787929147504 8.056355443193 8.074914510219816 8.091078911583953 8.105671546650328 8.11763946712305 8.129160411504428 8.139189615857735 8.14807171135645 
