# time_axis
5.999999999999999 7.0 7.30102999566398 7.477121254719661 7.602059991327962 7.698970004336018 7.778151250383643 7.845098040014256 7.903089986991943 7.954242509439324 8.0 8.041392685158224 8.079181246047623 8.113943352306837 8.146128035678238 8.176091259055681 8.301029995663981 8.47712125471966 8.60205999132796 8.698970004336019 8.778151250383644 8.845098040014257 8.903089986991942 8.954242509439323 8.999999999999998 9.004321373782641 9.008600171761916 9.012837224705171 9.017033339298779 9.021189299069936 9.02530586526477 9.02938377768521 9.033423755486949 9.041392685158224 9.079181246047623 9.146128035678236 9.204119982655923 9.255272505103305 9.301029995663981 9.361727836017593 9.414973347970816 9.462397997898954 9.477121254719663 9.505149978319904 9.544068044350274 9.57978359661681 9.60205999132796 9.612783856719734 9.653212513775342 9.698970004336017 9.778151250383642 9.845098040014257 9.903089986991944 9.954242509439325 10.0 10.041392685158225 10.079181246047623 10.113943352306835 10.146128035678236 
# total_gas_mass_list
8.40231034070977 10.059728783226301 10.386485035919378 9.917601707975347 9.57188884925191 9.203522142238002 8.812490334650137 8.406112113317628 7.989780093022912 7.567991458794243 7.146871811213865 6.737315777735801 6.360319892284578 6.04827241277225 5.8285808167556326 nan nan nan nan nan nan nan nan nan nan nan nan nan nan nan nan nan nan nan nan nan nan nan nan nan nan nan nan nan nan nan nan nan nan nan nan nan nan nan nan nan nan nan nan 
# ejected_gas_mass_list
-10.0 -10.0 3.562646210300365 5.624682866366086 6.237566440244986 6.474184306339614 6.596067295116161 6.675672211387508 6.737512825857189 6.787031754853628 6.82794204975406 6.862204940366035 6.891337239343541 6.9164816609753625 6.938513557951367 nan nan nan nan nan nan nan nan nan nan nan nan nan nan nan nan nan nan nan nan nan nan nan nan nan nan nan nan nan nan nan nan nan nan nan nan nan nan nan nan nan nan nan nan 
# stellar_mass_list
-10.0 6.3054003277017125 7.970889180083692 8.383134771972776 8.281853410647797 8.251022745521164 8.22917962024703 8.210830628662292 8.195020877803247 8.181393693323457 8.16961505728573 8.15933484116223 8.150263177869162 8.142169118156106 8.13487299115982 8.128215033338481 8.101558387450861 8.065516132114285 8.040037200602473 8.020008247042636 8.003282956009851 7.9888189744182805 7.976057523441379 7.964513139774281 7.953985624757102 7.952968358925547 7.951981989353533 7.951015321384755 7.95005891644957 7.94910114297793 7.948140932732489 7.947176403521268 7.946211464135996 7.944353354552854 7.935487525822265 7.9194532530779655 7.905320942466969 7.892471449396587 7.880866606751886 7.865210518629551 7.851019891757963 7.838099668689096 7.833872109159241 7.826156451218944 7.8148840339238115 7.804605592765112 7.797930971006345 7.794899981530261 7.782308305294399 7.768398869051364 7.74247350049183 7.720061260016404 7.700716622394523 7.68320236013425 7.66681226350944 7.6529100359129 7.639158383544342 7.626872026206071 7.615672393308436 
# remnant_mass_list
-10.0 -10.0 4.748941450211383 6.924438565668716 7.470520940400735 7.5856957584611235 7.63820757118645 7.6676109558780325 7.686319625948146 7.699674691723047 7.709983887192727 7.718376824609418 7.725458658229308 7.731583980898645 7.736979617412867 nan nan nan nan nan nan nan nan nan nan nan nan nan nan nan nan nan nan nan nan nan nan nan nan nan nan nan nan nan nan nan nan nan nan nan nan nan nan nan nan nan nan nan nan 
# BH_mass_list
-10.0 -10.0 4.499777531490789 6.774963742589677 7.303173265292253 7.365281411258025 7.383418268758429 7.388655863800871 7.390081480520287 7.390433202821691 7.390505838833078 7.390518455250456 7.390519746794977 7.390519794397316 7.390519794397316 7.390519794397316 7.390519794397316 7.390519794397316 7.390519794397316 7.390519794397316 7.390519794397316 7.390519794397316 7.390519794397316 7.390519794397316 7.390519794397316 7.390519794397316 7.390519794397316 7.390519794397316 7.390519794397316 7.390519794397316 7.390519794397316 7.390519794397316 7.390519794397316 7.390519794397316 7.390519794397316 7.390519794397316 7.390519794397316 7.390519794397316 7.390519794397316 7.390519794397316 7.390519794397316 7.390519794397316 7.390519794397316 7.390519794397316 7.390519794397316 7.390519794397316 7.390519794397316 7.390519794397316 7.390519794397316 7.390519794397316 7.390519794397316 7.390519794397316 7.390519794397316 7.390519794397316 7.390519794397316 7.390519794397316 7.390519794397316 7.390519794397316 7.390519794397316 
# NS_mass_list
-10.0 -10.0 4.389000354296703 6.388626362978034 6.975366010494641 7.185573972764481 7.284465478992342 7.333837582072115 7.352109475842105 7.359378198927219 7.3621115299518385 7.363079240357311 7.363401412333134 7.363503712096413 7.363531303486444 7.363539843409169 7.363541624758273 7.363541624758273 7.363541624758273 7.363541624758273 7.363541624758273 7.363541624758273 7.363541624758273 7.363541624758273 7.363541624758273 7.363541624758273 7.363541624758273 7.363541624758273 7.363541624758273 7.363541624758273 7.363541624758273 7.363541624758273 7.363541624758273 7.363541624758273 7.363541624758273 7.363541624758273 7.363541624758273 7.363541624758273 7.363541624758273 7.363541624758273 7.363541624758273 7.363541624758273 7.363541624758273 7.363541624758273 7.363541624758273 7.363541624758273 7.363541624758273 7.363541624758273 7.363541624758273 7.363541624758273 7.363541624758273 7.363541624758273 7.363541624758273 7.363541624758273 7.363541624758273 7.363541624758273 7.363541624758273 7.363541624758273 7.363541624758273 
# WD_mass_list
-10.0 -10.0 -10.0 -10.0 -10.0 2.8751818922947563 4.6270773172820086 5.677890418743383 6.180890408998777 6.420567743125902 6.566815610960628 6.6662252564232585 6.738721456452522 6.794395866291298 6.83891385868024 nan nan nan nan nan nan nan nan nan nan nan nan nan nan nan nan nan nan nan nan nan nan nan nan nan nan nan nan nan nan nan nan nan nan nan nan nan nan nan nan nan nan nan nan 
