# time_axis
1000000 10000000 20000000 30000000 40000000 50000000 60000000 70000000 80000000 90000000 100000000 110000000 120000000 130000000 140000000 150000000 200000000 300000000 400000000 500000000 600000000 700000000 800000000 900000000 1000000000 1010000000 1020000000 1030000000 1040000000 1050000000 1060000000 1070000000 1080000000 1100000000 1200000000 1400000000 1600000000 1800000000 2000000000 2300000000 2600000000 2900000000 3000000000 3200000000 3500000000 3800000000 4000000000 4100000000 4500000000 5000000000 6000000000 7000000000 8000000000 9000000000 10000000000 11000000000 12000000000 13000000000 14000000000 
# SNIa_energy_release_list
0 0.0 0.0 0.0 0.0 0.0 1.4779262463944142e+54 6.851602538305613e+55 1.9368168593798115e+56 3.346805024698299e+56 4.70043939907841e+56 5.93003007298256e+56 7.030584128005458e+56 8.016926463204341e+56 8.907035497900346e+56 9.716872312747107e+56 1.293357352649741e+57 1.7164633307525007e+57 2.0031280553071515e+57 2.220297548877318e+57 2.3951977314378592e+57 2.5416332855953266e+57 2.667594054647323e+57 2.7781062004046312e+57 2.8765542648514858e+57 2.8858288145695e+57 2.8950136785669388e+57 2.904107444397964e+57 2.91310938614532e+57 2.9220234130985437e+57 2.9308493779182593e+57 2.9395879196012355e+57 2.948242780511716e+57 2.965309101881792e+57 3.046118868023214e+57 3.1888094314324144e+57 3.31199010359755e+57 3.4203588852005475e+57 3.5171103231041396e+57 3.645201444784425e+57 3.757352078497273e+57 3.857094617937893e+57 3.8880528823855974e+57 3.9469032470909175e+57 4.028576072499557e+57 4.103480686490356e+57 4.1501700849242955e+57 4.1726371060541064e+57 4.257308471816774e+57 4.3530668207138716e+57 4.5186420392032856e+57 4.6584879567855975e+57 4.779546308045454e+57 4.8862964754671384e+57 4.9816902296708066e+57 5.068022138903488e+57 5.146794236384805e+57 5.219239669241293e+57 5.286300862474147e+57 
# SNII_energy_release_list
0 0.0 2.2106680470411613e+54 1.025902994979958e+56 2.9437592311647256e+56 5.056410286845823e+56 6.947147591234704e+56 8.134175670432627e+56 8.686872055993436e+56 8.91511731550719e+56 9.00352763330215e+56 9.03648570563151e+56 9.0486473906246e+56 9.053212996663738e+56 9.055018445373995e+56 9.05601697226825e+56 9.05694821394797e+56 9.05694821394797e+56 9.05694821394797e+56 9.05694821394797e+56 9.05694821394797e+56 9.05694821394797e+56 9.05694821394797e+56 9.05694821394797e+56 9.05694821394797e+56 9.05694821394797e+56 9.05694821394797e+56 9.05694821394797e+56 9.05694821394797e+56 9.05694821394797e+56 9.05694821394797e+56 9.05694821394797e+56 9.05694821394797e+56 9.05694821394797e+56 9.05694821394797e+56 9.05694821394797e+56 9.05694821394797e+56 9.05694821394797e+56 9.05694821394797e+56 9.05694821394797e+56 9.05694821394797e+56 9.05694821394797e+56 9.05694821394797e+56 9.05694821394797e+56 9.05694821394797e+56 9.05694821394797e+56 9.05694821394797e+56 9.05694821394797e+56 9.05694821394797e+56 9.05694821394797e+56 9.05694821394797e+56 9.05694821394797e+56 9.05694821394797e+56 9.05694821394797e+56 9.05694821394797e+56 9.05694821394797e+56 9.05694821394797e+56 9.05694821394797e+56 9.05694821394797e+56 
# SN_energy_per_current_crossing_time_list
0.0 0.0 8.062695417795436e+54 2.6834670064698177e+56 4.765481860154935e+56 5.20082231961702e+56 4.696642945347451e+56 3.0480473533411794e+56 1.5262025611992174e+56 7.232863695947225e+55 3.614768201029113e+55 2.0708394110432375e+55 1.4098366063408495e+55 1.1037396192931828e+55 9.402563785774319e+54 8.42932565507626e+54 6.684410671297549e+54 4.502944710687334e+54 3.120694117551792e+54 2.406864048924423e+54 1.9675076395409695e+54 1.6684500486504143e+54 1.4513750393090618e+54 1.286196370173585e+54 1.1562381050500783e+54 1.0902081343877385e+54 1.0805750311981354e+54 1.07074442365087e+54 1.0608070413601774e+54 1.051314699281791e+54 1.0417904660223787e+54 1.0323292301415262e+54 1.0232942100620175e+54 1.0105049692415638e+54 9.642642676122031e+53 8.630715609088301e+53 7.5399204531202235e+53 6.7043661629654515e+53 6.043202463592449e+53 5.4007934731214106e+53 4.781264782426048e+53 4.2943739016760166e+53 4.011463864967649e+53 3.834500008505663e+53 3.576566683248507e+53 3.3036540277958368e+53 3.102635793344327e+53 2.9919806818916536e+53 2.8417416191315495e+53 2.5929542609563986e+53 2.274695380253338e+53 1.9440624884216765e+53 1.7005220326233584e+53 1.5141087475184081e+53 1.3653242644385423e+53 1.2455302154054446e+53 1.1455719160199243e+53 1.0612434439912306e+53 9.890259944984032e+52 
# SN_energy_per_final_crossing_time_list
0.0 0.0 8.694181372084873e+54 3.947760149090287e+56 7.542602330228527e+56 8.30869721874441e+56 7.438127846872915e+56 4.767248050056649e+56 2.3582565843149144e+56 1.1055964138844333e+56 5.473382551851885e+55 3.109599027718445e+55 2.1014078386738678e+55 1.6342262505477723e+55 1.3837480078750822e+55 1.2336267759249126e+55 9.561302312528638e+54 6.240014389816927e+54 4.227763489173609e+54 3.202840033089714e+54 2.579447496471731e+54 2.1596479662631672e+54 1.85768354056669e+54 1.6298455126239567e+54 1.451923089228462e+54 1.3678209879944606e+54 1.3545940373976074e+54 1.34115877770556e+54 1.3276164589229006e+54 1.3146506865434642e+54 1.301663184386984e+54 1.2887699221905754e+54 1.2764285880674965e+54 1.2584801024088602e+54 1.1917914887927854e+54 1.0522082114711392e+54 9.083411800330147e+53 7.991174689162585e+53 7.1345052539917265e+53 6.297007399713121e+53 5.513367055485817e+53 4.903380505101973e+53 4.565759540994084e+53 4.3396588752284915e+53 4.015066612011871e+53 3.6823388099451663e+53 3.442902406934556e+53 3.3134614588759364e+53 3.1218569821068136e+53 2.824509725636023e+53 2.4419218811418282e+53 2.062463267438934e+53 1.7853821334700187e+53 1.5743634344606255e+53 1.406877779412906e+53 1.2732326740641856e+53 1.1617397229969825e+53 1.0684333639720204e+53 9.890259944984032e+52 
# total_energy_release_list
0 0 2.2106680470411613e+54 1.025902994979958e+56 2.9437592311647256e+56 5.056410286845823e+56 6.9619268536986485e+56 8.819335924263189e+56 1.0623688915373248e+57 1.2261922340205488e+57 1.370396703238056e+57 1.496651577861407e+57 1.607923151863006e+57 1.707013945986808e+57 1.796205394327434e+57 1.8772889285015356e+57 2.1990521740445382e+57 2.622158152147298e+57 2.9088228767019483e+57 3.1259923702721153e+57 3.300892552832656e+57 3.447328106990124e+57 3.57328887604212e+57 3.683801021799428e+57 3.7822490862462826e+57 3.791523635964297e+57 3.8007084999617356e+57 3.809802265792761e+57 3.818804207540117e+57 3.8277182344933406e+57 3.8365441993130564e+57 3.845282740996033e+57 3.853937601906513e+57 3.871003923276589e+57 3.951813689418011e+57 4.0945042528272116e+57 4.217684924992347e+57 4.326053706595345e+57 4.422805144498937e+57 4.5508962661792224e+57 4.66304689989207e+57 4.76278943933269e+57 4.7937477037803945e+57 4.852598068485715e+57 4.934270893894354e+57 5.0091755078851535e+57 5.055864906319093e+57 5.0783319274489036e+57 5.163003293211571e+57 5.258761642108669e+57 5.424336860598083e+57 5.5641827781803946e+57 5.685241129440251e+57 5.7919912968619355e+57 5.887385051065604e+57 5.9737169602982854e+57 6.052489057779602e+57 6.12493449063609e+57 6.1919956838689444e+57 
# binding_energy_list
8.933054837332963e+54 8.933054837332963e+54 8.933054837332963e+54 8.933054837332963e+54 8.912509381337514e+54 8.871560120379617e+54 8.85115609830841e+54 8.810488730080146e+54 8.790225168308896e+54 8.770008211436303e+54 8.749837752274363e+54 8.729713683881166e+54 8.709635899560761e+54 8.709635899560761e+54 8.68960429286302e+54 8.669618757582214e+54 8.609937521846052e+54 8.51138038202376e+54 8.452788451602891e+54 8.394599865193965e+54 8.336811846196331e+54 8.298507675144166e+54 8.260379495771817e+54 8.222426499470695e+54 8.20351544329821e+54 8.20351544329821e+54 8.20351544329821e+54 8.184647881347836e+54 8.184647881347836e+54 8.184647881347836e+54 8.184647881347836e+54 8.184647881347836e+54 8.184647881347836e+54 8.165823713585906e+54 8.147042840208421e+54 8.090958991783846e+54 8.053784411990643e+54 8.016780633876855e+54 7.979946872679785e+54 7.94328234724279e+54 7.90678627999831e+54 7.870457896951001e+54 7.852356346100775e+54 7.834296427662088e+54 7.816278045883308e+54 7.798301105232642e+54 7.780365510398008e+54 7.762471166286928e+54 7.744617978025239e+54 7.709034690644309e+54 7.673614893618154e+54 7.638357835776954e+54 7.603262769401822e+54 7.568328950209705e+54 7.533555637337217e+54 7.516228940182015e+54 7.481695005111584e+54 7.464487584100623e+54 7.447319739059888e+54 
# total_gas_kinetic_energy_list
3.217699452337698e+57 1.4095242646433456e+59 1.5058783207405093e+59 7.950873018114716e+58 3.471762282975901e+58 1.38527135589991e+58 5.242151262886685e+57 1.91779935900746e+57 6.832697304573052e+56 2.4219915088734032e+56 8.251314755947701e+55 3.1229189306308076e+55 9.508069073336725e+54 5.802541698306794e+54 8.301539569797069e+54 2.5997973062097555e+54 5.926248899299574e+55 1.433304544577292e+56 2.061657345048831e+56 2.559074854925612e+56 2.97187117855706e+56 3.3245834851479797e+56 3.6399873584854195e+56 3.924933683306057e+56 4.185601694804814e+56 4.2106531824947125e+56 4.235011239341732e+56 4.2590310163344985e+56 4.282964473700793e+56 4.306948558444839e+56 4.330974205605259e+56 4.35513860983726e+56 4.379420455926716e+56 4.4255127491496495e+56 4.647507274804264e+56 5.050409375431716e+56 5.403466163543381e+56 5.722370916813321e+56 6.011952552245302e+56 6.384522725449817e+56 6.715706470516622e+56 7.009757804011286e+56 7.104788540234957e+56 7.2742702613349595e+56 7.5140913555752865e+56 7.722739968584401e+56 7.851672135916026e+56 7.909236986975762e+56 8.13832613510582e+56 8.375654830081222e+56 8.773118668971209e+56 9.088181884916254e+56 9.368869620887524e+56 9.63267279122709e+56 9.88169478254683e+56 1.0101680032049984e+57 1.0322143846325455e+57 1.0525185849791179e+57 1.0715938466898513e+57 
