# time_axis
5.999999999999999 7.0 7.30102999566398 7.477121254719661 7.602059991327962 7.698970004336018 7.778151250383643 7.845098040014256 7.903089986991943 7.954242509439324 8.0 8.041392685158224 8.079181246047623 8.113943352306837 8.146128035678238 8.176091259055681 8.301029995663981 8.47712125471966 8.60205999132796 8.698970004336019 8.778151250383644 8.845098040014257 8.903089986991942 8.954242509439323 8.999999999999998 9.004321373782641 9.008600171761916 9.012837224705171 9.017033339298779 9.021189299069936 9.02530586526477 9.02938377768521 9.033423755486949 9.041392685158224 9.079181246047623 9.146128035678236 9.204119982655923 9.255272505103305 9.301029995663981 9.361727836017593 9.414973347970816 9.462397997898954 9.477121254719663 9.505149978319904 9.544068044350274 9.57978359661681 9.60205999132796 9.612783856719734 9.653212513775342 9.698970004336017 9.778151250383642 9.845098040014257 9.903089986991944 9.954242509439325 10.0 10.041392685158225 10.079181246047623 10.113943352306835 10.146128035678236 
# total_gas_mass_list
8.743312895132613 10.392087586955272 10.420968764219564 10.143637635477067 9.78400116638192 9.38555215146062 8.964860716325841 8.530951607925864 8.091460758560906 7.657269261700864 7.248743963119055 6.90048120508894 6.64842419258441 6.4962628381137755 6.412209972721908 6.3622155132163725 7.0718931582683915 7.408379504145097 7.555340813654662 7.646618516283911 7.711366835261879 7.760480117436289 7.799925590549255 7.832504259277893 7.860161361425244 7.862720484328417 7.865194928086073 7.867619209512836 7.870019287115754 7.872409758623181 7.874791294876117 7.877171018974706 7.8795434682102705 7.884017966317803 7.904910429931486 7.940201111406208 7.968695474295303 7.992673965703413 8.01318935923888 8.03826187746985 8.059245970121694 8.07705579197651 8.082680508547597 8.092405552211034 8.105839318499635 8.117172622807702 8.124025098469374 8.127053343026004 8.138858423575764 8.1507313373749 8.169828450439429 8.184323344747673 8.196847082759058 8.208268142531427 8.218634828838933 8.227767844815334 8.236736710175407 8.244790743646137 8.252220291136284 
# ejected_gas_mass_list
-10.0 -10.0 4.5935104163006395 6.264817187295775 6.788270032950349 7.0566070904660005 7.2122037132355405 7.31509338057085 7.39066730268153 7.4498708307003225 7.497932032010123 7.537822809568342 7.5715516579849655 7.600574571043492 7.625938769571747 7.648377995415466 7.732147829680266 7.831083895705021 7.892592013099281 7.936970571298981 7.97135388060738 7.999028963422448 8.022238365264805 8.042056597796757 8.059334409024693 8.060953936314569 8.062523204153239 8.06406382908791 8.06559215813558 8.067117417260382 8.06863999452147 8.070164418878187 8.07168716918435 8.074567212239844 8.088154019142143 8.111617725031879 8.13102338662393 8.147664832579085 8.162123807886909 8.180065295499947 8.19530508235376 8.208396113253213 8.212559935117184 8.219792006022773 8.229849896016823 8.238395546302005 8.243588996938776 8.245890390236921 8.254898547391747 8.264016560022895 8.27880260573012 8.290122342817666 8.299968785776118 8.309000785577728 8.317241673511186 8.324535074295989 8.331727267835928 8.33821077990489 8.344212257676235 
# stellar_mass_list
-10.0 7.174676659291602 8.83094958433481 9.093061877271563 9.149477976838073 9.152620024691084 9.141715103177754 9.128755914989936 9.117044039631562 9.107100661205333 9.098697723673286 9.091497760219255 9.085216285393377 9.079645114498602 9.074636415211055 9.070082571750428 9.051846455566933 9.027560677416414 9.010799491727433 8.997906087008998 8.987383271590302 8.978472875878058 8.970725710502023 8.963857432937784 8.957672212734451 8.957081395178333 8.956509198733391 8.955947029065257 8.95538774810359 8.954827873625621 8.954266206803863 8.953701770019686 8.953139188045789 8.952064268100129 8.946934165524118 8.937741416775918 8.929728141712165 8.922532156304609 8.91610328354466 8.907538079067596 8.899878602699868 8.89299592806997 8.890762594460682 8.886723314649771 8.880871930164 8.875587047274966 8.872201825368705 8.870658570171402 8.864341344641073 8.8574623678976 8.844939968586688 8.834296941920568 8.824992254128762 8.81644332331202 8.80834151948144 8.801410988624077 8.79447921560255 8.788229620556615 8.78251501491833 
# remnant_mass_list
-10.0 -10.0 5.796058914987993 7.458137043867585 7.84107529426811 8.011246913429922 8.101018372341361 8.154133062374186 8.188856686695367 8.213650516687212 8.232648101243772 8.247962014867278 8.260793451342437 8.271809569811381 8.281468439373457 8.290048710699207 8.322520190775418 8.361875089715483 8.386749841670124 8.404748801512431 8.418762898027778 8.430183608665217 8.439797667967628 8.448085979577714 8.455368333372624 8.456055312110184 8.456718762391613 8.457369041704197 8.458014719545277 8.45865987956767 8.459305943796734 8.459954161300095 8.460598980513469 8.46182616975388 8.467616629026995 8.47772415541347 8.486262434297778 8.493724542247339 8.500229517315656 8.508668679266247 8.51600575385911 8.52243485789962 8.52449022363124 8.528163097734792 8.533399453330812 8.538037469299054 8.540966811387378 8.542289199459447 8.547642096686621 8.553337598053506 8.563388580164862 8.571611229376387 8.57857015407893 8.584787016266485 8.590529891441768 8.59531859052667 8.600013111504543 8.604155865249599 8.607871386526098 
# BH_mass_list
-10.0 -10.0 5.562144373102112 7.220561340990504 7.5313173120525105 7.635075978716501 7.673634390745997 7.688130955694835 7.693509361557726 7.69544636983942 7.696135435139251 7.696345631189565 7.696440197623229 7.696451854028033 7.696477473803418 7.696482069089021 7.696496939954925 7.696496939954925 7.696496939954925 7.696496939954925 7.696496939954925 7.696496939954925 7.696496939954925 7.696496939954925 7.696496939954925 7.696496939954925 7.696496939954925 7.696496939954925 7.696496939954925 7.696496939954925 7.696496939954925 7.696496939954925 7.696496939954925 7.696496939954925 7.696496939954925 7.696496939954925 7.696496939954925 7.696496939954925 7.696496939954925 7.696496939954925 7.696496939954925 7.696496939954925 7.696496939954925 7.696496939954925 7.696496939954925 7.696496939954925 7.696496939954925 7.696496939954925 7.696496939954925 7.696496939954925 7.696496939954925 7.696496939954925 7.696496939954925 7.696496939954925 7.696496939954925 7.696496939954925 7.696496939954925 7.696496939954925 7.696496939954925 
# NS_mass_list
-10.0 -10.0 5.415611433370692 7.0827685888046465 7.54860132951331 7.774209996446338 7.895826764634807 7.9542914634452595 7.978541002752064 7.988067330371689 7.991673523165464 7.992991586886704 7.993471624394477 7.993642407304555 7.993707656024814 7.993740931550345 7.9937734157531715 7.9937734157531715 7.9937734157531715 7.9937734157531715 7.9937734157531715 7.9937734157531715 7.9937734157531715 7.9937734157531715 7.9937734157531715 7.9937734157531715 7.9937734157531715 7.9937734157531715 7.9937734157531715 7.9937734157531715 7.9937734157531715 7.9937734157531715 7.9937734157531715 7.9937734157531715 7.9937734157531715 7.9937734157531715 7.9937734157531715 7.9937734157531715 7.9937734157531715 7.9937734157531715 7.9937734157531715 7.9937734157531715 7.9937734157531715 7.9937734157531715 7.9937734157531715 7.9937734157531715 7.9937734157531715 7.9937734157531715 7.9937734157531715 7.9937734157531715 7.9937734157531715 7.9937734157531715 7.9937734157531715 7.9937734157531715 7.9937734157531715 7.9937734157531715 7.9937734157531715 7.9937734157531715 7.9937734157531715 
# WD_mass_list
-10.0 -10.0 -10.0 -10.0 -10.0 3.7856841237844363 5.541978878841711 6.582829800434889 6.996521905864539 7.2217848798202775 7.363372923648716 7.460859387391945 7.53256619596726 7.588030754695514 7.6326192300036615 7.66952899280976 7.791360449935894 7.912675814149773 7.979312087840014 8.023901357040394 8.056851639190274 8.08269456727224 8.10381053425595 8.121580583483707 8.136882644869816 8.138311728948283 8.139689555779071 8.141037835524976 8.142374435645086 8.143707844936184 8.145041010384373 8.14637650431365 8.147702904905078 8.150221517892486 8.162006001169248 8.182198211175956 8.198901198595273 8.213248354999456 8.225573757057877 8.24132383320769 8.254806711142782 8.266467411057244 8.270165982807006 8.276740691462091 8.286039231826152 8.294203644185353 8.299326421815103 8.30163055775077 8.310904862026824 8.320682235389574 8.337717680326064 8.351455364442623 8.36294809104044 8.373115535348143 8.382426860208046 8.39013337775463 8.39763867365985 8.404221930415835 8.410095104531205 
