# time_axis
1000000 10000000 20000000 30000000 40000000 50000000 60000000 70000000 80000000 90000000 100000000 110000000 120000000 130000000 140000000 150000000 200000000 300000000 400000000 500000000 600000000 700000000 800000000 900000000 1000000000 1010000000 1020000000 1030000000 1040000000 1050000000 1060000000 1070000000 1080000000 1100000000 1200000000 1400000000 1600000000 1800000000 2000000000 2300000000 2600000000 2900000000 3000000000 3200000000 3500000000 3800000000 4000000000 4100000000 4500000000 5000000000 6000000000 7000000000 8000000000 9000000000 10000000000 11000000000 12000000000 13000000000 14000000000 
# SNIa_energy_release_list
0 0.0 0.0 0.0 0.0 0.0 9.207191330212549e+52 2.962808435128062e+54 1.4768700045668716e+55 3.516496381156288e+55 6.331399427184367e+55 9.787002903871046e+55 1.3743619313809063e+56 1.8068206961703092e+56 2.262606744159325e+56 2.729706760149107e+56 4.978576392657641e+56 7.793575387612387e+56 9.493440428643295e+56 1.072291812083815e+57 1.1688001441777628e+57 1.2482959163214157e+57 1.3158956571494254e+57 1.3747112202553817e+57 1.42676722037138e+57 1.4316585351834074e+57 1.4364976307049016e+57 1.4412860117706973e+57 1.446024269255364e+57 1.4507138399220306e+57 1.455355414917114e+57 1.4599497066590512e+57 1.464497945369921e+57 1.4734598275890833e+57 1.5157917992562077e+57 1.5901903420955707e+57 1.6540969468726338e+57 1.710104714571389e+57 1.759958368019879e+57 1.825777153812188e+57 1.883254495400136e+57 1.9342684479832768e+57 1.9500758357377593e+57 1.9801384304957786e+57 2.0217776111916796e+57 2.059926657533443e+57 2.0836907047853637e+57 2.0951215637786504e+57 2.138160863220173e+57 2.1868098697877702e+57 2.2708070198674848e+57 2.3416547520450892e+57 2.402942265806076e+57 2.4569338631159256e+57 2.5051776433994484e+57 2.5487990199651808e+57 2.58859419691109e+57 2.625177749558462e+57 2.6590362066912257e+57 
# SNII_energy_release_list
0 0.0 1.218073361594954e+52 7.720723668954179e+53 4.7686452533112784e+54 1.1942406795862083e+55 2.210997087205468e+55 3.4433241457340443e+55 4.75597745359658e+55 6.06805240295699e+55 7.313617873193119e+55 8.452811868891344e+55 9.467083662058728e+55 1.0351060208319294e+56 1.1108287870628657e+56 1.174867884927276e+56 1.2877432181099033e+56 1.2877432181099033e+56 1.2877432181099033e+56 1.2877432181099033e+56 1.2877432181099033e+56 1.2877432181099033e+56 1.2877432181099033e+56 1.2877432181099033e+56 1.2877432181099033e+56 1.2877432181099033e+56 1.2877432181099033e+56 1.2877432181099033e+56 1.2877432181099033e+56 1.2877432181099033e+56 1.2877432181099033e+56 1.2877432181099033e+56 1.2877432181099033e+56 1.2877432181099033e+56 1.2877432181099033e+56 1.2877432181099033e+56 1.2877432181099033e+56 1.2877432181099033e+56 1.2877432181099033e+56 1.2877432181099033e+56 1.2877432181099033e+56 1.2877432181099033e+56 1.2877432181099033e+56 1.2877432181099033e+56 1.2877432181099033e+56 1.2877432181099033e+56 1.2877432181099033e+56 1.2877432181099033e+56 1.2877432181099033e+56 1.2877432181099033e+56 1.2877432181099033e+56 1.2877432181099033e+56 1.2877432181099033e+56 1.2877432181099033e+56 1.2877432181099033e+56 1.2877432181099033e+56 1.2877432181099033e+56 1.2877432181099033e+56 1.2877432181099033e+56 
# SN_energy_per_current_crossing_time_list
0.0 0.0 4.6044258943284154e+52 1.4398907689923891e+54 5.636429714497316e+54 8.338881972211714e+54 1.0310133639332759e+55 1.1414383364177695e+55 1.1578282904285948e+55 1.120844203457548e+55 1.0455024683446434e+55 9.508358465909536e+54 8.500820079199722e+54 7.507743153180409e+54 6.56882481346294e+54 5.71349353468981e+54 2.9289941002082145e+54 8.337049060664963e+53 5.249808667637889e+53 3.924915643085274e+53 3.1683344440731027e+53 2.674193884638056e+53 2.32362005580356e+53 2.0613378996158234e+53 1.856732731554747e+53 1.7475367216260288e+53 1.7316986972525e+53 1.716403767343648e+53 1.7011641942176123e+53 1.686403259564818e+53 1.6718158194745738e+53 1.6574789085631054e+53 1.6433845913360859e+53 1.6241383795647812e+53 1.5573377260558319e+53 1.4057983519395128e+53 1.2363511055265758e+53 1.1066638556257758e+53 1.0041477463923951e+53 9.066672379229349e+52 8.097652052742726e+52 7.333857758574627e+52 6.86128183627303e+52 6.604330861049807e+52 6.202302178375308e+52 5.767582939094049e+52 5.441525206793651e+52 5.256934241379883e+52 5.033423763018366e+52 4.635840586414255e+52 4.1323114456754583e+52 3.576414496345224e+52 3.1608686924091237e+52 2.836931476329064e+52 2.5774057893452685e+52 2.362826026728327e+52 2.184511580567586e+52 2.0320337638964343e+52 1.9003895540143842e+52 
# SN_energy_per_final_crossing_time_list
0.0 0.0 1.8231300446416478e+52 1.137354539540692e+54 5.981800714600846e+54 1.0737202383437595e+55 1.5223291837712644e+55 1.8605767346990866e+55 2.0309544118050903e+55 2.078304349787663e+55 2.0222717661102302e+55 1.8990230126457928e+55 1.7401684749377781e+55 1.5658046330086215e+55 1.389188467130363e+55 1.2206654440853741e+55 5.903350977316768e+54 1.5799877305680146e+54 9.540912495045145e+53 6.90074729034203e+53 5.416768562948367e+53 4.461896606148568e+53 3.7942024593707066e+53 3.3011687833782967e+53 2.9217716110426772e+53 2.7453712783561495e+53 2.7160619114644002e+53 2.68759717030155e+53 2.6594640720874617e+53 2.6321373926757554e+53 2.605198636264738e+53 2.578659742302127e+53 2.552811340873704e+53 2.515038899560935e+53 2.3759864911029964e+53 2.0879010093611557e+53 1.7934580373027932e+53 1.5717871647403637e+53 1.3990797317117553e+53 1.2314139860454256e+53 1.0753525981997017e+53 9.544280396263284e+52 8.872286899276004e+52 8.436687002702374e+52 7.790339621001686e+52 7.137364910951124e+52 6.669079305884013e+52 6.415852009757569e+52 6.039217524742027e+52 5.461091362298108e+52 4.7145475634801505e+52 3.976503998040753e+52 3.4399131208547535e+52 3.0304117854473234e+52 2.7078013548424313e+52 2.4483575265166943e+52 2.2336026202144883e+52 2.0533422721298478e+52 1.9003895540143842e+52 
# total_energy_release_list
0 0 1.218073361594954e+52 7.720723668954179e+53 4.7686452533112784e+54 1.1942406795862083e+55 2.2202042785356806e+55 3.7396049892468504e+55 6.232847458163452e+55 9.584548784113278e+55 1.3645017300377486e+56 1.823981477276239e+56 2.321070297586779e+56 2.841926717002239e+56 3.3734355312221905e+56 3.904574645076383e+56 6.266319610767545e+56 9.08131860572229e+56 1.0781183646753198e+57 1.2010661338948052e+57 1.297574465988753e+57 1.377070238132406e+57 1.4446699789604157e+57 1.503485542066372e+57 1.5555415421823702e+57 1.5604328569943977e+57 1.5652719525158919e+57 1.5700603335816878e+57 1.5747985910663544e+57 1.579488161733021e+57 1.5841297367281045e+57 1.5887240284700417e+57 1.5932722671809113e+57 1.6022341494000735e+57 1.644566121067198e+57 1.718964663906561e+57 1.782871268683624e+57 1.8388790363823793e+57 1.8887326898308693e+57 1.9545514756231783e+57 2.0120288172111264e+57 2.063042769794267e+57 2.0788501575487496e+57 2.108912752306769e+57 2.15055193300267e+57 2.1887009793444334e+57 2.212465026596354e+57 2.2238958855896406e+57 2.266935185031163e+57 2.3155841915987605e+57 2.399581341678475e+57 2.4704290738560795e+57 2.531716587617066e+57 2.585708184926916e+57 2.6339519652104387e+57 2.677573341776171e+57 2.7173685187220803e+57 2.7539520713694523e+57 2.787810528502216e+57 
# binding_energy_list
7.568328950209705e+54 7.568328950209705e+54 7.568328950209705e+54 7.550922276654341e+54 7.533555637337217e+54 7.516228940182015e+54 7.498942093324558e+54 7.464487584100623e+54 7.447319739059888e+54 7.413102413009132e+54 7.396052750582375e+54 7.362070974947316e+54 7.345138681571143e+54 7.328245331389074e+54 7.29457510254568e+54 7.277798045368272e+54 7.177942912713644e+54 7.030723198838356e+54 6.934258060165708e+54 6.839116472814306e+54 6.760829753919791e+54 6.698846094165272e+54 6.63743070401913e+54 6.591738952443253e+54 6.546361740672787e+54 6.53130552647469e+54 6.53130552647469e+54 6.53130552647469e+54 6.53130552647469e+54 6.516283940608428e+54 6.516283940608428e+54 6.516283940608428e+54 6.501296903430943e+54 6.501296903430943e+54 6.45654229034659e+54 6.382634861905483e+54 6.324118513762223e+54 6.266138646723311e+54 6.208690342300624e+54 6.137620051647895e+54 6.081350012787164e+54 6.025595860743593e+54 6.011737374832828e+54 5.984115950603211e+54 5.929253245800042e+54 5.902010801718454e+54 5.874893525297745e+54 5.861381645140297e+54 5.8210321777087214e+54 5.7676646339225445e+54 5.701642722807478e+54 5.636376558259514e+54 5.584701947368306e+54 5.546257129579105e+54 5.50807696405403e+54 5.47015962893971e+54 5.445026528424176e+54 5.407543229455771e+54 5.382697825162903e+54 
# total_gas_kinetic_energy_list
4.870998403863212e+56 9.377984821947091e+57 3.0978354056655367e+58 4.062323133087239e+58 4.710525249939383e+58 4.978008858820096e+58 4.938619139081659e+58 4.689881359928169e+58 4.316279635991947e+58 3.881198501894264e+58 3.428504884233082e+58 2.9866328095847323e+58 2.572685644955345e+58 2.195825601625393e+58 1.859856741254845e+58 1.5651110580004762e+58 3.986387854242634e+58 5.201019608008214e+58 5.344904056392425e+58 5.361131712171094e+58 5.363494333471172e+58 5.364351120960055e+58 5.364989060961967e+58 5.365558856097471e+58 5.366072529622532e+58 5.366121346364704e+58 5.366168623780873e+58 5.366218401037427e+58 5.36626537723089e+58 5.366313078681794e+58 5.366360518226507e+58 5.366409961876746e+58 5.366454007465086e+58 5.366546826757775e+58 5.366986067151369e+58 5.367779182096964e+58 5.368474860274264e+58 5.369099859502439e+58 5.36966736842482e+58 5.370415475637118e+58 5.371068775213912e+58 5.371647144446488e+58 5.371830610587475e+58 5.372178918199722e+58 5.372653431334045e+58 5.373066252541813e+58 5.373329927944518e+58 5.373442773469328e+58 5.373896810154925e+58 5.374373036143378e+58 5.375173466610931e+58 5.375793900446403e+58 5.376310083523558e+58 5.376758918165453e+58 5.37715904086094e+58 5.377493469979032e+58 5.377811863254552e+58 5.378096240869793e+58 5.378349664670807e+58 
