# time_axis
5.999999999999999 7.0 7.30102999566398 7.477121254719661 7.602059991327962 7.698970004336018 7.778151250383643 7.845098040014256 7.903089986991943 7.954242509439324 8.0 8.041392685158224 8.079181246047623 8.113943352306837 8.146128035678238 8.176091259055681 8.301029995663981 8.47712125471966 8.60205999132796 8.698970004336019 8.778151250383644 8.845098040014257 8.903089986991942 8.954242509439323 8.999999999999998 9.004321373782641 9.008600171761916 9.012837224705171 9.017033339298779 9.021189299069936 9.02530586526477 9.02938377768521 9.033423755486949 9.041392685158224 9.079181246047623 9.146128035678236 9.204119982655923 9.255272505103305 9.301029995663981 9.361727836017593 9.414973347970816 9.462397997898954 9.477121254719663 9.505149978319904 9.544068044350274 9.57978359661681 9.60205999132796 9.612783856719734 9.653212513775342 9.698970004336017 9.778151250383642 9.845098040014257 9.903089986991944 9.954242509439325 10.0 10.041392685158225 10.079181246047623 10.113943352306835 10.146128035678236 
# total_gas_mass_list
7.89041987378451 9.213286557702249 9.733633573729525 9.851768957766534 9.91618464348933 9.940211125868524 9.936776048091023 9.914338712771825 9.878289674631134 9.832147953538364 9.778288332297098 9.718366588717164 9.653572537094053 9.584784610633978 9.512667178951832 9.43773366534108 9.843767913585673 9.959274602900795 9.971123376217358 9.972438836265807 9.97263069778062 9.972701343098683 9.97275429756508 9.9728010887176 9.972843102175593 9.97284708206233 9.97285095545946 9.972854983733754 9.972858810815683 9.972862684117397 9.972866527639082 9.972870492277687 9.972874117799442 9.972881620856604 9.97291710033223 9.9729807603097 9.97303609470564 9.973085268645745 9.973129639580845 9.973187843666071 9.973238345269024 9.973283160022756 9.973297326442697 9.973324150531273 9.973360591712996 9.97339220596538 9.973412396390502 9.97342107408374 9.97345582483336 9.973492272759053 9.973553238808393 9.973600445057645 9.973639860773224 9.973674020551018 9.973704562874516 9.973729814867756 9.973754521742508 9.973776383214414 9.973795813724166 
# ejected_gas_mass_list
-10.0 -10.0 2.376417676709908 4.139121807830364 4.948957204887556 5.383702391354382 5.670714332438053 5.8828524707761645 6.050793252685845 6.186902610401172 6.2993011778640176 6.393450866718731 6.473348168160914 6.541912996091806 6.601297990097431 6.653169267205518 6.825076063624477 6.98363319737832 7.069223712493271 7.127788350635603 7.17228040532315 7.207718156436157 7.236869228345442 7.26156717895931 7.282651321021874 7.284596986393232 7.28648229462596 7.288434381582506 7.290280905687318 7.292141798236739 7.293980559021146 7.295869165257132 7.297589087011396 7.3011270529799 7.3174781651810115 7.345360021334923 7.368224493906323 7.387582309013745 7.4043401423822965 7.425387893047599 7.442860778566832 7.457800067670566 7.4624179123247725 7.47102992536176 7.482463332080216 7.49214491123553 7.49821734933613 7.500801459259416 7.5109989297143365 7.521444084772025 7.538374744977013 7.551046889395152 7.561352639662628 7.570091256620934 7.5777588779491785 7.583998102671897 7.5900174407200565 7.5952751420047555 7.599895577218049 
# stellar_mass_list
-10.0 5.367541128504174 6.709418106909331 7.305740897219919 7.554054924947532 7.717365571549535 7.833377120518905 7.917421299005556 7.980157072924304 8.028076993263571 8.065031083278978 8.09349914381669 8.115873824166272 8.13322501228154 8.146588885137444 8.156772368525292 8.104281111981365 8.055814437439608 8.023646773773278 7.998563432324507 7.977551454994255 7.959276957231543 7.943059311394844 7.928461025812684 7.915174638292026 7.913904689929034 7.912645450067322 7.911398132537646 7.910162771388018 7.90893675843376 7.907721971092678 7.906516705960132 7.905317112696624 7.902939374433664 7.891588478674148 7.87097749560413 7.852564630563922 7.835779273196248 7.820289457516505 7.799133259156869 7.779866180549106 7.761978761331861 7.756224726604158 7.745199219615883 7.729215855535367 7.7146391068173745 7.7047558490356405 7.70035680742869 7.68201984587872 7.66116880750465 7.621393465959968 7.586017218667824 7.555773740143804 7.528597290185399 7.5036762217325075 7.482424101708233 7.461789514435073 7.443172697384753 7.426616896010356 
# remnant_mass_list
-10.0 -10.0 3.474828430779934 5.336949939565638 6.114040007360585 6.466376817827512 6.697513728988233 6.863825490314762 6.989295704126627 7.086701212642278 7.163586821589611 7.225126857698635 7.275176504061919 7.316335542115263 7.350553598894263 7.379259626645786 7.451444436566919 7.5088353759494915 7.541730593788835 7.564985835068728 7.582995003522831 7.597641744820746 7.609924904949136 7.620433190328445 7.629567589733072 7.630418719101397 7.631261084799722 7.632091001037295 7.632912281176995 7.633720120540376 7.634519134646556 7.6353093858466545 7.636093171751228 7.637637259573373 7.644851595155136 7.657306449385954 7.667778397553615 7.676823163340765 7.6847698960403035 7.6950577725276625 7.703879261526141 7.711639425820462 7.714051915299332 7.718567872783051 7.724865996471667 7.73037055604252 7.733975380585195 7.73554371731971 7.741902739747989 7.748734367573946 7.760768423152742 7.770416168303642 7.777932915358609 7.7841790519156095 7.789534030075693 7.793790075078785 7.797720587791768 7.801083097253873 7.803914271581855 
# BH_mass_list
-10.0 -10.0 3.108905580064883 5.107187068592005 5.887391110021871 6.200994970562111 6.401726192784807 6.5421605694543565 6.64526580911531 6.722432564373825 6.7804490904630885 6.8242474351974565 6.857694478955805 6.883231315258392 6.902769415746766 6.9176632045985125 6.928997216346605 6.928997216346605 6.928997216346605 6.928997216346605 6.928997216346605 6.928997216346605 6.928997216346605 6.928997216346605 6.928997216346605 6.928997216346605 6.928997216346605 6.928997216346605 6.928997216346605 6.928997216346605 6.928997216346605 6.928997216346605 6.928997216346605 6.928997216346605 6.928997216346605 6.928997216346605 6.928997216346605 6.928997216346605 6.928997216346605 6.928997216346605 6.928997216346605 6.928997216346605 6.928997216346605 6.928997216346605 6.928997216346605 6.928997216346605 6.928997216346605 6.928997216346605 6.928997216346605 6.928997216346605 6.928997216346605 6.928997216346605 6.928997216346605 6.928997216346605 6.928997216346605 6.928997216346605 6.928997216346605 6.928997216346605 6.928997216346605 
# NS_mass_list
-10.0 -10.0 3.2302435312521083 4.950617102399623 5.723202185083438 6.126480194665176 6.390585757547946 6.578421352968572 6.715493252364461 6.818953663918213 6.898344798714477 6.959935365015906 7.008178011004588 7.046203300192708 7.076299349986425 7.100195270275708 7.137230515685944 7.137230515685944 7.137230515685944 7.137230515685944 7.137230515685944 7.137230515685944 7.137230515685944 7.137230515685944 7.137230515685944 7.137230515685944 7.137230515685944 7.137230515685944 7.137230515685944 7.137230515685944 7.137230515685944 7.137230515685944 7.137230515685944 7.137230515685944 7.137230515685944 7.137230515685944 7.137230515685944 7.137230515685944 7.137230515685944 7.137230515685944 7.137230515685944 7.137230515685944 7.137230515685944 7.137230515685944 7.137230515685944 7.137230515685944 7.137230515685944 7.137230515685944 7.137230515685944 7.137230515685944 7.137230515685944 7.137230515685944 7.137230515685944 7.137230515685944 7.137230515685944 7.137230515685944 7.137230515685944 7.137230515685944 7.137230515685944 
# WD_mass_list
-10.0 -10.0 -10.0 -10.0 -10.0 1.9449239712226245 3.5250221926304834 4.552582762526503 5.15906531171139 5.53276137106738 5.798908934659177 6.001008857418379 6.160784886772747 6.29058301400139 6.398119912435959 6.488487273131023 6.783179871473123 7.002807706824282 7.100518161624408 7.161942263931605 7.206129032447126 7.240231675544988 7.267714561291142 7.290495247792253 7.309793078874647 7.311568525804666 7.313321982701426 7.3150459384941176 7.316748471513574 7.318419781007946 7.32006957302308 7.321698101632239 7.323310210553255 7.326477172088601 7.341120054560221 7.3658315023247996 7.3860887725565565 7.403229089075111 7.418031748677895 7.43685829697518 7.452714792634575 7.466456237698401 7.470690100378459 7.478568292078667 7.489455305427678 7.49887785993911 7.505002976091938 7.507656778274641 7.518349867043597 7.529720887678463 7.549469860391093 7.565056079316566 7.577054955408116 7.586932929836472 7.59533672374944 7.601974311223912 7.608072195777387 7.613264920463584 7.617620256380379 
