# time_axis
1000000 10000000 20000000 30000000 40000000 50000000 60000000 70000000 80000000 90000000 100000000 200000000 300000000 400000000 500000000 600000000 700000000 800000000 900000000 1000000000 1010000000 1020000000 1030000000 1040000000 1050000000 1060000000 1070000000 1080000000 1100000000 1200000000 1400000000 1600000000 1800000000 2000000000 2300000000 2600000000 2900000000 3000000000 3200000000 3500000000 3800000000 4000000000 4100000000 4500000000 5000000000 6000000000 7000000000 8000000000 9000000000 10000000000 11000000000 12000000000 13000000000 14000000000 
# SNIa_energy_release_list
0 0 0 0 0 0 0 0 0 0 0 0 0 0 0 0 0 0 0 0 0 0 0 0 0 0 0 0 0 0 0 0 0 0 0 0 0 0 0 0 0 0 0 0 0 0 0 0 0 0 0 0 0 1e-10 
# SNII_energy_release_list
0 -1.577296818528838e+54 -7.272278039850679e+55 -1.1926244900692718e+56 -4.0750890491575996e+55 1.6364367055668808e+56 7.295422543419673e+56 9.392555447996154e+56 1.04098347184088e+57 1.082207870220536e+57 1.082207870220536e+57 1.082207870220536e+57 1.082207870220536e+57 1.082207870220536e+57 1.082207870220536e+57 1.082207870220536e+57 1.082207870220536e+57 1.082207870220536e+57 1.082207870220536e+57 1.082207870220536e+57 1.082207870220536e+57 1.082207870220536e+57 1.082207870220536e+57 1.082207870220536e+57 1.082207870220536e+57 1.082207870220536e+57 1.082207870220536e+57 1.082207870220536e+57 1.082207870220536e+57 1.082207870220536e+57 1.082207870220536e+57 1.082207870220536e+57 1.082207870220536e+57 1.082207870220536e+57 1.082207870220536e+57 1.082207870220536e+57 1.082207870220536e+57 1.082207870220536e+57 1.082207870220536e+57 1.082207870220536e+57 1.082207870220536e+57 1.082207870220536e+57 1.082207870220536e+57 1.082207870220536e+57 1.082207870220536e+57 1.082207870220536e+57 1.082207870220536e+57 1.082207870220536e+57 1.082207870220536e+57 1.082207870220536e+57 1.082207870220536e+57 1.082207870220536e+57 1.082207870220536e+57 1.082207870220536e+57 
# SN_energy_per_current_crossing_time_list
0.0 -3.14607680744468e+54 -1.3405741382782889e+55 -4.973368993495887e+54 6.999744476126918e+54 1.744228226075112e+55 3.620754920327827e+56 1.8784966229924007e+56 1.0565958473931731e+56 4.692374523916019e+55 0.0 0.0 0.0 0.0 0.0 0.0 0.0 0.0 0.0 0.0 0.0 0.0 0.0 0.0 0.0 0.0 0.0 0.0 0.0 0.0 0.0 0.0 0.0 0.0 0.0 0.0 0.0 0.0 0.0 0.0 0.0 0.0 0.0 0.0 0.0 0.0 0.0 0.0 0.0 0.0 0.0 0.0 0.0 0.0 
# SN_energy_per_final_crossing_time_list
0.0 -4.179529691077063e+54 -1.696695205137797e+56 -1.1098896037138075e+56 1.872363194090095e+56 4.874452378934015e+56 1.349569031495015e+57 5.001294762065512e+56 2.4260329307550797e+56 9.83129715982941e+55 0.0 0.0 0.0 0.0 0.0 0.0 0.0 0.0 0.0 0.0 0.0 0.0 0.0 0.0 0.0 0.0 0.0 0.0 0.0 0.0 0.0 0.0 0.0 0.0 0.0 0.0 0.0 0.0 0.0 0.0 0.0 0.0 0.0 0.0 0.0 0.0 0.0 0.0 0.0 0.0 0.0 0.0 0.0 0.0 
# total_energy_release_list
0 -1.577296818528838e+54 -7.272278039850679e+55 -1.1926244900692718e+56 -4.0750890491575996e+55 1.6364367055668808e+56 7.295422543419673e+56 9.392555447996154e+56 1.04098347184088e+57 1.082207870220536e+57 1.082207870220536e+57 1.082207870220536e+57 1.082207870220536e+57 1.082207870220536e+57 1.082207870220536e+57 1.082207870220536e+57 1.082207870220536e+57 1.082207870220536e+57 1.082207870220536e+57 1.082207870220536e+57 1.082207870220536e+57 1.082207870220536e+57 1.082207870220536e+57 1.082207870220536e+57 1.082207870220536e+57 1.082207870220536e+57 1.082207870220536e+57 1.082207870220536e+57 1.082207870220536e+57 1.082207870220536e+57 1.082207870220536e+57 1.082207870220536e+57 1.082207870220536e+57 1.082207870220536e+57 1.082207870220536e+57 1.082207870220536e+57 1.082207870220536e+57 1.082207870220536e+57 1.082207870220536e+57 1.082207870220536e+57 1.082207870220536e+57 1.082207870220536e+57 1.082207870220536e+57 1.082207870220536e+57 1.082207870220536e+57 1.082207870220536e+57 1.082207870220536e+57 1.082207870220536e+57 1.082207870220536e+57 1.082207870220536e+57 1.082207870220536e+57 1.082207870220536e+57 1.082207870220536e+57 1.082207870220536e+57 
# binding_energy_list
5.248074602497712e+55 6.576578373554173e+55 8.203515443298211e+55 8.871560120379617e+55 8.770008211436304e+55 8.37529282126886e+55 3.0060763026282415e+55 2.5234807724805806e+55 2.3388372386593537e+55 2.2335722228305144e+55 2.1577444091526823e+55 1.8535316234148144e+55 1.766037820686164e+55 1.7218685749859956e+55 1.6904409316432702e+55 1.6710906143107037e+55 1.6557699634695328e+55 1.6405897731995522e+55 1.633051947894338e+55 1.621810097358933e+55 1.621810097358933e+55 1.621810097358933e+55 1.621810097358933e+55 1.621810097358933e+55 1.6180800376430776e+55 1.6180800376430776e+55 1.6180800376430776e+55 1.6180800376430776e+55 1.6143585568264804e+55 1.6106456351782732e+55 1.599558028614671e+55 1.5922087270511635e+55 1.584893192461124e+55 1.5812480392703763e+55 1.5739828644662293e+55 1.5667510701081502e+55 1.5631476426409635e+55 1.5631476426409635e+55 1.559552502826946e+55 1.555965631605075e+55 1.555965631605075e+55 1.5523870099580912e+55 1.5523870099580912e+55 1.5488166189124732e+55 1.5488166189124732e+55 1.5452544395384142e+55 1.5417004529495679e+55 1.5381546403030263e+55 1.5381546403030263e+55 1.5346169827992942e+55 1.5346169827992942e+55 1.531087461682038e+55 1.531087461682038e+55 1.531087461682038e+55 
# total_gas_kinetic_energy_list
4.145956034468559e+57 1.894667571623333e+59 4.2397278884134335e+59 5.700844181575481e+59 6.452290691288457e+59 6.240561650587095e+59 6.426789034607973e+59 6.50234297954384e+59 6.534576390189628e+59 6.548410180676065e+59 6.5544566678943615e+59 6.561226619432684e+59 6.562243673000336e+59 6.56278340443514e+59 6.5631228575780765e+59 6.563359265608978e+59 6.5635354196868515e+59 6.563674821977454e+59 6.563789184496476e+59 6.563884786544622e+59 6.56389369966801e+59 6.5639023716389e+59 6.56391071137316e+59 6.563919046568491e+59 6.563927126452554e+59 6.563935210512927e+59 6.563943281453763e+59 6.563951324456442e+59 6.563966986138181e+59 6.564037806615968e+59 6.564155288831747e+59 6.564248122835058e+59 6.564324964105724e+59 6.564388556086237e+59 6.564465591619717e+59 6.564527589536863e+59 6.564578719719989e+59 6.564593877542304e+59 6.564621026061595e+59 6.564657413766425e+59 6.564687389951601e+59 6.564705378233375e+59 6.564713246901098e+59 6.564743293701242e+59 6.564772361933939e+59 6.56481654561882e+59 6.564848026033737e+59 6.56487470450306e+59 6.564898673294489e+59 6.564920908526456e+59 6.564939743106696e+59 6.564958163858744e+59 6.564974874316655e+59 6.564990922695065e+59 
