# time_axis
5.999999999999999 7.0 7.30102999566398 7.477121254719661 7.602059991327962 7.698970004336018 7.778151250383643 7.845098040014256 7.903089986991943 7.954242509439324 8.0 8.301029995663981 8.47712125471966 8.60205999132796 8.698970004336019 8.778151250383644 8.845098040014257 8.903089986991942 8.954242509439323 8.999999999999998 9.004321373782641 9.008600171761916 9.012837224705171 9.017033339298779 9.021189299069936 9.02530586526477 9.02938377768521 9.033423755486949 9.041392685158224 9.079181246047623 9.146128035678236 9.204119982655923 9.255272505103305 9.301029995663981 9.361727836017593 9.414973347970816 9.462397997898954 9.477121254719663 9.505149978319904 9.544068044350274 9.57978359661681 9.60205999132796 9.612783856719734 9.653212513775342 9.698970004336017 9.778151250383642 9.845098040014257 9.903089986991944 9.954242509439325 10.0 10.041392685158225 10.079181246047623 10.113943352306835 10.146128035678236 
# total_gas_mass_list
8.85116965798772 10.520504148675526 10.870439731733986 10.99905391353668 11.052862092399977 11.03836845628981 11.051268415052938 11.056395769408743 11.058552502680257 11.059470887342123 11.059870040809495 11.060306323248792 11.060368079062911 11.060400744766259 11.06042188787861 11.060436979547305 11.060448368873434 11.060457359670584 11.06046467800726 11.060470768114433 11.060471333599764 11.060471884819496 11.060472415193855 11.060472940573293 11.060473452885107 11.060473965099911 11.060474476247343 11.060474985127366 11.060475976180252 11.060480448443176 11.060487808687219 11.06049358923252 11.060498328718703 11.060502221383661 11.060506934502264 11.060510689681966 11.060513783100152 11.060514695853293 11.060516338801277 11.060518528569158 11.06052032994433 11.060521409489876 11.060521880160357 11.060523678145831 11.060525411824326 11.06052802258209 11.06052988661401 11.060531458953077 11.060532870795228 11.060534178062845 11.060535291542942 11.060536374687272 11.06053735569175 11.060538287548034 
# ejected_gas_mass_list
-10.0 -10.0 -10.0 -10.0 -10.0 -10.0 8.55920953150841 8.645239160659601 8.67596282785262 8.693121388238485 8.704938858299723 8.748082692979935 8.760571732791917 8.76703820516892 8.771173180289201 8.774100895547102 8.776297445427373 8.778023641936512 8.77942371125751 8.780585395171801 8.780693104456912 8.780798070971418 8.780899044169455 8.780999043410587 8.781096533345021 8.781193983060522 8.78129120802819 8.781387980211083 8.781576384213848 8.782425573472427 8.783819544019888 8.784911220644831 8.785804257546479 8.786536368552994 8.78742114614342 8.788124812050988 8.788703622844633 8.788874261975412 8.789181243027153 8.789590060874312 8.789926081178184 8.79012733082617 8.790215044523583 8.790549953238243 8.790872640483911 8.791358127800883 8.79170442662006 8.791996321512688 8.79225825499324 8.792500647154284 8.792707001379481 8.792907640140962 8.793089279262434 8.793261748341193 
# stellar_mass_list
-10.0 6.807041138477774 8.47814829846381 8.862359519788354 9.028590976589726 9.116961919992463 8.609158214074528 8.490841895590112 8.428304459152857 8.38557027825241 8.353219558590508 8.20440733576759 8.141860422766856 8.103120027236312 8.075483889744202 8.054194772466657 8.037004563384116 8.022661094986208 8.010366309032207 7.999697586986809 7.9986807854130095 7.997683634682215 7.9967149546780645 7.995780320704229 7.994848599657786 7.993913969653609 7.992977046319193 7.992040168296959 7.990209570589805 7.981784988062352 7.96718545404033 7.955006047598058 7.944408227721041 7.935227640770195 7.92346283599597 7.913317876510631 7.904497288068296 7.901704693585557 7.896694943986747 7.889612314021247 7.883401796425708 7.879474606787743 7.877716424630765 7.8706194925122865 7.863143073068117 7.850089909842793 7.839417796105246 7.830100961370058 7.8215402856887675 7.813439720510415 7.806498946823886 7.799567685049409 7.793308180644882 7.78759378024115 
# remnant_mass_list
-10.0 -10.0 5.284399603750854 6.967672814191525 7.533349552387893 7.866662904923488 8.091469672992204 8.170051164225482 8.202121611874514 8.221159032507705 8.23423980209171 8.282709289937287 8.298599941186847 8.307407375837732 8.313261651970079 8.317546797977256 8.320872626923338 8.323560054007377 8.325802562628859 8.327704355691768 8.327883531402252 8.328058885533855 8.328228882252663 8.32839258328836 8.328555476395875 8.328718570401206 8.328881772799903 8.329044700582374 8.329362182996814 8.330808965507204 8.333258871982201 8.335250437718184 8.336945895163549 8.33838695506675 8.340197498414527 8.341726717822683 8.343033061775545 8.34344217237331 8.344170833431216 8.345189575918345 8.346071968115476 8.346624853303274 8.346871015212606 8.347856974302513 8.348882137519636 8.350639214633855 8.352045841119269 8.353252002378163 8.354342439196705 8.355358538089153 8.356217102131831 8.357063386412845 8.357818234252992 8.358499512081549 
# BH_mass_list
-10.0 -10.0 -10.0 -10.0 -10.0 -10.0 -10.0 -10.0 -10.0 -10.0 -10.0 -10.0 -10.0 -10.0 -10.0 -10.0 -10.0 -10.0 -10.0 -10.0 -10.0 -10.0 -10.0 -10.0 -10.0 -10.0 -10.0 -10.0 -10.0 -10.0 -10.0 -10.0 -10.0 -10.0 -10.0 -10.0 -10.0 -10.0 -10.0 -10.0 -10.0 -10.0 -10.0 -10.0 -10.0 -10.0 -10.0 -10.0 -10.0 -10.0 -10.0 -10.0 -10.0 -10.0 
# NS_mass_list
-10.0 -10.0 5.284399603750854 6.967672814191525 7.533349552387893 7.866655015060534 8.091193157394917 8.167337775242899 8.193378576661926 8.202478620582093 8.202478620582093 8.202478620582093 8.202478620582093 8.202478620582093 8.202478620582093 8.202478620582093 8.202478620582093 8.202478620582093 8.202478620582093 8.202478620582093 8.202478620582093 8.202478620582093 8.202478620582093 8.202478620582093 8.202478620582093 8.202478620582093 8.202478620582093 8.202478620582093 8.202478620582093 8.202478620582093 8.202478620582093 8.202478620582093 8.202478620582093 8.202478620582093 8.202478620582093 8.202478620582093 8.202478620582093 8.202478620582093 8.202478620582093 8.202478620582093 8.202478620582093 8.202478620582093 8.202478620582093 8.202478620582093 8.202478620582093 8.202478620582093 8.202478620582093 8.202478620582093 8.202478620582093 8.202478620582093 8.202478620582093 8.202478620582093 8.202478620582093 8.202478620582093 
# WD_mass_list
-10.0 -10.0 -10.0 -10.0 -10.0 3.1259441083519977 4.895266744608992 5.964422922060801 6.501635344253826 6.845454442820129 7.0825683281495815 7.509767452605162 7.596460765824211 7.639109009604455 7.665735904795206 7.684453215070595 7.698565016632352 7.709718233922827 7.718861847217693 7.7265042236616885 7.727219067844051 7.727917812866499 7.728594407068303 7.729245199237651 7.7298920559261095 7.730538989159472 7.731185631832646 7.731830469347143 7.733084953742241 7.738767717359617 7.748266289827809 7.755876084490136 7.762277918400676 7.767665257175129 7.774365365895064 7.779966336235688 7.784709819320749 7.786187666104141 7.788810870824608 7.792459320418539 7.795601717331781 7.797562371431718 7.798433276654641 7.801909043722417 7.805502032785462 7.811611333887403 7.816458460419686 7.820584480456728 7.824290936171982 7.8277247566637636 7.830611390604415 7.833443619261617 7.835958969011399 7.83822045016568 
