# time_axis
1000000 10000000 20000000 30000000 40000000 50000000 60000000 70000000 80000000 90000000 100000000 200000000 300000000 400000000 500000000 600000000 700000000 800000000 900000000 1000000000 1010000000 1020000000 1030000000 1040000000 1050000000 1060000000 1070000000 1080000000 1100000000 1200000000 1400000000 1600000000 1800000000 2000000000 2300000000 2600000000 2900000000 3000000000 3200000000 3500000000 3800000000 4000000000 4100000000 4500000000 5000000000 6000000000 7000000000 8000000000 9000000000 10000000000 11000000000 12000000000 13000000000 14000000000 
# SNIa_energy_release_list
0 0.0 0.0 0.0 0.0 0.0 7.096079919808598e+55 1.9990079305752947e+56 3.778616332038689e+56 5.982860086007894e+56 8.5616600315388e+56 4.0307514825568235e+57 5.7413375825957334e+57 6.840852801682513e+57 7.65470991529716e+57 8.30156496487616e+57 8.838566331955862e+57 9.297698780554697e+57 9.698764770232197e+57 1.0054820553160692e+58 1.0088329468037691e+58 1.0121482461160629e+58 1.0154295138956997e+58 1.0186773681471502e+58 1.02189223530786e+58 1.0250745902155256e+58 1.028225631703247e+58 1.0313456248519542e+58 1.0374960463199044e+58 1.0665764114136092e+58 1.11780131787876e+58 1.1619037016260992e+58 1.2006255988512885e+58 1.2351398210731232e+58 1.2807642175183503e+58 1.3206573981615353e+58 1.3560968641630564e+58 1.367086560303192e+58 1.387980104025982e+58 1.4169555804122518e+58 1.4435084622119457e+58 1.4600549084733838e+58 1.4680161216897195e+58 1.4980060660094444e+58 1.531904986163613e+58 1.5904775252232227e+58 1.639914506635447e+58 1.6826958358683048e+58 1.720398354796981e+58 1.7540944614917793e+58 1.7845667690259368e+58 1.8123725317052087e+58 1.8379371979029732e+58 1.861600536215394e+58 
# SNII_energy_release_list
0 -4.954818527482586e+55 1.7742621402675995e+56 4.906546358378707e+56 8.48972173745139e+56 1.23575159341061e+57 1.6225310130760813e+57 2.0090555629026932e+57 2.3952371883060106e+57 2.7810366209891396e+57 3.166874785224724e+57 3.8677941966547106e+57 3.8677941966547106e+57 3.8677941966547106e+57 3.8677941966547106e+57 3.8677941966547106e+57 3.8677941966547106e+57 3.8677941966547106e+57 3.8677941966547106e+57 3.8677941966547106e+57 3.8677941966547106e+57 3.8677941966547106e+57 3.8677941966547106e+57 3.8677941966547106e+57 3.8677941966547106e+57 3.8677941966547106e+57 3.8677941966547106e+57 3.8677941966547106e+57 3.8677941966547106e+57 3.8677941966547106e+57 3.8677941966547106e+57 3.8677941966547106e+57 3.8677941966547106e+57 3.8677941966547106e+57 3.8677941966547106e+57 3.8677941966547106e+57 3.8677941966547106e+57 3.8677941966547106e+57 3.8677941966547106e+57 3.8677941966547106e+57 3.8677941966547106e+57 3.8677941966547106e+57 3.8677941966547106e+57 3.8677941966547106e+57 3.8677941966547106e+57 3.8677941966547106e+57 3.8677941966547106e+57 3.8677941966547106e+57 3.8677941966547106e+57 3.8677941966547106e+57 3.8677941966547106e+57 3.8677941966547106e+57 3.8677941966547106e+57 3.8677941966547106e+57 
# SN_energy_per_current_crossing_time_list
0.0 -5.628439468180472e+55 2.1623187254051467e+56 2.9960916147171218e+56 3.555108302027489e+56 3.9873790644389445e+56 4.195789952286187e+56 4.476627370535483e+56 4.799727339576805e+56 5.163693012220858e+56 5.57774182416458e+56 2.5022036492574306e+56 2.1124546556278985e+55 1.411573371872566e+55 1.0712763122197543e+55 8.668550875370871e+54 7.295034636250244e+54 6.305220440584839e+54 5.557159586512862e+54 4.97064441546849e+54 4.6811973973954106e+54 4.634559790850938e+54 4.5900799760859456e+54 4.546307388582052e+54 4.503059793687896e+54 4.460361374777326e+54 4.419204471539554e+54 4.378432422130856e+54 4.3208326018523605e+54 4.108935794076038e+54 3.6528897743658524e+54 3.168601149984449e+54 2.799414183586368e+54 2.508296616931276e+54 2.224879724173909e+54 1.9557367453679594e+54 1.745195755247509e+54 1.6257002381226266e+54 1.5491950073931383e+54 1.437035592102087e+54 1.3206523506613394e+54 1.2365877954929072e+54 1.1909183614147933e+54 1.1248495303233761e+54 1.0203992088594934e+54 8.85998127870739e+53 7.5073642428734865e+53 6.518399423788944e+53 5.761638349043489e+53 5.1634054582010745e+53 4.680373367314733e+53 4.28027280060434e+53 3.942821525458472e+53 3.6565762518753625e+53 
# SN_energy_per_final_crossing_time_list
0.0 -2.2685721554198365e+56 9.352855598110053e+56 1.2907095282277304e+57 1.4765066900184062e+57 1.5937885821410725e+57 1.6047537963359603e+57 1.6126627953605914e+57 1.6188246625377216e+57 1.623811450018672e+57 1.629758877595394e+57 3.3788070586778705e+56 2.643282375296668e+55 1.699025380784073e+55 1.2576123261953783e+55 9.995524644359769e+54 8.298011126594019e+54 7.09474202602551e+54 6.197470339676793e+54 5.501950329281505e+54 5.177963512486922e+54 5.1229647199984385e+54 5.070377509992387e+54 5.01874527110659e+54 4.967771984485883e+54 4.917532440594871e+54 4.86914539299331e+54 4.821167961575503e+54 4.751967956044084e+54 4.4936420632457055e+54 3.9577631442367695e+54 3.4074593984266374e+54 2.991749683662937e+54 2.6666542915896808e+54 2.3500359127294392e+54 2.054830627667294e+54 1.8254272783972652e+54 1.6981822847984873e+54 1.6142869358837143e+54 1.4924780468696279e+54 1.3676942749402058e+54 1.2784194193925356e+54 1.2302061018874776e+54 1.1585486877079051e+54 1.0476458119595855e+54 9.050918873310233e+53 7.639247252846826e+53 6.610782909460303e+53 5.82597998348006e+53 5.206889319423966e+53 4.708731904101563e+53 4.296684184451692e+53 3.950378854905776e+53 3.6565762518753625e+53 
# total_energy_release_list
0 -4.954818527482586e+55 1.7742621402675995e+56 4.906546358378707e+56 8.48972173745139e+56 1.23575159341061e+57 1.6934918122741672e+57 2.2089563559602227e+57 2.7730988215098793e+57 3.379322629589929e+57 4.023040788378604e+57 7.898545679211535e+57 9.609131779250445e+57 1.0708646998337224e+58 1.1522504111951871e+58 1.216935916153087e+58 1.2706360528610574e+58 1.3165492977209408e+58 1.356655896688691e+58 1.3922614749815403e+58 1.3956123664692403e+58 1.398927665781534e+58 1.4022089335611706e+58 1.4054567878126212e+58 1.408671654973331e+58 1.4118540098809967e+58 1.4150050513687182e+58 1.4181250445174253e+58 1.4242754659853755e+58 1.4533558310790804e+58 1.504580737544231e+58 1.5486831212915702e+58 1.5874050185167596e+58 1.6219192407385944e+58 1.6675436371838212e+58 1.7074368178270065e+58 1.7428762838285273e+58 1.7538659799686632e+58 1.7747595236914533e+58 1.8037350000777228e+58 1.8302878818774166e+58 1.846834328138855e+58 1.8547955413551904e+58 1.8847854856749153e+58 1.918684405829084e+58 1.977256944888694e+58 2.0266939263009178e+58 2.0694752555337757e+58 2.107177774462452e+58 2.1408738811572502e+58 2.1713461886914077e+58 2.19915195137068e+58 2.2247166175684444e+58 2.248379955880865e+58 
# binding_energy_list
3.380648362059843e+59 3.3884415613920344e+59 3.26587832172338e+59 3.076096814740705e+59 2.8641779699065857e+59 2.6915348039269138e+59 2.5234807724805805e+59 2.355049283896009e+59 2.192804935350454e+59 2.046444636724674e+59 1.9054607179632522e+59 1.3243415351946643e+59 1.2735030810166524e+59 1.250259030217724e+59 1.2331048332289122e+59 1.221799660164881e+59 1.213388850464986e+59 1.2078138351067823e+59 1.2022644346174081e+59 1.1967405313072517e+59 1.1967405313072517e+59 1.1967405313072517e+59 1.1967405313072517e+59 1.1939881044642683e+59 1.1939881044642683e+59 1.1939881044642683e+59 1.1939881044642683e+59 1.1939881044642683e+59 1.1939881044642683e+59 1.1885022274370263e+59 1.183041555725166e+59 1.180320635651737e+59 1.1748975549395303e+59 1.1721953655481376e+59 1.1694993910198653e+59 1.166809617060963e+59 1.164126029410498e+59 1.1614486138403367e+59 1.1614486138403367e+59 1.1587773561551262e+59 1.1587773561551262e+59 1.1561122421921053e+59 1.1561122421921053e+59 1.1561122421921053e+59 1.153453257821086e+59 1.1508003889444355e+59 1.1481536214968888e+59 1.1481536214968888e+59 1.1455129414455291e+59 1.1428783347897713e+59 1.1428783347897713e+59 1.1428783347897713e+59 1.1402497875611743e+59 1.1402497875611743e+59 
# total_gas_kinetic_energy_list
4.610958343332768e+59 4.578645840363341e+59 4.548030163632935e+59 4.519211790239743e+59 4.491277371119548e+59 4.462975865857321e+59 4.435679606300549e+59 4.409552312954576e+59 4.384088889690451e+59 4.359226866376621e+59 4.334956518903903e+59 4.3597039848623105e+59 4.3627306244416665e+59 4.364233072838003e+59 4.365160676153896e+59 4.365804150443531e+59 4.366280619220561e+59 4.366657377427441e+59 4.366966325948957e+59 4.367224804305561e+59 4.3672485967935e+59 4.367271504689997e+59 4.367294518838141e+59 4.367316898058783e+59 4.3673391397503005e+59 4.367361029422309e+59 4.367382396263219e+59 4.367403913271141e+59 4.367445439642814e+59 4.367636434551385e+59 4.367952157148802e+59 4.368203084991003e+59 4.368409672581597e+59 4.368582027378751e+59 4.368792893716792e+59 4.368961882974599e+59 4.369103166491942e+59 4.369144231292023e+59 4.369220202556659e+59 4.369321138977737e+59 4.3694063981238785e+59 4.3694574135944055e+59 4.369481279861545e+59 4.369565912505656e+59 4.369655296075115e+59 4.369790930735389e+59 4.369892217713017e+59 4.369978027214987e+59 4.370054071668323e+59 4.370123370816702e+59 4.370184588797623e+59 4.370241404253729e+59 4.370290227366115e+59 4.370340133786067e+59 
