# time_axis
5.999999999999999 7.0 7.30102999566398 7.477121254719661 7.602059991327962 7.698970004336018 7.778151250383643 7.845098040014256 7.903089986991943 7.954242509439324 8.0 8.301029995663981 8.47712125471966 8.60205999132796 8.698970004336019 8.778151250383644 8.845098040014257 8.903089986991942 8.954242509439323 8.999999999999998 9.004321373782641 9.008600171761916 9.012837224705171 9.017033339298779 9.021189299069936 9.02530586526477 9.02938377768521 9.033423755486949 9.041392685158224 9.079181246047623 9.146128035678236 9.204119982655923 9.255272505103305 9.301029995663981 9.361727836017593 9.414973347970816 9.462397997898954 9.477121254719663 9.505149978319904 9.544068044350274 9.57978359661681 9.60205999132796 9.612783856719734 9.653212513775342 9.698970004336017 9.778151250383642 9.845098040014257 9.903089986991944 9.954242509439325 10.0 10.041392685158225 10.079181246047623 10.113943352306835 10.146128035678236 
# total_gas_mass_list
10.854901959985742 10.85184782948068 10.848982971213717 10.846285365781878 10.843707205210542 10.84112918695018 10.838584800350716 10.836152999530041 10.83378092665811 10.831461928026515 10.829195893834372 10.83213033533027 10.832451774928025 10.832611636067602 10.832713056201625 10.832785066123897 10.832839159648037 10.832881905859193 10.83291682690988 10.832945982088013 10.832948693443416 10.832951262863523 10.832953890436313 10.83295641920928 10.832958940623245 10.832961403751098 10.8329637776909 10.832966243113317 10.832970937208561 10.832992537506502 10.833028173338452 10.83305645700493 10.83307983481775 10.833099286261056 10.83312320057577 10.833142484397525 10.8331586710236 10.833163414129237 10.833172193576543 10.83318388206067 10.833193885921505 10.833199889653054 10.83320271150014 10.83321273516705 10.833223516572513 10.833240135447445 10.833252794241634 10.83326359267111 10.83327311219969 10.833281945504266 10.833289417074871 10.833296549386766 10.833302434092378 10.833308747082938 
# ejected_gas_mass_list
-10.0 -10.0 7.520931719196179 7.986868480601743 8.261869740172495 8.432922049794383 8.564630463720563 8.684046630714356 8.785884934050094 8.874350676807703 8.95275910598843 9.131761657005839 9.147599133435493 9.155269824437465 9.160068431513245 9.163444287805584 9.165963431384915 9.167944064497322 9.169555587812862 9.170896563351329 9.171021064962174 9.171139016892898 9.171259605983389 9.171375629861007 9.17149128591601 9.171604239330394 9.171713075596587 9.171826077763948 9.172041151246967 9.173029490545936 9.174655243818897 9.175941358106844 9.177001588968249 9.177881825949418 9.178961635939022 9.179830455984975 9.18055842420637 9.180771512144522 9.181165666541897 9.181689880317585 9.182138050069035 9.18240679836638 9.182533058093663 9.182981263581475 9.183462846891588 9.184204156946665 9.184767992813049 9.185248401188806 9.185671482494016 9.186063705555725 9.18639519379571 9.186711399720773 9.18697212459395 9.187251654857036 
# stellar_mass_list
-10.0 8.847842856620996 8.92375961717257 8.967633554285694 9.00059045657036 9.027677933067135 9.050987122457633 9.071677169127332 9.090381523584742 9.10751875853166 9.123382190380202 8.609739105291391 8.537947473625962 8.496039023196259 8.466824571242983 8.444609815685508 8.426811716432475 8.41203244047786 8.399441490519742 8.388495992298955 8.387482123127658 8.386477367302472 8.385490207090132 8.38451266441821 8.383542997129126 8.382582247885585 8.381629643232664 8.380694715253643 8.378858209072519 8.370259552289696 8.355438211884568 8.343039812166019 8.33237449398344 8.323103555664346 8.311136240607503 8.300898694568827 8.292004585086357 8.28926314180007 8.284145346997734 8.27710022901571 8.27082430107704 8.266880505567682 8.26504617499434 8.25806147479418 8.250466356839182 8.237431446926871 8.226757428290128 8.217408426691247 8.208775451555418 8.200932983655578 8.193807382833324 8.18711484987894 8.180696986775486 8.175081450145774 
# remnant_mass_list
-10.0 -10.0 7.833026163353074 8.167982397144037 8.362907228327817 8.500311090863976 8.606190803636768 8.691450827555977 8.762662638431841 8.82370693174258 8.877037556952367 8.959443639932523 8.968018936822968 8.972419039929614 8.975242473723506 8.977261992324852 8.978803331107775 8.98003287993527 8.981045084035632 8.9818993067126 8.981977143389274 8.982054150444181 8.982129494330602 8.982203959427535 8.982277710529804 8.98235066440043 8.982422822672532 8.982493440881898 8.982631546344336 8.983269532265492 8.98433580928074 8.985195195671476 8.985912053254708 8.986517135964018 8.987274470957628 8.987902025199473 8.988431569525348 8.988592328662838 8.988887747658653 8.989287787699748 8.989634778764104 8.989851109281794 8.98994959778437 8.990322705482322 8.990714669651629 8.99136942894574 8.99188303934111 8.992325197206679 8.99273467212415 8.993102276480363 8.993431108333763 8.993739064841781 8.994035747523112 8.9942843275747 
# BH_mass_list
-10.0 -10.0 7.6715092877994095 7.972539283463392 8.148630542519072 8.273569279127372 8.370479292135428 8.448662683236593 8.514106963535081 8.570308517932856 8.619470065924045 8.663089479000101 8.663089479000101 8.663089479000101 8.663089479000101 8.663089479000101 8.663089479000101 8.663089479000101 8.663089479000101 8.663089479000101 8.663089479000101 8.663089479000101 8.663089479000101 8.663089479000101 8.663089479000101 8.663089479000101 8.663089479000101 8.663089479000101 8.663089479000101 8.663089479000101 8.663089479000101 8.663089479000101 8.663089479000101 8.663089479000101 8.663089479000101 8.663089479000101 8.663089479000101 8.663089479000101 8.663089479000101 8.663089479000101 8.663089479000101 8.663089479000101 8.663089479000101 8.663089479000101 8.663089479000101 8.663089479000101 8.663089479000101 8.663089479000101 8.663089479000101 8.663089479000101 8.663089479000101 8.663089479000101 8.663089479000101 8.663089479000101 
# NS_mass_list
-10.0 -10.0 7.325201321894077 7.727155493880479 7.95335567779216 8.109113193606895 8.223516532662616 8.313458371238262 8.387389436406377 8.450069208919217 8.504448285116261 8.583145371788456 8.583145371788456 8.583145371788456 8.583145371788456 8.583145371788456 8.583145371788456 8.583145371788456 8.583145371788456 8.583145371788456 8.583145371788456 8.583145371788456 8.583145371788456 8.583145371788456 8.583145371788456 8.583145371788456 8.583145371788456 8.583145371788456 8.583145371788456 8.583145371788456 8.583145371788456 8.583145371788456 8.583145371788456 8.583145371788456 8.583145371788456 8.583145371788456 8.583145371788456 8.583145371788456 8.583145371788456 8.583145371788456 8.583145371788456 8.583145371788456 8.583145371788456 8.583145371788456 8.583145371788456 8.583145371788456 8.583145371788456 8.583145371788456 8.583145371788456 8.583145371788456 8.583145371788456 8.583145371788456 8.583145371788456 8.583145371788456 
# WD_mass_list
-10.0 -10.0 -10.0 -10.0 -10.0 5.16674582649522 6.263186530698598 6.666500078865516 6.919638109911273 7.102930233863616 7.244927517417204 7.829554121419709 7.932993868521464 7.978467003278902 8.005539938381832 8.024019347347505 8.037667370985915 8.0482886108429 8.056863412957808 8.063985609983616 8.064629504777125 8.06526571188182 8.065887386669894 8.066501043024184 8.067108065485689 8.067707793812872 8.068300267142137 8.068879409010881 8.070010059812033 8.075199901479985 8.083754284929485 8.090543207836593 8.096136195414058 8.100808754511405 8.106596084551034 8.111341438739135 8.115310990022033 8.116509873704569 8.118705559967252 8.121663612079551 8.124215369992019 8.125799726634323 8.126519384843045 8.129236398207937 8.132075026881044 8.13678147619106 8.140442871364389 8.14357379315629 8.146456108587675 8.14902979452445 8.151321003386766 8.153457414533605 8.155507145804275 8.157218198419086 
