# time_axis
1000000 10000000 20000000 30000000 40000000 50000000 60000000 70000000 80000000 90000000 100000000 110000000 120000000 130000000 140000000 150000000 200000000 300000000 400000000 500000000 600000000 700000000 800000000 900000000 1000000000 1010000000 1020000000 1030000000 1040000000 1050000000 1060000000 1070000000 1080000000 1100000000 1200000000 1400000000 1600000000 1800000000 2000000000 2300000000 2600000000 2900000000 3000000000 3200000000 3500000000 3800000000 4000000000 4100000000 4500000000 5000000000 6000000000 7000000000 8000000000 9000000000 10000000000 11000000000 12000000000 13000000000 14000000000 
# SNIa_energy_release_list
0 0 0 0 0 0 0 0 0 0 0 0 0 0 0 0 0 0 0 0 0 0 0 0 0 0 0 0 0 0 0 0 0 0 0 0 0 0 0 0 0 0 0 0 0 0 0 0 0 0 0 0 0 0 0 0 0 0 1e-10 
# SNII_energy_release_list
0 0.0 2.7586245918265698e+53 1.3245685290136876e+55 4.1960328872425824e+55 7.835644752869354e+55 1.1505201712397285e+56 1.4708265448463328e+56 1.591825795198613e+56 1.6448569032110286e+56 1.6633497398578628e+56 1.6633497398578628e+56 1.6633497398578628e+56 1.6633497398578628e+56 1.6633497398578628e+56 1.6633497398578628e+56 1.6633497398578628e+56 1.8402148583523992e+56 1.9688031136366375e+56 2.035107999629614e+56 2.0811803524849607e+56 2.116480266540352e+56 2.1450457911352013e+56 2.169000082912364e+56 2.1895989015256103e+56 2.191507738215032e+56 2.1933922386462226e+56 2.1952531773320992e+56 2.197090129690242e+56 2.1989036628993772e+56 2.200696188113989e+56 2.2024657418470105e+56 2.204214420307823e+56 2.2076497346029255e+56 2.223701233394153e+56 2.2512594573513526e+56 2.274341629019334e+56 2.29417583012689e+56 2.3115440577778957e+56 2.3165630850670685e+56 2.3165630850670685e+56 2.3165630850670685e+56 2.3165630850670685e+56 2.3165630850670685e+56 2.3165630850670685e+56 2.3165630850670685e+56 2.3165630850670685e+56 2.3165630850670685e+56 2.3165630850670685e+56 2.3165630850670685e+56 2.3165630850670685e+56 2.3165630850670685e+56 2.3165630850670685e+56 2.3165630850670685e+56 2.3165630850670685e+56 2.3165630850670685e+56 2.3165630850670685e+56 2.3165630850670685e+56 2.3165630850670685e+56 
# SN_energy_per_current_crossing_time_list
0.0 0.0 5.012806764521498e+52 1.9366148040290887e+54 5.1604985709575905e+54 8.84933225279371e+54 1.2458172381540415e+55 1.4744127934335495e+55 5.416177471507281e+54 2.3022857453191117e+54 7.869033230802449e+53 0.0 0.0 0.0 0.0 0.0 0.0 1.2246218540442595e+54 1.117907011554272e+54 6.3477016078259945e+53 4.715354695724706e+53 3.7770596264513092e+53 3.158131727473708e+53 2.7163658096812514e+53 2.383671371213778e+53 2.2128787695817312e+53 2.188537890840899e+53 2.1649286338387817e+53 2.1406530099588916e+53 2.1168779793671656e+53 2.095773980846911e+53 2.072239834377131e+53 2.0510306388539206e+53 2.0208568407624083e+53 1.9148930390697396e+53 1.6803677827864362e+53 1.4311921252390053e+53 1.2462125728360942e+53 1.1031278635373836e+53 2.1529513439158717e+52 0.0 0.0 0.0 0.0 0.0 0.0 0.0 0.0 0.0 0.0 0.0 0.0 0.0 0.0 0.0 0.0 0.0 0.0 0.0 
# SN_energy_per_final_crossing_time_list
0.0 0.0 3.932215895496554e+53 1.8487525866607152e+55 4.093060660096273e+55 5.187998277786399e+55 5.230682800566038e+55 4.565731116356008e+55 1.724755071741623e+55 7.559193320470675e+54 2.636017471567365e+54 0.0 0.0 0.0 0.0 0.0 0.0 2.5210818186848904e+54 1.832930739836744e+54 9.45127247191084e+53 6.567274096573013e+53 5.031742396900928e+53 4.071804848251973e+53 3.414507619869659e+53 2.9362096683778833e+53 2.7209059160460776e+53 2.6862163748393153e+53 2.652630844671211e+53 2.618440103578784e+53 2.5850578339290012e+53 2.55511248716565e+53 2.5223683344005524e+53 2.492612173504963e+53 2.448393579404494e+53 2.2880227661428696e+53 1.9641107858101387e+53 1.645096665279164e+53 1.4136095411584556e+53 1.2378563768378344e+53 2.3847510754567612e+52 0.0 0.0 0.0 0.0 0.0 0.0 0.0 0.0 0.0 0.0 0.0 0.0 0.0 0.0 0.0 0.0 0.0 0.0 0.0 
# total_energy_release_list
0 0 2.7586245918265698e+53 1.3245685290136876e+55 4.1960328872425824e+55 7.835644752869354e+55 1.1505201712397285e+56 1.4708265448463328e+56 1.591825795198613e+56 1.6448569032110286e+56 1.6633497398578628e+56 1.6633497398578628e+56 1.6633497398578628e+56 1.6633497398578628e+56 1.6633497398578628e+56 1.6633497398578628e+56 1.6633497398578628e+56 1.8402148583523992e+56 1.9688031136366375e+56 2.035107999629614e+56 2.0811803524849607e+56 2.116480266540352e+56 2.1450457911352013e+56 2.169000082912364e+56 2.1895989015256103e+56 2.191507738215032e+56 2.1933922386462226e+56 2.1952531773320992e+56 2.197090129690242e+56 2.1989036628993772e+56 2.200696188113989e+56 2.2024657418470105e+56 2.204214420307823e+56 2.2076497346029255e+56 2.223701233394153e+56 2.2512594573513526e+56 2.274341629019334e+56 2.29417583012689e+56 2.3115440577778957e+56 2.3165630850670685e+56 2.3165630850670685e+56 2.3165630850670685e+56 2.3165630850670685e+56 2.3165630850670685e+56 2.3165630850670685e+56 2.3165630850670685e+56 2.3165630850670685e+56 2.3165630850670685e+56 2.3165630850670685e+56 2.3165630850670685e+56 2.3165630850670685e+56 2.3165630850670685e+56 2.3165630850670685e+56 2.3165630850670685e+56 2.3165630850670685e+56 2.3165630850670685e+56 2.3165630850670685e+56 2.3165630850670685e+56 2.3165630850670685e+56 
# binding_energy_list
1.5066070661867324e+55 1.5066070661867324e+55 1.4962356560944236e+55 1.3031667784523054e+55 1.0495424286523242e+55 8.298507675144166e+54 6.606934480075964e+54 5.4200089040162604e+54 5.2239618899912404e+54 5.152286445817604e+54 5.105049999754044e+54 5.069907082747024e+54 5.046612975635318e+54 5.0234258952238765e+54 5.0003453497697626e+54 4.9888448746001265e+54 4.943106869868384e+54 3.990249023621412e+54 3.6140986263961315e+54 3.451437393358536e+54 3.334264127632374e+54 3.26587832172338e+54 3.2062693245054675e+54 3.1695674630434736e+54 3.1332857243156014e+54 3.1332857243156014e+54 3.1260793671239366e+54 3.1260793671239366e+54 3.1260793671239366e+54 3.118889584093935e+54 3.118889584093935e+54 3.111716337106033e+54 3.111716337106033e+54 3.1045595881283365e+54 3.0831879502493346e+54 3.0478949896279954e+54 3.026913428101317e+54 3.0060763026282413e+54 2.992264636608183e+54 2.971666031738019e+54 2.951209226666378e+54 2.9376496519615545e+54 2.9376496519615545e+54 2.9308932452503125e+54 2.9174270140011897e+54 2.9107171180665963e+54 2.904022654464457e+54 2.904022654464457e+54 2.897343587701345e+54 2.8840315031266116e+54 2.8707805820246804e+54 2.857590543374967e+54 2.851018267503898e+54 2.84446110744792e+54 2.8379190284415756e+54 2.831391995799367e+54 2.831391995799367e+54 2.8248799749157104e+54 2.8248799749157104e+54 
# total_gas_kinetic_energy_list
1.2437868103405682e+57 5.684221449410097e+58 1.0872406686549438e+59 1.1721508056615599e+59 1.016955308071725e+59 7.923038926608432e+58 5.815733418620865e+58 4.1228142418302253e+58 2.8561784669147336e+58 1.9530716554717773e+58 1.325113925945129e+58 8.948532831221425e+57 6.0263084081648155e+57 4.052017005354414e+57 2.7223257125372603e+57 1.8284288215928248e+57 1.8390749193149057e+57 1.9676733677374286e+57 2.0242878731225995e+57 2.0471808617143216e+57 2.0616586632889998e+57 2.071292489196136e+57 2.0783813126349573e+57 2.0838806696894464e+57 2.0882722131649925e+57 2.088666580139034e+57 2.0890536610575046e+57 2.089433362238504e+57 2.0898043751342125e+57 2.090168063723862e+57 2.0905250423281566e+57 2.0908767593540534e+57 2.0912239229533174e+57 2.0919035303743335e+57 2.0949792713138866e+57 2.0999399260191943e+57 2.1038050403268583e+57 2.106940154039899e+57 2.1095550752518062e+57 2.112741282218784e+57 2.1153835704375912e+57 2.1176264446783336e+57 2.1183065697482548e+57 2.1195604787388696e+57 2.12124897758724e+57 2.1227164399378292e+57 2.1235962551455106e+57 2.1240030349104442e+57 2.125498057528711e+57 2.1270552171693117e+57 2.129507809057349e+57 2.1313601963004285e+57 2.132846944618382e+57 2.1340890911718466e+57 2.135148032941541e+57 2.136046613568324e+57 2.136858234347736e+57 2.1375746964592483e+57 2.1381936390566883e+57 
