# time_axis
5.999999999999999 7.0 7.30102999566398 7.477121254719661 7.602059991327962 7.698970004336018 7.778151250383643 7.845098040014256 7.903089986991943 7.954242509439324 8.0 8.041392685158224 8.079181246047623 8.113943352306837 8.146128035678238 8.176091259055681 8.301029995663981 8.47712125471966 8.60205999132796 8.698970004336019 8.778151250383644 8.845098040014257 8.903089986991942 8.954242509439323 8.999999999999998 9.004321373782641 9.008600171761916 9.012837224705171 9.017033339298779 9.021189299069936 9.02530586526477 9.02938377768521 9.033423755486949 9.041392685158224 9.079181246047623 9.146128035678236 9.204119982655923 9.255272505103305 9.301029995663981 9.361727836017593 9.414973347970816 9.462397997898954 9.477121254719663 9.505149978319904 9.544068044350274 9.57978359661681 9.60205999132796 9.612783856719734 9.653212513775342 9.698970004336017 9.778151250383642 9.845098040014257 9.903089986991944 9.954242509439325 10.0 10.041392685158225 10.079181246047623 10.113943352306835 10.146128035678236 
# total_gas_mass_list
10.425925345093205 10.873499308519957 10.464624095872024 10.055734829589005 9.646980166821644 9.23848299843222 8.830549438973174 8.424013365899617 8.020823790692928 7.62551543379382 7.247664027325568 6.905176679410835 6.6234557419928946 6.421766218314031 6.295667840410446 6.221578689225887 6.745106182128769 7.061763366573479 7.20893904134746 7.302624152907767 7.369984342333991 7.421659282879161 7.463336235105839 7.497947689804137 7.527610798656552 7.530298704869372 7.53292725319288 7.535529414337211 7.538122467180615 7.540712054610042 7.543300365384364 7.545879873652284 7.548390384790649 7.553143901048027 7.5756784054438056 7.613833852986638 7.644925886510191 7.671076169273698 7.693322076751541 7.721130963984639 7.744388670978634 7.764080319156925 7.770334941626082 7.781131819025915 7.796089941807421 7.808761239885388 7.816394812839155 7.819802615182719 7.833031168562019 7.846383341632583 7.867944189217204 7.884367281191383 7.898481661713471 7.911280746719181 7.923279676331137 7.933385334147412 7.943294736947647 7.952317549794782 7.960404198003341 
# ejected_gas_mass_list
-10.0 -10.0 5.438762787061937 6.170875106122053 6.522142351849436 6.705369055120217 6.821774466258742 6.908300515353503 6.976598654982557 7.032602723070186 7.079228621760139 7.118653314340423 7.1525550616557085 7.182155805876518 7.208344723062878 7.231765304346541 7.321108934326837 7.429981886629447 7.49919898801294 7.54973290831776 7.589138522417524 7.621065524767679 7.647859009715452 7.670799206851827 7.690944316186513 7.692791462677588 7.694601272436305 7.6963962709373925 7.698188301280303 7.699981231584061 7.701776560672649 7.703569041721157 7.70531669278695 7.7086341689239255 7.7245091079461785 7.751934838930014 7.774775902234077 7.794317483086603 7.811172320632661 7.832531695872469 7.850635243742094 7.866128715844233 7.871080996796129 7.879664467586356 7.891627729497172 7.901825970578823 7.907997546341164 7.910759364230298 7.92151895536202 7.932440526716347 7.950203750353851 7.963836967316764 7.9756228515197325 7.9863645039727 7.9964803977781775 8.00503387564365 8.013450692126034 8.021139432024947 8.02805035768399 
# stellar_mass_list
-10.0 8.211255180103972 8.776050696765976 8.849387392129836 8.861007095515335 8.857251500825772 8.849817029668317 8.842148402061333 8.83517058230335 8.829017406901546 8.823601832331633 8.818794007028345 8.814478936247067 8.810565011046682 8.806981791414815 8.803675375352174 8.790053946782777 8.771032516410006 8.757404840755937 8.746674098389398 8.737760982102097 8.730121905791917 8.723398376278084 8.717395196950728 8.711924265632126 8.711412178615776 8.710910660080613 8.7104112240283 8.70991079657076 8.709408318606705 8.708903338664696 8.708397411186292 8.707901990323188 8.706959387657289 8.702370419913017 8.694085497041952 8.686772034208529 8.680182435107197 8.674242865757211 8.666249219221681 8.659045385348714 8.65252893382674 8.650395092909699 8.646553850164366 8.640947610238873 8.635833858302885 8.632569856925524 8.631067508294558 8.624913333906113 8.618149934602643 8.605743893798204 8.595117328563942 8.585826499101888 8.5772908106188 8.569184369282608 8.562267325014275 8.555332259648392 8.5490956047517 8.543379235685252 
# remnant_mass_list
-10.0 -10.0 6.607755550930608 7.23976163064775 7.454232880505261 7.562053889665496 7.626727284847886 7.67002470265334 7.701682447832556 7.726333535380019 7.746412268874487 7.763314831723529 7.777887548472989 7.790683618461991 7.8020792492290685 7.812340189778252 7.852175928586936 7.902235103667071 7.934684734269763 7.958491634110609 7.977209654155765 7.992547094687325 8.005542587952082 8.016768134880737 8.02670429008581 8.027620121335273 8.028514544015602 8.029403117745902 8.03029137811325 8.031181162796662 8.032073371512858 8.03296523613834 8.033836243098506 8.035486423361215 8.043413795052032 8.057283996824124 8.069077499527713 8.07936152185986 8.088363988424204 8.100099588207463 8.110321124749566 8.11928989783941 8.122173229153082 8.127292128662958 8.134616242579755 8.14114410561809 8.145237595622177 8.147102117910615 8.154624991058554 8.162669020650673 8.176865753207087 8.188473885107866 8.19822966742218 8.206889708000341 8.214859920402482 8.221462989829332 8.227919928444251 8.233583584334035 8.238659925228975 
# BH_mass_list
-10.0 -10.0 6.337446011358085 6.9175361228626775 7.027276838180419 7.063543169472945 7.076910393299715 7.08201921408631 7.083992331200721 7.084741267073182 7.0850186554865715 7.085115484754301 7.085140060120365 7.08514609894911 7.0851492556045415 7.085151239574468 7.085152723578129 7.085152723578129 7.085152723578129 7.085152723578129 7.085152723578129 7.085152723578129 7.085152723578129 7.085152723578129 7.085152723578129 7.085152723578129 7.085152723578129 7.085152723578129 7.085152723578129 7.085152723578129 7.085152723578129 7.085152723578129 7.085152723578129 7.085152723578129 7.085152723578129 7.085152723578129 7.085152723578129 7.085152723578129 7.085152723578129 7.085152723578129 7.085152723578129 7.085152723578129 7.085152723578129 7.085152723578129 7.085152723578129 7.085152723578129 7.085152723578129 7.085152723578129 7.085152723578129 7.085152723578129 7.085152723578129 7.085152723578129 7.085152723578129 7.085152723578129 7.085152723578129 7.085152723578129 7.085152723578129 7.085152723578129 7.085152723578129 
# NS_mass_list
-10.0 -10.0 6.273665498063733 6.958940669223246 7.250704208305928 7.395286089959357 7.470133877127919 7.496158407671476 7.505902404040368 7.509640782426767 7.5110835816684896 7.511639162855942 7.511852108315323 7.5119312041168556 7.511961418673171 7.511974823443287 7.511985694136718 7.511985694136718 7.511985694136718 7.511985694136718 7.511985694136718 7.511985694136718 7.511985694136718 7.511985694136718 7.511985694136718 7.511985694136718 7.511985694136718 7.511985694136718 7.511985694136718 7.511985694136718 7.511985694136718 7.511985694136718 7.511985694136718 7.511985694136718 7.511985694136718 7.511985694136718 7.511985694136718 7.511985694136718 7.511985694136718 7.511985694136718 7.511985694136718 7.511985694136718 7.511985694136718 7.511985694136718 7.511985694136718 7.511985694136718 7.511985694136718 7.511985694136718 7.511985694136718 7.511985694136718 7.511985694136718 7.511985694136718 7.511985694136718 7.511985694136718 7.511985694136718 7.511985694136718 7.511985694136718 7.511985694136718 7.511985694136718 
# WD_mass_list
-10.0 -10.0 -10.0 -10.0 -10.0 4.753093763538903 5.944034997151835 6.525461278160876 6.787041972535371 6.942726111100637 7.048010633822188 7.125092795752644 7.184695266449431 7.232668404248896 7.2724602462812085 7.3062390579785035 7.422858462902587 7.546158575771114 7.616613075952666 7.664746143622276 7.700823481692659 7.729365277912028 7.752897835319509 7.772781541714502 7.7900603763563225 7.791638452995152 7.793177323576303 7.7947038754028855 7.796227653131441 7.797751815780632 7.79927790077992 7.800801176631956 7.802286695902171 7.8050953689938245 7.818485284363457 7.841520709247683 7.860737132451722 7.877233236109473 7.891484510081884 7.909810629048264 7.925551605769469 7.939202197760182 7.943559765092381 7.951259863824964 7.96219876324047 7.971872861738485 7.977903930867587 7.980642123660089 7.991634780668485 8.003293469405484 8.023639007147054 8.040066319979932 8.053734313642662 8.065765897875599 8.076757912734434 8.085807338451001 8.094607833447037 8.102288481681404 8.109142652624797 
