# time_axis
1000000 10000000 20000000 30000000 40000000 50000000 60000000 70000000 80000000 90000000 100000000 110000000 120000000 130000000 140000000 150000000 200000000 300000000 400000000 500000000 600000000 700000000 800000000 900000000 1000000000 1010000000 1020000000 1030000000 1040000000 1050000000 1060000000 1070000000 1080000000 1100000000 1200000000 1400000000 1600000000 1800000000 2000000000 2300000000 2600000000 2900000000 3000000000 3200000000 3500000000 3800000000 4000000000 4100000000 4500000000 5000000000 6000000000 7000000000 8000000000 9000000000 10000000000 11000000000 12000000000 13000000000 14000000000 
# SNIa_energy_release_list
0 0 0 0 0 0 0 0 0 0 0 0 0 0 0 0 0 0 0 0 0 0 0 0 0 0 0 0 0 0 0 0 0 0 0 0 0 0 0 0 0 0 0 0 0 0 0 0 0 0 0 0 0 0 0 0 0 0 1e-10 
# SNII_energy_release_list
0 -3.5768657322693746e+53 -1.670949689616952e+55 -3.744781978514353e+55 -4.2547877419416173e+55 -2.6476232514085414e+55 8.88000769432867e+54 6.919423225848593e+55 1.344611627081044e+56 1.954755366733036e+56 2.159683587555148e+56 2.1705432372457705e+56 2.0845395681570057e+56 1.949999022487536e+56 1.8424269519688273e+56 1.7564248503496786e+56 1.7564248503496786e+56 2.029469259643513e+56 2.5288693327555815e+56 2.805325513600134e+56 3.0122059660009516e+56 3.17993098733591e+56 3.3219085859923544e+56 3.44547504852081e+56 3.5551459273528234e+56 3.5654733419411072e+56 3.575694147061007e+56 3.585810880279659e+56 3.595828883341392e+56 3.6057472322205317e+56 3.6155663541918634e+56 3.625291121364125e+56 3.6349274508306854e+56 3.6539190496692244e+56 3.7438911559957978e+56 3.9031986468817695e+56 4.041472671523861e+56 4.163892015477295e+56 4.273914629154975e+56 4.3174574069454085e+56 4.3174574069454085e+56 4.3174574069454085e+56 4.3174574069454085e+56 4.3174574069454085e+56 4.3174574069454085e+56 4.3174574069454085e+56 4.3174574069454085e+56 4.3174574069454085e+56 4.3174574069454085e+56 4.3174574069454085e+56 4.3174574069454085e+56 4.3174574069454085e+56 4.3174574069454085e+56 4.3174574069454085e+56 4.3174574069454085e+56 4.3174574069454085e+56 4.3174574069454085e+56 4.3174574069454085e+56 4.3174574069454085e+56 
# SN_energy_per_current_crossing_time_list
0.0 -6.68414349075042e+54 -2.796563723254015e+55 -1.837461884049805e+55 -3.4118321327740216e+54 9.508096761470057e+54 1.983432460056023e+55 3.604614589979444e+55 4.2730620063389e+55 4.3942028448418694e+55 1.3662082778076252e+55 6.699878168546898e+53 -4.996810270943465e+54 -7.473687522781011e+54 -5.7797221962809566e+54 -4.507911125949185e+54 0.0 1.9137192674963467e+54 4.6618791826679026e+54 2.891489173192558e+54 2.3775302561568724e+54 2.084808989468016e+54 1.8574275949021486e+54 1.6851302121163863e+54 1.5481954999351292e+54 1.4624685171775347e+54 1.451844335014736e+54 1.4414299401461606e+54 1.4316295628591572e+54 1.4215511625640736e+54 1.4113939293835915e+54 1.4018058334081497e+54 1.3929608723647748e+54 1.3802169805523292e+54 1.3412203164990749e+54 1.2380719638568805e+54 1.1108489604051667e+54 1.0107259559020542e+54 9.294584390115399e+53 2.5235250633645184e+53 0.0 0.0 0.0 0.0 0.0 0.0 0.0 0.0 0.0 0.0 0.0 0.0 0.0 0.0 0.0 0.0 0.0 0.0 0.0 
# SN_energy_per_final_crossing_time_list
0.0 -9.047634251970883e+53 -3.7225517872360583e+55 -4.721158049779547e+55 -1.1610475101237629e+55 3.658771064768324e+55 8.048982502757804e+55 1.3730762527990025e+56 1.4858264852286825e+56 1.3890154201004007e+56 4.6652688577614354e+55 2.4722405388878277e+54 -1.9579062241570155e+55 -3.0628666725353205e+55 -2.4489190827039994e+55 -1.9578705401152642e+55 0.0 6.215959785110027e+54 1.1369032529082086e+55 6.293630061568296e+54 4.709712151860894e+54 3.818323877317935e+54 3.2321740112437996e+54 2.8130374976424256e+54 2.4966992518929342e+54 2.3510751943594637e+54 2.326805143568426e+54 2.3031127795828255e+54 2.2806364840023967e+54 2.2579498304644442e+54 2.2353604476551417e+54 2.213880218924101e+54 2.193747038993342e+54 2.161754839452871e+54 2.0482492066181877e+54 1.8133477982116943e+54 1.5739303703808856e+54 1.3934614535820908e+54 1.2523533146895052e+54 3.3042263024454724e+53 0.0 0.0 0.0 0.0 0.0 0.0 0.0 0.0 0.0 0.0 0.0 0.0 0.0 0.0 0.0 0.0 0.0 0.0 0.0 
# total_energy_release_list
0 -3.5768657322693746e+53 -1.670949689616952e+55 -3.744781978514353e+55 -4.2547877419416173e+55 -2.6476232514085414e+55 8.88000769432867e+54 6.919423225848593e+55 1.344611627081044e+56 1.954755366733036e+56 2.159683587555148e+56 2.1705432372457705e+56 2.0845395681570057e+56 1.949999022487536e+56 1.8424269519688273e+56 1.7564248503496786e+56 1.7564248503496786e+56 2.029469259643513e+56 2.5288693327555815e+56 2.805325513600134e+56 3.0122059660009516e+56 3.17993098733591e+56 3.3219085859923544e+56 3.44547504852081e+56 3.5551459273528234e+56 3.5654733419411072e+56 3.575694147061007e+56 3.585810880279659e+56 3.595828883341392e+56 3.6057472322205317e+56 3.6155663541918634e+56 3.625291121364125e+56 3.6349274508306854e+56 3.6539190496692244e+56 3.7438911559957978e+56 3.9031986468817695e+56 4.041472671523861e+56 4.163892015477295e+56 4.273914629154975e+56 4.3174574069454085e+56 4.3174574069454085e+56 4.3174574069454085e+56 4.3174574069454085e+56 4.3174574069454085e+56 4.3174574069454085e+56 4.3174574069454085e+56 4.3174574069454085e+56 4.3174574069454085e+56 4.3174574069454085e+56 4.3174574069454085e+56 4.3174574069454085e+56 4.3174574069454085e+56 4.3174574069454085e+56 4.3174574069454085e+56 4.3174574069454085e+56 4.3174574069454085e+56 4.3174574069454085e+56 4.3174574069454085e+56 4.3174574069454085e+56 
# binding_energy_list
3.6140986263961315e+54 4.634469197362846e+54 5.888436553555932e+54 6.591738952443253e+54 6.776415076106799e+54 6.668067692136191e+54 6.45654229034659e+54 6.0673632958850715e+54 5.6493697481230574e+54 5.2844525177517914e+54 5.321082592667931e+54 5.3951062251512674e+54 5.47015962893971e+54 5.5207743928075396e+54 5.559042572704003e+54 5.584701947368306e+54 5.445026528424176e+54 4.909078761526059e+54 4.3651583224016653e+54 4.139996748197279e+54 3.953666200681291e+54 3.8194427084004723e+54 3.7239170625456675e+54 3.6391503612720705e+54 3.580964371026377e+54 3.5727283815192664e+54 3.564511334262439e+54 3.564511334262439e+54 3.556313185689869e+54 3.548133892335731e+54 3.548133892335731e+54 3.5399734108343426e+54 3.5399734108343426e+54 3.5237087104248475e+54 3.4833731503601304e+54 3.404081897009981e+54 3.3496543915782655e+54 3.303695410368136e+54 3.26587832172338e+54 3.221068791283454e+54 3.1841975217261257e+54 3.147748314101298e+54 3.140508693876217e+54 3.118889584093935e+54 3.097419299216578e+54 3.076096814740705e+54 3.061963433690657e+54 3.054921113215509e+54 3.0338911841942658e+54 3.0060763026282413e+54 2.9648313895243513e+54 2.9376496519615545e+54 2.9174270140011897e+54 2.8906798823654658e+54 2.87739841473569e+54 2.857590543374967e+54 2.84446110744792e+54 2.831391995799367e+54 2.8248799749157104e+54 
# total_gas_kinetic_energy_list
1.2437868103405682e+57 5.68424076404549e+58 1.2730219719175254e+59 1.7127730974232953e+59 1.939446745386466e+59 2.045290682667166e+59 1.6862003989318484e+59 1.371775108386882e+59 1.1079752413265616e+59 8.915504807023511e+58 7.146495989880335e+58 5.720356984204015e+58 4.575975636493322e+58 3.659728732646649e+58 2.9271818173702027e+58 2.341239210864365e+58 2.350055662949014e+58 2.3782030189641315e+58 2.4055795194539968e+58 2.4170326264493975e+58 2.4250043001352129e+58 2.430607839590018e+58 2.4349133909962682e+58 2.438383969299153e+58 2.4412489669019938e+58 2.4415093247034032e+58 2.4417658019643e+58 2.4420181391788124e+58 2.442266267841135e+58 2.4425100724591256e+58 2.4427499060903725e+58 2.4429861418923403e+58 2.4432198561427335e+58 2.443678279019957e+58 2.4457829912683797e+58 2.449278995925247e+58 2.4520867976855282e+58 2.4544278564549775e+58 2.4564149307097494e+58 2.4589081596501987e+58 2.4610096349927698e+58 2.462816209367606e+58 2.4633700820204022e+58 2.464397884591114e+58 2.4658043467462918e+58 2.4670344312352293e+58 2.46778331521996e+58 2.468128595591091e+58 2.4694162602109874e+58 2.4707711113602555e+58 2.4729489022942695e+58 2.4746303426370827e+58 2.476015048452395e+58 2.4771966750115066e+58 2.4782303299923097e+58 2.4791213704877316e+58 2.479930763010704e+58 2.480649644115807e+58 2.4812956407478908e+58 
