# time_axis
5.999999999999999 7.0 7.30102999566398 7.477121254719661 7.602059991327962 7.698970004336018 7.778151250383643 7.845098040014256 7.903089986991943 7.954242509439324 8.0 8.041392685158224 8.079181246047623 8.113943352306837 8.146128035678238 8.176091259055681 8.301029995663981 8.47712125471966 8.60205999132796 8.698970004336019 8.778151250383644 8.845098040014257 8.903089986991942 8.954242509439323 8.999999999999998 9.004321373782641 9.008600171761916 9.012837224705171 9.017033339298779 9.021189299069936 9.02530586526477 9.02938377768521 9.033423755486949 9.041392685158224 9.079181246047623 9.146128035678236 9.204119982655923 9.255272505103305 9.301029995663981 9.361727836017593 9.414973347970816 9.462397997898954 9.477121254719663 9.505149978319904 9.544068044350274 9.57978359661681 9.60205999132796 9.612783856719734 9.653212513775342 9.698970004336017 9.778151250383642 9.845098040014257 9.903089986991944 9.954242509439325 10.0 10.041392685158225 10.079181246047623 10.113943352306835 10.146128035678236 
# total_gas_mass_list
8.328290912707383 9.997642214611142 10.347912623694983 10.476794487952713 10.530780710650708 10.553882766286726 10.470067610479648 10.380473278921452 10.287783396327143 10.193481086721139 10.097421851347 10.000676869012516 9.903641459480816 9.80648780260985 9.70929733887489 9.612110145944182 9.613642143982409 9.619261369286416 9.624322461110223 9.626452308606872 9.628193196848521 9.629390801403611 9.630297674374058 9.6310195460404 9.631608966294792 9.631662186870711 9.631714516186667 9.631765908281045 9.631816355011338 9.631865835242971 9.63191441188574 9.63196215431632 9.632009256691191 9.632101305110417 9.632518909534449 9.633193050836692 9.633715940648578 9.634138213972719 9.6344865099624 9.63491316494621 9.635269511552028 9.635573814207572 9.63566668590679 9.635838619509247 9.636072841766904 9.636276874014543 9.636400593462568 9.636457561837668 9.636669563218081 9.636892501406884 9.637248681604628 9.637521185399374 9.637744469014178 9.637934027809086 9.638099037460952 9.63824074300604 9.638369317455512 9.6384836394444 9.63858667337408 
# ejected_gas_mass_list
-10.0 -10.0 -10.0 -10.0 -10.0 -10.0 -10.0 6.8199245786745015 7.529594881235385 7.780882001228466 7.758302224784197 7.698213219543386 7.63426891722929 7.576072564371279 7.526987141051631 7.487879647937479 7.653565468967158 7.993586635507657 8.168248504203984 8.225347143255341 8.26719331349549 8.293892276464003 8.313116591893692 8.327860387815305 8.339555868970294 8.340597319028786 8.341619023133738 8.342620213851726 8.343600862703232 8.34456068747856 8.345501031301596 8.346423348988159 8.347331485242954 8.349101003596507 8.35704422281311 8.369583656820712 8.379079304027753 8.38660717325422 8.392724916020532 8.400109975537045 8.406188681041353 8.41131696503925 8.41287081657042 8.415733744080471 8.41960554320087 8.42295206606558 8.424969575144795 8.42589561618118 8.429325587787474 8.432905305901302 8.438567709101292 8.442853638953355 8.446336158990812 8.449272308256969 8.451813178694831 8.453984167638955 8.455945244566616 8.457682014659884 8.459241758579894 
# stellar_mass_list
-10.0 6.02864587749133 7.701713571459558 8.120957139009509 8.324878025613438 8.447513600451275 8.531531080245736 8.553508848505027 8.559755041934023 8.558369228429516 8.618432954329162 8.666504374405072 8.702602228991983 8.729686513708835 8.750124837212212 8.765625070220336 8.75218065454796 8.660343576074983 8.544471719847358 8.498586467713816 8.468236098532321 8.445540924405215 8.427450152182837 8.412436129619762 8.3996327554597 8.398449206521773 8.397280124735268 8.396127175716213 8.394990810298488 8.393871587945744 8.392768221075439 8.391679075856114 8.39059924240895 8.388474838933798 8.378606986090139 8.361771863660607 8.347798409958294 8.33580731340213 8.325369660931843 8.311940919962534 8.30042775635483 8.290385377038385 8.287271612953614 8.281481819212926 8.273441964980584 8.266272563525309 8.261766391317636 8.259681532266587 8.251600739625522 8.242771399295703 8.22752985579781 8.214936259058518 8.204110881600272 8.19446589170244 8.185678909449646 8.177977864714734 8.170669847076436 8.1640355748078 8.157974036975563 
# remnant_mass_list
-10.0 -10.0 4.523761836580373 6.1990873648853455 6.65660263170031 6.9282792249646015 7.129888961729917 7.289919300282552 7.402112991338382 7.493589901459658 7.529458507863285 7.577868680642828 7.610153968780274 7.63403257902513 7.652772095113132 7.66806511008808 7.717489934873654 7.765590260759383 7.807446310038312 7.8598876393521255 7.873812811184774 7.843284027957023 7.862542058165568 7.877723480879765 7.890128044662342 7.8912509895875145 7.892356701828438 7.893443202843145 7.8945099509119 7.895556472976885 7.89658441972065 7.897595747563607 7.898596143743781 7.900556234303941 7.909492767462932 7.924150111268146 7.9357753766642505 7.945395160050404 7.953502741956313 7.963580403184756 7.9719309719752856 7.979001962083244 7.981159910659619 7.985112494768366 7.990511811528232 7.995215769697056 7.998135505443219 7.999466566746293 8.00458876744577 8.010041617714652 8.019187537136252 8.02647344462449 8.032557433893308 8.037854506421164 8.042585091241506 8.046631411525393 8.050419391790173 8.05379472380655 8.056825276572637 
# BH_mass_list
-10.0 -10.0 -10.0 -10.0 -10.0 -10.0 -10.0 -10.0 -10.0 -10.0 -10.0 -10.0 -10.0 -10.0 -10.0 -10.0 -10.0 -10.0 -10.0 -10.0 -10.0 -10.0 -10.0 -10.0 -10.0 -10.0 -10.0 -10.0 -10.0 -10.0 -10.0 -10.0 -10.0 -10.0 -10.0 -10.0 -10.0 -10.0 -10.0 -10.0 -10.0 -10.0 -10.0 -10.0 -10.0 -10.0 -10.0 -10.0 -10.0 -10.0 -10.0 -10.0 -10.0 -10.0 -10.0 -10.0 -10.0 -10.0 -10.0 
# NS_mass_list
-10.0 -10.0 4.523761836580373 6.208339733056861 6.789570108748421 7.135606091744919 7.370044992525977 7.539465373017217 7.657282567134623 7.739514831441796 7.7765198647497815 7.7903942285154395 7.795005527505991 7.795005527505991 7.795005527505991 7.795005527505991 7.795005527505991 7.795005527505991 7.810722386325837 7.847590686636744 7.868898608557047 7.883290280500724 7.893925887576895 7.902238829589539 7.908991402041371 7.90959986620242 7.910197647609302 7.910785075900047 7.911362642339867 7.9119304520207425 7.912488698685493 7.913037819462825 7.913578292504396 7.914632982973748 7.9194484804747205 7.927308692768664 7.9335276188775765 7.938626354531897 7.942918453195641 7.944547914182583 7.944547914182583 7.944547914182583 7.944547914182583 7.944547914182583 7.944547914182583 7.944547914182583 7.944547914182583 7.944547914182583 7.944547914182583 7.944547914182583 7.944547914182583 7.944547914182583 7.944547914182583 7.944547914182583 7.944547914182583 7.944547914182583 7.944547914182583 7.944547914182583 7.944547914182583 
# WD_mass_list
-10.0 -10.0 -10.0 -10.0 -10.0 2.5896748682149213 4.361205930229876 5.437447506193065 5.9789876674195614 6.326766271587234 6.575522208793713 6.7644048877220495 6.9070853199930955 7.016086635824665 7.089051638571257 7.1426101022956345 7.290029364608508 7.408425755927878 7.465527388809829 7.501301333427989 7.526639041927931 7.5459077968242605 7.561271763531821 7.573947891736124 7.584648984772597 7.585634880098286 7.586610267166781 7.587570355902615 7.588512922723264 7.589436698700398 7.590344529133725 7.591239374591483 7.592131674076863 7.593893013038724 7.60197704793627 7.615550662394842 7.626548418409586 7.635873439506906 7.6438297119577445 7.6610347505152125 7.677635094033385 7.691451337071756 7.695625624232198 7.703221705824019 7.713496766418005 7.722355985843005 7.727812719956824 7.730289841943739 7.739762071415854 7.749743194855814 7.76625612534533 7.7792150080279665 7.7899088686608025 7.799128587940926 7.807292900830764 7.814225661152205 7.820674483655837 7.826387827507509 7.831491590789709 
