# time_axis
5.999999999999999 7.0 7.30102999566398 7.477121254719661 7.602059991327962 7.698970004336018 7.778151250383643 7.845098040014256 7.903089986991943 7.954242509439324 8.0 8.041392685158224 8.079181246047623 8.113943352306837 8.146128035678238 8.176091259055681 8.204119982655925 8.230448921378272 8.255272505103306 8.278753600952827 8.301029995663981 8.47712125471966 8.60205999132796 8.698970004336019 8.778151250383644 8.845098040014257 8.903089986991942 8.954242509439323 8.999999999999998 9.004321373782641 9.008600171761916 9.012837224705171 9.017033339298779 9.021189299069936 9.02530586526477 9.02938377768521 9.033423755486949 9.041392685158224 9.079181246047623 9.146128035678236 9.204119982655923 9.255272505103305 9.301029995663981 9.361727836017593 9.414973347970816 9.462397997898954 9.477121254719663 9.505149978319904 9.544068044350274 9.57978359661681 9.60205999132796 9.612783856719734 9.653212513775342 9.698970004336017 9.778151250383642 9.845098040014257 9.903089986991944 9.954242509439325 10.0 10.041392685158225 10.079181246047623 10.113943352306835 10.146128035678236 
# total_gas_mass_list
9.2249387366083 9.219310092247428 9.216277455345205 9.213804451825391 9.21154881400946 9.209406363473427 9.207252308703858 9.205087178234871 9.202910451777344 9.200723880218149 9.198526676193278 9.196318829079528 9.194099912988865 9.191869155053412 9.189626403026754 9.187372188074695 9.185106562980113 9.182829099117235 9.180539525578725 9.178241513895443 9.175934461171252 9.181593669493193 9.181653950016475 9.181694971895995 9.1817262760492 9.181751576350884 9.18177299590837 9.181791482384009 9.181807720284054 9.181809261537634 9.181810731176139 9.181812238084813 9.181813694641244 9.181815162416488 9.181816603089365 9.181818022974479 9.181819435899511 9.181822219161457 9.181835311161459 9.181858241783473 9.181877844480653 9.181894997121036 9.181910219770526 9.181930260945585 9.18194770592865 9.18196321688969 9.181967987390458 9.181977115204289 9.18198972914135 9.182001268753446 9.182008461065427 9.18201191881209 9.182024917876612 9.182039610730133 9.182064942411955 9.182086294123948 9.18210475245464 9.182120994937897 9.182135514517244 9.182148623486837 9.182160598595642 9.182171605630097 9.182181759145314 
# ejected_gas_mass_list
-10.0 -10.0 -10.0 -10.0 -10.0 6.599207826065521 6.931963084920928 7.118093158927671 7.2478981838856 7.3477818352493305 7.428959677189638 7.497353491458231 7.5564367803700465 7.60841911735532 7.654822991370515 7.696749363114317 7.734992071300378 7.770139185744014 7.802651132922176 7.832979645916517 7.861393428517988 7.9654059611967165 7.966396563804942 7.967069473760536 7.9675823193945705 7.967996390813414 7.9683466594433225 7.96864875104236 7.96891393552955 7.968939098161915 7.968963090326089 7.968987689641823 7.9690114657464965 7.969035423745485 7.9690589381552135 7.969082112101409 7.969105171299864 7.969150591289193 7.969364179546395 7.9697380416867905 7.970057405820271 7.9703366732939065 7.97058437689769 7.970910285692682 7.971193788582936 7.971445715406182 7.97152316963414 7.971671333421635 7.971876006352201 7.972063168111392 7.97217978243725 7.972235835010101 7.972446498535007 7.9726844963174095 7.973094536830601 7.973439872234843 7.973738203588847 7.974000562555598 7.974234966286249 7.974446495273489 7.974639643625121 7.974817106719471 7.9749807484924204 
# stellar_mass_list
-10.0 7.454821665207646 7.601375376964093 7.689704322176413 7.755464917355557 7.808555564761362 7.853422710499733 7.8924224005414585 7.92700617849801 7.958132191609778 7.986469158720572 8.01250317223844 8.036602323372366 8.059049360865602 8.080068681882254 8.099842053408782 8.118515784863956 8.136211954916782 8.153027465543712 8.169014796568245 8.184262330736058 8.022221573212825 7.982551236874804 7.956943131946808 7.937978863733098 7.922928280259851 7.9104651194663 7.8998455901867395 7.890592278317641 7.889727311899818 7.8888791043055155 7.88803932483056 7.887210371253639 7.8863860847270235 7.885571146485824 7.884764102172614 7.883969601705868 7.8824103927339895 7.87507812389819 7.862369141863564 7.851625555494229 7.842314521508063 7.834134862588198 7.82345016693486 7.814223619685337 7.806111889515779 7.80359245992567 7.798871848034596 7.792321552403173 7.78639281993058 7.782705297523246 7.780954859198894 7.774298742677698 7.766881547722343 7.754141499364214 7.74350166969774 7.734246527507637 7.725858040842919 7.718235931917432 7.7112315407114185 7.7047181249286965 7.698553924158203 7.692929555653861 
# remnant_mass_list
-10.0 -10.0 5.414683961242206 6.0467241728188945 6.349251615246998 6.546791451193528 6.691660866783846 6.805322217462062 6.898527213062511 6.9773003187017055 7.045372607651512 7.105207433825155 7.1585095696973156 7.206512771743568 7.250133066739502 7.290067688188858 7.326865689417395 7.360962016388421 7.392707699125054 7.422401050215704 7.450214762994713 7.562224562639938 7.594239052425208 7.613000374253122 7.626009724309883 7.635834342185433 7.643653189704873 7.650098749742321 7.655559413341341 7.656062732625337 7.65655470228252 7.657040785454157 7.657519411696486 7.657994517624373 7.65846314017812 7.658926300579389 7.659381037379713 7.660270250577149 7.664401178034502 7.671365223167268 7.677064657502005 7.6818711156540385 7.6859933220232355 7.6912426573220065 7.695656058511336 7.699447443213895 7.700609535099599 7.702763377977487 7.705710510790725 7.70833263312758 7.709943169004737 7.710701983932235 7.713558871947652 7.716681791157374 7.721909792145209 7.726145798104177 7.729744733772388 7.7329478594789 7.7358068962233135 7.738392578128904 7.740761917553565 7.742977082158926 7.744964606192514 
# BH_mass_list
-10.0 -10.0 -10.0 -10.0 -10.0 -10.0 -10.0 -10.0 -10.0 -10.0 -10.0 -10.0 -10.0 -10.0 -10.0 -10.0 -10.0 -10.0 -10.0 -10.0 -10.0 -10.0 -10.0 -10.0 -10.0 -10.0 -10.0 -10.0 -10.0 -10.0 -10.0 -10.0 -10.0 -10.0 -10.0 -10.0 -10.0 -10.0 -10.0 -10.0 -10.0 -10.0 -10.0 -10.0 -10.0 -10.0 -10.0 -10.0 -10.0 -10.0 -10.0 -10.0 -10.0 -10.0 -10.0 -10.0 -10.0 -10.0 -10.0 -10.0 -10.0 -10.0 -10.0 
# NS_mass_list
-10.0 -10.0 5.949937624296689 6.3758792109221725 6.615819117469536 6.780768860785651 6.899259583649397 6.991527130313583 7.066926092244237 7.130647759687556 7.185743728139376 7.234222370246642 7.277446316384225 7.316381641894798 7.35180818764968 7.384281740610578 7.414237086377494 7.442018664936784 7.46789850401414 7.4920635632422545 7.514645671119618 7.554506847628137 7.554506847628137 7.554506847628137 7.554506847628137 7.554506847628137 7.554506847628137 7.554506847628137 7.554506847628137 7.554506847628137 7.554506847628137 7.554506847628137 7.554506847628137 7.554506847628137 7.554506847628137 7.554506847628137 7.554506847628137 7.554506847628137 7.554506847628137 7.554506847628137 7.554506847628137 7.554506847628137 7.554506847628137 7.554506847628137 7.554506847628137 7.554506847628137 7.554506847628137 7.554506847628137 7.554506847628137 7.554506847628137 7.554506847628137 7.554506847628137 7.554506847628137 7.554506847628137 7.554506847628137 7.554506847628137 7.554506847628137 7.554506847628137 7.554506847628137 7.554506847628137 7.554506847628137 7.554506847628137 7.554506847628137 
# WD_mass_list
-10.0 -10.0 -10.0 -10.0 -10.0 4.015850655931237 5.126704266346766 5.5362335587370035 5.794231269483563 5.980306994259566 6.1252502067248 6.243418767870462 6.342939594489585 6.428880616331604 6.504064667664319 6.570760499962578 6.630614028940744 6.684837601067864 6.73432383567412 6.77981571133006 6.821856800886457 7.089777155624193 7.178638258446142 7.225892142074367 7.2569563346883275 7.279598622043228 7.297157023487071 7.311343387516545 7.323168573204898 7.324249871039089 7.32530539796705 7.326346952643211 7.327371229677532 7.328386702653543 7.3293870827619685 7.330374601231384 7.331343001495254 7.333233355311299 7.341958680024146 7.3564636909321255 7.368151393825774 7.3778848717046674 7.386146041996538 7.39655397637655 7.405210335969425 7.412580049049936 7.4148268528626575 7.418976370895354 7.424623587511015 7.429618772860561 7.4326734235927265 7.434109134569022 7.439494557307465 7.445345939732551 7.45506047022454 7.462859138358905 7.469435251075005 7.475250590901179 7.4804119499625354 7.485056452495712 7.489293160553313 7.4932378152589365 7.496763809567079 
