# time_axis
1000000 10000000 20000000 30000000 40000000 50000000 60000000 70000000 80000000 90000000 100000000 110000000 120000000 130000000 140000000 150000000 200000000 300000000 400000000 500000000 600000000 700000000 800000000 900000000 1000000000 1010000000 1020000000 1030000000 1040000000 1050000000 1060000000 1070000000 1080000000 1100000000 1200000000 1400000000 1600000000 1800000000 2000000000 2300000000 2600000000 2900000000 3000000000 3200000000 3500000000 3800000000 4000000000 4100000000 4500000000 5000000000 6000000000 7000000000 8000000000 9000000000 10000000000 11000000000 12000000000 13000000000 14000000000 
# SNIa_energy_release_list
0 0.0 0.0 0.0 0.0 0.0 9.630544953963347e+54 1.0026851690254138e+56 2.101683014335882e+56 3.132908858413994e+56 4.0493808056100685e+56 4.859722032925131e+56 5.5814481153186625e+56 6.230421443423008e+56 6.81964242378173e+56 7.359171349881991e+56 9.532829018013146e+56 1.2448675932465044e+57 1.4448819489284606e+57 1.597324810989754e+57 1.7205458663849467e+57 1.8239517970974266e+57 1.9130568781381352e+57 1.9913338986188026e+57 2.0611357306337342e+57 2.0677144124676696e+57 2.0742334961296725e+57 2.0806848496059098e+57 2.0870717551750273e+57 2.0933975803891272e+57 2.0996598102968155e+57 2.1058606833330785e+57 2.112003705135922e+57 2.124118423236681e+57 2.1815007687669812e+57 2.282898600254292e+57 2.3705014698886644e+57 2.447620597620841e+57 2.516507110086902e+57 2.6077477195701095e+57 2.6876684613459936e+57 2.7587716698850393e+57 2.7808557356740936e+57 2.8228122291965416e+57 2.881061708908577e+57 2.934495738997419e+57 2.9678056295072062e+57 2.9838357011329136e+57 3.0442570498629457e+57 3.1125978325748624e+57 3.230786392648542e+57 3.3306412424084385e+57 3.4170878469639245e+57 3.493336539502954e+57 3.5614736215678285e+57 3.623130606271227e+57 3.67940249818738e+57 3.731157378868482e+57 3.7790672118949e+57 
# SNII_energy_release_list
0 0.0 3.382718280950896e+54 6.085689721640001e+55 1.0760107379315044e+56 1.4243701996533947e+56 1.6780049452379079e+56 1.788896839711248e+56 1.8316431415572643e+56 1.8471978625167292e+56 1.8526934715781694e+56 1.854569995274662e+56 1.8551912493408748e+56 1.8553863783978768e+56 1.85546106653099e+56 1.8554882384075528e+56 1.8554980136656042e+56 1.8554980136656042e+56 1.8554980136656042e+56 1.8554980136656042e+56 1.8554980136656042e+56 1.8554980136656042e+56 1.8554980136656042e+56 1.8554980136656042e+56 1.8554980136656042e+56 1.8554980136656042e+56 1.8554980136656042e+56 1.8554980136656042e+56 1.8554980136656042e+56 1.8554980136656042e+56 1.8554980136656042e+56 1.8554980136656042e+56 1.8554980136656042e+56 1.8554980136656042e+56 1.8554980136656042e+56 1.8554980136656042e+56 1.8554980136656042e+56 1.8554980136656042e+56 1.8554980136656042e+56 1.8554980136656042e+56 1.8554980136656042e+56 1.8554980136656042e+56 1.8554980136656042e+56 1.8554980136656042e+56 1.8554980136656042e+56 1.8554980136656042e+56 1.8554980136656042e+56 1.8554980136656042e+56 1.8554980136656042e+56 1.8554980136656042e+56 1.8554980136656042e+56 1.8554980136656042e+56 1.8554980136656042e+56 1.8554980136656042e+56 1.8554980136656042e+56 1.8554980136656042e+56 1.8554980136656042e+56 1.8554980136656042e+56 1.8554980136656042e+56 
# SN_energy_per_current_crossing_time_list
0.0 0.0 2.081173318965304e+54 3.667962191109673e+55 3.085025845432634e+55 2.3504599364822991e+55 1.768132420563699e+55 1.0136410579395427e+55 5.9708355144801516e+54 3.9134799918369975e+54 2.9150198659268417e+54 2.3873614891790444e+54 2.070565142800678e+54 1.8526125832420913e+54 1.6893481637121888e+54 1.5565616268055356e+54 1.2968748882320812e+54 9.140461776892907e+53 6.504470252917098e+53 5.107607963457544e+53 4.2339415271705685e+53 3.631421486686571e+53 3.1900949193339954e+53 2.851440542338414e+53 2.5829708295915202e+53 2.4380163376182205e+53 2.419424162860262e+53 2.3977493061235375e+53 2.3772749756669864e+53 2.357914481352282e+53 2.337552551817533e+53 2.3180250818372984e+53 2.299695928693259e+53 2.273867564122948e+53 2.1828398683824036e+53 1.975498698283017e+53 1.7428870046705748e+53 1.5635573317553562e+53 1.420544161755463e+53 1.2827936121547556e+53 1.14633409521655e+53 1.0381784685364894e+53 9.729247843542499e+52 9.339959111280397e+52 8.773012589924341e+52 8.155179123315677e+52 7.688400118135793e+52 7.427763127128617e+52 7.104809263538182e+52 6.533062927862568e+52 5.809495755927902e+52 5.018218365876988e+52 4.422949040271803e+52 3.9606933351579445e+52 3.586772871667482e+52 3.280425796588989e+52 3.0249978023078425e+52 2.8064657117778673e+52 2.6186587304087145e+52 
# SN_energy_per_final_crossing_time_list
0.0 0.0 4.930475547843065e+54 8.377139635581212e+55 6.813189880859375e+55 5.077507688274689e+55 3.749487817928112e+55 2.1117126197794126e+55 1.2237389778287088e+55 7.903656673677217e+54 5.810269862769227e+54 4.7026806916511e+54 4.03536584192462e+54 3.575603588647189e+54 3.231453975258424e+54 2.9529211016894646e+54 2.3764433666444484e+54 1.593745479107422e+54 1.0932397498125261e+54 8.332231744685133e+53 6.735024359255467e+53 5.651968001786896e+53 4.870311242002334e+53 4.278470412515176e+53 3.8152330170640276e+53 3.5957801417338556e+53 3.563204934643152e+53 3.526184926211248e+53 3.490958947746844e+53 3.4575736080752825e+53 3.422813644653946e+53 3.3892771664662563e+53 3.357656802151244e+53 3.3108351998952748e+53 3.136407927186629e+53 2.7711045926869447e+53 2.3941016372401697e+53 2.107591118153208e+53 1.882601711189283e+53 1.6623450309199004e+53 1.4561043455439057e+53 1.2954545795652505e+53 1.2070722861743047e+53 1.1466303587335138e+53 1.061267934326928e+53 9.73533549406624e+52 9.103270673507953e+52 8.761726843962562e+52 8.256284898118832e+52 7.47074978085767e+52 6.459957906776773e+52 5.457872791024125e+52 4.725004063541192e+52 4.1676059336184956e+52 3.724241007380837e+52 3.370051429634366e+52 3.0757126822294705e+52 2.8288215920536993e+52 2.6186587304087145e+52 
# total_energy_release_list
0 0 3.382718280950896e+54 6.085689721640001e+55 1.0760107379315044e+56 1.4243701996533947e+56 1.7743103947775413e+56 2.791582008736662e+56 3.933326155893146e+56 4.980106720930723e+56 5.902074277188238e+56 6.714292028199793e+56 7.436639364659537e+56 8.085807821820884e+56 8.67510349031272e+56 9.214659588289544e+56 1.138832703167875e+57 1.4304173946130647e+57 1.630431750295021e+57 1.7828746123563144e+57 1.906095667751507e+57 2.009501598463987e+57 2.0986066795046955e+57 2.176883699985363e+57 2.2466855320002945e+57 2.25326421383423e+57 2.2597832974962328e+57 2.26623465097247e+57 2.2726215565415876e+57 2.2789473817556876e+57 2.285209611663376e+57 2.291410484699639e+57 2.2975535065024825e+57 2.3096682246032412e+57 2.3670505701335415e+57 2.4684484016208523e+57 2.5560512712552247e+57 2.6331703989874013e+57 2.7020569114534624e+57 2.79329752093667e+57 2.873218262712554e+57 2.9443214712515997e+57 2.966405537040654e+57 3.008362030563102e+57 3.0666115102751373e+57 3.1200455403639792e+57 3.153355430873767e+57 3.169385502499474e+57 3.229806851229506e+57 3.298147633941423e+57 3.4163361940151024e+57 3.516191043774999e+57 3.602637648330485e+57 3.6788863408695144e+57 3.747023422934389e+57 3.808680407637788e+57 3.864952299553941e+57 3.9167071802350425e+57 3.964617013261461e+57 
# binding_energy_list
7.396052750582375e+54 7.396052750582375e+54 7.396052750582375e+54 7.362070974947316e+54 7.311390834834127e+54 7.277798045368272e+54 7.244359600749891e+54 7.211074791828947e+54 7.177942912713644e+54 7.144963260755121e+54 7.128530301265221e+54 7.095777679633873e+54 7.079457843841403e+54 7.063175542629565e+54 7.030723198838356e+54 7.014552984199657e+54 6.934258060165708e+54 6.823386941416746e+54 6.729766562843223e+54 6.63743070401913e+54 6.576578373554172e+54 6.516283940608428e+54 6.471426157485831e+54 6.426877173170194e+54 6.382634861905483e+54 6.382634861905483e+54 6.367955209079188e+54 6.367955209079188e+54 6.367955209079188e+54 6.353309318517396e+54 6.353309318517396e+54 6.353309318517396e+54 6.353309318517396e+54 6.338697112569264e+54 6.309573444801892e+54 6.237348354824216e+54 6.180164001384114e+54 6.137620051647895e+54 6.081350012787164e+54 6.025595860743593e+54 5.970352865838415e+54 5.929253245800042e+54 5.915616341754719e+54 5.888436553555932e+54 5.8479008414448476e+54 5.807644175213159e+54 5.7942869642687856e+54 5.780960474057187e+54 5.74116462207328e+54 5.701642722807478e+54 5.636376558259514e+54 5.584701947368306e+54 5.546257129579105e+54 5.50807696405403e+54 5.4827696492085025e+54 5.457578610912733e+54 5.432503314924325e+54 5.407543229455771e+54 5.382697825162903e+54 
# total_gas_kinetic_energy_list
3.1007948112047294e+58 3.2607444609316918e+59 1.4398614571512886e+59 5.776734422952521e+58 2.3113780399393792e+58 9.249849137157602e+57 3.7035780698457126e+57 1.4849000734751393e+57 5.972154878407604e+56 2.4191935216966015e+56 9.957453275446436e+55 4.2416742447954895e+55 1.9353240725706532e+55 9.946314833698396e+54 6.029452154905592e+54 4.329205876795094e+54 1.2632213337223807e+55 2.509871017132994e+55 3.4603449311415225e+55 4.225733848527086e+55 4.8655614056379023e+55 5.415318152336709e+55 5.904629973490476e+55 6.348715204610084e+55 6.751892587594369e+55 6.79018604997538e+55 6.827327277616846e+55 6.864561982288839e+55 6.902951619123319e+55 6.939867569474192e+55 6.976677278280943e+55 7.014832407668948e+55 7.052338464010616e+55 7.123363707468051e+55 7.46625300561155e+55 8.088859305413898e+55 8.631592168349926e+55 9.122810708009511e+55 9.564663432603521e+55 1.0140605016394677e+56 1.0652936605102372e+56 1.1100915770963555e+56 1.1246778189579714e+56 1.151266473895518e+56 1.187801416648407e+56 1.2203194684015332e+56 1.2399654555160636e+56 1.2489226793395228e+56 1.2841376413116216e+56 1.3211337885459726e+56 1.3833121114917134e+56 1.4305783692523977e+56 1.468969197490729e+56 1.5013052879158956e+56 1.529803439747398e+56 1.552145077987599e+56 1.5743280265708069e+56 1.592528207805652e+56 1.6095581701417554e+56 
