# time_axis
5.999999999999999 7.0 7.30102999566398 7.477121254719661 7.602059991327962 7.698970004336018 7.778151250383643 7.845098040014256 7.903089986991943 7.954242509439324 8.0 8.041392685158224 8.079181246047623 8.113943352306837 8.146128035678238 8.176091259055681 8.301029995663981 8.47712125471966 8.60205999132796 8.698970004336019 8.778151250383644 8.845098040014257 8.903089986991942 8.954242509439323 8.999999999999998 9.004321373782641 9.008600171761916 9.012837224705171 9.017033339298779 9.021189299069936 9.02530586526477 9.02938377768521 9.033423755486949 9.041392685158224 9.079181246047623 9.146128035678236 9.204119982655923 9.255272505103305 9.301029995663981 9.361727836017593 9.414973347970816 9.462397997898954 9.477121254719663 9.505149978319904 9.544068044350274 9.57978359661681 9.60205999132796 9.612783856719734 9.653212513775342 9.698970004336017 9.778151250383642 9.845098040014257 9.903089986991944 9.954242509439325 10.0 10.041392685158225 10.079181246047623 10.113943352306835 10.146128035678236 
# total_gas_mass_list
8.7873673767305 10.425853467292905 10.725948685105575 10.447711558162386 10.120085442681372 9.753730300719704 9.359049080027829 8.943603716987901 8.513180426139913 8.073346269376767 7.632076479099045 7.20460937811207 6.82052447077042 6.521547423414978 6.330427467554117 6.225253897403792 6.78818360570587 7.100283308040267 7.240674479730269 7.328637179715277 7.391379340492157 7.439127288019235 7.477578773800555 7.509394237906445 7.53639670574938 7.538916602824874 7.541345245846693 7.543717441842914 7.5460630447273065 7.548396816596372 7.550721905372724 7.5530436160861045 7.555350389130202 7.559759848098252 7.580228746519111 7.6148353565728675 7.642791775978863 7.66634383320851 7.686443144841244 7.7111751757252325 7.731789749163193 7.749405512897932 7.754937749852789 7.764556669040786 7.777809158509549 7.788964458566379 7.795739356865667 7.7987224573763765 7.810376197863107 7.822100320161938 7.84096328034546 7.855279944203688 7.867683072934962 7.878953554636821 7.889443879311098 7.898228636038264 7.907096772497064 7.915065047093141 7.922361910640436 
# ejected_gas_mass_list
-10.0 -10.0 4.0635336301708085 5.7250640558139025 6.349598265956015 6.6644962599801865 6.838557760261654 6.950388167005266 7.0316756323611465 7.09478112728935 7.1458748921705 7.188153702855781 7.223760441186128 7.2542592134017 7.280789573894814 7.304182825572824 7.390856486649615 7.4921004016406805 7.554614194241552 7.599533108475181 7.634280538593455 7.662212744819321 7.685624647809068 7.705603453950015 7.722983323510345 7.724624804070142 7.726209980262122 7.727761283109874 7.729298076033161 7.7308299555631965 7.732358945912915 7.733888509130562 7.735410991976233 7.738328899521794 7.752004435425919 7.775606346613823 7.7951038289413885 7.811820919081352 7.826293176821754 7.844355433857851 7.85962010530011 7.872811669540161 7.876982060853171 7.884264119704463 7.8943607169551315 7.902916004698568 7.908136721237376 7.9104413982918995 7.919479133181939 7.928625975771641 7.943455054541945 7.95480105249782 7.964692759090519 7.9737303687217365 7.982183823863097 7.989293176418574 7.996497649514889 8.002994474710125 8.008963076689144 
# stellar_mass_list
-10.0 6.644699873161771 8.290862374342337 8.728437831454825 8.804998916989884 8.816991069786022 8.809603302387334 8.797533582821764 8.78569710474906 8.775360478545114 8.766564215825696 8.759039460603613 8.75250301887083 8.746731534324665 8.741562581295694 8.736877857705602 8.718278226265781 8.693679305520572 8.676776875293866 8.663801679216013 8.6532297704101 8.644279288840313 8.636506007404812 8.629614339224517 8.623419086937853 8.622822408696656 8.622246091915555 8.6216820225652 8.621122132346583 8.62056240996719 8.620001187937785 8.619437685532136 8.61887406363012 8.617789927716208 8.612648147370933 8.60343682334405 8.595416244778027 8.588205828243229 8.581765857145173 8.573194021516056 8.565528333336143 8.558639011922672 8.556406627570581 8.552359873225722 8.546501712529805 8.541218802226307 8.537826860056608 8.536283912170287 8.529962117456485 8.523083792850237 8.51055734060012 8.499910251381527 8.490601034829005 8.482048366185468 8.473947767974325 8.467013129246865 8.460082285423399 8.453829374287352 8.44811435654642 
# remnant_mass_list
-10.0 -10.0 5.266082128858162 6.918185634032682 7.43834554694603 7.641547900376226 7.745831159546914 7.806648661686238 7.84561111689712 7.872848537860942 7.893311902893093 7.909571634582055 7.923033434955423 7.9345089099190185 7.944509599223674 7.953363914108414 7.98663646651269 8.026619331781419 8.051752761589471 8.06989220304993 8.08398791379941 8.0954712631453 8.105125693295427 8.113448362046045 8.120747088996598 8.121441448392687 8.122110175807972 8.122763055363013 8.12340978281351 8.12405511542887 8.124700991562147 8.125348415391104 8.125994819698693 8.127233440676473 8.13304012545977 8.143172863534513 8.151722301278122 8.159202283922902 8.16572068331044 8.17416876137059 8.181513763179623 8.187950568411786 8.190005529295657 8.193686112624567 8.198929603813331 8.203566635606235 8.206502410338645 8.207824723218124 8.213182369212362 8.218878117184618 8.228933779628537 8.23716065346568 8.244123812895676 8.250344064962675 8.256086603253992 8.260878626884299 8.265572895876984 8.269718233154151 8.273434314479516 
# BH_mass_list
-10.0 -10.0 5.03216758697228 6.680524502716114 7.150471976620538 7.28028081073325 7.3300831833101245 7.349866648229469 7.357591652459258 7.360520535803725 7.3615717237124905 7.361927176845741 7.362033151422147 7.362049325716367 7.362054910039327 7.362057715403749 7.362059522024619 7.362059522024619 7.362059522024619 7.362059522024619 7.362059522024619 7.362059522024619 7.362059522024619 7.362059522024619 7.362059522024619 7.362059522024619 7.362059522024619 7.362059522024619 7.362059522024619 7.362059522024619 7.362059522024619 7.362059522024619 7.362059522024619 7.362059522024619 7.362059522024619 7.362059522024619 7.362059522024619 7.362059522024619 7.362059522024619 7.362059522024619 7.362059522024619 7.362059522024619 7.362059522024619 7.362059522024619 7.362059522024619 7.362059522024619 7.362059522024619 7.362059522024619 7.362059522024619 7.362059522024619 7.362059522024619 7.362059522024619 7.362059522024619 7.362059522024619 7.362059522024619 7.362059522024619 7.362059522024619 7.362059522024619 7.362059522024619 
# NS_mass_list
-10.0 -10.0 4.885634647240861 6.542934477848596 7.1237480835244105 7.393377033485167 7.534181992298782 7.607586056810802 7.638419086452465 7.651195862844979 7.656293895659291 7.658244586527033 7.658959859459629 7.659211147238324 7.659294675708556 7.659323255032449 7.659341259503485 7.659341259503485 7.659341259503485 7.659341259503485 7.659341259503485 7.659341259503485 7.659341259503485 7.659341259503485 7.659341259503485 7.659341259503485 7.659341259503485 7.659341259503485 7.659341259503485 7.659341259503485 7.659341259503485 7.659341259503485 7.659341259503485 7.659341259503485 7.659341259503485 7.659341259503485 7.659341259503485 7.659341259503485 7.659341259503485 7.659341259503485 7.659341259503485 7.659341259503485 7.659341259503485 7.659341259503485 7.659341259503485 7.659341259503485 7.659341259503485 7.659341259503485 7.659341259503485 7.659341259503485 7.659341259503485 7.659341259503485 7.659341259503485 7.659341259503485 7.659341259503485 7.659341259503485 7.659341259503485 7.659341259503485 7.659341259503485 
# WD_mass_list
-10.0 -10.0 -10.0 -10.0 -10.0 3.2557073376546053 5.003990818301538 6.0706088933288225 6.580672442244623 6.838292988289244 6.995932742187108 7.102705348687865 7.180232701141305 7.239528957760615 7.28675914032815 7.325576933545935 7.451980977761285 7.575925929184771 7.6434376853336365 7.688450827237303 7.721632539140898 7.747640680231489 7.768860432518918 7.786714542783392 7.80205862028627 7.803503718160361 7.804893115238041 7.806247366685442 7.8075867057803645 7.8089210321362215 7.8102543676893 7.811588785028294 7.812919000017373 7.81546208892477 7.827283842309664 7.847532473390789 7.864261410849633 7.878645909805143 7.89099882666344 7.906767760742737 7.9202668220948755 7.931942676761522 7.935640864299804 7.942229935644264 7.951541804467612 7.95970500486829 7.96483933017196 7.967143455301333 7.9764264286770565 7.986204639855317 8.00324865140343 8.016993792408195 8.028493763741901 8.038666911872257 8.04797781306291 8.055689764293813 8.063194721169577 8.069782128171104 8.075656214525376 
