# time_axis
5.999999999999999 7.0 7.30102999566398 7.477121254719661 7.602059991327962 7.698970004336018 7.778151250383643 7.845098040014256 7.903089986991943 7.954242509439324 8.0 8.041392685158224 8.079181246047623 8.113943352306837 8.146128035678238 8.176091259055681 8.301029995663981 8.47712125471966 8.60205999132796 8.698970004336019 8.778151250383644 8.845098040014257 8.903089986991942 8.954242509439323 8.999999999999998 9.004321373782641 9.008600171761916 9.012837224705171 9.017033339298779 9.021189299069936 9.02530586526477 9.02938377768521 9.033423755486949 9.041392685158224 9.079181246047623 9.146128035678236 9.204119982655923 9.255272505103305 9.301029995663981 9.361727836017593 9.414973347970816 9.462397997898954 9.477121254719663 9.505149978319904 9.544068044350274 9.57978359661681 9.60205999132796 9.612783856719734 9.653212513775342 9.698970004336017 9.778151250383642 9.845098040014257 9.903089986991944 9.954242509439325 10.0 10.041392685158225 10.079181246047623 10.113943352306835 10.146128035678236 
# total_gas_mass_list
8.0527885665652 9.508280004829304 10.01318821668668 10.061462852426777 10.07946312310251 10.062751015845802 10.021001009334437 9.961804098755634 9.890133401311546 9.809224831244991 9.72124366017747 9.627689777443823 9.529637835776171 9.42788153694589 9.323022822619171 9.215528929634061 9.625700072806593 9.703790197816158 9.707970705752983 9.70826795316117 9.708347523672678 9.708404964130109 9.708453232651825 9.70849503118448 9.708531821937733 9.70853528269027 9.708538700457321 9.70854207460037 9.70854540607512 9.70854869867315 9.708551956938226 9.70855518646655 9.708558395028263 9.708564716976397 9.708594353905267 9.708646122466947 9.708689656923418 9.708727327171182 9.708760341834111 9.708802523031192 9.708838241480997 9.708869439264042 9.70887905531515 9.708896898430377 9.708921222195645 9.708941810651556 9.708954756353393 9.708960414206015 9.70898249484501 9.709005269124601 9.709042398570547 9.709071295516493 9.709096855355156 9.709120523904806 9.709142910520606 9.709162573256487 9.709181798746524 9.709200002397203 9.709216423847005 
# ejected_gas_mass_list
-10.0 -10.0 3.4721812548937803 4.954610242149859 5.635609147782655 5.99879524669949 6.233114613730259 6.400980477543804 6.528452473504177 6.628312914013428 6.708347783299826 6.773572245781011 6.827454177180748 6.872477484596897 6.910460304661168 6.942784378946619 7.039721316378866 7.123065193866023 7.167026497120976 7.1964993362696905 7.2184543111555275 7.235704812770161 7.2498015861149705 7.261656062340788 7.271830220929071 7.272775154449531 7.273706345012034 7.2746237027635114 7.2755275697486015 7.276419051296617 7.27729944596308 7.278170324725677 7.279033830070544 7.280730237513937 7.288596051137805 7.302004204276699 7.312969058207299 7.322239373558418 7.330205045292726 7.340175172229615 7.348443111616749 7.355538593431268 7.357702557202324 7.36168969280933 7.367066924891907 7.3715671713836874 7.374373269857935 7.375594016194865 7.380325758196641 7.385152976362152 7.392910175730285 7.3988534203491145 7.404043703335824 7.408795507831131 7.413242835148459 7.41711200531998 7.42086226310068 7.424383742895202 7.427536269428973 
# stellar_mass_list
-10.0 5.734029803940786 7.195097728979672 7.743047819386602 7.892618160764202 7.9829307682028725 8.035808934790667 8.064644480139421 8.07794446530183 8.081117926599246 8.077696147270439 8.070051968875662 8.059813625987482 8.048111980482613 8.035732766986554 8.023216063897122 7.923861802514606 7.864294236531121 7.8306441241455556 7.807150811040549 7.78915642497655 7.774613920212162 7.762435655379452 7.7519714442349805 7.742817461210533 7.7419586759642876 7.741110934043743 7.74027484945559 7.7394500185974815 7.738635418408733 7.737829641832438 7.737031150434767 7.7362378585841 7.734675412310191 7.72736313622394 7.714649947267472 7.703897644113065 7.694529535442685 7.686276452828943 7.675559845050883 7.666289312252738 7.658119744190812 7.6555585848517556 7.650806426386326 7.644125614871191 7.63826499416879 7.634446054723551 7.632768531910303 7.625963838665751 7.618647048574729 7.60572221047715 7.595001569040238 7.585633323536607 7.5770217755939635 7.5689376599096345 7.561945547936669 7.555025425023845 7.548717000244258 7.543010942124957 
# remnant_mass_list
-10.0 -10.0 4.7843245859526 6.257444158309983 6.885714331204893 7.177567808907012 7.365308955377344 7.497382251320043 7.594223386305978 7.667068265774006 7.722832342405703 7.766076878320002 7.799952283586263 7.82670784189065 7.8479905647358255 7.865029870772044 7.895999085278124 7.9136832238677615 7.922715869791665 7.928639034450854 7.932973948800301 7.936354523379338 7.939103845986944 7.941408480831388 7.94338156715653 7.943564742135845 7.943745197034564 7.943922795473659 7.944097642972551 7.944269985862395 7.9444401698678 7.944608558821868 7.9447756458767875 7.9451039173568025 7.946624685881353 7.94921151966471 7.951343210299681 7.953161206959697 7.954731999840081 7.95672815200054 7.958417781947222 7.9598789329797714 7.960332674913034 7.961165533881915 7.962325076926948 7.963323128511655 7.963971157056674 7.964250423188122 7.965386112570316 7.966580800975136 7.968654873916795 7.970329531559754 7.971764920419287 7.973068213134334 7.974279055366193 7.97530259641107 7.976312725284217 7.9772193250548415 7.978025764481019 
# BH_mass_list
-10.0 -10.0 4.640445349106691 6.110892041188821 6.7226111777891635 6.988448085520698 7.157878140853673 7.275426108702425 7.360142856790115 7.422588944263669 7.469300104439647 7.504586177876548 7.531415808997407 7.551900640116527 7.567579528223151 7.57959447303501 7.588804403268135 7.588804403268135 7.588804403268135 7.588804403268135 7.588804403268135 7.588804403268135 7.588804403268135 7.588804403268135 7.588804403268135 7.588804403268135 7.588804403268135 7.588804403268135 7.588804403268135 7.588804403268135 7.588804403268135 7.588804403268135 7.588804403268135 7.588804403268135 7.588804403268135 7.588804403268135 7.588804403268135 7.588804403268135 7.588804403268135 7.588804403268135 7.588804403268135 7.588804403268135 7.588804403268135 7.588804403268135 7.588804403268135 7.588804403268135 7.588804403268135 7.588804403268135 7.588804403268135 7.588804403268135 7.588804403268135 7.588804403268135 7.588804403268135 7.588804403268135 7.588804403268135 7.588804403268135 7.588804403268135 7.588804403268135 7.588804403268135 
# NS_mass_list
-10.0 -10.0 4.234583066547189 5.7144345093725475 6.381390092696687 6.725371196048154 6.9444293687552126 7.096682822733441 7.205041811842858 7.284649601016284 7.344095183050149 7.388952705296338 7.42304462405746 7.44907888969933 7.469020017295598 7.484319689190983 7.504559296943842 7.504559296943842 7.504559296943842 7.504559296943842 7.504559296943842 7.504559296943842 7.504559296943842 7.504559296943842 7.504559296943842 7.504559296943842 7.504559296943842 7.504559296943842 7.504559296943842 7.504559296943842 7.504559296943842 7.504559296943842 7.504559296943842 7.504559296943842 7.504559296943842 7.504559296943842 7.504559296943842 7.504559296943842 7.504559296943842 7.504559296943842 7.504559296943842 7.504559296943842 7.504559296943842 7.504559296943842 7.504559296943842 7.504559296943842 7.504559296943842 7.504559296943842 7.504559296943842 7.504559296943842 7.504559296943842 7.504559296943842 7.504559296943842 7.504559296943842 7.504559296943842 7.504559296943842 7.504559296943842 7.504559296943842 7.504559296943842 
# WD_mass_list
-10.0 -10.0 -10.0 -10.0 -10.0 2.2725953578719325 3.8790394919151185 4.925810768290731 5.5243756057629945 5.868750555399984 6.105398387918193 6.2806669700765605 6.415977709368256 6.5233114835934565 6.61014603523471 6.681480410511695 6.900386113527078 7.050042159956309 7.112071405048876 7.149016739637807 7.174483657910269 7.193521533559339 7.208515465818039 7.2207673529118095 7.231038721755424 7.2319824102443935 7.232910472531182 7.233822287429612 7.234718475560716 7.235600372204222 7.236469810284376 7.237328702445936 7.238179606681 7.239847464949919 7.247507740749464 7.260294789376419 7.270611438332125 7.2792591881865265 7.286623282232974 7.295842268583311 7.303527804134066 7.310089721809829 7.312111872664311 7.315804717283178 7.320905942328998 7.3252599822408815 7.328069139174802 7.329275442808343 7.334154776983882 7.339242659104107 7.34796893964165 7.354918703563663 7.3608091705852985 7.366105787060656 7.370983479570626 7.375074818275786 7.379084439722593 7.382659706139929 7.385821639604712 
