# time_axis
5.999999999999999 7.0 7.30102999566398 7.477121254719661 7.602059991327962 7.698970004336018 7.778151250383643 7.845098040014256 7.903089986991943 7.954242509439324 8.0 8.041392685158224 8.079181246047623 8.113943352306837 8.146128035678238 8.176091259055681 8.301029995663981 8.47712125471966 8.60205999132796 8.698970004336019 8.778151250383644 8.845098040014257 8.903089986991942 8.954242509439323 8.999999999999998 9.004321373782641 9.008600171761916 9.012837224705171 9.017033339298779 9.021189299069936 9.02530586526477 9.02938377768521 9.033423755486949 9.041392685158224 9.079181246047623 9.146128035678236 9.204119982655923 9.255272505103305 9.301029995663981 9.361727836017593 9.414973347970816 9.462397997898954 9.477121254719663 9.505149978319904 9.544068044350274 9.57978359661681 9.60205999132796 9.612783856719734 9.653212513775342 9.698970004336017 9.778151250383642 9.845098040014257 9.903089986991944 9.954242509439325 10.0 10.041392685158225 10.079181246047623 10.113943352306835 10.146128035678236 
# total_gas_mass_list
8.786125774319903 10.396203302928296 10.665114971047544 10.436840895377781 10.144438990815885 9.813788881181672 9.459550327318025 9.090396792200504 8.711847581330732 8.327760683933088 7.941435001323536 7.556759468395297 7.179966493099666 6.8223815761452675 6.502822856386665 6.24480595061025 6.576625980050213 6.824843103197848 6.947034905464714 7.026479012709333 7.0841725811652045 7.128683149123507 7.1644561410152505 7.194412148450923 7.219623198349226 7.221865780375383 7.224123485234513 7.226452607480879 7.2286195014065076 7.230826654792208 7.233047878919806 7.235255815164392 7.23737341399004 7.241649072226536 7.260767531592794 7.293345784796146 7.319724761078797 7.342035469505896 7.361065742711548 7.384531294671405 7.404288863700905 7.420971542639369 7.426165794041156 7.435614251479 7.448261189573309 7.459080046897146 7.4656407829402625 7.468563880882515 7.479789804598803 7.49126942710347 7.510133386387496 7.523862257083732 7.534787587731489 7.5440814982326545 7.552062408082683 7.558601658851264 7.564310309401936 7.569690997118707 7.574458061450706 
# ejected_gas_mass_list
-10.0 -10.0 3.5696009813213925 5.548299956084488 6.130661231574346 6.396097954244382 6.543019283475699 6.6415364080117 6.718251174193789 6.779240520079098 6.828742407304256 6.869607478774282 6.9039374771387525 6.933306036251839 6.958782703785145 6.981213425923999 7.064132945866081 7.161364232728761 7.221954267781024 7.265938019011689 7.300107450353076 7.327719241021032 7.350680578808113 7.3704236474604174 7.387395619773959 7.3889208480633135 7.390458904198594 7.392048281531999 7.393529384027999 7.395040406581096 7.396563504918868 7.398079915871223 7.399536549378988 7.402484394588259 7.41577514626982 7.438828466370421 7.457860308696289 7.474205229886607 7.488322393303169 7.5059469279170825 7.520968033887789 7.533777591784779 7.537789115141003 7.545114033303231 7.554974216991944 7.5634589803792736 7.56862637785609 7.570934005942097 7.579826491826961 7.588968973827949 7.604098067668926 7.6151896890955735 7.6240640389078 7.631645986670957 7.638180498224476 7.643550763392828 7.6482506754422985 7.652690529803609 7.656632060712475 
# stellar_mass_list
-10.0 6.263247029039564 7.88216208073913 8.247628735323126 8.246785177223293 8.227374543775833 8.206590647020224 8.187577789229836 8.170397368524764 8.1551938044918 8.141433973628214 8.129319475002482 8.118526699258183 8.108818037985953 8.10000833427929 8.091952553210866 8.059259828553511 8.013960797519797 7.980983761387274 7.954353924583392 7.931769200228295 7.912109299324258 7.894589941111658 7.878741058514693 7.8642262010348345 7.862816927423469 7.861439427960145 7.860096398543254 7.858734406228715 7.857416607935262 7.856085303999774 7.854741307552503 7.853395977289464 7.850783177003488 7.838299980872536 7.815429199586032 7.794938634818297 7.776000583363692 7.758620866081375 7.734803107499042 7.712823952501332 7.6923612278423095 7.68562049451675 7.673150150397257 7.654687366600378 7.637579540677751 7.626308822409718 7.621118523373618 7.599399644812853 7.57482155266415 7.5272414768554965 7.484794304381656 7.448974572253532 7.417140298636305 7.387888661335484 7.363408575729485 7.339570960362096 7.318443729275924 7.299518027375368 
# remnant_mass_list
-10.0 -10.0 4.7492780564257915 6.838296423757242 7.342494723319917 7.50418317418245 7.579154763682964 7.619495025530712 7.6437803223985705 7.660228955514286 7.672492659508247 7.682273701522791 7.690429944027603 7.697439341063054 7.70358898103081 7.709068472213873 7.730026689661139 7.756187107085361 7.773350765151084 7.786165039618648 7.796344690307719 7.8047389969473935 7.8118555624270805 7.818017341057159 7.823438138645467 7.8239540727120485 7.8244552734793755 7.824944082041724 7.8254268304817804 7.825905067911779 7.826387180922671 7.826869490353891 7.8273499646505975 7.828277085201877 7.832618891834478 7.840226012108939 7.846664797279535 7.852327956518946 7.85728600881591 7.8637280547297 7.869347717021886 7.874301385150784 7.875889158709474 7.8787331576530075 7.882804881801944 7.886397666502557 7.888692207569589 7.88971747814756 7.893913340949008 7.898372843896381 7.906311803174208 7.912620297945193 7.917392688230737 7.921274638894063 7.924574518155201 7.927101289598889 7.929439737438693 7.9313747518280975 7.932993178864611 
# BH_mass_list
-10.0 -10.0 4.493300773703361 6.682559171447272 7.16349356277035 7.2783628206792 7.315677368095513 7.32764888708415 7.331270633718386 7.332274752412679 7.3325224719860875 7.332575079545499 7.3325844993789895 7.3325854617349755 7.3325855475643476 7.332585549633221 7.332585549633221 7.332585549633221 7.332585549633221 7.332585549633221 7.332585549633221 7.332585549633221 7.332585549633221 7.332585549633221 7.332585549633221 7.332585549633221 7.332585549633221 7.332585549633221 7.332585549633221 7.332585549633221 7.332585549633221 7.332585549633221 7.332585549633221 7.332585549633221 7.332585549633221 7.332585549633221 7.332585549633221 7.332585549633221 7.332585549633221 7.332585549633221 7.332585549633221 7.332585549633221 7.332585549633221 7.332585549633221 7.332585549633221 7.332585549633221 7.332585549633221 7.332585549633221 7.332585549633221 7.332585549633221 7.332585549633221 7.332585549633221 7.332585549633221 7.332585549633221 7.332585549633221 7.332585549633221 7.332585549633221 7.332585549633221 7.332585549633221 
# NS_mass_list
-10.0 -10.0 4.397974905020185 6.31736046883447 6.871135425179787 7.11210576736492 7.236006049413909 7.300326417605819 7.329543517045638 7.342068299919483 7.347131465355125 7.3490624786380225 7.349754812206008 7.349989280062438 7.350064235448185 7.350086445422524 7.350097088984526 7.350097088984526 7.350097088984526 7.350097088984526 7.350097088984526 7.350097088984526 7.350097088984526 7.350097088984526 7.350097088984526 7.350097088984526 7.350097088984526 7.350097088984526 7.350097088984526 7.350097088984526 7.350097088984526 7.350097088984526 7.350097088984526 7.350097088984526 7.350097088984526 7.350097088984526 7.350097088984526 7.350097088984526 7.350097088984526 7.350097088984526 7.350097088984526 7.350097088984526 7.350097088984526 7.350097088984526 7.350097088984526 7.350097088984526 7.350097088984526 7.350097088984526 7.350097088984526 7.350097088984526 7.350097088984526 7.350097088984526 7.350097088984526 7.350097088984526 7.350097088984526 7.350097088984526 7.350097088984526 7.350097088984526 7.350097088984526 
# WD_mass_list
-10.0 -10.0 -10.0 -10.0 -10.0 2.9140322225031494 4.6026249566900885 5.609250464449275 6.091238793455831 6.353910451758633 6.518350175443413 6.6302801364967685 6.711350458391894 6.773065578044661 6.821959484701462 6.861970312811196 6.991535305171898 7.118644846169887 7.188673754335178 7.235980787950424 7.271084016725415 7.298602072149033 7.321025930737445 7.339827138058671 7.355929535341703 7.357441718822796 7.3589074072382585 7.360333729766355 7.361739355261067 7.36312890858623 7.364526779174975 7.3659222777488 7.367309556733934 7.3699782902427335 7.382336294218429 7.403457019744752 7.42083810035332 7.435773979303621 7.448594929690306 7.4649161907746775 7.478858829458408 7.490932632751593 7.494761195406387 7.501570006982937 7.511211609670753 7.519618049249263 7.524938644400635 7.527304136550111 7.536909694795186 7.54698995819602 7.564620946976013 7.578357827618243 7.588596820685505 7.5968318336542415 7.603767994303706 7.609040264754692 7.613890147763195 7.617882272142854 7.621206813487813 
