# time_axis
5.999999999999999 7.0 7.30102999566398 7.477121254719661 7.602059991327962 7.698970004336018 7.778151250383643 7.845098040014256 7.903089986991943 7.954242509439324 8.0 8.041392685158224 8.079181246047623 8.113943352306837 8.146128035678238 8.176091259055681 8.301029995663981 8.47712125471966 8.60205999132796 8.698970004336019 8.778151250383644 8.845098040014257 8.903089986991942 8.954242509439323 8.999999999999998 9.004321373782641 9.008600171761916 9.012837224705171 9.017033339298779 9.021189299069936 9.02530586526477 9.02938377768521 9.033423755486949 9.041392685158224 9.079181246047623 9.146128035678236 9.204119982655923 9.255272505103305 9.301029995663981 9.361727836017593 9.414973347970816 9.462397997898954 9.477121254719663 9.505149978319904 9.544068044350274 9.57978359661681 9.60205999132796 9.612783856719734 9.653212513775342 9.698970004336017 9.778151250383642 9.845098040014257 9.903089986991944 9.954242509439325 10.0 10.041392685158225 10.079181246047623 10.113943352306835 10.146128035678236 
# total_gas_mass_list
10.23288729640691 10.680461259833661 10.27158604718573 9.86269678090271 9.45394211813535 9.045444949745926 8.63751139028688 8.230975317213323 7.827785742006634 7.432477385107526 7.054625978639274 6.7121386307245405 6.430417693306601 6.228728169627736 6.1026297917241505 6.028540640539592 6.552068133442475 6.8687253178871845 7.015900992661165 7.109586104221472 7.176946293647697 7.228621234192867 7.270298186419545 7.304909641117844 7.334572749970258 7.337260656183076 7.339889204506584 7.342491365650917 7.345084418494319 7.347674005923747 7.35026231669807 7.35284182496599 7.355352336104355 7.360105852361733 7.382640356757511 7.420795804300343 7.4518878378238975 7.478038120587405 7.500284028065248 7.528092915298346 7.551350622292339 7.571042270470631 7.577296892939788 7.588093770339621 7.603051893121125 7.615723191199094 7.62335676415286 7.626764566496424 7.639993119875725 7.653345292946289 7.6749061405309105 7.6913292325050895 7.7054436130271755 7.7182426980328875 7.730241627644841 7.740347285461119 7.750256688261353 7.759279501108487 7.767366149317046 
# ejected_gas_mass_list
-10.0 -10.0 5.2457247383756425 5.977837057435758 6.329104303163143 6.512331006433922 6.628736417572449 6.715262466667208 6.7835606062962635 6.839564674383891 6.886190573073844 6.9256152656541285 6.959517012969413 6.9891177571902245 7.015306674376585 7.038727255660247 7.128070885640543 7.236943837943152 7.306160939326646 7.356694859631466 7.39610047373123 7.428027476081384 7.454820961029158 7.477761158165532 7.497906267500218 7.499753413991293 7.501563223750011 7.503358222251099 7.505150252594009 7.506943182897765 7.508738511986354 7.510530993034863 7.512278644100657 7.515596120237632 7.531471059259883 7.55889679024372 7.581737853547783 7.601279434400309 7.618134271946367 7.639493647186176 7.6575971950558 7.673090667157937 7.678042948109836 7.686626418900061 7.698589680810876 7.708787921892528 7.7149594976548705 7.717721315544004 7.728480906675727 7.739402478030053 7.757165701667556 7.770798918630469 7.782584802833437 7.793326455286406 7.803442349091884 7.8119958269573555 7.820412643439741 7.828101383338651 7.835012308997693 
# stellar_mass_list
-10.0 8.018217131417677 8.58301264807968 8.656349343443543 8.66796904682904 8.664213452139476 8.656778980982024 8.649110353375038 8.642132533617056 8.63597935821525 8.630563783645337 8.625755958342051 8.621440887560771 8.617526962360387 8.613943742728521 8.610637326665879 8.597015898096483 8.577994467723713 8.564366792069643 8.553636049703103 8.544722933415803 8.537083857105621 8.53036032759179 8.524357148264432 8.518886216945832 8.51837412992948 8.517872611394317 8.517373175342007 8.516872747884467 8.51637026992041 8.515865289978402 8.515359362499998 8.514863941636893 8.513921338970995 8.509332371226721 8.501047448355658 8.493733985522235 8.487144386420903 8.481204817070918 8.473211170535388 8.46600733666242 8.459490885140447 8.457357044223405 8.453515801478071 8.447909561552578 8.44279580961659 8.43953180823923 8.438029459608263 8.431875285219819 8.425111885916348 8.412705845111908 8.402079279877649 8.392788450415592 8.384252761932505 8.376146320596314 8.369229276327982 8.362294210962096 8.356057556065407 8.350341186998957 
# remnant_mass_list
-10.0 -10.0 6.414717502244313 7.046723581961454 7.261194831818965 7.369015840979202 7.433689236161593 7.476986653967046 7.508644399146262 7.533295486693725 7.553374220188192 7.570276783037234 7.584849499786693 7.597645569775696 7.609041200542774 7.619302141091958 7.659137879900641 7.709197054980775 7.741646685583469 7.765453585424315 7.784171605469472 7.799509046001029 7.812504539265787 7.823730086194442 7.833666241399516 7.8345820726489785 7.835476495329308 7.836365069059608 7.837253329426954 7.838143114110368 7.839035322826565 7.839927187452045 7.84079819441221 7.842448374674922 7.850375746365737 7.86424594813783 7.876039450841419 7.886323473173566 7.895325939737908 7.907061539521169 7.917283076063271 7.9262518491531155 7.929135180466789 7.934254079976664 7.941578193893461 7.948106056931798 7.952199546935883 7.954064069224321 7.961586942372261 7.969630971964377 7.983827704520793 7.995435836421572 8.005191618735886 8.013851659314046 8.021821871716186 8.028424941143038 8.034881879757956 8.040545535647741 8.04562187654268 
# BH_mass_list
-10.0 -10.0 6.1444079626717905 6.724498074176383 6.834238789494124 6.870505120786651 6.883872344613421 6.888981165400016 6.890954282514428 6.891703218386888 6.891980606800278 6.892077436068006 6.892102011434071 6.892108050262816 6.892111206918248 6.892113190888173 6.892114674891834 6.892114674891834 6.892114674891834 6.892114674891834 6.892114674891834 6.892114674891834 6.892114674891834 6.892114674891834 6.892114674891834 6.892114674891834 6.892114674891834 6.892114674891834 6.892114674891834 6.892114674891834 6.892114674891834 6.892114674891834 6.892114674891834 6.892114674891834 6.892114674891834 6.892114674891834 6.892114674891834 6.892114674891834 6.892114674891834 6.892114674891834 6.892114674891834 6.892114674891834 6.892114674891834 6.892114674891834 6.892114674891834 6.892114674891834 6.892114674891834 6.892114674891834 6.892114674891834 6.892114674891834 6.892114674891834 6.892114674891834 6.892114674891834 6.892114674891834 6.892114674891834 6.892114674891834 6.892114674891834 6.892114674891834 6.892114674891834 
# NS_mass_list
-10.0 -10.0 6.080627449377439 6.765902620536951 7.057666159619633 7.202248041273063 7.277095828441626 7.30312035898518 7.312864355354074 7.316602733740473 7.318045532982196 7.318601114169646 7.318814059629029 7.318893155430562 7.318923369986877 7.318936774756992 7.3189476454504225 7.3189476454504225 7.3189476454504225 7.3189476454504225 7.3189476454504225 7.3189476454504225 7.3189476454504225 7.3189476454504225 7.3189476454504225 7.3189476454504225 7.3189476454504225 7.3189476454504225 7.3189476454504225 7.3189476454504225 7.3189476454504225 7.3189476454504225 7.3189476454504225 7.3189476454504225 7.3189476454504225 7.3189476454504225 7.3189476454504225 7.3189476454504225 7.3189476454504225 7.3189476454504225 7.3189476454504225 7.3189476454504225 7.3189476454504225 7.3189476454504225 7.3189476454504225 7.3189476454504225 7.3189476454504225 7.3189476454504225 7.3189476454504225 7.3189476454504225 7.3189476454504225 7.3189476454504225 7.3189476454504225 7.3189476454504225 7.3189476454504225 7.3189476454504225 7.3189476454504225 7.3189476454504225 7.3189476454504225 
# WD_mass_list
-10.0 -10.0 -10.0 -10.0 -10.0 4.560055714852608 5.750996948465541 6.332423229474581 6.594003923849076 6.749688062414342 6.854972585135894 6.932054747066349 6.991657217763137 7.039630355562601 7.079422197594913 7.11320100929221 7.229820414216293 7.35312052708482 7.42357502726637 7.471708094935982 7.507785433006363 7.536327229225734 7.559859786633214 7.579743493028208 7.597022327670029 7.598600404308859 7.600139274890009 7.60166582671659 7.603189604445147 7.6047137670943386 7.606239852093626 7.607763127945662 7.609248647215876 7.612057320307529 7.625447235677162 7.648482660561387 7.667699083765426 7.684195187423179 7.69844646139559 7.716772580361971 7.732513557083175 7.746164149073889 7.750521716406087 7.75822181513867 7.769160714554176 7.778834813052192 7.784865882181293 7.787604074973795 7.79859673198219 7.81025542071919 7.83060095846076 7.847028271293638 7.860696264956368 7.872727849189303 7.883719864048139 7.892769289764708 7.901569784760745 7.90925043299511 7.9161046039385035 
