# time_axis
1000000 10000000 20000000 30000000 40000000 50000000 60000000 70000000 80000000 90000000 100000000 110000000 120000000 130000000 140000000 150000000 200000000 300000000 400000000 500000000 600000000 700000000 800000000 900000000 1000000000 1010000000 1020000000 1030000000 1040000000 1050000000 1060000000 1070000000 1080000000 1100000000 1200000000 1400000000 1600000000 1800000000 2000000000 2300000000 2600000000 2900000000 3000000000 3200000000 3500000000 3800000000 4000000000 4100000000 4500000000 5000000000 6000000000 7000000000 8000000000 9000000000 10000000000 11000000000 12000000000 13000000000 14000000000 
# SNIa_energy_release_list
0 0.0 0.0 0.0 0.0 0.0 9.342895656740792e+54 4.3194471258849456e+55 8.365628614338909e+55 1.2368419086506763e+56 1.6083641895781062e+56 1.9455455974591992e+56 2.24993676669967e+56 2.525325382032569e+56 2.775792125605186e+56 3.0050240817450355e+56 3.924400082679134e+56 5.148087616225013e+56 5.983836191172316e+56 6.619620479025436e+56 7.132990526093308e+56 7.563525351877011e+56 7.934333947288772e+56 8.259975059812305e+56 8.550284249777244e+56 8.577648585383019e+56 8.604752373003311e+56 8.63157763544478e+56 8.658137640050465e+56 8.684439206033495e+56 8.71047791391419e+56 8.736263554345086e+56 8.761805718662891e+56 8.812176433569982e+56 9.050735128364533e+56 9.472211484684774e+56 9.836275890994821e+56 1.0156719418975682e+57 1.044291241496188e+57 1.0821939111740518e+57 1.1153908010899863e+57 1.1449226437158282e+57 1.154092356550885e+57 1.1715194646398256e+57 1.1957104379374085e+57 1.2178993345314215e+57 1.2317314786210523e+57 1.2383883163959765e+57 1.2634786520543066e+57 1.2918545482338496e+57 1.3409268624193548e+57 1.3823836739263859e+57 1.4182742565213834e+57 1.4499273514165175e+57 1.478217090329732e+57 1.5038125702727773e+57 1.5271726847926611e+57 1.5486574557830817e+57 1.5685459279107584e+57 
# SNII_energy_release_list
0 0.0 2.3793670489716162e+55 1.0169904851201708e+56 1.716547276612988e+56 2.252247480624566e+56 2.6143733957527344e+56 2.78822204195229e+56 2.871689659060657e+56 2.9117713191947284e+56 2.9310222344477095e+56 2.940268905244417e+56 2.944710288445949e+56 2.9468493803456343e+56 2.9478887564941125e+56 2.948399339918576e+56 2.948810500575934e+56 2.948810500575934e+56 2.948810500575934e+56 2.948810500575934e+56 2.948810500575934e+56 2.948810500575934e+56 2.948810500575934e+56 2.948810500575934e+56 2.948810500575934e+56 2.948810500575934e+56 2.948810500575934e+56 2.948810500575934e+56 2.948810500575934e+56 2.948810500575934e+56 2.948810500575934e+56 2.948810500575934e+56 2.948810500575934e+56 2.948810500575934e+56 2.948810500575934e+56 2.948810500575934e+56 2.948810500575934e+56 2.948810500575934e+56 2.948810500575934e+56 2.948810500575934e+56 2.948810500575934e+56 2.948810500575934e+56 2.948810500575934e+56 2.948810500575934e+56 2.948810500575934e+56 2.948810500575934e+56 2.948810500575934e+56 2.948810500575934e+56 2.948810500575934e+56 2.948810500575934e+56 2.948810500575934e+56 2.948810500575934e+56 2.948810500575934e+56 2.948810500575934e+56 2.948810500575934e+56 2.948810500575934e+56 2.948810500575934e+56 2.948810500575934e+56 2.948810500575934e+56 
# SN_energy_per_current_crossing_time_list
0.0 0.0 2.2514714048592293e+55 7.645701816948886e+55 7.250199345961596e+55 5.810546763923163e+55 4.106362474544333e+55 2.1517160091212586e+55 1.1616378299962113e+55 6.596136437784909e+54 4.027120588052664e+54 2.687028114739496e+54 1.965279913402505e+54 1.5582880888583922e+54 1.3138477840076584e+54 1.1547320623597711e+54 9.083097013990222e+53 6.175144309864886e+53 4.310143914503459e+53 3.3323139638396215e+53 2.7254333112391333e+53 2.3099365599833296e+53 2.007431843476844e+53 1.7766774247763153e+53 1.5948584658630642e+53 1.5042621367974666e+53 1.4908710851098985e+53 1.476464694021817e+53 1.4627676272519553e+53 1.4494276570842084e+53 1.4358276183180745e+53 1.4227491170806737e+53 1.4101671291353826e+53 1.3920739780731685e+53 1.3258834510989294e+53 1.1826449365706227e+53 1.0299225782442942e+53 9.129720352979067e+52 8.204437245678598e+52 7.301654368182638e+52 6.438905768812171e+52 5.762169290733927e+52 5.377695037966643e+52 5.127311095079659e+52 4.7671003333418525e+52 4.3904057783081894e+52 4.115630941465391e+52 3.9658529164515826e+52 3.753560120906361e+52 3.411821605466423e+52 2.973078755526213e+52 2.5271841181833907e+52 2.1996814375930253e+52 1.9495866996171947e+52 1.750597418742633e+52 1.5902720880677633e+52 1.457168945797012e+52 1.3451086825683755e+52 1.249330643678685e+52 
# SN_energy_per_final_crossing_time_list
0.0 0.0 3.98571413330158e+55 1.3050049019460516e+56 1.1718382803128791e+56 8.97359604632801e+55 6.124715689894723e+55 3.12481010559598e+55 1.652347088034938e+55 9.22856601583736e+54 5.558535211382767e+54 3.666990466059837e+54 2.6560715285013227e+54 2.0882263604130708e+54 1.747460011035331e+54 1.5254909436509544e+54 1.1688204300466077e+54 7.686816383542149e+53 5.249907073753861e+53 3.993794940532341e+53 3.2248275645877478e+53 2.704483016942944e+53 2.3293018096784665e+53 2.0455740295460897e+53 1.8236301151561064e+53 1.7189406404237852e+53 1.7025738436019565e+53 1.6850777765984725e+53 1.6684151219417823e+53 1.652180828592079e+53 1.6356689175675552e+53 1.6197720242357317e+53 1.60447762820864e+53 1.5820641543866877e+53 1.4985499429495158e+53 1.3237902945901822e+53 1.1434684780106311e+53 1.0064622272263388e+53 8.988867460417061e+52 7.936417706665757e+52 6.951077250606555e+52 6.183655154588688e+52 5.760122328667229e+52 5.473577866224368e+52 5.065333667843041e+52 4.6461200046536106e+52 4.3444567707406696e+52 4.181614036926355e+52 3.940237967615845e+52 3.5649673249273237e+52 3.082566899790406e+52 2.604185212038964e+52 2.2545323928133645e+52 1.9883468758130045e+52 1.7770715366699947e+52 1.6078267464301586e+52 1.4674081911461653e+52 1.349605067620971e+52 1.249330643678685e+52 
# total_energy_release_list
0 0 2.3793670489716162e+55 1.0169904851201708e+56 1.716547276612988e+56 2.252247480624566e+56 2.7078023523201424e+56 3.2201667545407845e+56 3.7082525204945475e+56 4.1486132278454045e+56 4.5393864240258155e+56 4.885814502703616e+56 5.19464705514562e+56 5.472174762378204e+56 5.723680882099299e+56 5.953423421663612e+56 6.8732105832550674e+56 8.096898116800947e+56 8.93264669174825e+56 9.56843097960137e+56 1.0081801026669242e+57 1.0512335852452945e+57 1.0883144447864706e+57 1.1208785560388238e+57 1.1499094750353178e+57 1.1526459085958952e+57 1.1553562873579245e+57 1.1580388136020714e+57 1.1606948140626399e+57 1.1633249706609428e+57 1.1659288414490124e+57 1.168507405492102e+57 1.1710616219238825e+57 1.1760986934145916e+57 1.1999545628940466e+57 1.2421021985260708e+57 1.2785086391570755e+57 1.3105529919551616e+57 1.3391722915537813e+57 1.3770749612316451e+57 1.4102718511475796e+57 1.4398036937734215e+57 1.4489734066084784e+57 1.466400514697419e+57 1.4905914879950018e+57 1.5127803845890149e+57 1.5266125286786456e+57 1.5332693664535698e+57 1.5583597021118999e+57 1.586735598291443e+57 1.6358079124769484e+57 1.6772647239839794e+57 1.7131553065789767e+57 1.744808401474111e+57 1.7730981403873256e+57 1.7986936203303706e+57 1.8220537348502544e+57 1.8435385058406753e+57 1.863426977968352e+57 
# binding_energy_list
8.810488730080146e+54 8.810488730080146e+54 8.790225168308896e+54 8.729713683881166e+54 8.669618757582214e+54 8.609937521846052e+54 8.550667128846876e+54 8.51138038202376e+54 8.472274141405911e+54 8.452788451602891e+54 8.413951416451895e+54 8.394599865193965e+54 8.375292821268861e+54 8.356030182312423e+54 8.336811846196331e+54 8.317637711026743e+54 8.241381150129963e+54 8.147042840208421e+54 8.090958991783846e+54 8.035261221856194e+54 7.99834255007026e+54 7.96159350417325e+54 7.94328234724279e+54 7.90678627999831e+54 7.888601176185516e+54 7.888601176185516e+54 7.888601176185516e+54 7.888601176185516e+54 7.870457896951001e+54 7.870457896951001e+54 7.870457896951001e+54 7.870457896951001e+54 7.870457896951001e+54 7.870457896951001e+54 7.852356346100775e+54 7.816278045883308e+54 7.780365510398008e+54 7.762471166286928e+54 7.744617978025239e+54 7.709034690644309e+54 7.691304402866145e+54 7.673614893618154e+54 7.673614893618154e+54 7.655966069112569e+54 7.638357835776954e+54 7.620790100254084e+54 7.620790100254084e+54 7.620790100254084e+54 7.603262769401822e+54 7.585775750291883e+54 7.550922276654341e+54 7.533555637337217e+54 7.516228940182015e+54 7.498942093324558e+54 7.498942093324558e+54 7.481695005111584e+54 7.464487584100623e+54 7.447319739059888e+54 7.447319739059888e+54 
# total_gas_kinetic_energy_list
1.5237098334911527e+59 4.274823749065705e+59 2.0521508596949145e+59 9.851039976836566e+58 4.72926203427286e+58 2.2706814718811366e+58 1.0904447442907456e+58 5.238515636180498e+57 2.5182676111683053e+57 1.2120887333942742e+57 5.847326669576574e+56 2.832717625385161e+56 1.3829601013933584e+56 6.848044784012412e+55 3.4779566636769307e+55 1.844233537563882e+55 2.548391847470684e+55 3.4943456008199123e+55 4.138732969020991e+55 4.6178877290294504e+55 4.997046866021901e+55 5.309640735215765e+55 5.578884650918828e+55 5.815202716773649e+55 6.026884525379606e+55 6.046475717462746e+55 6.065838127350626e+55 6.085029996121938e+55 6.104174926351238e+55 6.12332005645966e+55 6.142504956400974e+55 6.16168276038094e+55 6.180505156524056e+55 6.216454664861016e+55 6.389051247587099e+55 6.694031761429515e+55 6.953795746365245e+55 7.18167687918567e+55 7.381382580514647e+55 7.638203981636101e+55 7.85824716324589e+55 8.049547295982144e+55 8.110601941871862e+55 8.218181208576034e+55 8.36789681989274e+55 8.49648680346474e+55 8.574787436265771e+55 8.609878595977861e+55 8.746963076441446e+55 8.887081875302443e+55 9.11595470235212e+55 9.293933863931208e+55 9.451966911424993e+55 9.599326949577221e+55 9.740852049770081e+55 9.863469527093867e+55 9.985646688882377e+55 1.0099948188927806e+56 1.0204139139485868e+56 
