# time_axis
5.999999999999999 7.0 7.30102999566398 7.477121254719661 7.602059991327962 7.698970004336018 7.778151250383643 7.845098040014256 7.903089986991943 7.954242509439324 8.0 8.041392685158224 8.079181246047623 8.113943352306837 8.146128035678238 8.176091259055681 8.301029995663981 8.47712125471966 8.60205999132796 8.698970004336019 8.778151250383644 8.845098040014257 8.903089986991942 8.954242509439323 8.999999999999998 9.004321373782641 9.008600171761916 9.012837224705171 9.017033339298779 9.021189299069936 9.02530586526477 9.02938377768521 9.033423755486949 9.041392685158224 9.079181246047623 9.146128035678236 9.204119982655923 9.255272505103305 9.301029995663981 9.361727836017593 9.414973347970816 9.462397997898954 9.477121254719663 9.505149978319904 9.544068044350274 9.57978359661681 9.60205999132796 9.612783856719734 9.653212513775342 9.698970004336017 9.778151250383642 9.845098040014257 9.903089986991944 9.954242509439325 10.0 10.041392685158225 10.079181246047623 10.113943352306835 10.146128035678236 
# total_gas_mass_list
10.425925345093205 10.874041318594493 10.555332658269979 10.23660860696495 9.917931715388889 9.599310597100239 9.280775774722164 8.962405168761562 8.644331058247895 8.326803495215982 8.010272407810461 7.695566348532013 7.384212814056559 7.078976416749512 6.784658073826636 6.508932559336953 6.64804876134978 6.782580002034852 6.855233828919187 6.903649713788491 6.939181660037871 6.9667292478739045 6.989047857811015 7.007627941902974 7.023536174690459 7.024987154548972 7.026405501535437 7.027806658087702 7.0291992315862 7.030585269717869 7.031968261608542 7.033345058499563 7.034692593084399 7.037256702346296 7.049313966699733 7.069759762159029 7.08632094244901 7.1002401497940575 7.112030661589593 7.126696181223128 7.1388654107301095 7.14919361221436 7.152447083354183 7.1580983589599265 7.165792409520925 7.172335677129472 7.176276427951817 7.1780425867000295 7.184825770025539 7.191699735996485 7.202701875195586 7.2111108556711825 7.218420287285231 7.225088200934842 7.231352106674808 7.236724776573895 7.241967111518705 7.246821208822693 7.251197927949028 
# ejected_gas_mass_list
-10.0 -10.0 5.579050144017017 6.244876377718341 6.52085366495293 6.660616740211611 6.745185312011982 6.804868183640004 6.849738805269458 6.885135221397009 6.913807402962155 6.937551350447581 6.957616001183083 6.9748748349740834 6.989946845758831 7.003274992208352 7.052867534057599 7.110899336482292 7.146530894163513 7.171960906714962 7.1914773262394585 7.207101568590032 7.220073357635759 7.23108439376168 7.240663947991671 7.241544629519855 7.242406621677069 7.243259250332474 7.244107722696619 7.244953268326537 7.245798004083862 7.246639995474285 7.247465094947359 7.249037846410596 7.2564814476940995 7.269283592566847 7.279817674005166 7.2887838071731545 7.296458387777701 7.306105352994298 7.314194484375231 7.321119216790807 7.323311781208107 7.327132970011595 7.332361220443071 7.336830781925696 7.339532897850196 7.340746425679786 7.345421473964583 7.35018217233973 7.357849920965548 7.363749937445024 7.3689060661820305 7.373631888151373 7.378090565009867 7.381929580656811 7.385688499512082 7.389180459423435 7.392338369158154 
# stellar_mass_list
-10.0 7.840898693064023 8.342647996355963 8.266959094084537 8.182216546375733 8.11236050360398 8.0588249934269 8.018627028135406 7.988231181418667 7.964718595096334 7.945987396163869 7.930603185707731 7.917615850951575 7.906395017894759 7.896516501654782 7.88768966820187 7.853695490889062 7.811074125629233 7.783286027210393 7.762788245825152 7.746601730067463 7.733284626365334 7.721969260791033 7.712163966340538 7.703474560534526 7.7026683462269006 7.701880912381866 7.7011005168757585 7.700322126997178 7.699543428688853 7.698763365654168 7.697983647737992 7.697219349065223 7.695763444156779 7.688795621020813 7.676575660257911 7.666162831309526 7.657050857354236 7.649055741833475 7.638616599109008 7.629502372365313 7.621486029916656 7.6189108139051 7.614319203866429 7.607749480739528 7.601892206061597 7.598205679554014 7.596528950955536 7.589755905160366 7.582501369976862 7.569668939828578 7.559024764224921 7.549729266854511 7.5411891031363005 7.533083518509419 7.526162144746374 7.519227697892008 7.512987095661105 7.5072709513201845 
# remnant_mass_list
-10.0 -10.0 6.891193475075836 7.492010002493925 7.664104347193822 7.742205791801554 7.783584157294226 7.807596447321209 7.822720134222955 7.832979461670374 7.840411298727226 7.846106891383895 7.850678154543691 7.854480994159698 7.8577304285968514 7.860563144660956 7.870950670325061 7.882937220530131 7.890164694554395 7.8952190998571385 7.899052572938561 7.902105563399092 7.904630804887776 7.906768785496776 7.90862643952814 7.908796818268333 7.9089627047453295 7.909126854234328 7.909290441846314 7.909454040967905 7.909617864740474 7.909781537597793 7.9099415173972245 7.9102444088101995 7.9116832459867314 7.914155050621487 7.916209632600148 7.917970623069005 7.9194855285426735 7.921422981056615 7.9230802212753515 7.924510292662928 7.924966739380575 7.925767787670907 7.926905605366502 7.927903168300566 7.928525798369343 7.928805007772061 7.929934904162516 7.931118247438984 7.933175722455664 7.934836971183351 7.936259814547659 7.937550932343592 7.938765698709594 7.939777472936075 7.940790140956856 7.941685698326625 7.942493949803837 
# BH_mass_list
-10.0 -10.0 6.747314238229927 7.327803891751612 7.459400177198507 7.510740502577447 7.533386538796217 7.543854277681383 7.548793094889735 7.5511460209730155 7.552264338379673 7.552788367540771 7.553029957114638 7.553138005717823 7.553181700576053 7.5531943134558315 7.553198105482712 7.553198105482712 7.553198105482712 7.553198105482712 7.553198105482712 7.553198105482712 7.553198105482712 7.553198105482712 7.553198105482712 7.553198105482712 7.553198105482712 7.553198105482712 7.553198105482712 7.553198105482712 7.553198105482712 7.553198105482712 7.553198105482712 7.553198105482712 7.553198105482712 7.553198105482712 7.553198105482712 7.553198105482712 7.553198105482712 7.553198105482712 7.553198105482712 7.553198105482712 7.553198105482712 7.553198105482712 7.553198105482712 7.553198105482712 7.553198105482712 7.553198105482712 7.553198105482712 7.553198105482712 7.553198105482712 7.553198105482712 7.553198105482712 7.553198105482712 7.553198105482712 7.553198105482712 7.553198105482712 7.553198105482712 7.553198105482712 
# NS_mass_list
-10.0 -10.0 6.341451955670426 6.990095796266306 7.2391075176186925 7.357846531215515 7.419198155947911 7.445832342260407 7.45806197212646 7.46381462502302 7.466547943279927 7.467849190703155 7.4684670887505975 7.46875908962853 7.468895595786451 7.468956715453471 7.468997754457981 7.468997754457981 7.468997754457981 7.468997754457981 7.468997754457981 7.468997754457981 7.468997754457981 7.468997754457981 7.468997754457981 7.468997754457981 7.468997754457981 7.468997754457981 7.468997754457981 7.468997754457981 7.468997754457981 7.468997754457981 7.468997754457981 7.468997754457981 7.468997754457981 7.468997754457981 7.468997754457981 7.468997754457981 7.468997754457981 7.468997754457981 7.468997754457981 7.468997754457981 7.468997754457981 7.468997754457981 7.468997754457981 7.468997754457981 7.468997754457981 7.468997754457981 7.468997754457981 7.468997754457981 7.468997754457981 7.468997754457981 7.468997754457981 7.468997754457981 7.468997754457981 7.468997754457981 7.468997754457981 7.468997754457981 7.468997754457981 
# WD_mass_list
-10.0 -10.0 -10.0 -10.0 -10.0 4.379464246995169 5.545881332453476 6.117815757699249 6.378340210167953 6.531973694603452 6.6338108635653885 6.706429404379711 6.760976648953127 6.803612963151877 6.838006655153103 6.866466882362586 6.959319339197541 7.048631667765386 7.095744734393414 7.126311307793966 7.148358244501814 7.165280512074731 7.178881577177881 7.190132414765106 7.199720404241603 7.200591309884546 7.201437905610457 7.202274332778758 7.203106610989787 7.203937668360292 7.204768589260829 7.205597472334595 7.206406427895972 7.2079347297156025 7.215136431275524 7.227290073646465 7.237190559339536 7.245536536655498 7.252616524160191 7.261541336837724 7.269063272185928 7.275473608101585 7.277504277788191 7.281050349409151 7.286049053239228 7.290395363901716 7.2930912442287035 7.2942960074057375 7.299145382177011 7.3041800671472545 7.312829152336989 7.319718260652539 7.32555360488027 7.330797970650625 7.335689057860351 7.339731496636897 7.343749487638835 7.347279819720422 7.350447721154461 
