# time_axis
1000000 10000000 20000000 30000000 40000000 50000000 60000000 70000000 80000000 90000000 100000000 110000000 120000000 130000000 140000000 150000000 200000000 300000000 400000000 500000000 600000000 700000000 800000000 900000000 1000000000 1010000000 1020000000 1030000000 1040000000 1050000000 1060000000 1070000000 1080000000 1100000000 1200000000 1400000000 1600000000 1800000000 2000000000 2300000000 2600000000 2900000000 3000000000 3200000000 3500000000 3800000000 4000000000 4100000000 4500000000 5000000000 6000000000 7000000000 8000000000 9000000000 10000000000 11000000000 12000000000 13000000000 14000000000 
# SNIa_energy_release_list
0 0.0 0.0 0.0 0.0 0.0 5.976922661615114e+53 2.0283047518442417e+55 5.650925598581128e+55 9.943659590261682e+55 1.4280514543957641e+56 1.837942946104285e+56 2.2147110325603473e+56 2.5576568699019866e+56 2.8694836489967143e+56 3.1538898667065528e+56 4.2783816212431675e+56 5.736712148265422e+56 6.716316134239673e+56 7.455636881533664e+56 8.049770024394902e+56 8.54652389654955e+56 8.973393470436656e+56 9.347639095116056e+56 9.680839984054945e+56 9.712223999291433e+56 9.743300331972892e+56 9.77406521649955e+56 9.804520271192474e+56 9.834676513130541e+56 9.864533941389925e+56 9.894095947190547e+56 9.923373448931392e+56 9.98109980241874e+56 1.0254377478213255e+57 1.0736725369351763e+57 1.1152938849096837e+57 1.151898129936927e+57 1.1845692902207613e+57 1.2278130410842623e+57 1.2656662674898762e+57 1.2993253537685524e+57 1.3097707409223235e+57 1.329627869103185e+57 1.3571822660093877e+57 1.3824495355148851e+57 1.398198826784043e+57 1.4057771479606317e+57 1.4343349090936748e+57 1.4666298944872578e+57 1.5224642925488345e+57 1.5696160183258555e+57 1.6104318630523403e+57 1.6464195160324057e+57 1.6785797423352663e+57 1.707681067719233e+57 1.734234194938626e+57 1.758653770402579e+57 1.781258129592693e+57 
# SNII_energy_release_list
0 0.0 1.5221504507586179e+54 5.11238076078842e+55 1.2569150982622197e+56 1.963976892467739e+56 2.5354524779204676e+56 2.9062837010391964e+56 3.1153188305196105e+56 3.227073095662715e+56 3.28573222713892e+56 3.316339347857838e+56 3.3322788839892934e+56 3.3405746114764527e+56 3.344894717452692e+56 3.3471556390975945e+56 3.349092410180287e+56 3.349092410180287e+56 3.349092410180287e+56 3.349092410180287e+56 3.349092410180287e+56 3.349092410180287e+56 3.349092410180287e+56 3.349092410180287e+56 3.349092410180287e+56 3.349092410180287e+56 3.349092410180287e+56 3.349092410180287e+56 3.349092410180287e+56 3.349092410180287e+56 3.349092410180287e+56 3.349092410180287e+56 3.349092410180287e+56 3.349092410180287e+56 3.349092410180287e+56 3.349092410180287e+56 3.349092410180287e+56 3.349092410180287e+56 3.349092410180287e+56 3.349092410180287e+56 3.349092410180287e+56 3.349092410180287e+56 3.349092410180287e+56 3.349092410180287e+56 3.349092410180287e+56 3.349092410180287e+56 3.349092410180287e+56 3.349092410180287e+56 3.349092410180287e+56 3.349092410180287e+56 3.349092410180287e+56 3.349092410180287e+56 3.349092410180287e+56 3.349092410180287e+56 3.349092410180287e+56 3.349092410180287e+56 3.349092410180287e+56 3.349092410180287e+56 3.349092410180287e+56 
# SN_energy_per_current_crossing_time_list
0.0 0.0 2.0197903393285377e+54 5.367968694151223e+55 7.989624343216975e+55 7.821871946504269e+55 6.555474255810125e+55 4.47352502745296e+55 2.7004844959141167e+55 1.5827844070504634e+55 9.430038701436504e+54 5.8666878421053834e+54 3.881081023566828e+54 2.7578336465861784e+54 2.1055104618553852e+54 1.712552686991109e+54 1.2029186686137741e+54 7.72382430818232e+53 5.306399940047165e+53 4.071773782121097e+53 3.315266274361614e+53 2.801848927511102e+53 2.429708687094682e+53 2.147048851967429e+53 1.924915107374564e+53 1.8142553085965248e+53 1.7976153607455462e+53 1.7807154273298578e+53 1.7638772276065177e+53 1.7476510078577246e+53 1.7314020417579812e+53 1.7153304356118366e+53 1.6998650935425333e+53 1.6777905255804935e+53 1.597404276397718e+53 1.423576642897298e+53 1.2385179513899643e+53 1.0970364515517328e+53 9.852744662112297e+52 8.763824403130804e+52 7.724114047563876e+52 6.909404385381846e+52 6.444703921694983e+52 6.146584961509501e+52 5.712905106281847e+52 5.260081485502739e+52 4.930397612469316e+52 4.750245708359881e+52 4.495130363701822e+52 4.085601133480843e+52 3.559297936334105e+52 3.0243824805407167e+52 2.632152224819357e+52 2.3323121815557214e+52 2.0940323455796004e+52 1.9025347313283511e+52 1.7428543402923253e+52 1.6087177384335755e+52 1.4941140991463575e+52 
# SN_energy_per_final_crossing_time_list
0.0 0.0 2.6829827295673552e+54 8.742919561214437e+55 1.3143500836964748e+56 1.2462858593543502e+56 1.007693079639402e+56 6.666486662135681e+55 3.923958379735203e+55 2.2535535499932084e+55 1.320600980094738e+55 8.104213251459949e+54 5.299925195030414e+54 3.729047250396942e+54 2.822601377053874e+54 2.2783983078040604e+54 1.5548203095576133e+54 9.639345151586902e+53 6.475034813923211e+53 4.886798794130417e+53 3.927130594825137e+53 3.2834682812703788e+53 2.821543594654438e+53 2.473707215827149e+53 2.202407694129348e+53 2.074436141200749e+53 2.0540987876995885e+53 2.0335125337236777e+53 2.0130332483332492e+53 1.993282175265135e+53 1.9735310411321973e+53 1.954004061529699e+53 1.9351987716559916e+53 1.9078125133375587e+53 1.8063242799871683e+53 1.5941234581840484e+53 1.3755542086189002e+53 1.2097427342185638e+53 1.079757245162195e+53 9.527822682595528e+52 8.340137521725363e+52 7.416049702387855e+52 6.904243595774045e+52 6.562631334525554e+52 6.071013790566973e+52 5.567094868380631e+52 5.205022168269166e+52 5.009156164335055e+52 4.719062503616134e+52 4.269299793234707e+52 3.690569622413316e+52 3.11665806095238e+52 2.6978658656725704e+52 2.378729662737833e+52 2.1257425236746465e+52 1.9235537797969933e+52 1.7551217188352368e+52 1.61409716103874e+52 1.4941140991463575e+52 
# total_energy_release_list
0 0 1.5221504507586179e+54 5.11238076078842e+55 1.2569150982622197e+56 1.963976892467739e+56 2.5414294005820827e+56 3.1091141762236206e+56 3.680411390377723e+56 4.221439054688884e+56 4.713783681534684e+56 5.154282293962123e+56 5.546989916549641e+56 5.898231481378439e+56 6.214378366449406e+56 6.501045505804147e+56 7.627474031423455e+56 9.08580455844571e+56 1.006540854441996e+57 1.0804729291713951e+57 1.139886243457519e+57 1.1895616306729838e+57 1.2322485880616943e+57 1.2696731505296343e+57 1.3029932394235232e+57 1.306131640947172e+57 1.309239274215318e+57 1.3123157626679837e+57 1.315361268137276e+57 1.3183768923310828e+57 1.3213626351570212e+57 1.3243188357370834e+57 1.327246585911168e+57 1.3330192212599026e+57 1.3603469888393542e+57 1.408581777953205e+57 1.4502031259277124e+57 1.4868073709549557e+57 1.51947853123879e+57 1.562722282102291e+57 1.6005755085079047e+57 1.634234594786581e+57 1.644679981940352e+57 1.6645371101212135e+57 1.6920915070274164e+57 1.717358776532914e+57 1.7331080678020718e+57 1.7406863889786605e+57 1.7692441501117035e+57 1.8015391355052863e+57 1.8573735335668634e+57 1.9045252593438844e+57 1.9453411040703688e+57 1.9813287570504342e+57 2.0134889833532948e+57 2.042590308737262e+57 2.069143435956655e+57 2.093563011420608e+57 2.116167370610722e+57 
# binding_energy_list
8.810488730080146e+54 8.810488730080146e+54 8.810488730080146e+54 8.790225168308896e+54 8.729713683881166e+54 8.669618757582214e+54 8.609937521846052e+54 8.550667128846876e+54 8.51138038202376e+54 8.472274141405911e+54 8.452788451602891e+54 8.413951416451895e+54 8.394599865193965e+54 8.375292821268861e+54 8.356030182312423e+54 8.336811846196331e+54 8.260379495771817e+54 8.165823713585906e+54 8.090958991783846e+54 8.035261221856194e+54 7.99834255007026e+54 7.96159350417325e+54 7.94328234724279e+54 7.90678627999831e+54 7.888601176185516e+54 7.888601176185516e+54 7.888601176185516e+54 7.888601176185516e+54 7.888601176185516e+54 7.870457896951001e+54 7.870457896951001e+54 7.870457896951001e+54 7.870457896951001e+54 7.870457896951001e+54 7.852356346100775e+54 7.816278045883308e+54 7.798301105232642e+54 7.762471166286928e+54 7.744617978025239e+54 7.709034690644309e+54 7.691304402866145e+54 7.673614893618154e+54 7.673614893618154e+54 7.655966069112569e+54 7.638357835776954e+54 7.620790100254084e+54 7.620790100254084e+54 7.620790100254084e+54 7.603262769401822e+54 7.585775750291883e+54 7.550922276654341e+54 7.533555637337217e+54 7.516228940182015e+54 7.498942093324558e+54 7.498942093324558e+54 7.481695005111584e+54 7.464487584100623e+54 7.447319739059888e+54 7.447319739059888e+54 
# total_gas_kinetic_energy_list
7.971549577055461e+57 2.543402511821591e+59 2.666491584641488e+59 1.7038779029181133e+59 9.473483840521663e+58 5.034683415788989e+58 2.636646933954068e+58 1.3745169055042095e+58 7.156968289574453e+57 3.7266322531471105e+57 1.9417399707602755e+57 1.0130616467422363e+57 5.297612956928008e+56 2.7813109020180093e+56 1.4702374954833033e+56 7.863055432935852e+55 8.724070895503749e+55 9.851497239149705e+55 1.0608912741115447e+56 1.1167798893468673e+56 1.1607811711808967e+56 1.1969295734716435e+56 1.227934672957215e+56 1.2551469037562844e+56 1.279408657692798e+56 1.2816913671088235e+56 1.2839346112026408e+56 1.286140256061681e+56 1.2883276395393027e+56 1.2905074973209731e+56 1.2926859726893797e+56 1.2948713967198903e+56 1.2970413318064517e+56 1.3012230814539172e+56 1.321001819110183e+56 1.3559640584541676e+56 1.3856488332497421e+56 1.411727507911236e+56 1.4345816267644416e+56 1.4639017298489357e+56 1.489011274012793e+56 1.5108499974811637e+56 1.5177511107871832e+56 1.5301012990029418e+56 1.5472190421984263e+56 1.5618400702184216e+56 1.5708176460354347e+56 1.5748102579564869e+56 1.5904547499617055e+56 1.6064108622596969e+56 1.6325074332134574e+56 1.6527898883301751e+56 1.6707988805933229e+56 1.6875815538711433e+56 1.703671489944903e+56 1.7176487279049806e+56 1.7315224262686991e+56 1.7445587148483703e+56 1.7564045103389844e+56 
