# time_axis
5.999999999999999 7.0 7.30102999566398 7.477121254719661 7.602059991327962 7.698970004336018 7.778151250383643 7.845098040014256 7.903089986991943 7.954242509439324 8.0 8.041392685158224 8.079181246047623 8.113943352306837 8.146128035678238 8.176091259055681 8.301029995663981 8.47712125471966 8.60205999132796 8.698970004336019 8.778151250383644 8.845098040014257 8.903089986991942 8.954242509439323 8.999999999999998 9.004321373782641 9.008600171761916 9.012837224705171 9.017033339298779 9.021189299069936 9.02530586526477 9.02938377768521 9.033423755486949 9.041392685158224 9.079181246047623 9.146128035678236 9.204119982655923 9.255272505103305 9.301029995663981 9.361727836017593 9.414973347970816 9.462397997898954 9.477121254719663 9.505149978319904 9.544068044350274 9.57978359661681 9.60205999132796 9.612783856719734 9.653212513775342 9.698970004336017 9.778151250383642 9.845098040014257 9.903089986991944 9.954242509439325 10.0 10.041392685158225 10.079181246047623 10.113943352306835 10.146128035678236 
# total_gas_mass_list
9.141744852470868 10.648500696690117 10.669072541179752 10.474580062040204 10.219658379118174 9.94513138172252 9.664224659148589 9.381339584937601 9.097940054692415 8.814553875577626 8.531459525928119 8.24893901203461 7.967419093378872 7.6876194773545095 7.410771345675868 7.138949657416974 7.183670857457278 7.23525951360709 7.266764181254196 7.289249516206761 7.3065393691604035 7.320411409632135 7.331934895118512 7.341745201983315 7.3502639567373995 7.351060831191357 7.351836633052316 7.352598027772833 7.3533515865161805 7.354100571392293 7.354846909419429 7.355593481291165 7.356333295033428 7.35775595096929 7.364397012337985 7.375860630208155 7.385289337764445 7.39334416847807 7.400250708119308 7.408929295336219 7.416216767144602 7.42246856230721 7.4244242503920495 7.427905040361884 7.432647414975952 7.436679642515231 7.439139281805808 7.440236580244141 7.444477801606564 7.4487924943571935 7.455758546598387 7.46112251781423 7.465815153351847 7.470118771528466 7.474177100157055 7.47768350649088 7.481106233374977 7.484301250076554 7.487184899034478 
# ejected_gas_mass_list
-10.0 -10.0 4.38504628174377 5.915821787290864 6.36099415093001 6.585423090259226 6.71452168051557 6.798654969256741 6.858628359492502 6.903986284043797 6.939706251845219 6.968619149555736 6.992556783226582 7.01277326851659 7.030148062582494 7.045304407802548 7.10013315784749 7.161918133421143 7.198977860344679 7.225149171937599 7.245126540292965 7.261067439986495 7.2742528286989305 7.2854388090161 7.295123758822372 7.2960283996864685 7.296908902770156 7.297772848177003 7.298627701550451 7.299477168872239 7.3003234389616125 7.301169779598614 7.302008267390754 7.303620138255647 7.3111352440178825 7.32407253019754 7.334680888327288 7.343720934388454 7.351456076159279 7.36115517994794 7.369282175084846 7.376241779109397 7.378416566151428 7.382284611901524 7.3875490828840364 7.392020276969694 7.394745473809013 7.39596070686842 7.4006546740899575 7.405424964362298 7.413116103954661 7.41902972460674 7.4241971211318 7.428931207295083 7.433391194557237 7.437241330290279 7.440996658438918 7.444499565096992 7.447658975433493 
# stellar_mass_list
-10.0 6.646894830790775 8.15860980591676 8.307843348872602 8.283854639991922 8.22432403177767 8.165365413422027 8.116065662702052 8.07703640804437 8.046515612951142 8.022450447612904 8.003115302871175 7.987218592628972 7.973839383442221 7.962334620956613 7.952258078228443 7.914724608135391 7.869667376133769 7.8408739460782595 7.819829156930332 7.803306371956043 7.789748871636543 7.778270340429104 7.768325772822631 7.759556814986101 7.758728550610157 7.757923463259682 7.757133393195169 7.756350645442478 7.755570643858144 7.7547909872981 7.754010228973062 7.753233145957302 7.75174142792514 7.7447075787696225 7.73238383070354 7.721922446794646 7.712737050387343 7.704687398038265 7.694208583563187 7.685061184085814 7.677012227926729 7.6744400224940685 7.669814407185029 7.663216067607417 7.657362958538602 7.6536476956748665 7.651971480774677 7.6451806785052066 7.637924209771517 7.625072504341663 7.614412345648521 7.605101203767976 7.596546145356204 7.588445862234048 7.581509295636808 7.5745785451462995 7.568323465570828 7.562608956002481 
# remnant_mass_list
-10.0 -10.0 5.697189612802588 7.219645901523104 7.560011507620913 7.710929547924092 7.788649551162389 7.8322684839694805 7.858450308270778 7.875169873602903 7.88650196135896 7.894628295415102 7.9007581709015025 7.9055965278306815 7.9095620289051505 7.9129108168053355 7.924527831832983 7.937325126065784 7.944860342161542 7.950072823227967 7.9539994987447615 7.95711664897795 7.9596843694644015 7.961857504187762 7.96373514692188 7.963910799964261 7.9640809103096215 7.964247412649737 7.964412101056663 7.964576078320342 7.964739887337181 7.964903882905321 7.965066925976859 7.965378258293692 7.966832862964032 7.969328890834416 7.971394742088705 7.973172044488713 7.974698787572365 7.976644755317917 7.978308968407615 7.979745749847581 7.980201675264099 7.98100950137871 7.982152979426992 7.983149754488376 7.9837779320212 7.984057026976803 7.985190322113863 7.986374026066474 7.988435088131209 7.990099237106258 7.991524874147013 7.992818620286145 7.994032522351371 7.995046867333141 7.996058954044552 7.99695693025383 7.997764934278428 
# BH_mass_list
-10.0 -10.0 5.55331037595668 7.0733816062721155 7.378054986625839 7.499343626050444 7.554523722290489 7.581225382341225 7.59458070357846 7.601383739403323 7.6048844372338165 7.6066915583480545 7.607613672427854 7.608080056506603 7.6083121034197 7.608424319712669 7.6084730949824815 7.6084730949824815 7.6084730949824815 7.6084730949824815 7.6084730949824815 7.6084730949824815 7.6084730949824815 7.6084730949824815 7.6084730949824815 7.6084730949824815 7.6084730949824815 7.6084730949824815 7.6084730949824815 7.6084730949824815 7.6084730949824815 7.6084730949824815 7.6084730949824815 7.6084730949824815 7.6084730949824815 7.6084730949824815 7.6084730949824815 7.6084730949824815 7.6084730949824815 7.6084730949824815 7.6084730949824815 7.6084730949824815 7.6084730949824815 7.6084730949824815 7.6084730949824815 7.6084730949824815 7.6084730949824815 7.6084730949824815 7.6084730949824815 7.6084730949824815 7.6084730949824815 7.6084730949824815 7.6084730949824815 7.6084730949824815 7.6084730949824815 7.6084730949824815 7.6084730949824815 7.6084730949824815 7.6084730949824815 
# NS_mass_list
-10.0 -10.0 5.147448093397178 6.675918319184872 7.0943883597484385 7.297092142075577 7.407353534456697 7.4649297272714366 7.494048939966536 7.5088055391609405 7.516347414426518 7.5202284129711385 7.522229509025469 7.52326029417187 7.5237895773656165 7.5240603817190985 7.524279130540937 7.524279130540937 7.524279130540937 7.524279130540937 7.524279130540937 7.524279130540937 7.524279130540937 7.524279130540937 7.524279130540937 7.524279130540937 7.524279130540937 7.524279130540937 7.524279130540937 7.524279130540937 7.524279130540937 7.524279130540937 7.524279130540937 7.524279130540937 7.524279130540937 7.524279130540937 7.524279130540937 7.524279130540937 7.524279130540937 7.524279130540937 7.524279130540937 7.524279130540937 7.524279130540937 7.524279130540937 7.524279130540937 7.524279130540937 7.524279130540937 7.524279130540937 7.524279130540937 7.524279130540937 7.524279130540937 7.524279130540937 7.524279130540937 7.524279130540937 7.524279130540937 7.524279130540937 7.524279130540937 7.524279130540937 7.524279130540937 
# WD_mass_list
-10.0 -10.0 -10.0 -10.0 -10.0 3.1854603847219214 4.828734575174994 5.823768807194193 6.224304007472283 6.44878464625554 6.591645228856056 6.68992897283763 6.7614224217785 6.815716943157464 6.858404871039901 6.892930651604311 7.000522796474207 7.0977960616235425 7.147383128107468 7.179091920052069 7.20176878261237 7.219100956977491 7.232965237880347 7.24442434167732 7.254132175302005 7.255031459077192 7.255900940509016 7.2567506268813196 7.257589743910896 7.25842394512189 7.259256007233343 7.2600877366484715 7.260913369826399 7.262486434815312 7.269776213088058 7.2820618420888685 7.292025256644663 7.300454687152627 7.307594260125646 7.316562795542605 7.324119620704241 7.330562400283262 7.332591438475045 7.3361686306919625 7.341193510803307 7.345537426089478 7.348257920870423 7.34946242740575 7.354327280145466 7.359364340582383 7.368029803305782 7.3749317922928785 7.380779187546971 7.3860346556320176 7.390922624494419 7.394975607535512 7.398991532726955 7.402531588361914 7.405698663962019 
