# time_axis
1000000 10000000 20000000 30000000 40000000 50000000 60000000 70000000 80000000 90000000 100000000 200000000 300000000 400000000 500000000 600000000 700000000 800000000 900000000 1000000000 1010000000 1020000000 1030000000 1040000000 1050000000 1060000000 1070000000 1080000000 1100000000 1200000000 1400000000 1600000000 1800000000 2000000000 2300000000 2600000000 2900000000 3000000000 3200000000 3500000000 3800000000 4000000000 4100000000 4500000000 5000000000 6000000000 7000000000 8000000000 9000000000 10000000000 11000000000 12000000000 13000000000 14000000000 
# SNIa_energy_release_list
0 0.0 0.0 0.0 0.0 0.0 7.096079919808598e+55 1.9990079305752947e+56 3.778616332038689e+56 5.982860086007894e+56 8.5616600315388e+56 4.0307514825568235e+57 5.7413375825957334e+57 6.840852801682513e+57 7.65470991529716e+57 8.30156496487616e+57 8.838566331955862e+57 9.297698780554697e+57 9.698764770232197e+57 1.0054820553160692e+58 1.0088329468037691e+58 1.0121482461160629e+58 1.0154295138956997e+58 1.0186773681471502e+58 1.02189223530786e+58 1.0250745902155256e+58 1.028225631703247e+58 1.0313456248519542e+58 1.0374960463199044e+58 1.0665764114136092e+58 1.11780131787876e+58 1.1619037016260992e+58 1.2006255988512885e+58 1.2351398210731232e+58 1.2807642175183503e+58 1.3206573981615353e+58 1.3560968641630564e+58 1.367086560303192e+58 1.387980104025982e+58 1.4169555804122518e+58 1.4435084622119457e+58 1.4600549084733838e+58 1.4680161216897195e+58 1.4980060660094444e+58 1.531904986163613e+58 1.5904775252232227e+58 1.639914506635447e+58 1.6826958358683048e+58 1.720398354796981e+58 1.7540944614917793e+58 1.7845667690259368e+58 1.8123725317052087e+58 1.8379371979029732e+58 1.861600536215394e+58 
# SNII_energy_release_list
0 -4.954818527482586e+55 1.7742621402675995e+56 4.906546358378707e+56 8.48972173745139e+56 1.23575159341061e+57 1.6225310130760813e+57 2.0092997874100405e+57 2.3958416304280086e+57 2.7821256413240673e+57 3.168147410645338e+57 3.8677941966547106e+57 3.8677941966547106e+57 3.8677941966547106e+57 3.8677941966547106e+57 3.8677941966547106e+57 3.8677941966547106e+57 3.8677941966547106e+57 3.8677941966547106e+57 3.8677941966547106e+57 3.8677941966547106e+57 3.8677941966547106e+57 3.8677941966547106e+57 3.8677941966547106e+57 3.8677941966547106e+57 3.8677941966547106e+57 3.8677941966547106e+57 3.8677941966547106e+57 3.8677941966547106e+57 3.8677941966547106e+57 3.8677941966547106e+57 3.8677941966547106e+57 3.8677941966547106e+57 3.8677941966547106e+57 3.8677941966547106e+57 3.8677941966547106e+57 3.8677941966547106e+57 3.8677941966547106e+57 3.8677941966547106e+57 3.8677941966547106e+57 3.8677941966547106e+57 3.8677941966547106e+57 3.8677941966547106e+57 3.8677941966547106e+57 3.8677941966547106e+57 3.8677941966547106e+57 3.8677941966547106e+57 3.8677941966547106e+57 3.8677941966547106e+57 3.8677941966547106e+57 3.8677941966547106e+57 3.8677941966547106e+57 3.8677941966547106e+57 3.8677941966547106e+57 
# SN_energy_per_current_crossing_time_list
0.0 -6.065056737118127e+55 2.330057172588687e+56 3.2494297798359546e+56 3.8285470546144294e+56 4.321104134768525e+56 4.546896761457017e+56 4.815755509761047e+56 5.131375315043e+56 5.4784938407580115e+56 5.8582858439580025e+56 2.5101732238730385e+56 2.1213566454548508e+55 1.417093238396195e+55 1.0752476066445981e+55 8.699405586203912e+54 7.320158192078336e+54 6.326393118097437e+54 5.5754135698709e+54 4.9866496476389246e+54 4.696201605943588e+54 4.649475597270579e+54 4.6047910750420844e+54 4.5608635203551375e+54 4.517403267843576e+54 4.474516737118438e+54 4.433306428665741e+54 4.3923305433808725e+54 4.3345121757891794e+54 4.1217796709909815e+54 3.664008295381998e+54 3.178105190249217e+54 2.807564408755698e+54 2.5154994026839852e+54 2.231131165149911e+54 1.9611193597223524e+54 1.7499188877899372e+54 1.6300900496712146e+54 1.5533361372098402e+54 1.440856639261362e+54 1.3240898223788081e+54 1.2398039797723113e+54 1.1939923011611462e+54 1.1277708939722467e+54 1.0229537165374693e+54 8.881551355763851e+53 7.5252309958002695e+53 6.533597337245883e+53 5.774806715169706e+53 5.175230687032531e+53 4.690764840433113e+53 4.289798015845839e+53 3.951454057908891e+53 3.664623304100469e+53 
# SN_energy_per_final_crossing_time_list
0.0 -2.2735646175903497e+56 9.373438491031613e+56 1.2935500014643443e+57 1.4797560483325401e+57 1.5972960435128104e+57 1.6082853889291486e+57 1.6172203755451176e+57 1.6238748238413403e+57 1.629386161945829e+57 1.634103739169639e+57 3.380987218132997e+56 2.649099464796389e+55 1.702764437494278e+55 1.2603799621943923e+55 1.0017521863422065e+55 8.316272616113338e+54 7.110355473052029e+54 6.211109154801009e+54 5.514058508788758e+54 5.1893586920030886e+54 5.134238863297942e+54 5.0815359242611945e+54 5.029790057956142e+54 4.9787045940769105e+54 4.928354487679989e+54 4.879860954373701e+54 4.8317779386962884e+54 4.762425644242081e+54 4.503531251894602e+54 3.966473020504204e+54 3.414958217498167e+54 2.9983336475380324e+54 2.672522815824535e+54 2.3552076527446817e+54 2.0593527074040708e+54 1.8294445086231802e+54 1.701919486101623e+54 1.6178395081219383e+54 1.495762553457402e+54 1.370704169032467e+54 1.2812328457030537e+54 1.2329134248222734e+54 1.161098313683989e+54 1.0499513732227832e+54 9.070837292028117e+53 7.6560589962290745e+53 6.625331304367692e+53 5.838801257250965e+53 5.2183481561601785e+53 4.719094442426012e+53 4.306139926557257e+53 3.95907248051746e+53 3.664623304100469e+53 
# total_energy_release_list
0 -4.954818527482586e+55 1.7742621402675995e+56 4.906546358378707e+56 8.48972173745139e+56 1.23575159341061e+57 1.6934918122741672e+57 2.20920058046757e+57 2.7737032636318774e+57 3.380411649924857e+57 4.024313413799218e+57 7.898545679211535e+57 9.609131779250445e+57 1.0708646998337224e+58 1.1522504111951871e+58 1.216935916153087e+58 1.2706360528610574e+58 1.3165492977209408e+58 1.356655896688691e+58 1.3922614749815403e+58 1.3956123664692403e+58 1.398927665781534e+58 1.4022089335611706e+58 1.4054567878126212e+58 1.408671654973331e+58 1.4118540098809967e+58 1.4150050513687182e+58 1.4181250445174253e+58 1.4242754659853755e+58 1.4533558310790804e+58 1.504580737544231e+58 1.5486831212915702e+58 1.5874050185167596e+58 1.6219192407385944e+58 1.6675436371838212e+58 1.7074368178270065e+58 1.7428762838285273e+58 1.7538659799686632e+58 1.7747595236914533e+58 1.8037350000777228e+58 1.8302878818774166e+58 1.846834328138855e+58 1.8547955413551904e+58 1.8847854856749153e+58 1.918684405829084e+58 1.977256944888694e+58 2.0266939263009178e+58 2.0694752555337757e+58 2.107177774462452e+58 2.1408738811572502e+58 2.1713461886914077e+58 2.19915195137068e+58 2.2247166175684444e+58 2.248379955880865e+58 
# binding_energy_list
5.176068319505661e+59 5.188000389289652e+59 5.000345349769763e+59 4.688133821452646e+59 4.395416154378252e+59 4.102041029866064e+59 3.854783576657705e+59 3.6140986263961316e+59 3.380648362059843e+59 3.1622776601683793e+59 2.964831389524351e+59 2.1232444620002106e+59 2.04173794466954e+59 1.999861869632753e+59 1.976969640111858e+59 1.958844673505997e+59 1.9453600816226695e+59 1.9319683170169302e+59 1.9275249131909209e+59 1.918668740670295e+59 1.918668740670295e+59 1.918668740670295e+59 1.9142559250210702e+59 1.9142559250210702e+59 1.9142559250210702e+59 1.9142559250210702e+59 1.9142559250210702e+59 1.9142559250210702e+59 1.909853258566233e+59 1.9054607179632522e+59 1.8967059212111406e+59 1.8923436186449798e+59 1.8836490894897944e+59 1.8793168168032723e+59 1.8749945080674325e+59 1.870682140365794e+59 1.8663796908346732e+59 1.8663796908346732e+59 1.8620871366628808e+59 1.8578044550916913e+59 1.8578044550916913e+59 1.8535316234148143e+59 1.8535316234148143e+59 1.8535316234148143e+59 1.849268618978091e+59 1.8450154191794662e+59 1.8407720014689581e+59 1.8407720014689581e+59 1.8365383433483588e+59 1.8365383433483588e+59 1.8323144223712036e+59 1.8323144223712036e+59 1.8281002161427445e+59 1.8281002161427445e+59 
# total_gas_kinetic_energy_list
6.455341680665983e+59 6.423029177696525e+59 6.392413500620714e+59 6.363732239265917e+59 6.33561860237939e+59 6.307865961799162e+59 6.2802061185876775e+59 6.253577041414181e+59 6.227657204463719e+59 6.20220175762271e+59 6.177192260191641e+59 6.200327971438397e+59 6.2033490707333745e+59 6.204847983487447e+59 6.205772651889974e+59 6.206413134105277e+59 6.206886865110122e+59 6.207261391140752e+59 6.207568403392564e+59 6.2078251116800615e+59 6.207848576224183e+59 6.207871788366189e+59 6.2078944698087655e+59 6.20791679012812e+59 6.207938527610826e+59 6.207960201446189e+59 6.2079818905842765e+59 6.208003093590065e+59 6.208044402661286e+59 6.208234384538156e+59 6.20854818147894e+59 6.208797840219052e+59 6.209002743743866e+59 6.209174315983637e+59 6.209383689139001e+59 6.209551457300785e+59 6.209691653125358e+59 6.20973272398403e+59 6.209808064332623e+59 6.209909175553042e+59 6.209992739556417e+59 6.21004375388619e+59 6.210067038107387e+59 6.210152162486189e+59 6.210239015512065e+59 6.21037269800695e+59 6.210472372530682e+59 6.210556801562047e+59 6.210631552093951e+59 6.210701804016113e+59 6.210760288853625e+59 6.2108174310243815e+59 6.210865198647133e+59 6.210916082512462e+59 
