# time_axis
5.999999999999999 7.0 7.30102999566398 7.477121254719661 7.602059991327962 7.698970004336018 7.778151250383643 7.845098040014256 7.903089986991943 7.954242509439324 8.0 8.301029995663981 8.47712125471966 8.60205999132796 8.698970004336019 8.778151250383644 8.845098040014257 8.903089986991942 8.954242509439323 8.999999999999998 9.004321373782641 9.008600171761916 9.012837224705171 9.017033339298779 9.021189299069936 9.02530586526477 9.02938377768521 9.033423755486949 9.041392685158224 9.079181246047623 9.146128035678236 9.204119982655923 9.255272505103305 9.301029995663981 9.361727836017593 9.414973347970816 9.462397997898954 9.477121254719663 9.505149978319904 9.544068044350274 9.57978359661681 9.60205999132796 9.612783856719734 9.653212513775342 9.698970004336017 9.778151250383642 9.845098040014257 9.903089986991944 9.954242509439325 10.0 10.041392685158225 10.079181246047623 10.113943352306835 10.146128035678236 
# total_gas_mass_list
11.00102999566398 10.998850667692052 10.996810394146527 10.994913051404783 10.993058141490257 10.99125741559918 10.989458141674085 10.987703197810797 10.9859977934664 10.984321601031498 10.982673560182304 10.98459588170425 10.984821692847332 10.984933895996292 10.98500505979675 10.985055588341456 10.985093532433302 10.985123540913078 10.985148048815711 10.985168503628028 10.985170370494007 10.985172240925674 10.985174055091646 10.985175837330589 10.985177571610958 10.985179276775762 10.985181024838571 10.98518270983451 10.985186009629214 10.985201193365157 10.985226189238196 10.985246100149968 10.985262382874888 10.985276042069998 10.985292798928615 10.985306294262408 10.985317625536572 10.985320966502206 10.985327103544403 10.985335346089064 10.985342265076751 10.985346510662154 10.985348453961315 10.98535561969157 10.985362964069402 10.985374521990025 10.985383324249492 10.985390830973216 10.985397440676042 10.985403699942536 10.98540879127801 10.985413844988729 10.985417909071979 10.98542243361245 
# ejected_gas_mass_list
-10.0 -10.0 7.520931719196179 8.007043047046691 8.259085201913999 8.440218780397672 8.5700141886982 8.680453597578168 8.777676752528006 8.86185689722824 8.936212293558594 9.11047612791271 9.127059017381486 9.135072310270257 9.140080144888257 9.143601623383024 9.14622767593069 9.148293491462267 9.149973487204681 9.151370760837818 9.151498066629916 9.151625578709345 9.15174921978185 9.151870651164009 9.151988782820686 9.152104900391372 9.152223907465652 9.152338590579218 9.15256309269313 9.153594649788552 9.155287586054659 9.156631487999416 9.157727465744141 9.15864475884718 9.159767477109542 9.16066959763036 9.161425634606616 9.161648300824309 9.162057025130691 9.162605379492847 9.163065155257799 9.163347042786826 9.163476008901995 9.163951233431819 9.16443777480462 9.165202364296324 9.165783770938948 9.166278999976182 9.166714591335166 9.167126692037485 9.167461614130128 9.167793809805367 9.168060772867104 9.168357792637108 
# stellar_mass_list
-10.0 8.847842856620996 8.92375961717257 8.967633554285694 9.00059045657036 9.027677933067135 9.050987122457633 9.071616293417755 9.090270709395254 9.107352089316393 9.12315368615648 8.609092163193763 8.537298619383515 8.495388438111348 8.466171066883694 8.443958565467707 8.426157374072458 8.41137661535432 8.398785790608784 8.387849337689198 8.386828977050042 8.385823943541801 8.384833828028237 8.383855870205002 8.382895445980898 8.38193424887925 8.380982629179314 8.380041402849663 8.37820332012038 8.369608803745123 8.35479434262699 8.342391783498728 8.331737308547503 8.322455660178688 8.31049117247479 8.30027630077365 8.291386681043539 8.288632847885653 8.283513113259279 8.276450180328869 8.270204958980024 8.266232419578605 8.264420177493607 8.257411645188514 8.249851103795098 8.236789972741756 8.226106672564681 8.216760676463968 8.208140175276482 8.200193285217685 8.193139802028396 8.186341589198596 8.179936872007882 8.174326432973936 
# remnant_mass_list
-10.0 -10.0 7.833026163353074 8.167982397144037 8.362907228327817 8.500311090863976 8.606190803636768 8.692206969372092 8.764032009084293 8.82568376995559 8.879628248231327 8.962574762608726 8.971095549524057 8.975464549110779 8.97826717817706 8.980270846838263 8.9818002960712 8.983020063682735 8.984023961327917 8.98487021990354 8.984948024354457 8.985024407166675 8.985099402652583 8.985173277548604 8.985245550982999 8.98531792408741 8.985389435907862 8.985460006417442 8.985597078632868 8.986229268339258 8.987285760984964 8.988138007582434 8.988847590609893 8.989448176018024 8.990198387585794 8.990818306434173 8.991342583264858 8.991502839656865 8.99179563953559 8.99219327869098 8.992534516483351 8.992751002494563 8.992846817155904 8.99321810962799 8.99360363559646 8.994253731785355 8.994762744249243 8.995200079706194 8.995604389289753 8.995975409186661 8.996295670910216 8.996607536997796 8.996900064915314 8.997145512120257 
# BH_mass_list
-10.0 -10.0 7.6715092877994095 7.972539283463392 8.148630542519072 8.273569279127372 8.370479292135428 8.449618718365413 8.515790248891214 8.572722702874715 8.622628736025925 8.667002573062634 8.667002573062634 8.667002573062634 8.667002573062634 8.667002573062634 8.667002573062634 8.667002573062634 8.667002573062634 8.667002573062634 8.667002573062634 8.667002573062634 8.667002573062634 8.667002573062634 8.667002573062634 8.667002573062634 8.667002573062634 8.667002573062634 8.667002573062634 8.667002573062634 8.667002573062634 8.667002573062634 8.667002573062634 8.667002573062634 8.667002573062634 8.667002573062634 8.667002573062634 8.667002573062634 8.667002573062634 8.667002573062634 8.667002573062634 8.667002573062634 8.667002573062634 8.667002573062634 8.667002573062634 8.667002573062634 8.667002573062634 8.667002573062634 8.667002573062634 8.667002573062634 8.667002573062634 8.667002573062634 8.667002573062634 8.667002573062634 
# NS_mass_list
-10.0 -10.0 7.325201321894077 7.727155493880479 7.95335567779216 8.109113193606895 8.223516532662616 8.313958507454416 8.388384791100021 8.45155731239891 8.506394979193487 8.585509296443007 8.585509296443007 8.585509296443007 8.585509296443007 8.585509296443007 8.585509296443007 8.585509296443007 8.585509296443007 8.585509296443007 8.585509296443007 8.585509296443007 8.585509296443007 8.585509296443007 8.585509296443007 8.585509296443007 8.585509296443007 8.585509296443007 8.585509296443007 8.585509296443007 8.585509296443007 8.585509296443007 8.585509296443007 8.585509296443007 8.585509296443007 8.585509296443007 8.585509296443007 8.585509296443007 8.585509296443007 8.585509296443007 8.585509296443007 8.585509296443007 8.585509296443007 8.585509296443007 8.585509296443007 8.585509296443007 8.585509296443007 8.585509296443007 8.585509296443007 8.585509296443007 8.585509296443007 8.585509296443007 8.585509296443007 8.585509296443007 
# WD_mass_list
-10.0 -10.0 -10.0 -10.0 -10.0 5.16674582649522 6.263186530698598 6.666500078865516 6.919638109911273 7.102930233863616 7.245748307774552 7.831695582924885 7.934752954701245 7.980049573775169 8.007016378842595 8.025417566115424 8.03901129803675 8.049588644135836 8.058126464185682 8.06521043847189 8.065856657849436 8.066490247929268 8.067111540410052 8.067722786401431 8.06832005083611 8.06891741638446 8.069506964547578 8.070088063949452 8.071214810966959 8.076378515814687 8.084889565185069 8.09165043918784 8.097210284884437 8.101868091193085 8.107625895736561 8.112334162583137 8.116281749360027 8.117482232170273 8.11966820351211 8.12262170928207 8.125142508838152 8.126735207082081 8.127438512515138 8.13015464739653 8.13295947844329 8.137654066153774 8.141299578574394 8.144410864820244 8.147270264976768 8.149880089347134 8.152122106888076 8.154295860557982 8.156326391477634 8.158023874642135 
