# time_axis
1000000 10000000 20000000 30000000 40000000 50000000 60000000 70000000 80000000 90000000 100000000 110000000 120000000 130000000 140000000 150000000 200000000 300000000 400000000 500000000 600000000 700000000 800000000 900000000 1000000000 1010000000 1020000000 1030000000 1040000000 1050000000 1060000000 1070000000 1080000000 1100000000 1200000000 1400000000 1600000000 1800000000 2000000000 2300000000 2600000000 2900000000 3000000000 3200000000 3500000000 3800000000 4000000000 4100000000 4500000000 5000000000 6000000000 7000000000 8000000000 9000000000 10000000000 11000000000 12000000000 13000000000 14000000000 
# SNIa_energy_release_list
0 0.0 0.0 0.0 0.0 0.0 2.7132723235255474e+53 1.2295937605901687e+55 4.5693676095073203e+55 8.803682937821372e+55 1.3156760616560623e+56 1.7265552286746735e+56 2.1011763953873957e+56 2.439120720454476e+56 2.744154001529444e+56 3.0209420642572983e+56 4.109494939817165e+56 5.519910318983331e+56 6.466922583990776e+56 7.181293246220101e+56 7.755158907824152e+56 8.234852480212504e+56 8.646971501139318e+56 9.008228448127176e+56 9.32982667857915e+56 9.36011681716348e+56 9.390102208464126e+56 9.419795217771968e+56 9.449187454477564e+56 9.478289200308912e+56 9.507105517758802e+56 9.535635616042593e+56 9.563888682974402e+56 9.619595047678992e+56 9.883301680081277e+56 1.034871477307471e+57 1.0750274345721771e+57 1.1103394782287488e+57 1.1418549950636581e+57 1.1835665869061086e+57 1.2200765174351813e+57 1.252539465030398e+57 1.2626113405581121e+57 1.281763684744813e+57 1.3083371613703603e+57 1.3327042715054134e+57 1.3478921468493368e+57 1.3552002011787861e+57 1.382739290152177e+57 1.4138812484656704e+57 1.4677218099261085e+57 1.5131869942659933e+57 1.5525424135183022e+57 1.5872402653328e+57 1.618248182491699e+57 1.6463094838410675e+57 1.6719110506302953e+57 1.6954554987646356e+57 1.717249674063897e+57 
# SNII_energy_release_list
0 0.0 3.4999665887630776e+53 1.5938746056149035e+55 6.245015485378448e+55 1.2605037158067e+56 1.9169913247884214e+56 2.4362731379058565e+56 2.724824922245797e+56 2.869732384175526e+56 2.937528684481694e+56 2.9677019935866446e+56 2.980653526662823e+56 2.9860647052576065e+56 2.988310671640463e+56 2.9892526329938066e+56 2.9899182159947674e+56 2.9899182159947674e+56 2.9899182159947674e+56 2.9899182159947674e+56 2.9899182159947674e+56 2.9899182159947674e+56 2.9899182159947674e+56 2.9899182159947674e+56 2.9899182159947674e+56 2.9899182159947674e+56 2.9899182159947674e+56 2.9899182159947674e+56 2.9899182159947674e+56 2.9899182159947674e+56 2.9899182159947674e+56 2.9899182159947674e+56 2.9899182159947674e+56 2.9899182159947674e+56 2.9899182159947674e+56 2.9899182159947674e+56 2.9899182159947674e+56 2.9899182159947674e+56 2.9899182159947674e+56 2.9899182159947674e+56 2.9899182159947674e+56 2.9899182159947674e+56 2.9899182159947674e+56 2.9899182159947674e+56 2.9899182159947674e+56 2.9899182159947674e+56 2.9899182159947674e+56 2.9899182159947674e+56 2.9899182159947674e+56 2.9899182159947674e+56 2.9899182159947674e+56 2.9899182159947674e+56 2.9899182159947674e+56 2.9899182159947674e+56 2.9899182159947674e+56 2.9899182159947674e+56 2.9899182159947674e+56 2.9899182159947674e+56 2.9899182159947674e+56 
# SN_energy_per_current_crossing_time_list
0.0 0.0 1.4418024817451681e+54 3.806587843936061e+55 9.819623759037788e+55 1.2760306573602988e+56 1.2982856333357692e+56 1.0356979032668936e+56 5.985581356483296e+55 3.219030878384904e+55 1.6961592280068354e+55 9.252467483384262e+54 5.514421755619236e+54 3.71428550012315e+54 2.825227068921965e+54 2.3484948947005494e+54 1.7553980931060493e+54 1.1505705251087652e+54 7.884190035297069e+53 6.045599522981035e+53 4.924162771652221e+53 4.1658057147239985e+53 3.617247148188085e+53 3.2013871784134916e+53 2.874968816879463e+53 2.710116606357276e+53 2.6850555406480804e+53 2.661018403484568e+53 2.6361702109881065e+53 2.6122015378065163e+53 2.5886523038652313e+53 2.5650014069638594e+53 2.542139677778181e+53 2.510066321437955e+53 2.394212638636078e+53 2.141476401662371e+53 1.8696968026523919e+53 1.6618803003201156e+53 1.4975643238685348e+53 1.338392039587495e+53 1.1849317606067013e+53 1.0644050217669603e+53 9.93999048081996e+52 9.507353498277466e+52 8.869641688483169e+52 8.194681359756995e+52 7.698046569897763e+52 7.424094314796911e+52 7.054598774098034e+52 6.440427735277915e+52 5.656416279406086e+52 4.838824881372375e+52 4.236744085211567e+52 3.775157763357315e+52 3.4080101531368735e+52 3.1112052879324184e+52 2.8633944591027184e+52 2.6545122998159563e+52 2.4752431389419607e+52 
# SN_energy_per_final_crossing_time_list
0.0 0.0 1.0600102295106113e+54 4.721254734099131e+55 1.4086582789885265e+56 1.926214968623924e+56 1.9885659392229995e+56 1.5863690368833244e+56 9.118474825842705e+55 4.8696167096659423e+55 2.5476935378108173e+55 1.3804880586439362e+55 8.177247384155559e+54 5.4770012047633794e+54 4.1445930721340795e+54 3.428867115489249e+54 2.5129336554479998e+54 1.6018596447911972e+54 1.0755560048803317e+54 8.113365411007041e+53 6.517599413857724e+53 5.448053012077211e+53 4.680584445015083e+53 4.102925516328687e+53 3.6525071607049783e+53 3.440160349218924e+53 3.40554910044816e+53 3.372342222385961e+53 3.3381823925290813e+53 3.305190295625298e+53 3.272773164297656e+53 3.2402662207033914e+53 3.2088027703161185e+53 3.1633864355287215e+53 2.9950113898980617e+53 2.642932227045009e+53 2.2803284901190353e+53 2.0052581155917277e+53 1.7896654896242165e+53 1.5791120043875363e+53 1.3821881887312633e+53 1.2289780365859795e+53 1.143899250782677e+53 1.0876004228613991e+53 1.0060152126586597e+53 9.224868777924512e+52 8.624709061926632e+52 8.300021032958314e+52 7.819284292487786e+52 7.07380917976757e+52 6.11486686336074e+52 5.163645058954983e+52 4.4697369892111225e+52 3.94076024720093e+52 3.521681052232611e+52 3.1870232610802005e+52 2.907662330464409e+52 2.674027941156973e+52 2.4752431389419607e+52 
# total_energy_release_list
0 0 3.4999665887630776e+53 1.5938746056149035e+55 6.245015485378448e+55 1.2605037158067e+56 1.919704597111947e+56 2.5592325139648734e+56 3.181761683196529e+56 3.750100677957663e+56 4.2532047461377565e+56 4.694257222261318e+56 5.081829922050219e+56 5.425185425712082e+56 5.732464673169907e+56 6.010194697251105e+56 7.099413155811933e+56 8.509828534978098e+56 9.456840799985543e+56 1.0171211462214869e+57 1.074507712381892e+57 1.1224770696207271e+57 1.1636889717134085e+57 1.1998146664121943e+57 1.2319744894573916e+57 1.2350035033158248e+57 1.2380020424458893e+57 1.2409713433766735e+57 1.2439105670472331e+57 1.246820741630368e+57 1.2497023733753569e+57 1.252555383203736e+57 1.255380689896917e+57 1.2609513263673759e+57 1.2873219896076044e+57 1.3338632989069477e+57 1.3740192561716538e+57 1.4093312998282255e+57 1.4408468166631348e+57 1.4825584085055853e+57 1.519068339034658e+57 1.5515312866298748e+57 1.5616031621575888e+57 1.5807555063442898e+57 1.607328982969837e+57 1.6316960931048903e+57 1.6468839684488135e+57 1.6541920227782628e+57 1.681731111751654e+57 1.712873070065147e+57 1.7667136315255853e+57 1.81217881586547e+57 1.851534235117779e+57 1.8862320869322766e+57 1.9172400040911756e+57 1.9453013054405442e+57 1.970902872229772e+57 1.9944473203641123e+57 2.016241495663374e+57 
# binding_energy_list
8.85115609830841e+54 8.85115609830841e+54 8.85115609830841e+54 8.85115609830841e+54 8.830799004185586e+54 8.830799004185586e+54 8.810488730080146e+54 8.790225168308896e+54 8.770008211436303e+54 8.749837752274363e+54 8.729713683881166e+54 8.709635899560761e+54 8.709635899560761e+54 8.68960429286302e+54 8.669618757582214e+54 8.669618757582214e+54 8.609937521846052e+54 8.531001140175843e+54 8.472274141405911e+54 8.413951416451895e+54 8.375292821268861e+54 8.336811846196331e+54 8.298507675144166e+54 8.260379495771817e+54 8.241381150129963e+54 8.241381150129963e+54 8.241381150129963e+54 8.222426499470695e+54 8.222426499470695e+54 8.222426499470695e+54 8.222426499470695e+54 8.222426499470695e+54 8.222426499470695e+54 8.20351544329821e+54 8.184647881347836e+54 8.147042840208421e+54 8.090958991783846e+54 8.053784411990643e+54 8.035261221856194e+54 7.979946872679785e+54 7.94328234724279e+54 7.90678627999831e+54 7.888601176185516e+54 7.870457896951001e+54 7.852356346100775e+54 7.816278045883308e+54 7.798301105232642e+54 7.798301105232642e+54 7.762471166286928e+54 7.744617978025239e+54 7.691304402866145e+54 7.655966069112569e+54 7.620790100254084e+54 7.585775750291883e+54 7.550922276654341e+54 7.516228940182015e+54 7.498942093324558e+54 7.464487584100623e+54 7.447319739059888e+54 
# total_gas_kinetic_energy_list
3.555417159551863e+57 1.5234893976272667e+59 3.0413729535541764e+59 1.9062324499410518e+59 1.029088212484952e+59 5.041037466236017e+58 2.31369867548034e+58 1.0149486035651174e+58 4.31194112760114e+57 1.7918530314490907e+57 7.351689302277812e+56 3.0142713888692413e+56 1.2606940833927942e+56 5.584564323395508e+55 2.7797894445034363e+55 1.6500309826139974e+55 4.168454215613367e+55 8.011625217816543e+55 1.0970505767103839e+56 1.3361218380918765e+56 1.5376223237912535e+56 1.7125696930228336e+56 1.8695874671016868e+56 2.013129354945572e+56 2.1454222549832842e+56 2.1583037943461828e+56 2.1708279056299075e+56 2.183139403251722e+56 2.1953570223012893e+56 2.2075747343189535e+56 2.2198254430036465e+56 2.2321401058287793e+56 2.2444781802246928e+56 2.268387997740001e+56 2.3828893691733543e+56 2.5922376946076134e+56 2.777698181776708e+56 2.946843264285919e+56 3.099726894475463e+56 3.302348109038185e+56 3.4825164340687833e+56 3.6435207158225785e+56 3.69557824410598e+56 3.7895485122944283e+56 3.922979193572225e+56 4.039071932431855e+56 4.111624145402539e+56 4.144056466778973e+56 4.273378345934267e+56 4.40771677656552e+56 4.635250482030302e+56 4.817020689982875e+56 4.978951756644684e+56 5.130495627474806e+56 5.276343298625148e+56 5.402862758944423e+56 5.530209515818529e+56 5.647595092027281e+56 5.755276160921499e+56 
