# time_axis
1000000 10000000 20000000 30000000 40000000 50000000 60000000 70000000 80000000 90000000 100000000 110000000 120000000 130000000 140000000 150000000 200000000 300000000 400000000 500000000 600000000 700000000 800000000 900000000 1000000000 1010000000 1020000000 1030000000 1040000000 1050000000 1060000000 1070000000 1080000000 1100000000 1200000000 1400000000 1600000000 1800000000 2000000000 2300000000 2600000000 2900000000 3000000000 3200000000 3500000000 3800000000 4000000000 4100000000 4500000000 5000000000 6000000000 7000000000 8000000000 9000000000 10000000000 11000000000 12000000000 13000000000 14000000000 
# SNIa_energy_release_list
0 0.0 0.0 0.0 0.0 0.0 8.983553516096919e+54 4.1534043796553003e+55 8.094500318803295e+55 1.2034064812514772e+56 1.5718033890315592e+56 1.907798987640668e+56 2.212014065422789e+56 2.487666336524134e+56 2.738526186790745e+56 2.968130024334332e+56 3.888034589617106e+56 5.109419935422024e+56 5.942327674604294e+56 6.575513721036118e+56 7.0865800403571725e+56 7.51507362855635e+56 7.884054667040095e+56 8.208046563850574e+56 8.496854534929065e+56 8.524076102119933e+56 8.551037526946297e+56 8.577722256211406e+56 8.604142905985472e+56 8.630306174756044e+56 8.656208107421442e+56 8.681858108537567e+56 8.707265525454268e+56 8.75736977610304e+56 8.994657591627359e+56 9.413856231921059e+56 9.775923030236631e+56 1.0094587356676536e+57 1.0379176605110585e+57 1.0756061991101788e+57 1.1086140543274647e+57 1.1379766935555443e+57 1.147093444146582e+57 1.1644203700966454e+57 1.1884715573238531e+57 1.2105317154757397e+57 1.2242835044115275e+57 1.2309016080064391e+57 1.2558455563880736e+57 1.2840556051684324e+57 1.3328400613909117e+57 1.3740525171897317e+57 1.4097312474614398e+57 1.441196809983955e+57 1.4693189199434216e+57 1.4947626773388597e+57 1.5179840079827343e+57 1.5393409984529254e+57 1.5591111282294701e+57 
# SNII_energy_release_list
0 0.0 2.2878529317034776e+55 9.778983449910197e+55 1.6634113953323815e+56 2.1971183550857813e+56 2.564059621883231e+56 2.747556969912424e+56 2.839324924410511e+56 2.885225408769947e+56 2.908188952881219e+56 2.9196781578831992e+56 2.9254265170223296e+56 2.928303373642937e+56 2.9297517742671567e+56 2.930487650284616e+56 2.931100221103892e+56 2.931100221103892e+56 2.931100221103892e+56 2.931100221103892e+56 2.931100221103892e+56 2.931100221103892e+56 2.931100221103892e+56 2.931100221103892e+56 2.931100221103892e+56 2.931100221103892e+56 2.931100221103892e+56 2.931100221103892e+56 2.931100221103892e+56 2.931100221103892e+56 2.931100221103892e+56 2.931100221103892e+56 2.931100221103892e+56 2.931100221103892e+56 2.931100221103892e+56 2.931100221103892e+56 2.931100221103892e+56 2.931100221103892e+56 2.931100221103892e+56 2.931100221103892e+56 2.931100221103892e+56 2.931100221103892e+56 2.931100221103892e+56 2.931100221103892e+56 2.931100221103892e+56 2.931100221103892e+56 2.931100221103892e+56 2.931100221103892e+56 2.931100221103892e+56 2.931100221103892e+56 2.931100221103892e+56 2.931100221103892e+56 2.931100221103892e+56 2.931100221103892e+56 2.931100221103892e+56 2.931100221103892e+56 2.931100221103892e+56 2.931100221103892e+56 2.931100221103892e+56 
# SN_energy_per_current_crossing_time_list
0.0 0.0 2.1949132053757365e+55 7.386358489524734e+55 7.099694893408475e+55 5.770059372943284e+55 4.1414707998158366e+55 2.247538692252864e+55 1.2494709039730166e+55 7.235698971227527e+54 4.4469029562473416e+54 2.946481041132826e+54 2.1193714645822903e+54 1.646464330157349e+54 1.3629892910441902e+54 1.1814972891410843e+54 9.115412642285937e+53 6.147462305172428e+53 4.284568068444607e+53 3.3103666635489433e+53 2.7064512748452644e+53 2.293298286940308e+53 1.9926179270099113e+53 1.7633404295801094e+53 1.5827249204307599e+53 1.4927499908211374e+53 1.4794106808982892e+53 1.4651362662877548e+53 1.4515333789133538e+53 1.4382797144385444e+53 1.424792111137343e+53 1.4118036178163808e+53 1.399297578038491e+53 1.3813265093524407e+53 1.31560328458582e+53 1.1733925881208437e+53 1.0217837491499278e+53 9.057014732881622e+52 8.138708879289952e+52 7.242847629205557e+52 6.386771977402496e+52 5.715324825330437e+52 5.333724056484601e+52 5.085537947358073e+52 4.728132156932534e+52 4.3544125453351443e+52 4.0818661160559167e+52 3.9332801138208877e+52 3.722675907833285e+52 3.3837162284064364e+52 2.9485283878867873e+52 2.506246803421109e+52 2.1814401781078552e+52 1.9333781695064023e+52 1.7360418300014913e+52 1.5770459452850218e+52 1.445029749396506e+52 1.3338964939527037e+52 1.2389139149299426e+52 
# SN_energy_per_final_crossing_time_list
0.0 0.0 3.82321257970156e+55 1.251836778340006e+56 1.145555328883511e+56 8.91873395412784e+55 6.188222200246158e+55 3.270390113049647e+55 1.7804993966269526e+55 1.0139158334603173e+55 6.14601346213278e+54 4.0255000351145276e+54 2.866996268689591e+54 2.2081502646222826e+54 1.8140780810203253e+54 1.5618058509605105e+54 1.1734070672239145e+54 7.65392699750748e+53 5.219495266793802e+53 3.967920355255065e+53 3.2026455142953363e+53 2.6851956708348825e+53 2.3122546391433276e+53 2.030325920061795e+53 1.8098425157346593e+53 1.7058653008428407e+53 1.6895632330825714e+53 1.6722238435633008e+53 1.6556750520380575e+53 1.6395460275821656e+53 1.6231691529311632e+53 1.607381623687989e+53 1.592179854978424e+53 1.5699151707022885e+53 1.4869865793454645e+53 1.3134739995377445e+53 1.1344629489976428e+53 9.984700977698177e+52 8.917027452766118e+52 7.87262660582362e+52 6.89489507536508e+52 6.133458695837723e+52 5.713098140398398e+52 5.429041160863418e+52 5.023968121464386e+52 4.6080690430188456e+52 4.308844418396113e+52 4.147297325236077e+52 3.9078404002139045e+52 3.53561887249753e+52 3.057124173156688e+52 2.5826175920286406e+52 2.2358414385874684e+52 1.9718192895471816e+52 1.7622986667142555e+52 1.594457165511775e+52 1.4551866873437206e+52 1.3383560438706264e+52 1.2389139149299426e+52 
# total_energy_release_list
0 0 2.2878529317034776e+55 9.778983449910197e+55 1.6634113953323815e+56 2.1971183550857813e+56 2.6538951570442e+56 3.1628974078779544e+56 3.64877495629084e+56 4.0886318900214245e+56 4.479992341912778e+56 4.8274771455238676e+56 5.137440582445118e+56 5.415969710167071e+56 5.668277961057902e+56 5.898617674618949e+56 6.819134810720998e+56 8.040520156525917e+56 8.873427895708187e+56 9.50661394214001e+56 1.0017680261461065e+57 1.0446173849660242e+57 1.0815154888143986e+57 1.1139146784954465e+57 1.1427954756032956e+57 1.1455176323223825e+57 1.148213774805019e+57 1.1508822477315297e+57 1.1535243127089363e+57 1.1561406395859937e+57 1.1587308328525334e+57 1.1612958329641458e+57 1.1638365746558162e+57 1.1688469997206933e+57 1.192575781273125e+57 1.2344956453024952e+57 1.2707023251340522e+57 1.3025687577780428e+57 1.3310276826214479e+57 1.368716221220568e+57 1.401724076437854e+57 1.4310867156659336e+57 1.4402034662569713e+57 1.4575303922070345e+57 1.4815815794342422e+57 1.503641737586129e+57 1.5173935265219168e+57 1.5240116301168282e+57 1.5489555784984627e+57 1.5771656272788217e+57 1.625950083501301e+57 1.667162539300121e+57 1.702841269571829e+57 1.734306832094344e+57 1.762428942053811e+57 1.7878726994492488e+57 1.8110940300931234e+57 1.8324510205633145e+57 1.8522211503398593e+57 
# binding_energy_list
8.810488730080146e+54 8.810488730080146e+54 8.790225168308896e+54 8.729713683881166e+54 8.669618757582214e+54 8.609937521846052e+54 8.570378452303692e+54 8.51138038202376e+54 8.491804750363178e+54 8.452788451602891e+54 8.413951416451895e+54 8.394599865193965e+54 8.375292821268861e+54 8.356030182312423e+54 8.336811846196331e+54 8.317637711026743e+54 8.241381150129963e+54 8.147042840208421e+54 8.090958991783846e+54 8.035261221856194e+54 7.99834255007026e+54 7.96159350417325e+54 7.94328234724279e+54 7.90678627999831e+54 7.888601176185516e+54 7.888601176185516e+54 7.888601176185516e+54 7.888601176185516e+54 7.870457896951001e+54 7.870457896951001e+54 7.870457896951001e+54 7.870457896951001e+54 7.870457896951001e+54 7.870457896951001e+54 7.852356346100775e+54 7.816278045883308e+54 7.780365510398008e+54 7.762471166286928e+54 7.744617978025239e+54 7.709034690644309e+54 7.691304402866145e+54 7.673614893618154e+54 7.673614893618154e+54 7.655966069112569e+54 7.638357835776954e+54 7.620790100254084e+54 7.620790100254084e+54 7.620790100254084e+54 7.603262769401822e+54 7.585775750291883e+54 7.550922276654341e+54 7.533555637337217e+54 7.516228940182015e+54 7.498942093324558e+54 7.498942093324558e+54 7.481695005111584e+54 7.464487584100623e+54 7.447319739059888e+54 7.447319739059888e+54 
# total_gas_kinetic_energy_list
1.5237098334911527e+59 4.274976120049029e+59 2.1377227344610643e+59 1.068930201013871e+59 5.345395557861859e+58 2.673327542702087e+58 1.3371816474572523e+58 6.690310099393126e+57 3.348959152116191e+57 1.677820491813601e+57 8.418578349896493e+56 4.235433131022652e+56 2.141086286778296e+56 1.0916150256481143e+56 5.649646922311483e+55 3.0001693310154046e+55 3.7049618557265247e+55 4.6495713941832353e+55 5.292090913077233e+55 5.769474668559459e+55 6.147073200061963e+55 6.45828438854059e+55 6.726242916217827e+55 6.961417670537854e+55 7.172000330431347e+55 7.191486468803423e+55 7.210767117554453e+55 7.229868487616648e+55 7.248916249713193e+55 7.267953347176263e+55 7.287026454113689e+55 7.306092445505224e+55 7.324815511052277e+55 7.360619580700761e+55 7.532342291122786e+55 7.835745259963441e+55 8.094086400874208e+55 8.320740379484963e+55 8.51938128689776e+55 8.774796486247976e+55 8.993608533334112e+55 9.183849574916675e+55 9.244508548789718e+55 9.351536217421452e+55 9.500455991351396e+55 9.628288529434953e+55 9.706178253790692e+55 9.741065629029091e+55 9.877397525685476e+55 1.001672565422679e+56 1.0244337784577356e+56 1.042132599065403e+56 1.0578477542078332e+56 1.0725011172129235e+56 1.0865717427062661e+56 1.0987628724595581e+56 1.110904732567835e+56 1.1222762133951759e+56 1.1326356023916605e+56 
