# time_axis
5.999999999999999 7.0 7.30102999566398 7.477121254719661 7.602059991327962 7.698970004336018 7.778151250383643 7.845098040014256 7.903089986991943 7.954242509439324 8.0 8.041392685158224 8.079181246047623 8.113943352306837 8.146128035678238 8.176091259055681 8.301029995663981 8.47712125471966 8.60205999132796 8.698970004336019 8.778151250383644 8.845098040014257 8.903089986991942 8.954242509439323 8.999999999999998 9.004321373782641 9.008600171761916 9.012837224705171 9.017033339298779 9.021189299069936 9.02530586526477 9.02938377768521 9.033423755486949 9.041392685158224 9.079181246047623 9.146128035678236 9.204119982655923 9.255272505103305 9.301029995663981 9.361727836017593 9.414973347970816 9.462397997898954 9.477121254719663 9.505149978319904 9.544068044350274 9.57978359661681 9.60205999132796 9.612783856719734 9.653212513775342 9.698970004336017 9.778151250383642 9.845098040014257 9.903089986991944 9.954242509439325 10.0 10.041392685158225 10.079181246047623 10.113943352306835 10.146128035678236 
# total_gas_mass_list
10.425925345093205 10.87405679466144 10.57307472625205 10.272075490225978 9.971116094845906 9.670201950176118 9.36935499727869 9.068630951036479 8.768120116640556 8.467986628901334 8.16851495343394 7.870210487335 7.5739784870317495 7.281425120882434 6.995337331000008 6.7203277100505785 6.811036483087562 6.90761022708808 6.963018233522412 7.00109472223253 7.029591428452192 7.051991030791653 7.070325761840225 7.085714984957945 7.098975537574403 7.100190053428139 7.101377985160128 7.1025515825359085 7.103718142565136 7.10487915650492 7.106038171320302 7.10719262705876 7.108323656975595 7.110479692390275 7.120634786284592 7.137954596951019 7.152070661526136 7.163996541013117 7.17414135953664 7.186810840454196 7.197366042027726 7.206355751594351 7.209190655447314 7.214127835682947 7.220861840127899 7.226596020071079 7.230057107726098 7.231608774066934 7.237576015633351 7.2436338791265795 7.253353883085072 7.260801711777377 7.267288687033172 7.273217161809433 7.278794886593126 7.283585542939002 7.288265714771061 7.292607809231706 7.296525873081361 
# ejected_gas_mass_list
-10.0 -10.0 5.562016804718237 6.227852413033466 6.506609807680326 6.6492280768389636 6.736018230651329 6.797270654862073 6.843263757627858 6.879455324415957 6.908712128310124 6.932891305989649 6.9532858059297205 6.970798198194407 6.986068466158748 6.999553975574206 7.049592781331075 7.107935440033284 7.1436832402200645 7.169172786919868 7.188726503690158 7.204376161475454 7.217365238867753 7.228390033131399 7.237978095939471 7.238860295536107 7.239723837605231 7.240577592606317 7.241426850894417 7.24227268730316 7.24311767916941 7.2439599542058195 7.244785724873874 7.246361463490816 7.253811514776256 7.266623992061371 7.277163994983622 7.286135804423996 7.293815461286246 7.303467079054384 7.31155890232535 7.318486568807216 7.32067800867991 7.324502282822577 7.329734090543877 7.334203321310144 7.336907182289252 7.338120898994033 7.342797262382103 7.34755880572277 7.35522836062396 7.361129427860459 7.366286237429454 7.3710128238059776 7.375471664324529 7.379310459665316 7.3830688210150885 7.386562804549096 7.389721419986344 
# stellar_mass_list
-10.0 7.823865353765242 8.325628335232594 8.258983100098222 8.179926762403603 8.11281705723187 8.060110035664843 8.019751468916121 7.988819004283019 7.96471364762836 7.945463050136644 7.929666985756235 7.916367460928247 7.904914024461872 7.894863079551565 7.885906520567342 7.851560095316071 7.808726666608126 7.78085471714668 7.760312088408957 7.744098080378336 7.730761595947691 7.719432919900837 7.709616771258103 7.700920886654492 7.700113393388893 7.699324476975241 7.698543078134537 7.697764112989993 7.696985113358603 7.696204974287631 7.695425245418323 7.694660458787595 7.693201802820766 7.686228430679421 7.674000360070997 7.663583275817593 7.654466121870475 7.646466400575262 7.636023889636896 7.626906963064837 7.618888035045716 7.61631306840208 7.611718891786227 7.6051468478876405 7.599289864457997 7.59560121577251 7.593924445938829 7.587150186599914 7.579895218937473 7.5670612562849655 7.556415791757061 7.547119033964629 7.538577667538293 7.53047241763298 7.5235499776182175 7.516615629958649 7.510373941148047 7.504657733587444 
# remnant_mass_list
-10.0 -10.0 6.874160135777056 7.47498755155184 7.651175517000456 7.732549952138967 7.776266534441317 7.8018712591743835 7.818042462688647 7.82897662338161 7.836843676274077 7.8428166298846005 7.847566017498163 7.851485188216659 7.854813623715362 7.8577014395372435 7.868201302530965 7.880256634258544 7.887509327292033 7.892576494938763 7.896417468818431 7.8994755531962 7.902004198203092 7.904144874727994 7.906004116603058 7.906174799598104 7.9063410366830915 7.906505424170003 7.90666915021223 7.906832822278431 7.9069966674439645 7.907160345815217 7.9073204432310185 7.907623976457169 7.909064107204791 7.911537759130756 7.9135932845756525 7.915355395165317 7.91687126668336 7.918809408187194 7.920467183125709 7.921897757697238 7.922354151875655 7.923155695565483 7.924293949191778 7.925291437790067 7.925914464450778 7.926193675493942 7.9273237788373185 7.928507181038998 7.930564897984349 7.9322263454158 7.933649382738198 7.934940684560111 7.93615536934159 7.937167301822956 7.938179933978598 7.939075652397372 7.939883897693588 
# BH_mass_list
-10.0 -10.0 6.730280898931147 7.3107819625397505 7.44708354391586 7.501962213285769 7.527006654778693 7.539010473466294 7.544892675922141 7.54780621305335 7.549256000411935 7.54996751429026 7.550313124368922 7.5504777966550956 7.550553607123576 7.550583647878648 7.550591337695427 7.550591337695427 7.550591337695427 7.550591337695427 7.550591337695427 7.550591337695427 7.550591337695427 7.550591337695427 7.550591337695427 7.550591337695427 7.550591337695427 7.550591337695427 7.550591337695427 7.550591337695427 7.550591337695427 7.550591337695427 7.550591337695427 7.550591337695427 7.550591337695427 7.550591337695427 7.550591337695427 7.550591337695427 7.550591337695427 7.550591337695427 7.550591337695427 7.550591337695427 7.550591337695427 7.550591337695427 7.550591337695427 7.550591337695427 7.550591337695427 7.550591337695427 7.550591337695427 7.550591337695427 7.550591337695427 7.550591337695427 7.550591337695427 7.550591337695427 7.550591337695427 7.550591337695427 7.550591337695427 7.550591337695427 7.550591337695427 
# NS_mass_list
-10.0 -10.0 6.324418616371645 6.973072209908464 7.225160098094561 7.346947480323494 7.410786671862372 7.439504714627642 7.4531846038456555 7.459868748650734 7.463174126322408 7.464813908832485 7.4656265789202045 7.466027675841634 7.466224846992981 7.466320120866657 7.466388156512404 7.466388156512404 7.466388156512404 7.466388156512404 7.466388156512404 7.466388156512404 7.466388156512404 7.466388156512404 7.466388156512404 7.466388156512404 7.466388156512404 7.466388156512404 7.466388156512404 7.466388156512404 7.466388156512404 7.466388156512404 7.466388156512404 7.466388156512404 7.466388156512404 7.466388156512404 7.466388156512404 7.466388156512404 7.466388156512404 7.466388156512404 7.466388156512404 7.466388156512404 7.466388156512404 7.466388156512404 7.466388156512404 7.466388156512404 7.466388156512404 7.466388156512404 7.466388156512404 7.466388156512404 7.466388156512404 7.466388156512404 7.466388156512404 7.466388156512404 7.466388156512404 7.466388156512404 7.466388156512404 7.466388156512404 7.466388156512404 
# WD_mass_list
-10.0 -10.0 -10.0 -10.0 -10.0 4.362430907696388 5.528850953659333 6.101237207820236 6.3644455070376145 6.520484938498649 6.6242447658648285 6.698343073061943 6.754011903773158 6.797496825887459 6.832531318049977 6.861477746511873 6.9555569191300615 7.045528062470894 7.092841839741099 7.123500236121202 7.145597774589541 7.162552630002265 7.17617481664348 7.187441745768784 7.197039317147526 7.1979118947011855 7.1987603903587 7.199598136928441 7.200431223830531 7.201262754932893 7.202093886909948 7.2029228999170325 7.203732549192142 7.205264270738516 7.2124732276313415 7.224637069490515 7.234542866006604 7.242894708958549 7.249979612920306 7.258908034892876 7.266432719814632 7.272845555097561 7.274876063849943 7.278424448734307 7.2834252173115175 7.287771326619969 7.290468996234366 7.29167379671725 7.296524176730128 7.301559227486358 7.310209514742945 7.317099580850251 7.322935824019093 7.32818102211403 7.333071857257818 7.337114989796267 7.34113289733085 7.3446639140427585 7.347831833903948 
