# time_axis
5.999999999999999 7.0 7.30102999566398 7.477121254719661 7.602059991327962 7.698970004336018 7.778151250383643 7.845098040014256 7.903089986991943 7.954242509439324 8.0 8.041392685158224 8.079181246047623 8.113943352306837 8.146128035678238 8.176091259055681 8.301029995663981 8.47712125471966 8.60205999132796 8.698970004336019 8.778151250383644 8.845098040014257 8.903089986991942 8.954242509439323 8.999999999999998 9.004321373782641 9.008600171761916 9.012837224705171 9.017033339298779 9.021189299069936 9.02530586526477 9.02938377768521 9.033423755486949 9.041392685158224 9.079181246047623 9.146128035678236 9.204119982655923 9.255272505103305 9.301029995663981 9.361727836017593 9.414973347970816 9.462397997898954 9.477121254719663 9.505149978319904 9.544068044350274 9.57978359661681 9.60205999132796 9.612783856719734 9.653212513775342 9.698970004336017 9.778151250383642 9.845098040014257 9.903089986991944 9.954242509439325 10.0 10.041392685158225 10.079181246047623 10.113943352306835 10.146128035678236 
# total_gas_mass_list
8.602310340709769 10.259728783226302 10.586485103379475 10.349712710465246 10.066526462024639 9.7451108628937 9.395473400612918 9.025092413874711 8.63950416305492 8.243241938770312 7.841296681585019 7.441221867870214 7.056869529162124 6.7126004721870025 6.439744651794117 6.255352630196024 6.7522046654483034 7.042273152613684 7.1748887704443405 7.258643197152396 7.31868966228984 7.364573847647878 7.401207302580147 7.431654422476706 7.457427209562435 7.459796623279769 7.46219228218528 7.464455207948717 7.466704162210871 7.468909891339653 7.47112001579494 7.4733307260909765 7.475519252674001 7.479924302971788 7.499275182747105 7.5322487347575855 7.558879952953307 7.581332382948859 7.6003583945332505 7.624071131698481 7.643618814774659 7.660507245824347 7.665631180644554 7.674953414532047 7.687720111823794 7.69854830555753 7.705025803713898 7.7079209307670355 7.719171023518447 7.730662470767812 7.749236589630928 7.76302098919061 7.774216875276815 7.783652300767417 7.791942178203667 7.798684944765335 7.805019360872341 7.810670376756698 7.8156629785493426 
# ejected_gas_mass_list
-10.0 -10.0 4.071292595793066 6.110613402713016 6.677976565533371 6.8990781772543235 7.020548071286149 7.100489452755724 7.1602614094068695 7.20643960475627 7.2437656146901075 7.274817244522116 7.3011929209170985 7.323971001016741 7.3439232721759735 7.361609194720164 7.427892634125995 7.507249096949754 7.5574018593149725 7.5940937095214895 7.62286382256028 7.646246232547889 7.665782703458694 7.6826034700486545 7.697252781517016 7.698618362946881 7.7000022781560205 7.701312476364696 7.702617431786094 7.703900059939508 7.705187977232639 7.706478970685743 7.707759701272876 7.710345657624374 7.721833387086624 7.7418843195668146 7.758510762857765 7.772823772396154 7.785161092670265 7.800801414101649 7.813911453556287 7.825393376709382 7.828905137201092 7.835327581015435 7.844192269869218 7.851773039632353 7.856334904428202 7.858380330466026 7.8663664300913805 7.874585481696107 7.888000175256516 7.8980578172121305 7.906289887600145 7.913270918177814 7.919436789275064 7.924474093400938 7.929224286195037 7.933476570539246 7.93724477070637 
# stellar_mass_list
-10.0 6.505400327701712 8.170480289729651 8.571841233752506 8.545919832280498 8.515512673444281 8.487626766396787 8.46405090897974 8.444107594208734 8.427010381177231 8.412188317218774 8.399219613959128 8.387744905246567 8.377509747197488 8.368289183699552 8.35991439121728 8.326354199981115 8.280939472979728 8.248591937573329 8.222918678217752 8.201374834102502 8.18267159428317 8.166235788140925 8.151345325074807 8.1377728798333 8.136455886317323 8.135169574239084 8.133910453517895 8.13265655829302 8.131417930092043 8.130177186461014 8.128928972961539 8.127678965548565 8.125242333494423 8.11365063376022 8.09252222717863 8.0737266811531 8.056446054793879 8.040680464490405 8.01922353366221 7.999530081970256 7.981357634292551 7.975395271028969 7.964385306301972 7.9482104586901245 7.933303059725068 7.923523091715102 7.919045960499171 7.90037982713346 7.879430761206519 7.839481686124704 7.804340662317266 7.7746323155389865 7.748197316777409 7.723935819868025 7.703536888882782 7.683699117236036 7.666064060691418 7.650250535364968 
# remnant_mass_list
-10.0 -10.0 5.05951106295706 7.176212855522114 7.710407537852475 7.871182675017792 7.94526939006109 7.984548744851107 8.007512726461592 8.02260441294509 8.033583148135975 8.042192119402289 8.049286277582526 8.055332956613505 8.060606625000796 8.065281400724228 8.082955099272828 8.104617934301007 8.11861545303029 8.128959413012808 8.137141641195086 8.143880576281397 8.149595869435535 8.154554398143317 8.15891757782294 8.159333179116622 8.159737542616531 8.160131930002638 8.160519919375185 8.160906381585502 8.16129263528377 8.161680709523258 8.162067948720557 8.162815945427653 8.16631550096339 8.172444396154257 8.177633572757635 8.182203448772174 8.186201478149428 8.19139930634101 8.195942145479615 8.199942825609963 8.201225057086333 8.203523068010298 8.206813910561262 8.209721758926655 8.211579322663189 8.212409418282526 8.215804159133743 8.21941735801556 8.225850003663862 8.230994755977088 8.234969427598552 8.238262492008525 8.241099922407706 8.243310733207002 8.245379937982321 8.247117833920248 8.24859106199301 
# BH_mass_list
-10.0 -10.0 4.8187695295164295 7.033048261853008 7.548497340512333 7.665915370754268 7.706123451667463 7.719938321040666 7.7242903428836405 7.725488478886516 7.725769673306407 7.725824615326448 7.7258308229220685 7.725831561014356 7.725831689305022 7.725831704510545 7.725831704787323 7.725831704787323 7.725831704787323 7.725831704787323 7.725831704787323 7.725831704787323 7.725831704787323 7.725831704787323 7.725831704787323 7.725831704787323 7.725831704787323 7.725831704787323 7.725831704787323 7.725831704787323 7.725831704787323 7.725831704787323 7.725831704787323 7.725831704787323 7.725831704787323 7.725831704787323 7.725831704787323 7.725831704787323 7.725831704787323 7.725831704787323 7.725831704787323 7.725831704787323 7.725831704787323 7.725831704787323 7.725831704787323 7.725831704787323 7.725831704787323 7.725831704787323 7.725831704787323 7.725831704787323 7.725831704787323 7.725831704787323 7.725831704787323 7.725831704787323 7.725831704787323 7.725831704787323 7.725831704787323 7.725831704787323 7.725831704787323 
# NS_mass_list
-10.0 -10.0 4.688453244029431 6.624646512061579 7.20345450939912 7.447096822459586 7.5712137105713015 7.636420558865036 7.666475270940651 7.679632507934925 7.685037562551579 7.687095223491736 7.687816942910767 7.688050130456845 7.688119214281111 7.688143112452004 7.688151579412087 7.688151579412087 7.688151579412087 7.688151579412087 7.688151579412087 7.688151579412087 7.688151579412087 7.688151579412087 7.688151579412087 7.688151579412087 7.688151579412087 7.688151579412087 7.688151579412087 7.688151579412087 7.688151579412087 7.688151579412087 7.688151579412087 7.688151579412087 7.688151579412087 7.688151579412087 7.688151579412087 7.688151579412087 7.688151579412087 7.688151579412087 7.688151579412087 7.688151579412087 7.688151579412087 7.688151579412087 7.688151579412087 7.688151579412087 7.688151579412087 7.688151579412087 7.688151579412087 7.688151579412087 7.688151579412087 7.688151579412087 7.688151579412087 7.688151579412087 7.688151579412087 7.688151579412087 7.688151579412087 7.688151579412087 7.688151579412087 
# WD_mass_list
-10.0 -10.0 -10.0 -10.0 -10.0 3.163682053826895 4.855300813123344 5.868163545680092 6.370645309295137 6.640677825814218 6.808589522104014 6.92230716395753 7.00411483458881 7.0659329272323514 7.114591214424358 7.154150426618172 7.280742679304512 7.402746909583771 7.469026307800492 7.513395815523297 7.546207141015255 7.571910192759369 7.592868131484767 7.610476863314311 7.625560306786154 7.626977839270372 7.628353911613477 7.629693076647584 7.63100768147949 7.632314330743968 7.633617515788256 7.634924079345256 7.636225084180276 7.638730404956609 7.650319300550521 7.67011233335631 7.686399982651251 7.7004088076048305 7.712420971386593 7.727715435292414 7.740799010010906 7.752112839906048 7.755699112708661 7.762079301729006 7.77111314556919 7.778997733445964 7.783987721199191 7.78620604634743 7.795205188945131 7.804658058859956 7.821180783540995 7.834126311426094 7.843971558669304 7.852029249363993 7.858902101329106 7.864213353726326 7.86915037519141 7.873271921329124 7.876748190737744 
