# time_axis
1000000 10000000 20000000 30000000 40000000 50000000 60000000 70000000 80000000 90000000 100000000 200000000 300000000 400000000 500000000 600000000 700000000 800000000 900000000 1000000000 1010000000 1020000000 1030000000 1040000000 1050000000 1060000000 1070000000 1080000000 1100000000 1200000000 1400000000 1600000000 1800000000 2000000000 2300000000 2600000000 2900000000 3000000000 3200000000 3500000000 3800000000 4000000000 4100000000 4500000000 5000000000 6000000000 7000000000 8000000000 9000000000 10000000000 11000000000 12000000000 13000000000 14000000000 
# SNIa_energy_release_list
0 0.0 0.0 0.0 0.0 0.0 7.096079919808598e+55 1.9990079305752947e+56 3.778616332038689e+56 5.273252094027034e+56 6.562652100963505e+56 1.4339301518406968e+57 1.8560277563627835e+57 2.1475476749793605e+57 2.3705003221634935e+57 2.5510960398988874e+57 2.7028602026359397e+57 2.8337647930426493e+57 2.948852225414564e+57 3.0515455293190525e+57 3.0612315005071235e+57 3.0708212512087742e+57 3.080318110862429e+57 3.0897186333556504e+57 3.0990272237663802e+57 3.108244766526619e+57 3.117372750217463e+57 3.126414631843478e+57 3.144249675485626e+57 3.228739028382189e+57 3.378114551963369e+57 3.507230404038434e+57 3.620935130339049e+57 3.722529124382222e+57 3.857125465386832e+57 3.975058566917124e+57 4.080001009939438e+57 4.112584677537687e+57 4.1745377683678565e+57 4.260534691013101e+57 4.339432410387337e+57 4.388619014238407e+57 4.4122908766814524e+57 4.501534976561303e+57 4.6024610997162834e+57 4.777036808457888e+57 4.92456473973958e+57 5.0522839551621675e+57 5.164937311118651e+57 5.265629294320073e+57 5.356747403586118e+57 5.4399053100485766e+57 5.516389915508403e+57 5.587194283315787e+57 
# SNII_energy_release_list
0 -4.954818527482586e+55 1.7742621402675995e+56 4.906546358378707e+56 8.985203590199648e+56 1.0583253793838501e+57 1.1318763772382105e+57 1.1603382589964133e+57 1.1603382589964133e+57 1.1603382589964133e+57 1.1603382589964133e+57 1.1603382589964133e+57 1.1603382589964133e+57 1.1603382589964133e+57 1.1603382589964133e+57 1.1603382589964133e+57 1.1603382589964133e+57 1.1603382589964133e+57 1.1603382589964133e+57 1.1603382589964133e+57 1.1603382589964133e+57 1.1603382589964133e+57 1.1603382589964133e+57 1.1603382589964133e+57 1.1603382589964133e+57 1.1603382589964133e+57 1.1603382589964133e+57 1.1603382589964133e+57 1.1603382589964133e+57 1.1603382589964133e+57 1.1603382589964133e+57 1.1603382589964133e+57 1.1603382589964133e+57 1.1603382589964133e+57 1.1603382589964133e+57 1.1603382589964133e+57 1.1603382589964133e+57 1.1603382589964133e+57 1.1603382589964133e+57 1.1603382589964133e+57 1.1603382589964133e+57 1.1603382589964133e+57 1.1603382589964133e+57 1.1603382589964133e+57 1.1603382589964133e+57 1.1603382589964133e+57 1.1603382589964133e+57 1.1603382589964133e+57 1.1603382589964133e+57 1.1603382589964133e+57 1.1603382589964133e+57 1.1603382589964133e+57 1.1603382589964133e+57 1.1603382589964133e+57 
# SN_energy_per_current_crossing_time_list
0.0 -2.9925595187904413e+55 1.1496734611701967e+56 1.5723747331542073e+56 4.045056049531673e+56 2.032343624682177e+56 1.0842095766904746e+56 5.081326737056372e+55 1.0703516138437044e+55 9.332543633550398e+54 8.293304238504972e+54 5.76843557119278e+54 3.3074464513014074e+54 2.357569794212778e+54 1.8420882018593555e+54 1.515920008177801e+54 1.2895020670957048e+54 1.1233041969262195e+54 9.956760170383559e+53 8.946543957844793e+53 8.443684744800148e+53 8.364887454971265e+53 8.288924579620674e+53 8.209887658189372e+53 8.13447824173368e+53 8.059796940568328e+53 7.986269252020513e+53 7.915531595484822e+53 7.815375860956075e+53 7.443472070427668e+53 6.638042178888802e+53 5.778610003149355e+53 5.118928949931439e+53 4.596478774069817e+53 4.08483089134271e+53 3.5973677560648628e+53 3.214816281902321e+53 2.9984140451948383e+53 2.857149647591622e+53 2.652484301492784e+53 2.440123698604486e+53 2.285629283260117e+53 2.2017079477657443e+53 2.0810928960072023e+53 1.8883555071220114e+53 1.6409596031556412e+53 1.3918523941869394e+53 1.2087668726192081e+53 1.069173849220022e+53 9.582244323006431e+52 8.689493995925284e+52 7.947760271494487e+52 7.322379927209146e+52 6.791330225321883e+52 
# SN_energy_per_final_crossing_time_list
0.0 -1.4081495302021405e+56 5.805510389018138e+56 8.011700273491827e+56 1.0432316157875606e+57 4.08746408755584e+56 1.949337549360157e+56 8.516680454039227e+55 1.706943893485972e+55 1.433607182801465e+55 1.236751560787825e+55 7.459115288493094e+54 4.048626247783266e+54 2.796166530248478e+54 2.1384910260849648e+54 1.732216803003707e+54 1.4556736786643692e+54 1.255595281750034e+54 1.1038821222841921e+54 9.850015759507624e+53 9.290476128547843e+53 9.198184492034732e+53 9.109086347180852e+53 9.016682800658028e+53 8.928504465078666e+53 8.841174448602262e+53 8.755272231864869e+53 8.6726858641815e+53 8.55340388649146e+53 8.103950558604765e+53 7.1638130502052e+53 6.1921913571136334e+53 5.453098222612571e+53 4.872286723423046e+53 4.303351272381978e+53 3.7705895920970737e+53 3.355248681622646e+53 3.1253219746812486e+53 2.9711719159164057e+53 2.749517287945243e+53 2.522539606374004e+53 2.3589114609668865e+53 2.270529910477478e+53 2.14000269939016e+53 1.9361026782177706e+53 1.674474787500593e+53 1.4150410911345751e+53 1.225042175947999e+53 1.0805352338890681e+53 9.658055429909386e+52 8.739759829733725e+52 7.976242442688292e+52 7.336160591733344e+52 6.791330225321883e+52 
# total_energy_release_list
0 -4.954818527482586e+55 1.7742621402675995e+56 4.906546358378707e+56 8.985203590199648e+56 1.0583253793838501e+57 1.2028371764362964e+57 1.3602390520539428e+57 1.5381998922002823e+57 1.687663468399117e+57 1.8166034690927638e+57 2.59426841083711e+57 3.016366015359197e+57 3.307885933975774e+57 3.530838581159907e+57 3.711434298895301e+57 3.863198461632353e+57 3.9941030520390626e+57 4.1091904844109775e+57 4.2118837883154655e+57 4.221569759503537e+57 4.231159510205188e+57 4.240656369858842e+57 4.2500568923520634e+57 4.2593654827627936e+57 4.268583025523032e+57 4.2777110092138765e+57 4.2867528908398915e+57 4.3045879344820396e+57 4.3890772873786024e+57 4.538452810959783e+57 4.667568663034847e+57 4.781273389335462e+57 4.8828673833786355e+57 5.017463724383245e+57 5.135396825913537e+57 5.240339268935851e+57 5.2729229365341005e+57 5.33487602736427e+57 5.4208729500095144e+57 5.49977066938375e+57 5.5489572732348206e+57 5.572629135677866e+57 5.6618732355577166e+57 5.762799358712697e+57 5.9373750674543015e+57 6.084902998735993e+57 6.212622214158581e+57 6.325275570115064e+57 6.425967553316486e+57 6.517085662582531e+57 6.60024356904499e+57 6.676728174504816e+57 6.747532542312201e+57 
# binding_energy_list
7.464487584100623e+58 7.464487584100623e+58 7.194489780036983e+58 6.839116472814306e+58 5.50807696405403e+58 4.8305880203976986e+58 4.549880601500499e+58 4.3853069777498873e+58 4.2756288615158645e+58 4.1975898399100517e+58 4.13047501990161e+58 3.837072454922816e+58 3.723917062545668e+58 3.6643757464783334e+58 3.622429984166965e+58 3.5974933515574014e+58 3.5727283815192666e+58 3.556313185689869e+58 3.539973410834343e+58 3.5318316979195845e+58 3.5318316979195845e+58 3.5237087104248475e+58 3.5237087104248475e+58 3.5237087104248475e+58 3.5237087104248475e+58 3.5237087104248475e+58 3.5237087104248475e+58 3.5237087104248475e+58 3.515604405282976e+58 3.5075187395256937e+58 3.4914031547858553e+58 3.4833731503601304e+58 3.4753616144320325e+58 3.459393778261231e+58 3.451437393358536e+58 3.4434993076333775e+58 3.435579478998757e+58 3.435579478998757e+58 3.427677865464477e+58 3.427677865464477e+58 3.41979442513708e+58 3.41979442513708e+58 3.41979442513708e+58 3.411929116219295e+58 3.411929116219295e+58 3.4040818970099813e+58 3.396252725904075e+58 3.388441561392034e+58 3.388441561392034e+58 3.380648362059843e+58 3.380648362059843e+58 3.380648362059843e+58 3.3728730865886786e+58 3.3728730865886786e+58 
# total_gas_kinetic_energy_list
1.9366025041997957e+59 1.9042900012303315e+59 1.8736743261884562e+59 1.8441735026180409e+59 1.8499345373150619e+59 1.8531409878869039e+59 1.8544954532259516e+59 1.8553141279211228e+59 1.855910807501122e+59 1.8563800414100574e+59 1.8567592733610435e+59 1.858505527060217e+59 1.859162319659287e+59 1.8595290317191559e+59 1.8597662973241538e+59 1.8599358790623205e+59 1.8600624272670307e+59 1.8601647652076936e+59 1.8602491993325805e+59 1.860320826628384e+59 1.8603273162875918e+59 1.8603335425052976e+59 1.860339773806202e+59 1.8603461115007949e+59 1.8603522203895718e+59 1.860358457616919e+59 1.8603646187772965e+59 1.8603705780804157e+59 1.8603819304162147e+59 1.8604351615418849e+59 1.8605241089699983e+59 1.8605953625268929e+59 1.8606541184159256e+59 1.8607033791809133e+59 1.8607633143101593e+59 1.8608121514664237e+59 1.8608525305902e+59 1.8608647374839318e+59 1.8608862624313764e+59 1.8609158917642317e+59 1.860939970365496e+59 1.8609545412524292e+59 1.860961578438496e+59 1.8609860032185542e+59 1.8610107739418797e+59 1.8610486311021782e+59 1.861076858857576e+59 1.861100662857528e+59 1.8611218920933258e+59 1.8611429010205204e+59 1.8611583458905127e+59 1.8611751719315467e+59 1.861187495665769e+59 1.8612025214410251e+59 
