# time_axis
5.999999999999999 7.0 7.30102999566398 7.477121254719661 7.602059991327962 7.698970004336018 7.778151250383643 7.845098040014256 7.903089986991943 7.954242509439324 8.0 8.301029995663981 8.47712125471966 8.60205999132796 8.698970004336019 8.778151250383644 8.845098040014257 8.903089986991942 8.954242509439323 8.999999999999998 9.004321373782641 9.008600171761916 9.012837224705171 9.017033339298779 9.021189299069936 9.02530586526477 9.02938377768521 9.033423755486949 9.041392685158224 9.079181246047623 9.146128035678236 9.204119982655923 9.255272505103305 9.301029995663981 9.361727836017593 9.414973347970816 9.462397997898954 9.477121254719663 9.505149978319904 9.544068044350274 9.57978359661681 9.60205999132796 9.612783856719734 9.653212513775342 9.698970004336017 9.778151250383642 9.845098040014257 9.903089986991944 9.954242509439325 10.0 10.041392685158225 10.079181246047623 10.113943352306835 10.146128035678236 
# total_gas_mass_list
10.478151250383643 10.470843887269817 10.463923489691194 10.457206306044776 10.458907653283863 10.459840623517701 10.46024111581957 10.460484329064757 10.460652631041027 10.460776957374723 10.460873973746018 10.461312899914933 10.461475738960473 10.461567675467444 10.461629259436046 10.461674330353468 10.461708581596403 10.461736215867607 10.461758904029455 10.461778113741087 10.46177986417952 10.461781534406846 10.461783219135969 10.461784917464827 10.461786561454794 10.461788227176353 10.461789871343356 10.461791465168988 10.461794532621361 10.461808798786457 10.461832637960608 10.46185171274135 10.461867386752898 10.46188051844693 10.461896619576752 10.461909767846585 10.461920720676433 10.461924013186238 10.461929895145369 10.461937949832041 10.461944649991269 10.461948734741446 10.461950674244587 10.461957598934813 10.461964601535481 10.461975585506378 10.461983960807244 10.4619910735843 10.461997381708613 10.46200354507453 10.462008175600106 10.462013148321473 10.462016695065495 10.462021080508976 
# ejected_gas_mass_list
-10.0 -10.0 7.520931719196179 7.943081423073403 8.301451254998257 8.418402224341051 8.460385111422323 8.48404863194612 8.499707349256472 8.510926217910692 8.519485895505492 8.556255140256422 8.569150518543998 8.576267500067472 8.58097125449516 8.58438216533493 8.586956693970317 8.589022931245662 8.5907121234579 8.592137286182108 8.592266921615511 8.592390581128319 8.592515279139926 8.592640948019284 8.592762561899638 8.592885749116613 8.593007308488529 8.59312511390603 8.593351751728843 8.594404272784827 8.596157469944783 8.597555270383214 8.59870055038117 8.599657778517056 8.600828629393204 8.601782448846228 8.602575429488468 8.602813527056826 8.603238560296967 8.603819931204473 8.604302951033796 8.604597164215566 8.604736792438864 8.605234952138078 8.605738144324462 8.606526273125912 8.607126276759987 8.607635192583107 8.608086044409008 8.608526104842904 8.608856432447766 8.609210895613195 8.609463538772536 8.609775724299483 
# stellar_mass_list
-10.0 8.847842856620996 8.92375961717257 8.967633554285694 8.47264291746148 8.355662138777282 8.293116599124014 8.250201728732026 8.217659281712686 8.191566101129954 8.169864908000443 8.052114864487505 7.996059608053549 7.96004344040013 7.933874454563927 7.913512195765395 7.896954174279171 7.883040392982631 7.871119288327724 7.8606341914509485 7.859667538270847 7.858733454558028 7.857801939192657 7.856867388436128 7.85593079706508 7.8549916688110795 7.854057442580667 7.85315328535587 7.851431459338904 7.843171536354554 7.828843494896818 7.816769080512573 7.80635827782032 7.7973212288944564 7.7856395659971716 7.775576282597429 7.766833259635908 7.76403626364672 7.759103300309051 7.752087235355917 7.745870073440139 7.7420065784953005 7.740247042757068 7.733199332665799 7.725721603497835 7.7127131478367925 7.7020744068461315 7.692788440703875 7.684257842688291 7.676147550939145 7.669236469639166 7.662298332345089 7.656067742613802 7.650349492203978 
# remnant_mass_list
-10.0 -10.0 7.833026163353074 8.167982397144037 8.362907228327817 8.395104956732853 8.409252399401309 8.417780718946943 8.423590276888847 8.427952790996374 8.431391981534059 8.447391515760716 8.45362856331146 8.457228224685684 8.459657417290456 8.461443909332008 8.462831985574073 8.463955062459235 8.464885821569487 8.465682446932796 8.465754586291602 8.465823723448924 8.46589264864885 8.465961894355582 8.466031367841623 8.466101133021988 8.466170465122907 8.466237046635928 8.466362331499125 8.46695891039074 8.467963830295712 8.468780674628333 8.46946382860542 8.470039043568082 8.470759925233263 8.471362581714933 8.471870830149244 8.472033107751 8.47230879304914 8.472699438224101 8.473035542236266 8.473241778116847 8.473332741808544 8.473703685857833 8.474079458393655 8.47471954531657 8.475220249185806 8.475648800767306 8.47604245471199 8.476420713098054 8.476727567123232 8.477045257351213 8.477322671781018 8.477572319435362 
# BH_mass_list
-10.0 -10.0 7.6715092877994095 7.972539283463392 8.148630542519072 8.148630542519072 8.148630542519072 8.148630542519072 8.148630542519072 8.148630542519072 8.148630542519072 8.148630542519072 8.148630542519072 8.148630542519072 8.148630542519072 8.148630542519072 8.148630542519072 8.148630542519072 8.148630542519072 8.148630542519072 8.148630542519072 8.148630542519072 8.148630542519072 8.148630542519072 8.148630542519072 8.148630542519072 8.148630542519072 8.148630542519072 8.148630542519072 8.148630542519072 8.148630542519072 8.148630542519072 8.148630542519072 8.148630542519072 8.148630542519072 8.148630542519072 8.148630542519072 8.148630542519072 8.148630542519072 8.148630542519072 8.148630542519072 8.148630542519072 8.148630542519072 8.148630542519072 8.148630542519072 8.148630542519072 8.148630542519072 8.148630542519072 8.148630542519072 8.148630542519072 8.148630542519072 8.148630542519072 8.148630542519072 8.148630542519072 
# NS_mass_list
-10.0 -10.0 7.325201321894077 7.727155493880479 7.95335567779216 8.031074958969523 8.056734697226135 8.065345469794421 8.065345469794421 8.065345469794421 8.065345469794421 8.065345469794421 8.065345469794421 8.065345469794421 8.065345469794421 8.065345469794421 8.065345469794421 8.065345469794421 8.065345469794421 8.065345469794421 8.065345469794421 8.065345469794421 8.065345469794421 8.065345469794421 8.065345469794421 8.065345469794421 8.065345469794421 8.065345469794421 8.065345469794421 8.065345469794421 8.065345469794421 8.065345469794421 8.065345469794421 8.065345469794421 8.065345469794421 8.065345469794421 8.065345469794421 8.065345469794421 8.065345469794421 8.065345469794421 8.065345469794421 8.065345469794421 8.065345469794421 8.065345469794421 8.065345469794421 8.065345469794421 8.065345469794421 8.065345469794421 8.065345469794421 8.065345469794421 8.065345469794421 8.065345469794421 8.065345469794421 8.065345469794421 
# WD_mass_list
-10.0 -10.0 -10.0 -10.0 -10.0 5.16674582649522 6.263186530698598 6.666500078865516 6.911897834432487 7.035084601519346 7.112980602495612 7.363691753589202 7.433875525854352 7.470146086660245 7.493170893021106 7.509434761392408 7.5217081795426655 7.531418437762577 7.539323059234518 7.545989252574148 7.5465884940807015 7.547162115471152 7.547733315833229 7.548306507912816 7.548880917894897 7.549457068400403 7.550028977630398 7.5505775754925475 7.5516082114688885 7.556486627511898 7.564597073832584 7.571093318475623 7.5764619119232695 7.580937806626091 7.586491042631618 7.591086621901004 7.594929735169142 7.596150607462626 7.598217890329201 7.6011327018912285 7.60362707097178 7.605151521623721 7.6058224378806845 7.608549155256326 7.611296373316283 7.615941711995756 7.619545886608072 7.62261037944613 7.625409037190024 7.628083724981505 7.630243169642037 7.632469212961185 7.634405079946083 7.6361408880768895 
