# time_axis
1000000 10000000 20000000 30000000 40000000 50000000 60000000 70000000 80000000 90000000 100000000 200000000 300000000 400000000 500000000 600000000 700000000 800000000 900000000 1000000000 1010000000 1020000000 1030000000 1040000000 1050000000 1060000000 1070000000 1080000000 1100000000 1200000000 1400000000 1600000000 1800000000 2000000000 2300000000 2600000000 2900000000 3000000000 3200000000 3500000000 3800000000 4000000000 4100000000 4500000000 5000000000 6000000000 7000000000 8000000000 9000000000 10000000000 11000000000 12000000000 13000000000 14000000000 
# SNIa_energy_release_list
0 0.0 0.0 0.0 0.0 0.0 7.096079919808598e+55 1.9990079305752947e+56 3.778616332038689e+56 5.982860086007894e+56 8.5616600315388e+56 2.295104069257868e+57 3.0340411452026343e+57 3.536042506781855e+57 3.916865197156155e+57 4.2238195273905405e+57 4.480971699236644e+57 4.702246152520288e+57 4.896448401987249e+57 5.0694928327693546e+57 5.0858024289065114e+57 5.1019478258619156e+57 5.117930207229249e+57 5.133756992161866e+57 5.149429520309244e+57 5.1649434732487435e+57 5.1803084911705546e+57 5.195526041290293e+57 5.2255309428898006e+57 5.3676141666031486e+57 5.6185678703484306e+57 5.835249285680705e+57 6.025904104882027e+57 6.19612851841172e+57 6.421534455502984e+57 6.618907666291582e+57 6.794458730472633e+57 6.848937862984734e+57 6.952539234676815e+57 7.096312425070577e+57 7.22816922512313e+57 7.310354518951722e+57 7.349911405494917e+57 7.49898672520535e+57 7.667568082403289e+57 7.959084019197505e+57 8.205305763168388e+57 8.418481853508673e+57 8.606445302628692e+57 8.77446569893586e+57 8.926465719690925e+57 9.065177528609623e+57 9.192756517235927e+57 9.310852870943219e+57 
# SNII_energy_release_list
0 -4.954818527482586e+55 1.7742621402675995e+56 4.906546358378707e+56 8.48972173745139e+56 1.23575159341061e+57 1.6720094271166113e+57 1.8317844858456143e+57 1.9053200108621274e+57 1.9338970983273553e+57 1.9338970983273553e+57 1.9338970983273553e+57 1.9338970983273553e+57 1.9338970983273553e+57 1.9338970983273553e+57 1.9338970983273553e+57 1.9338970983273553e+57 1.9338970983273553e+57 1.9338970983273553e+57 1.9338970983273553e+57 1.9338970983273553e+57 1.9338970983273553e+57 1.9338970983273553e+57 1.9338970983273553e+57 1.9338970983273553e+57 1.9338970983273553e+57 1.9338970983273553e+57 1.9338970983273553e+57 1.9338970983273553e+57 1.9338970983273553e+57 1.9338970983273553e+57 1.9338970983273553e+57 1.9338970983273553e+57 1.9338970983273553e+57 1.9338970983273553e+57 1.9338970983273553e+57 1.9338970983273553e+57 1.9338970983273553e+57 1.9338970983273553e+57 1.9338970983273553e+57 1.9338970983273553e+57 1.9338970983273553e+57 1.9338970983273553e+57 1.9338970983273553e+57 1.9338970983273553e+57 1.9338970983273553e+57 1.9338970983273553e+57 1.9338970983273553e+57 1.9338970983273553e+57 1.9338970983273553e+57 1.9338970983273553e+57 1.9338970983273553e+57 1.9338970983273553e+57 1.9338970983273553e+57 
# SN_energy_per_current_crossing_time_list
0.0 -4.6041604730851996e+55 1.7688139780138305e+56 2.4360857951930266e+56 2.9046449446979955e+56 3.2449382153063617e+56 6.221555549443287e+56 2.782922427172509e+56 1.4763887967860702e+56 7.169058208539183e+55 1.9597262066954482e+55 1.297141515169823e+55 7.067603011566691e+54 4.9636652792854744e+54 3.85013242551545e+54 3.1543284178863076e+54 2.6757919048142543e+54 2.3258259445695275e+54 2.0583579073338886e+54 1.8471159007660575e+54 1.742052121482869e+54 1.7256120383607438e+54 1.7092532472005236e+54 1.693649919536093e+54 1.6781623790987185e+54 1.6621959848382756e+54 1.6472322382469928e+54 1.6323855715130453e+54 1.611167280546812e+54 1.534017175551645e+54 1.3668275556813982e+54 1.1886295888824188e+54 1.052119745000559e+54 9.441074704339998e+53 8.386137494079547e+53 7.3809951910176156e+53 6.5932248298420895e+53 6.146311670279298e+53 5.857891905037212e+53 5.436948044350142e+53 5.00000149999161e+53 4.682524417592582e+53 4.510990368409861e+53 4.262431410362095e+53 3.867544104026079e+53 3.360038543717793e+53 2.8485637379384747e+53 2.4741048373042508e+53 2.1876544287944996e+53 1.9608339512022046e+53 1.7776884318099864e+53 1.625849582326867e+53 1.4978790311668378e+53 1.3892903583871742e+53 
# SN_energy_per_final_crossing_time_list
0.0 -1.727072260271738e+56 7.1203630967751695e+56 9.826218738270612e+56 1.1240699310992405e+57 1.2133570635509537e+57 1.3769225467776105e+57 5.163953157667672e+56 2.516220366013837e+56 1.1557935580650166e+56 3.0337108539484607e+55 1.6927726545304282e+55 8.692886129315721e+54 5.905564648235092e+54 4.480013780132606e+54 3.611023355698191e+54 3.0251487177123286e+54 2.6030817620864522e+54 2.2846032438077897e+54 2.0357017952818688e+54 1.9186675922867294e+54 1.8993511330647567e+54 1.880173912290064e+54 1.8618694837650022e+54 1.843722652154951e+54 1.8250677995310483e+54 1.807547022842559e+54 1.790198850002407e+54 1.7648944776005133e+54 1.6714728829204856e+54 1.4761148421187282e+54 1.2745245374338287e+54 1.121435564187509e+54 1.001263498215493e+54 8.83894902463262e+53 7.73968854370562e+53 6.883966445338383e+53 6.408947537868563e+53 6.093853971319081e+53 5.6378457346698875e+53 5.1705627156742045e+53 4.8341558707341375e+53 4.653488389530452e+53 4.384320468956229e+53 3.9663960284399675e+53 3.429405460800506e+53 2.8965627149833295e+53 2.507812287604475e+53 2.211209740132025e+53 1.9765988472473223e+53 1.7881344908671957e+53 1.6318114207220737e+53 1.5008444652797824e+53 1.3892903583871742e+53 
# total_energy_release_list
0 -4.954818527482586e+55 1.7742621402675995e+56 4.906546358378707e+56 8.48972173745139e+56 1.23575159341061e+57 1.7429702263146972e+57 2.0316852789031437e+57 2.283181644065996e+57 2.5321831069281448e+57 2.7900631014812353e+57 4.229001167585223e+57 4.9679382435299896e+57 5.469939605109211e+57 5.8507622954835106e+57 6.157716625717896e+57 6.414868797563999e+57 6.636143250847643e+57 6.830345500314604e+57 7.00338993109671e+57 7.019699527233866e+57 7.035844924189271e+57 7.051827305556604e+57 7.067654090489222e+57 7.0833266186366e+57 7.098840571576098e+57 7.11420558949791e+57 7.129423139617649e+57 7.159428041217155e+57 7.301511264930505e+57 7.552464968675785e+57 7.76914638400806e+57 7.959801203209382e+57 8.130025616739076e+57 8.355431553830339e+57 8.552804764618938e+57 8.728355828799987e+57 8.78283496131209e+57 8.886436333004171e+57 9.030209523397931e+57 9.162066323450486e+57 9.244251617279078e+57 9.283808503822273e+57 9.432883823532706e+57 9.601465180730645e+57 9.892981117524861e+57 1.0139202861495744e+58 1.0352378951836029e+58 1.0540342400956048e+58 1.0708362797263215e+58 1.086036281801828e+58 1.0999074626936978e+58 1.1126653615563282e+58 1.1244749969270575e+58 
# binding_energy_list
1.555965631605075e+59 1.5595525028269458e+59 1.5031419660900209e+59 1.4190575216890955e+59 1.321295634186582e+59 1.2416523075924146e+59 1.0399201658290665e+59 9.484184633008901e+58 9.078205301781824e+58 8.810488730080147e+58 8.629785477669702e+58 7.888601176185516e+58 7.65596606911257e+58 7.516228940182015e+58 7.430191378967052e+58 7.379042301291046e+58 7.328245331389075e+58 7.29457510254568e+58 7.261059574351499e+58 7.227698036021732e+58 7.227698036021732e+58 7.227698036021732e+58 7.227698036021732e+58 7.227698036021732e+58 7.227698036021732e+58 7.227698036021732e+58 7.211074791828946e+58 7.211074791828946e+58 7.211074791828946e+58 7.194489780036983e+58 7.161434102128968e+58 7.12853030126522e+58 7.112135136533237e+58 7.095777679633873e+58 7.079457843841402e+58 7.063175542629565e+58 7.046930689671453e+58 7.046930689671453e+58 7.030723198838356e+58 7.014552984199657e+58 7.014552984199657e+58 6.998419960022717e+58 6.998419960022717e+58 6.998419960022717e+58 6.982324040771733e+58 6.966265141107743e+58 6.966265141107743e+58 6.950243175887948e+58 6.934258060165708e+58 6.934258060165708e+58 6.918309709189419e+58 6.918309709189419e+58 6.918309709189419e+58 6.902398038402398e+58 
# total_gas_kinetic_energy_list
3.2276708403329913e+59 3.1953583373635075e+59 3.1647426611535236e+59 3.1357157439626324e+59 3.107909813851517e+59 3.0794813549331477e+59 3.087271667339574e+59 3.090925369330686e+59 3.0926254561336977e+59 3.0937212634537655e+59 3.09454269712467e+59 3.0980107556102553e+59 3.0991945675301216e+59 3.0998397660517567e+59 3.1002520451236434e+59 3.1005440806030713e+59 3.100761732020128e+59 3.100936638507459e+59 3.101080580295533e+59 3.1012020274088026e+59 3.101213146068598e+59 3.1012240294365384e+59 3.1012346526576523e+59 3.101245132978491e+59 3.1012554914517264e+59 3.101265984616721e+59 3.1012763478288564e+59 3.1012864498750147e+59 3.1013061105652233e+59 3.1013965628644573e+59 3.1015469531281606e+59 3.1016666965264047e+59 3.101766143162139e+59 3.101849314651316e+59 3.101949878054385e+59 3.1020321329886477e+59 3.1020999543006684e+59 3.1021204025352604e+59 3.1021568404952498e+59 3.1022059603479403e+59 3.102246923229973e+59 3.1022715268623364e+59 3.102282894960435e+59 3.1023245353040847e+59 3.1023660097592924e+59 3.1024301354958054e+59 3.1024777300843712e+59 3.1025179470200414e+59 3.102553624780813e+59 3.102588648717953e+59 3.1026153873499224e+59 3.1026436111880255e+59 3.1026642190375684e+59 3.102690549114778e+59 
