# time_axis
1000000 10000000 20000000 30000000 40000000 50000000 60000000 70000000 80000000 90000000 100000000 110000000 120000000 130000000 140000000 150000000 200000000 300000000 400000000 500000000 600000000 700000000 800000000 900000000 1000000000 1010000000 1020000000 1030000000 1040000000 1050000000 1060000000 1070000000 1080000000 1100000000 1200000000 1400000000 1600000000 1800000000 2000000000 2300000000 2600000000 2900000000 3000000000 3200000000 3500000000 3800000000 4000000000 4100000000 4500000000 5000000000 6000000000 7000000000 8000000000 9000000000 10000000000 11000000000 12000000000 13000000000 14000000000 
# SNIa_energy_release_list
0 0.0 0.0 0.0 0.0 0.0 2.6430182417107416e+53 1.1978354873564168e+55 4.454726608095181e+55 8.905574112703556e+55 1.378206898743112e+56 1.8612788173447065e+56 2.316824713846574e+56 2.7366431583825595e+56 3.1201221554447513e+56 3.4699685979292127e+56 4.842653146046982e+56 6.5921753036464445e+56 7.75446412612866e+56 8.627175811051313e+56 9.326389925677868e+56 9.909876140504406e+56 1.0410557349252784e+57 1.0849060622155227e+57 1.1239153639161238e+57 1.1275885989821367e+57 1.1312244692011078e+57 1.1348242984407626e+57 1.1383877534384004e+57 1.1419158321513808e+57 1.1454091257638726e+57 1.1488677600865894e+57 1.1522926612590931e+57 1.1590447800207776e+57 1.1909999095026622e+57 1.2473692909293667e+57 1.2959787731431356e+57 1.338707173188907e+57 1.376828970779981e+57 1.4272694425918686e+57 1.4714069861194146e+57 1.5106433531729494e+57 1.5228146524465163e+57 1.5459592700436653e+57 1.578067400993768e+57 1.6075045709312224e+57 1.6258521633765888e+57 1.634680200594268e+57 1.6679433666493988e+57 1.705555468242364e+57 1.7705721936524392e+57 1.8254663967957906e+57 1.872981565834947e+57 1.914868195112581e+57 1.9523014460484488e+57 1.986171843749914e+57 2.01707381141729e+57 2.045491367113096e+57 2.0717959566398535e+57 
# SNII_energy_release_list
0 0.0 6.731007971410025e+53 3.0270491104992425e+55 1.0271675781478827e+56 1.8331375152821016e+56 2.5543793717445205e+56 3.1010954757955104e+56 3.4469644272314966e+56 3.6501978350813527e+56 3.7642358504232187e+56 3.8264159029607985e+56 3.859722023002274e+56 3.8773639378464725e+56 3.886643733629477e+56 3.8915072956291263e+56 3.895633930396507e+56 3.895633930396507e+56 3.895633930396507e+56 3.895633930396507e+56 3.895633930396507e+56 3.895633930396507e+56 3.895633930396507e+56 3.895633930396507e+56 3.895633930396507e+56 3.895633930396507e+56 3.895633930396507e+56 3.895633930396507e+56 3.895633930396507e+56 3.895633930396507e+56 3.895633930396507e+56 3.895633930396507e+56 3.895633930396507e+56 3.895633930396507e+56 3.895633930396507e+56 3.895633930396507e+56 3.895633930396507e+56 3.895633930396507e+56 3.895633930396507e+56 3.895633930396507e+56 3.895633930396507e+56 3.895633930396507e+56 3.895633930396507e+56 3.895633930396507e+56 3.895633930396507e+56 3.895633930396507e+56 3.895633930396507e+56 3.895633930396507e+56 3.895633930396507e+56 3.895633930396507e+56 3.895633930396507e+56 3.895633930396507e+56 3.895633930396507e+56 3.895633930396507e+56 3.895633930396507e+56 3.895633930396507e+56 3.895633930396507e+56 3.895633930396507e+56 3.895633930396507e+56 
# SN_energy_per_current_crossing_time_list
0.0 0.0 1.322849050285926e+54 3.718781823314157e+55 8.471374683555275e+55 9.439504186199588e+55 8.658827354094718e+55 6.809894908298289e+55 4.544672629617282e+55 2.855371624973285e+55 1.7506325384592478e+55 1.078906176100622e+55 6.858866177508032e+54 4.594431317878147e+54 3.287015353948002e+54 2.519013739435536e+54 1.6064406257634956e+54 9.828108509112694e+53 6.681185728908925e+53 5.101838784980088e+53 4.142115799935123e+53 3.4943222702547898e+53 3.026112106908171e+53 2.6714752757167197e+53 2.393226557582075e+53 2.255028936604948e+53 2.2335338135165733e+53 2.212794810378915e+53 2.1918055751399223e+53 2.171393551949166e+53 2.151314407192316e+53 2.131285659218563e+53 2.1117993463448597e+53 2.084177158050352e+53 1.9837977758637222e+53 1.7669814021243528e+53 1.5363433123349398e+53 1.3601923359070255e+53 1.221160277106111e+53 1.0858417011475778e+53 9.567053407229437e+52 8.555756543932601e+52 7.977091263709376e+52 7.610354469135349e+52 7.071732679964505e+52 6.509902286688184e+52 6.101682945088526e+52 5.878370030585051e+52 5.562046303635388e+52 5.054791572658246e+52 4.402979170827126e+52 3.7404768906187464e+52 3.255201782776949e+52 2.8838560124575545e+52 2.5893235144716676e+52 2.35237448103276e+52 2.1547512795631982e+52 1.9888228070630778e+52 1.8471014100205238e+52 
# SN_energy_per_final_crossing_time_list
0.0 0.0 1.2603989938413904e+54 5.542189390177208e+55 1.3565754498648091e+56 1.509199962539306e+56 1.350729989060678e+56 1.0319659004522258e+56 6.705185373446539e+55 4.118136509172945e+55 2.4778181088313517e+55 1.503549722287937e+55 9.435490207228617e+54 6.251449238901304e+54 4.4304457403315055e+54 3.367327397487086e+54 2.082335661479705e+54 1.2285098921148192e+54 8.16156177109013e+53 6.1281586702666e+53 4.909863260626915e+53 4.097224969191549e+53 3.515770378052023e+53 3.0791585356342767e+53 2.739222982430579e+53 2.579336074744149e+53 2.5530985766885323e+53 2.527790695093342e+53 2.502248797300532e+53 2.4774076625605854e+53 2.452981655800136e+53 2.4286439929950807e+53 2.4049566629722263e+53 2.3706600843641995e+53 2.24388085065297e+53 1.979121624561739e+53 1.706672576017349e+53 1.5001885486976555e+53 1.3384513377667787e+53 1.1806389212177414e+53 1.0331089282809253e+53 9.183891507468143e+52 8.546654577946442e+52 8.126045030011699e+52 7.515415246039087e+52 6.890234629103795e+52 6.441815760296237e+52 6.199024689551787e+52 5.839327093441453e+52 5.28222391119469e+52 4.5654574863337083e+52 3.8546566151467867e+52 3.3365027665728916e+52 2.941268173792343e+52 2.6285531091433105e+52 2.378370485070419e+52 2.169928102955496e+52 1.9954733428425275e+52 1.8471014100205238e+52 
# total_energy_release_list
0 0 6.731007971410025e+53 3.0270491104992425e+55 1.0271675781478827e+56 1.8331375152821016e+56 2.557022389986231e+56 3.220879024531152e+56 3.892437088041015e+56 4.540755246351708e+56 5.142442749166331e+56 5.687694720305505e+56 6.176546736848848e+56 6.614007096229032e+56 7.006765889074228e+56 7.361475893558339e+56 8.73828707644349e+56 1.0487809234042953e+57 1.1650098056525166e+57 1.252280974144782e+57 1.3222023856074375e+57 1.3805510070900913e+57 1.4306191279649291e+57 1.4744694552551734e+57 1.5134787569557745e+57 1.5171519920217874e+57 1.5207878622407585e+57 1.5243876914804133e+57 1.5279511464780511e+57 1.5314792251910316e+57 1.5349725188035233e+57 1.5384311531262401e+57 1.5418560542987438e+57 1.5486081730604283e+57 1.5805633025423128e+57 1.6369326839690174e+57 1.6855421661827863e+57 1.728270566228558e+57 1.7663923638196315e+57 1.816832835631519e+57 1.8609703791590653e+57 1.9002067462126e+57 1.912378045486167e+57 1.935522663083316e+57 1.9676307940334187e+57 1.9970679639708733e+57 2.0154155564162393e+57 2.024243593633919e+57 2.0575067596890494e+57 2.0951188612820144e+57 2.16013558669209e+57 2.215029789835441e+57 2.2625449588745976e+57 2.3044315881522315e+57 2.3418648390880994e+57 2.3757352367895644e+57 2.4066372044569404e+57 2.4350547601527468e+57 2.4613593496795044e+57 
# binding_energy_list
8.830799004185586e+54 8.830799004185586e+54 8.830799004185586e+54 8.810488730080146e+54 8.749837752274363e+54 8.68960429286302e+54 8.629785477669702e+54 8.590135215053907e+54 8.550667128846876e+54 8.51138038202376e+54 8.472274141405911e+54 8.433347577642791e+54 8.413951416451895e+54 8.394599865193965e+54 8.375292821268861e+54 8.336811846196331e+54 8.260379495771817e+54 8.165823713585906e+54 8.090958991783846e+54 8.053784411990643e+54 7.99834255007026e+54 7.96159350417325e+54 7.94328234724279e+54 7.90678627999831e+54 7.888601176185516e+54 7.888601176185516e+54 7.888601176185516e+54 7.888601176185516e+54 7.888601176185516e+54 7.888601176185516e+54 7.870457896951001e+54 7.870457896951001e+54 7.870457896951001e+54 7.870457896951001e+54 7.852356346100775e+54 7.816278045883308e+54 7.798301105232642e+54 7.762471166286928e+54 7.744617978025239e+54 7.709034690644309e+54 7.691304402866145e+54 7.673614893618154e+54 7.673614893618154e+54 7.655966069112569e+54 7.638357835776954e+54 7.620790100254084e+54 7.620790100254084e+54 7.620790100254084e+54 7.603262769401822e+54 7.585775750291883e+54 7.568328950209705e+54 7.533555637337217e+54 7.516228940182015e+54 7.498942093324558e+54 7.498942093324558e+54 7.481695005111584e+54 7.464487584100623e+54 7.447319739059888e+54 7.447319739059888e+54 
# total_gas_kinetic_energy_list
3.555417159551863e+57 1.5235960601420613e+59 3.046049990794134e+59 2.334467443800907e+59 1.5186617027346353e+59 9.027633649265871e+58 5.092454270132181e+58 2.783704008358865e+58 1.4928476326802247e+58 7.913634654058806e+57 4.166480657449945e+57 2.1855526731766026e+57 1.1448497121318186e+57 6.000828112256706e+56 3.154663982501959e+56 1.6687272361089296e+56 1.7744382463076954e+56 1.9096288075643844e+56 1.999612941904054e+56 2.065706174010122e+56 2.1175715609292423e+56 2.1600935565322755e+56 2.196472370122935e+56 2.228380965494379e+56 2.2567558008744324e+56 2.259447325239208e+56 2.2620901283354127e+56 2.264682490369763e+56 2.267243326188622e+56 2.269787983298972e+56 2.272325917065923e+56 2.2748641927461313e+56 2.2773992420876017e+56 2.2823289787158495e+56 2.3054774021779434e+56 2.3463596762872673e+56 2.3810187269432374e+56 2.4114862326647227e+56 2.4382037126799594e+56 2.472425538076821e+56 2.5017176104221553e+56 2.5272021168539397e+56 2.535216132948515e+56 2.549667987028785e+56 2.569659481040716e+56 2.586676910138236e+56 2.5971813843551623e+56 2.6018299741630527e+56 2.6200695270936715e+56 2.6386617602930517e+56 2.669078388059322e+56 2.6927096914307136e+56 2.7136919693252e+56 2.733239213850376e+56 2.751960900864537e+56 2.768246658135879e+56 2.7843846848864667e+56 2.799578187244046e+56 2.8133617714897883e+56 
