# time_axis
1000000 10000000 20000000 30000000 40000000 50000000 60000000 70000000 80000000 90000000 100000000 110000000 120000000 130000000 140000000 150000000 200000000 300000000 400000000 500000000 600000000 700000000 800000000 900000000 1000000000 1010000000 1020000000 1030000000 1040000000 1050000000 1060000000 1070000000 1080000000 1100000000 1200000000 1400000000 1600000000 1800000000 2000000000 2300000000 2600000000 2900000000 3000000000 3200000000 3500000000 3800000000 4000000000 4100000000 4500000000 5000000000 6000000000 7000000000 8000000000 9000000000 10000000000 11000000000 12000000000 13000000000 14000000000 
# SNIa_energy_release_list
0 0.0 0.0 0.0 0.0 0.0 2.018628118180875e+55 5.682659708678553e+55 9.932121024222466e+55 1.4244901332485532e+56 1.837899270465978e+56 2.223680652712779e+56 2.5793216199732266e+56 2.905752834063945e+56 3.20536626412978e+56 3.481011534086791e+56 4.58917414096862e+56 6.051758606927592e+56 7.0448865440144e+56 7.798731537194551e+56 8.406722969561782e+56 8.916249210368811e+56 9.354863786835699e+56 9.739922945943727e+56 1.0083116497009446e+57 1.0115471826760524e+57 1.0147501312815118e+57 1.0179206567865312e+57 1.0210600788150669e+57 1.0241683250296567e+57 1.027245740978474e+57 1.0302935326603445e+57 1.0333121872639128e+57 1.0392651381152828e+57 1.0674550875325811e+57 1.1172521676121861e+57 1.1602578944350437e+57 1.1981049100346752e+57 1.2319017702230865e+57 1.2766569604861468e+57 1.3158521587848811e+57 1.3507172930638485e+57 1.3615396441644486e+57 1.3821158920285494e+57 1.4106730260013498e+57 1.4368643549386634e+57 1.4531914861371528e+57 1.4610493795690952e+57 1.4906660520364393e+57 1.5241566683722272e+57 1.5820732755397505e+57 1.6309992333325295e+57 1.6733561206208408e+57 1.710707926431042e+57 1.7440964407319142e+57 1.7742998066065878e+57 1.8018659574809325e+57 1.827218704805462e+57 1.850687706310528e+57 
# SNII_energy_release_list
0 0.0 5.140865749754793e+55 1.267775195297589e+56 1.9595127502289198e+56 2.529274988192765e+56 2.9099546064223963e+56 3.138380277197718e+56 3.275452511180098e+56 3.3577106473488755e+56 3.4070783114442478e+56 3.4367100058405815e+56 3.454498704958721e+56 3.465177731253894e+56 3.471588217441607e+56 3.4754359510224036e+56 3.479293118982204e+56 3.479293118982204e+56 3.479293118982204e+56 3.479293118982204e+56 3.479293118982204e+56 3.479293118982204e+56 3.479293118982204e+56 3.479293118982204e+56 3.479293118982204e+56 3.479293118982204e+56 3.479293118982204e+56 3.479293118982204e+56 3.479293118982204e+56 3.479293118982204e+56 3.479293118982204e+56 3.479293118982204e+56 3.479293118982204e+56 3.479293118982204e+56 3.479293118982204e+56 3.479293118982204e+56 3.479293118982204e+56 3.479293118982204e+56 3.479293118982204e+56 3.479293118982204e+56 3.479293118982204e+56 3.479293118982204e+56 3.479293118982204e+56 3.479293118982204e+56 3.479293118982204e+56 3.479293118982204e+56 3.479293118982204e+56 3.479293118982204e+56 3.479293118982204e+56 3.479293118982204e+56 3.479293118982204e+56 3.479293118982204e+56 3.479293118982204e+56 3.479293118982204e+56 3.479293118982204e+56 3.479293118982204e+56 3.479293118982204e+56 3.479293118982204e+56 3.479293118982204e+56 
# SN_energy_per_current_crossing_time_list
0.0 0.0 5.724754684444587e+55 8.427225679955832e+55 7.921932951691256e+55 6.697879325091317e+55 4.6763704834202465e+55 2.98006739941466e+55 1.9180934642245272e+55 1.253662514679946e+55 8.375317290161738e+54 5.7605738107257565e+54 4.107476854292253e+54 3.0518305209320796e+54 2.368248479804448e+54 1.9172196077362913e+54 1.2619566752107084e+54 7.881853723158227e+53 5.470529054466106e+53 4.220505981558641e+53 3.4480244329209665e+53 2.9204055749894536e+53 2.536706628411121e+53 2.2443984537581526e+53 2.0142223239857785e+53 1.9001667102740319e+53 1.8822135476656775e+53 1.8643214771789005e+53 1.84717706598424e+53 1.8299653600417247e+53 1.8129347192964283e+53 1.7965876828930538e+53 1.7804784684191347e+53 1.7576368049739662e+53 1.6738749949092095e+53 1.4928237983926585e+53 1.2998104516102937e+53 1.1520386776796343e+53 1.035141647425806e+53 9.211545087595487e+52 8.122446519209896e+52 7.268217167020026e+52 6.781147795889623e+52 6.468043903201553e+52 6.012569498556621e+52 5.536949948260861e+52 5.190416942690654e+52 5.001729357450391e+52 4.733894331507735e+52 4.302356018200566e+52 3.7490451305586147e+52 3.186607087968702e+52 2.773652985212738e+52 2.4580301913613387e+52 2.2075144982501654e+52 2.0049924702047072e+52 1.8372164213802606e+52 1.6959059065482383e+52 1.575145557895528e+52 
# SN_energy_per_final_crossing_time_list
0.0 0.0 9.200916193178684e+55 1.348921790394345e+56 1.2380442478781099e+56 1.019737697253291e+56 6.948734013292688e+55 4.3341865750056276e+55 2.738470952514347e+55 1.7616798402076632e+55 1.1610264204266954e+55 7.892572726339142e+54 5.570670316254603e+54 4.102165284416066e+54 3.1582087791908454e+54 2.5386728444296974e+54 1.6255769835988823e+54 9.816282231287158e+53 6.665477686328424e+53 5.059506226088052e+53 4.0805954344716334e+53 3.419736432609462e+53 2.9438056902460023e+53 2.5843631390329358e+53 2.30337791466273e+53 2.1715603844782644e+53 2.1496910582108135e+53 2.127929969388418e+53 2.1070545594112467e+53 2.0861305994204446e+53 2.0654385575502457e+53 2.0455559338786723e+53 2.0260002917484833e+53 1.9976913137703843e+53 1.8919967086103572e+53 1.671090469414039e+53 1.443186229172784e+53 1.2700701921318366e+53 1.1341550722791034e+53 1.001263150180077e+53 8.768750057781482e+52 7.800028102756852e+52 7.26352940853321e+52 6.904977490052238e+52 6.388802226882931e+52 5.85952430657444e+52 5.479058871534489e+52 5.273903932840696e+52 4.969381640130141e+52 4.49551256291096e+52 3.8871311371560793e+52 3.2837146934626195e+52 2.842824942682989e+52 2.506903882920409e+52 2.2409036010500602e+52 2.0271291721003538e+52 1.8501298441959058e+52 1.7015750465592464e+52 1.575145557895528e+52 
# total_energy_release_list
0 0 5.140865749754793e+55 1.267775195297589e+56 1.9595127502289198e+56 2.529274988192765e+56 3.111817418240484e+56 3.7066462480655736e+56 4.268664613602345e+56 4.782200780597429e+56 5.244977581910226e+56 5.6603906585533605e+56 6.033820324931947e+56 6.370930565317839e+56 6.676954481571387e+56 6.956447485109195e+56 8.068467259950825e+56 9.531051725909795e+56 1.0524179662996603e+57 1.1278024656176755e+57 1.1886016088543987e+57 1.2395542329351014e+57 1.2834156905817902e+57 1.321921606492593e+57 1.3562409615991651e+57 1.3594764945742726e+57 1.362679443179732e+57 1.3658499686847517e+57 1.3689893907132874e+57 1.3720976369278771e+57 1.3751750528766945e+57 1.3782228445585648e+57 1.3812414991621333e+57 1.387194450013503e+57 1.4153843994308014e+57 1.4651814795104066e+57 1.5081872063332642e+57 1.5460342219328957e+57 1.5798310821213068e+57 1.624586272384367e+57 1.6637814706831016e+57 1.6986466049620688e+57 1.709468956062669e+57 1.73004520392677e+57 1.75860233789957e+57 1.784793666836884e+57 1.8011207980353732e+57 1.8089786914673155e+57 1.8385953639346596e+57 1.8720859802704476e+57 1.9300025874379708e+57 1.97892854523075e+57 2.021285432519061e+57 2.0586372383292623e+57 2.0920257526301345e+57 2.122229118504808e+57 2.1497952693791527e+57 2.1751480167036823e+57 2.198617018208748e+57 
# binding_energy_list
8.830799004185586e+54 8.830799004185586e+54 8.790225168308896e+54 8.729713683881166e+54 8.669618757582214e+54 8.609937521846052e+54 8.570378452303692e+54 8.531001140175843e+54 8.491804750363178e+54 8.452788451602891e+54 8.433347577642791e+54 8.394599865193965e+54 8.375292821268861e+54 8.356030182312423e+54 8.336811846196331e+54 8.317637711026743e+54 8.241381150129963e+54 8.147042840208421e+54 8.090958991783846e+54 8.035261221856194e+54 7.99834255007026e+54 7.96159350417325e+54 7.94328234724279e+54 7.90678627999831e+54 7.888601176185516e+54 7.888601176185516e+54 7.888601176185516e+54 7.888601176185516e+54 7.888601176185516e+54 7.870457896951001e+54 7.870457896951001e+54 7.870457896951001e+54 7.870457896951001e+54 7.870457896951001e+54 7.852356346100775e+54 7.816278045883308e+54 7.780365510398008e+54 7.762471166286928e+54 7.744617978025239e+54 7.709034690644309e+54 7.691304402866145e+54 7.673614893618154e+54 7.673614893618154e+54 7.655966069112569e+54 7.638357835776954e+54 7.620790100254084e+54 7.620790100254084e+54 7.620790100254084e+54 7.603262769401822e+54 7.585775750291883e+54 7.550922276654341e+54 7.533555637337217e+54 7.516228940182015e+54 7.498942093324558e+54 7.498942093324558e+54 7.481695005111584e+54 7.464487584100623e+54 7.447319739059888e+54 7.447319739059888e+54 
# total_gas_kinetic_energy_list
4.278785394632788e+59 4.2704428571527935e+59 2.5623098518895926e+59 1.5374607679436294e+59 9.225525539255448e+58 5.535989434277705e+58 3.3221823486174847e+58 1.9938260261554568e+58 1.196751715998911e+58 7.184548055302563e+57 4.314307855802691e+57 2.591769907615993e+57 1.5579138500580355e+57 9.373202911053638e+56 5.647280340923041e+56 3.409720255207857e+56 3.4949081077854105e+56 3.60813588220357e+56 3.6848993503688505e+56 3.7418545044906387e+56 3.7868526082162014e+56 3.82394839444807e+56 3.8558623809190145e+56 3.88384858209828e+56 3.908894288497653e+56 3.911221260667223e+56 3.913521607356166e+56 3.9158032698722618e+56 3.9180759300122545e+56 3.920346156689616e+56 3.922617514316631e+56 3.924880232905148e+56 3.927083699557831e+56 3.931350857739959e+56 3.951792719532848e+56 3.98787148765865e+56 4.0185937478694075e+56 4.045548913524174e+56 4.069186152052886e+56 4.099571842795546e+56 4.125593445839351e+56 4.14821919971757e+56 4.155437349126795e+56 4.168162961148779e+56 4.18587681166387e+56 4.201076114912503e+56 4.210347291287812e+56 4.214498075424125e+56 4.230703705281947e+56 4.247286271494349e+56 4.274368836246998e+56 4.295438527281856e+56 4.314148574082023e+56 4.331588920491839e+56 4.348329679780204e+56 4.362835586842116e+56 4.377282744083255e+56 4.390808301876267e+56 4.403128260484295e+56 
