# time_axis
5.999999999999999 7.0 7.30102999566398 7.477121254719661 7.602059991327962 7.698970004336018 7.778151250383643 7.845098040014256 7.903089986991943 7.954242509439324 8.0 8.041392685158224 8.079181246047623 8.113943352306837 8.146128035678238 8.176091259055681 8.204119982655925 8.230448921378272 8.255272505103306 8.278753600952827 8.301029995663981 8.47712125471966 8.60205999132796 8.698970004336019 8.778151250383644 8.845098040014257 8.903089986991942 8.954242509439323 8.999999999999998 9.004321373782641 9.008600171761916 9.012837224705171 9.017033339298779 9.021189299069936 9.02530586526477 9.02938377768521 9.033423755486949 9.041392685158224 9.079181246047623 9.146128035678236 9.204119982655923 9.255272505103305 9.301029995663981 9.361727836017593 9.414973347970816 9.462397997898954 9.477121254719663 9.505149978319904 9.544068044350274 9.57978359661681 9.60205999132796 9.612783856719734 9.653212513775342 9.698970004336017 9.778151250383642 9.845098040014257 9.903089986991944 9.954242509439325 10.0 10.041392685158225 10.079181246047623 10.113943352306835 10.146128035678236 
# total_gas_mass_list
9.099999999999998 9.092478812253662 9.088412809443152 9.085089934841356 9.082053464582621 9.07916269538886 9.076250674192675 9.073317823022913 9.070364716600603 9.06739278919355 9.064400859844893 9.061388329514333 9.058353460561996 9.055296554890484 9.052218380771333 9.049116925536564 9.045999465506325 9.042865012395568 9.039712480217997 9.036541081058544 9.033347216633997 9.041191107789942 9.041274422029081 9.041331055699454 9.04137434348386 9.041409429229288 9.04143874762475 9.041464372235229 9.04148681808023 9.041488886990976 9.041490991966416 9.041493024465977 9.041495073221476 9.041497081457651 9.041499075898402 9.041501040040178 9.04150297727426 9.041506827374226 9.041524875329758 9.041556576906965 9.041583700472806 9.041607334312246 9.041628392625226 9.041656065384243 9.041680219013777 9.041701574351283 9.041708206355192 9.041720791237179 9.041738195353881 9.041754154414077 9.041764092857118 9.041768856807764 9.041786818217739 9.041807099278468 9.041842095030233 9.041871585844275 9.041897071907275 9.041919516100684 9.041939562245155 9.041957653753474 9.041974293529702 9.041989384438203 9.042003411284922 
# ejected_gas_mass_list
-10.0 -10.0 -10.0 -10.0 -10.0 6.598747023267423 6.931452922805687 7.1175035198971495 7.247316639692852 7.347198593504828 7.428370463104255 7.4967392127663555 7.555753360792615 7.607680220260163 7.654066219747676 7.695942969081158 7.7342637342012805 7.769579737170259 7.802319959310079 7.832830970717946 7.86135128240045 7.965433255579268 7.966424140469168 7.967096524007568 7.9676098164409215 7.968025444584409 7.968372473223099 7.968675572430499 7.968940912785264 7.968965362650517 7.968990237426167 7.969014254507147 7.969038462446495 7.969062190413891 7.96908575420943 7.969108958886767 7.969131844560793 7.969177324756377 7.969390462304624 7.969764610836861 7.970084494720694 7.970363046553337 7.970611105193075 7.970936882393052 7.971221048037136 7.971472150360436 7.97155010438399 7.971697994651501 7.971902441894215 7.97208983661208 7.972206498582593 7.972262409841889 7.972473151541612 7.972710997373129 7.973121129551708 7.973466471861172 7.973764715698804 7.974027207853676 7.974261531447912 7.974472907684072 7.974667239262488 7.974843413295196 7.975007106701651 
# stellar_mass_list
-10.0 7.454821665207646 7.601375376964093 7.689704322176413 7.755464917355557 7.808588517227578 7.853494974271334 7.892539122335197 7.927172955781272 7.958353024049547 7.986747367917688 8.012841759726708 8.037003932032281 8.059515113640469 8.080602104911392 8.10043872600769 8.119120380678776 8.136786213872261 8.153550917368433 8.16950754099023 8.18473638440598 8.023242426846448 7.9837173481686206 7.958192631491343 7.939284838479884 7.924279521344569 7.911861226309031 7.901271495591258 7.892048817516944 7.891188921778841 7.890344823253779 7.889503096925123 7.888678372117496 7.887855164566507 7.887045683213885 7.886241279116755 7.885448044266012 7.883891322675737 7.876584431145914 7.863914032498843 7.853203429583722 7.8439293536285195 7.8357679103488085 7.825123019033095 7.815919137812626 7.807829316579008 7.805328136324137 7.800612768424613 7.794095494479596 7.7881892062970515 7.784501361001087 7.782752375800274 7.776122195707848 7.768737674780225 7.756022345225869 7.745420096159707 7.7362180767461455 7.727947913933649 7.720397589048502 7.713455480368507 7.707021828651379 7.700943540126721 7.695321923425521 
# remnant_mass_list
-10.0 -10.0 5.414683961242206 6.0467241728188945 6.349251615246998 6.54649151742751 6.690917048424978 6.804143277665977 6.896919715255294 6.97527011821534 7.042926337365981 7.102350276527043 7.155246759000991 7.2028513902542475 7.246074237826989 7.285622912232957 7.322068152596391 7.355738066418533 7.386933454463219 7.4159337429872645 7.442973205316397 7.552914376004688 7.585092494078294 7.604026855171903 7.617182969271957 7.627129086899324 7.635045840536165 7.64158170201809 7.647118549050229 7.647627575861023 7.648125758384919 7.648621772405278 7.649106263619375 7.649589266068958 7.650062900113446 7.650532800039819 7.650994927161363 7.651898746965892 7.656089794666658 7.663161391590377 7.668951490043317 7.673831624885779 7.678026362016468 7.683361242223103 7.687854489718018 7.691714603476753 7.692892012072036 7.695089500060019 7.698083836855869 7.7007523799863 7.702398775903439 7.703173783225856 7.706081937393431 7.7092598554630705 7.7145967285854224 7.718915255525129 7.722575623137317 7.7258039259677505 7.7287025674139365 7.731326572548233 7.73372249646475 7.7359592190638535 7.7379978618240415 
# BH_mass_list
-10.0 -10.0 -10.0 -10.0 -10.0 -10.0 -10.0 -10.0 -10.0 -10.0 -10.0 -10.0 -10.0 -10.0 -10.0 -10.0 -10.0 -10.0 -10.0 -10.0 -10.0 -10.0 -10.0 -10.0 -10.0 -10.0 -10.0 -10.0 -10.0 -10.0 -10.0 -10.0 -10.0 -10.0 -10.0 -10.0 -10.0 -10.0 -10.0 -10.0 -10.0 -10.0 -10.0 -10.0 -10.0 -10.0 -10.0 -10.0 -10.0 -10.0 -10.0 -10.0 -10.0 -10.0 -10.0 -10.0 -10.0 -10.0 -10.0 -10.0 -10.0 -10.0 -10.0 
# NS_mass_list
-10.0 -10.0 5.949937624296689 6.3758792109221725 6.615819117469536 6.780323673772443 6.898308719879739 6.99006415481217 7.064990476393493 7.128244606074135 7.182875312512861 7.230862050996635 7.273573196202959 7.31204899206017 7.347020739092013 7.3790392844083685 7.408484164835607 7.435594258732409 7.460621727141374 7.4837868755811865 7.5052545677045375 7.543084654162694 7.543084654162694 7.543084654162694 7.543084654162694 7.543084654162694 7.543084654162694 7.543084654162694 7.543084654162694 7.543084654162694 7.543084654162694 7.543084654162694 7.543084654162694 7.543084654162694 7.543084654162694 7.543084654162694 7.543084654162694 7.543084654162694 7.543084654162694 7.543084654162694 7.543084654162694 7.543084654162694 7.543084654162694 7.543084654162694 7.543084654162694 7.543084654162694 7.543084654162694 7.543084654162694 7.543084654162694 7.543084654162694 7.543084654162694 7.543084654162694 7.543084654162694 7.543084654162694 7.543084654162694 7.543084654162694 7.543084654162694 7.543084654162694 7.543084654162694 7.543084654162694 7.543084654162694 7.543084654162694 7.543084654162694 
# WD_mass_list
-10.0 -10.0 -10.0 -10.0 -10.0 4.015850655931237 5.126704266346766 5.5362335587370035 5.793230600180849 5.978610100639787 6.12299580608533 6.2409634679021515 6.340456740288153 6.425933446038131 6.500651195149744 6.566928022089789 6.626367932995607 6.680182604693719 6.729286623211953 6.774407852839817 6.8162228922518935 7.082097749077433 7.1710821804306475 7.218592799872541 7.249883624166908 7.272711809874411 7.290414824280864 7.304737522924905 7.3166745420263135 7.3177632082676025 7.318827277358629 7.319885339866188 7.320917503188922 7.321945201556863 7.322951717039433 7.323949078895849 7.324928763601502 7.326841447985152 7.335653230526444 7.350313564753721 7.362130642815522 7.37196550572125 7.380330787445265 7.390855672152597 7.399624122958455 7.40708902579252 7.409353715883088 7.413565406547473 7.4192731673317285 7.424330120372928 7.4274362958355695 7.428894862755512 7.43434769286631 7.4402701547288554 7.450133107168182 7.458039909977735 7.464691135318088 7.470519629931806 7.475723475499048 7.480410645900932 7.484671096123269 7.488632055446432 7.492228625195265 
