# time_axis
5.999999999999999 7.0 7.30102999566398 7.477121254719661 7.602059991327962 7.698970004336018 7.778151250383643 7.845098040014256 7.903089986991943 7.954242509439324 8.0 8.041392685158224 8.079181246047623 8.113943352306837 8.146128035678238 8.176091259055681 8.204119982655925 8.230448921378272 8.255272505103306 8.278753600952827 8.301029995663981 8.47712125471966 8.60205999132796 8.698970004336019 8.778151250383644 8.845098040014257 8.903089986991942 8.954242509439323 8.999999999999998 9.004321373782641 9.008600171761916 9.012837224705171 9.017033339298779 9.021189299069936 9.02530586526477 9.02938377768521 9.033423755486949 9.041392685158224 9.079181246047623 9.146128035678236 9.204119982655923 9.255272505103305 9.301029995663981 9.361727836017593 9.414973347970816 9.462397997898954 9.477121254719663 9.505149978319904 9.544068044350274 9.57978359661681 9.60205999132796 9.612783856719734 9.653212513775342 9.698970004336017 9.778151250383642 9.845098040014257 9.903089986991944 9.954242509439325 10.0 10.041392685158225 10.079181246047623 10.113943352306835 10.146128035678236 
# total_gas_mass_list
8.702059991327962 8.690735963097168 8.68356820879164 8.677257121075897 8.67121425658021 8.665298925203787 8.659373408816133 8.653459161749893 8.647426870773652 8.641314251573261 8.635102038519413 8.628782989819522 8.622369565873049 8.615862358430581 8.609257736630296 8.602550407712174 8.595739763447133 8.588821088294793 8.581791698281007 8.574647465037643 8.567383702970938 8.578326668658487 8.578449145236918 8.578534534634224 8.578585974169448 8.578633553209357 8.578664538985453 8.57871036343673 8.578741616655956 8.578744691536635 8.57874675196915 8.578748600809678 8.578751545330237 8.578755899987437 8.578758131564891 8.57876168361061 8.578764211601703 8.578766214087688 8.578786695375706 8.578838757158294 8.578876172222447 8.578909195903872 8.578938387431187 8.578976954787013 8.57901443654858 8.579040200880016 8.579049138304168 8.57906713442905 8.579091265233052 8.579112440158879 8.579127732110637 8.579139615704959 8.579159199295415 8.579181391582612 8.579230933779327 8.57928664589516 8.579312176239382 8.579343317212572 8.579371033043953 8.57940440645945 8.579397600750072 8.57943895074091 8.57946372627222 
# ejected_gas_mass_list
-10.0 -10.0 6.621914347723306 6.991860473939765 7.1995241839487125 7.343910431166529 7.453234954198602 7.541707195592255 7.614778635720882 7.677350763149469 7.731933901246557 7.7802988160354785 7.823806518251258 7.863363038319678 7.8996235580533405 7.93308516350942 7.964160163024622 7.993161246111833 8.020351052202823 8.045941148826257 8.070106813042047 8.103606250884907 8.103971552875604 8.104226116852917 8.104379421217452 8.104521188211692 8.104613497219082 8.104749987893701 8.104843061003105 8.10485221738257 8.104858352866618 8.104863858230424 8.104872626147262 8.104885592821075 8.104892237592802 8.104902814067346 8.104910341240549 8.104916303644222 8.104977283574813 8.105132264048738 8.10524362066236 8.105341891670896 8.10542874676394 8.10554348057538 8.105654965582309 8.105731587482667 8.105758164862458 8.105811676989427 8.105883423939002 8.105946375840126 8.10599183421442 8.106027158386773 8.106085366760128 8.106151322715338 8.106298539215642 8.106464050323298 8.106539882603418 8.106632368135882 8.106714670358889 8.106813759065487 8.106793553512214 8.106916308390826 8.106989847986297 
# stellar_mass_list
-10.0 7.144004116335582 7.29055782809203 7.378886773304349 7.445205433405749 7.498881079431195 7.543563565821918 7.581788673287492 7.616271612508576 7.647491880393321 7.675991468399572 7.70220716016648 7.726485039885392 7.749096903219894 7.770263651163758 7.790162808443837 7.808941637740094 7.826722594436114 7.843609880522066 7.859690208951494 7.87504003804001 7.718511749514762 7.680804499701706 7.656426241268173 7.638361276117646 7.624024145935534 7.612150458824624 7.602030221698102 7.593210948598196 7.592390345779373 7.591581385445238 7.590782065646984 7.589991786859183 7.589206356418029 7.588427245797831 7.587656786394513 7.58690039995592 7.585419088849328 7.578430486348279 7.5663236292815315 7.556083400399036 7.54721356356874 7.539411811792775 7.529235779979585 7.5204646113991345 7.512736804231785 7.51028110240116 7.505852724713117 7.499611664211237 7.493875895429903 7.490470765251198 7.488780201912909 7.482466809982495 7.475352058014072 7.463271899888911 7.453145508429165 7.444462073981786 7.436765786656388 7.4298101611438785 7.423777161799808 7.417849998637587 7.412685124021422 7.407640766892209 
# remnant_mass_list
-10.0 -10.0 6.110853715082936 6.458172000500879 6.647253688652629 6.768707324407133 6.845953118208702 6.8965721836817755 6.9395556900214315 6.978157110092414 7.013568004221922 7.046431857178931 7.077161270302485 7.106054412023288 7.133335898049054 7.1591873608781755 7.18375666628838 7.207168187164715 7.229526439115762 7.250924133643287 7.27143907248089 7.337910170706628 7.358911955543137 7.372051845991451 7.381524155010228 7.388872638397441 7.394843237457912 7.399849094399357 7.404149739335408 7.4045467356734616 7.404937573814365 7.405323390044172 7.405704305984977 7.406082705419602 7.406457788627358 7.406828244606797 7.407191168641785 7.407900335726046 7.411226293414633 7.416903026694215 7.421620810467295 7.42564642541961 7.429140172957605 7.433631456644946 7.437443831816258 7.44075917970346 7.4418079018861025 7.443677557352037 7.446297177208078 7.448684337031083 7.450083209381964 7.450778431276173 7.453354761693366 7.456228194341923 7.461026706157265 7.464979295613117 7.468315574693118 7.471237402964311 7.473850901280268 7.4760779414918 7.478273230270676 7.480150245082365 7.48198310323213 
# BH_mass_list
-10.0 -10.0 5.93204337602581 6.233073371689791 6.391678215997973 6.488275300882018 6.54047822712841 6.567303781592437 6.592568325297638 6.616443585130839 6.639074421817011 6.660584157414669 6.681078644414166 6.700649417097912 6.7193761628611 6.737328682328074 6.7545684601331635 6.771149935631011 6.787121539800344 6.8025265481376795 6.817403787387109 6.831788225171145 6.831788225171145 6.831788225171145 6.831788225171145 6.831788225171145 6.831788225171145 6.831788225171145 6.831788225171145 6.831788225171145 6.831788225171145 6.831788225171145 6.831788225171145 6.831788225171145 6.831788225171145 6.831788225171145 6.831788225171145 6.831788225171145 6.831788225171145 6.831788225171145 6.831788225171145 6.831788225171145 6.831788225171145 6.831788225171145 6.831788225171145 6.831788225171145 6.831788225171145 6.831788225171145 6.831788225171145 6.831788225171145 6.831788225171145 6.831788225171145 6.831788225171145 6.831788225171145 6.831788225171145 6.831788225171145 6.831788225171145 6.831788225171145 6.831788225171145 6.831788225171145 6.831788225171145 6.831788225171145 6.831788225171145 
# NS_mass_list
-10.0 -10.0 5.639120075424626 6.065061662050109 6.295449583007318 6.44526442271728 6.541218570123979 6.6048053795646755 6.653211312274144 6.694378364775292 6.730830742556773 6.764085780673697 6.794974515779515 6.823811447369241 6.850852263889178 6.8763076497592515 6.90035326421918 6.923137099048784 6.944785000271823 6.965404877590209 6.985089958871913 7.021726842388468 7.021726842388468 7.021726842388468 7.021726842388468 7.021726842388468 7.021726842388468 7.021726842388468 7.021726842388468 7.021726842388468 7.021726842388468 7.021726842388468 7.021726842388468 7.021726842388468 7.021726842388468 7.021726842388468 7.021726842388468 7.021726842388468 7.021726842388468 7.021726842388468 7.021726842388468 7.021726842388468 7.021726842388468 7.021726842388468 7.021726842388468 7.021726842388468 7.021726842388468 7.021726842388468 7.021726842388468 7.021726842388468 7.021726842388468 7.021726842388468 7.021726842388468 7.021726842388468 7.021726842388468 7.021726842388468 7.021726842388468 7.021726842388468 7.021726842388468 7.021726842388468 7.021726842388468 7.021726842388468 7.021726842388468 
# WD_mass_list
-10.0 -10.0 -10.0 -10.0 -10.0 3.7050331070591738 4.816214490668951 5.2124811108578255 5.458207864932877 5.6308103164309395 5.764086926774954 5.870726930266399 5.958625966902409 6.034003115153861 6.100280375308344 6.1596004349092235 6.213379133614028 6.26261934030064 6.308048233432026 6.350241870222363 6.389628403284007 6.650391496028035 6.744263674549336 6.795989446876438 6.830648619373308 6.856228582697733 6.876254807851062 6.892562512216757 6.906243387167749 6.907491538202957 6.9087179440792665 6.909926282919424 6.911117034631969 6.912297726260833 6.913465922830248 6.914617618518374 6.915743893850152 6.917938984544868 6.92813508456968 6.945175612048607 6.959007835817261 6.970586471502962 6.980475319739785 6.992978381860575 7.003414233939115 7.012362433299522 7.015169014559289 7.020144614555189 7.0270568888492955 7.0332969970687405 7.036928180544472 7.038725920813264 7.045348503271277 7.0526629658878965 7.064714259879201 7.074492788462066 7.082646118900572 7.089713320550365 7.095978268567553 7.101275674967161 7.106461246922807 7.110866935770684 7.115144420010659 
