# time_axis
5.999999999999999 7.0 7.30102999566398 7.477121254719661 7.602059991327962 7.698970004336018 7.778151250383643 7.845098040014256 7.903089986991943 7.954242509439324 8.0 8.041392685158224 8.079181246047623 8.113943352306837 8.146128035678238 8.176091259055681 8.301029995663981 8.47712125471966 8.60205999132796 8.698970004336019 8.778151250383644 8.845098040014257 8.903089986991942 8.954242509439323 8.999999999999998 9.004321373782641 9.008600171761916 9.012837224705171 9.017033339298779 9.021189299069936 9.02530586526477 9.02938377768521 9.033423755486949 9.041392685158224 9.079181246047623 9.146128035678236 9.204119982655923 9.255272505103305 9.301029995663981 9.361727836017593 9.414973347970816 9.462397997898954 9.477121254719663 9.505149978319904 9.544068044350274 9.57978359661681 9.60205999132796 9.612783856719734 9.653212513775342 9.698970004336017 9.778151250383642 9.845098040014257 9.903089986991944 9.954242509439325 10.0 10.041392685158225 10.079181246047623 10.113943352306835 10.146128035678236 
# total_gas_mass_list
8.7873673767305 10.425863451032134 10.726171172791785 10.523307971161382 10.255601911695779 9.945687795333802 9.607497264280438 9.249661048430283 8.877922040816655 8.496579984638482 8.109652962665962 7.722289394578679 7.343150049405719 6.988043466371423 6.68204790427446 6.451084887121891 6.846232467587682 7.123733404737572 7.2580490437098595 7.344841765173218 7.407834408120738 7.456513395034284 7.495857034053731 7.528727385038999 7.556801698162577 7.559432988008297 7.561975506540813 7.564458308239794 7.5669070139865 7.569340743438979 7.571766527247479 7.574189798989032 7.576602846384184 7.5812362875679895 7.60273178521144 7.639238779178499 7.668932991172829 7.694125997374794 7.715566815592742 7.742327648893292 7.764752557378833 7.783779909157614 7.789760400670849 7.8002927418328865 7.814812764833071 7.8270400899011605 7.83449674315933 7.837789168011119 7.850637347011357 7.863563762723979 7.884504742181771 7.900455908651233 7.914183407807152 7.92663763840979 7.938286458809361 7.948148379603614 7.95781804884948 7.96659399319056 7.974469108181872 
# ejected_gas_mass_list
-10.0 -10.0 3.807266673186721 5.470915797253669 6.115710279918406 6.458269631960168 6.656338395537342 6.786693157211355 6.882111734208888 6.956284995791625 7.016308746160719 7.065970277455566 7.107790276649304 7.143590969730469 7.174705279567277 7.20211000690599 7.303377371774188 7.421380753806868 7.494231203263674 7.546702320967955 7.587331074225609 7.620133593049185 7.647506218333642 7.670944309501621 7.691359682252591 7.6932914760172775 7.69516104888573 7.696989502453715 7.698795540945865 7.700593178263802 7.702387563193709 7.704182691140317 7.705972821547654 7.7094173443175675 7.725519447257124 7.753316398419229 7.776329157782912 7.796126413439065 7.8131659518899195 7.834671594580491 7.852889836700242 7.868484246471902 7.873410996351115 7.882116444655142 7.8941773369179415 7.9043862716197 7.9106351667147905 7.913399826128882 7.924220376203712 7.935157280207934 7.952980008863336 7.966640583983134 7.978453811728008 7.989215894842179 7.9993195726536435 8.00790122263731 8.016339939024164 8.024019245848873 8.030926681747161 
# stellar_mass_list
-10.0 6.579759066228756 8.226839627385328 8.67823880424631 8.800663144098797 8.842377501674344 8.85330015603072 8.852155344104027 8.84680635977099 8.840464703126594 8.83431582826731 8.828709375516288 8.82368007646699 8.819164919528092 8.815082678754043 8.81136041123956 8.79641117936664 8.776230108837018 8.762063833025351 8.751017279258086 8.741903473564728 8.734108675014577 8.72727999120071 8.721179613182658 8.715661620544289 8.715128759544243 8.714611393263523 8.71410472726546 8.71360264762056 8.713101363117312 8.71259899757765 8.712094639766473 8.711589925470632 8.710613392040779 8.705976612253071 8.697612900059108 8.690270078314695 8.683616363634112 8.677629462138443 8.669607298543045 8.662376326533927 8.655830444203058 8.653702490420931 8.649825359105929 8.644189466832486 8.639086044058951 8.635788550373123 8.634288323150496 8.628113913902023 8.6213550050437 8.608930317224468 8.59828289504625 8.588970121859122 8.580413474538574 8.572313319317471 8.565375394072069 8.558444662717552 8.552188574088882 8.546473920268669 
# remnant_mass_list
-10.0 -10.0 4.976259437055392 6.629313116191691 7.161335014678916 7.395146867753252 7.523535830817765 7.6021844366669695 7.654281169095371 7.691318396906676 7.719303120997119 7.741518039003046 7.759851362965784 7.775432376407697 7.788969598105835 7.800929949537837 7.8458119475813195 7.899849478179603 7.933962958486371 7.958676097172501 7.977943459303964 7.993680961092731 8.006942303095956 8.018397331754526 8.028455457482224 8.029412260048725 8.030338441831521 8.031242927317834 8.032136970329182 8.033027450120228 8.033917735028128 8.034809516401317 8.035699874863324 8.03741564380115 8.0454493447043 8.059488237292193 8.071355694254137 8.081761548958593 8.090852011093864 8.102647546829091 8.112921991167406 8.121942684041521 8.124821284783652 8.129994307721734 8.137364727934166 8.143884794501899 8.14802464016765 8.149887555496996 8.157440929502727 8.165485096297962 8.17971264267129 8.191350417690634 8.201134146576038 8.209819081396713 8.217785991612978 8.224411211460295 8.230865917495047 8.236548932249336 8.241624860678279 
# BH_mass_list
-10.0 -10.0 4.705949897482868 6.354316572613161 6.824404696029542 6.974996296242434 7.038777351397966 7.066905258467548 7.079230113978177 7.084528527693949 7.086760269743498 7.0876662251213585 7.088021042662028 7.0881533822292235 7.088194994386974 7.088202370469247 7.0882060165365335 7.0882060165365335 7.0882060165365335 7.0882060165365335 7.0882060165365335 7.0882060165365335 7.0882060165365335 7.0882060165365335 7.0882060165365335 7.0882060165365335 7.0882060165365335 7.0882060165365335 7.0882060165365335 7.0882060165365335 7.0882060165365335 7.0882060165365335 7.0882060165365335 7.0882060165365335 7.0882060165365335 7.0882060165365335 7.0882060165365335 7.0882060165365335 7.0882060165365335 7.0882060165365335 7.0882060165365335 7.0882060165365335 7.0882060165365335 7.0882060165365335 7.0882060165365335 7.0882060165365335 7.0882060165365335 7.0882060165365335 7.0882060165365335 7.0882060165365335 7.0882060165365335 7.0882060165365335 7.0882060165365335 7.0882060165365335 7.0882060165365335 7.0882060165365335 7.0882060165365335 7.0882060165365335 7.0882060165365335 
# NS_mass_list
-10.0 -10.0 4.642169384188516 6.300589038922524 6.8934629480467 7.187460887121705 7.349772025024481 7.438846034478859 7.480609832872124 7.499906059833221 7.50857106586618 7.512345096810419 7.513941658490214 7.5145986253873875 7.514863439910612 7.514966746528067 7.515026711567479 7.515026711567479 7.515026711567479 7.515026711567479 7.515026711567479 7.515026711567479 7.515026711567479 7.515026711567479 7.515026711567479 7.515026711567479 7.515026711567479 7.515026711567479 7.515026711567479 7.515026711567479 7.515026711567479 7.515026711567479 7.515026711567479 7.515026711567479 7.515026711567479 7.515026711567479 7.515026711567479 7.515026711567479 7.515026711567479 7.515026711567479 7.515026711567479 7.515026711567479 7.515026711567479 7.515026711567479 7.515026711567479 7.515026711567479 7.515026711567479 7.515026711567479 7.515026711567479 7.515026711567479 7.515026711567479 7.515026711567479 7.515026711567479 7.515026711567479 7.515026711567479 7.515026711567479 7.515026711567479 7.515026711567479 7.515026711567479 
# WD_mass_list
-10.0 -10.0 -10.0 -10.0 -10.0 3.1215976496636864 4.871486710996841 5.94285644329066 6.457513002561385 6.729342171743331 6.8993978767769235 7.015995848205469 7.1011677803873665 7.166466482830276 7.218481443253871 7.261204620315992 7.400142497135278 7.536776068119092 7.611786699333115 7.662147828724559 7.69949126863168 7.7289011042877505 7.752995281046094 7.7733408943271565 7.79087231333236 7.792524494290475 7.794121286968511 7.795678300329144 7.797215044375574 7.7987434087414425 7.8002692001042835 7.8017953233718575 7.803316793331206 7.8062425375543585 7.819834991036617 7.843183492286151 7.862542983875616 7.87925092858731 7.893653125456381 7.91208540040268 7.927917114429663 7.941653629476481 7.946006067009039 7.95379092078405 7.964802976395323 7.974468737325661 7.98056996999965 7.983306565201002 7.99434664987972 8.006008293603722 8.026402325193862 8.04287446630502 8.05658356268918 8.0686511126363 8.079639692317421 8.088720305935965 8.097518473188819 8.105225935386741 8.11207998730486 
