# time_axis
1000000 10000000 20000000 30000000 40000000 50000000 60000000 70000000 80000000 90000000 100000000 110000000 120000000 130000000 140000000 150000000 200000000 300000000 400000000 500000000 600000000 700000000 800000000 900000000 1000000000 1010000000 1020000000 1030000000 1040000000 1050000000 1060000000 1070000000 1080000000 1100000000 1200000000 1400000000 1600000000 1800000000 2000000000 2300000000 2600000000 2900000000 3000000000 3200000000 3500000000 3800000000 4000000000 4100000000 4500000000 5000000000 6000000000 7000000000 8000000000 9000000000 10000000000 11000000000 12000000000 13000000000 14000000000 
# SNIa_energy_release_list
0 0.0 0.0 0.0 0.0 0.0 6.897123057761916e+52 3.394890891966694e+54 1.3759608653065224e+55 3.059599122447478e+55 5.207848108282004e+55 7.623605548683681e+55 1.014593225944054e+56 1.2661618007843643e+56 1.509951256511231e+56 1.7419989354085435e+56 2.6998807533091476e+56 3.8800968053123503e+56 4.632716095043496e+56 5.188495741421206e+56 5.629687816039732e+56 5.995697969553398e+56 6.308467110079336e+56 6.581570574330949e+56 6.823953657570715e+56 6.846756139024248e+56 6.869320166025947e+56 6.891652914658436e+56 6.913757314882926e+56 6.935638663756804e+56 6.957300814691786e+56 6.978746509188235e+56 6.999980316771678e+56 7.0418306193026035e+56 7.239714027328559e+56 7.588193901434424e+56 7.888159020795592e+56 8.15147034644065e+56 8.386138972157984e+56 8.696324806186254e+56 8.967494557931727e+56 9.208374361757473e+56 9.283056967894797e+56 9.425074583489439e+56 9.621971781645053e+56 9.8024139869289e+56 9.914858432535183e+56 9.968953132221326e+56 1.0172707565703912e+57 1.0403057528784807e+57 1.0801028350674176e+57 1.1136881087859207e+57 1.1427515234424433e+57 1.1683633226623424e+57 1.1912515702289217e+57 1.2119532731445105e+57 1.2308405289165085e+57 1.2482063131325141e+57 1.264279979845989e+57 
# SNII_energy_release_list
0 0.0 6.766270101091754e+52 3.374171809689166e+54 1.5658606678033963e+55 3.9204335692537535e+55 7.236675673271732e+55 1.0882508569971963e+56 1.4146067771935203e+56 1.6798858504227243e+56 1.8830983697305668e+56 2.0330637824955887e+56 2.1411256925941324e+56 2.2178056167224072e+56 2.271680925258664e+56 2.309294213444653e+56 2.3633754989529957e+56 2.3633754989529957e+56 2.3633754989529957e+56 2.3633754989529957e+56 2.3633754989529957e+56 2.3633754989529957e+56 2.3633754989529957e+56 2.3633754989529957e+56 2.3633754989529957e+56 2.3633754989529957e+56 2.3633754989529957e+56 2.3633754989529957e+56 2.3633754989529957e+56 2.3633754989529957e+56 2.3633754989529957e+56 2.3633754989529957e+56 2.3633754989529957e+56 2.3633754989529957e+56 2.3633754989529957e+56 2.3633754989529957e+56 2.3633754989529957e+56 2.3633754989529957e+56 2.3633754989529957e+56 2.3633754989529957e+56 2.3633754989529957e+56 2.3633754989529957e+56 2.3633754989529957e+56 2.3633754989529957e+56 2.3633754989529957e+56 2.3633754989529957e+56 2.3633754989529957e+56 2.3633754989529957e+56 2.3633754989529957e+56 2.3633754989529957e+56 2.3633754989529957e+56 2.3633754989529957e+56 2.3633754989529957e+56 2.3633754989529957e+56 2.3633754989529957e+56 2.3633754989529957e+56 2.3633754989529957e+56 2.3633754989529957e+56 2.3633754989529957e+56 
# SN_energy_per_current_crossing_time_list
0.0 0.0 6.86317232552317e+53 1.8577272972050057e+55 5.24311120256335e+55 8.589369228556706e+55 1.0992419931193821e+56 1.1416469452535268e+56 9.919388735468022e+55 7.962924529141075e+55 6.101860267093007e+55 4.551708035845909e+55 3.346804199622385e+55 2.446427721541519e+55 1.7890100577573255e+55 1.3153920018613592e+55 5.1874140705174124e+54 1.3020248430845076e+54 8.432977558066437e+53 6.308134202530069e+53 5.0637748960735244e+53 4.242678746402962e+53 3.6580991694897047e+53 3.220455867476746e+53 2.8799171948263104e+53 2.711302316056986e+53 2.6848937479969767e+53 2.659275612402266e+53 2.6339485648124166e+53 2.6092025149088852e+53 2.5848731537381074e+53 2.5608341269803003e+53 2.5373065782070743e+53 2.5038826041864524e+53 2.3835975779991214e+53 2.124552338673792e+53 1.848834517035638e+53 1.639261373330364e+53 1.47442879306701e+53 1.31547346227801e+53 1.1629575411621396e+53 1.043645738040958e+53 9.73917641673115e+52 9.316875903774253e+52 8.68739007210627e+52 8.023420938654244e+52 7.537634115668376e+52 7.268589640538019e+52 6.907076120621222e+52 6.308278103897533e+52 5.54467560719744e+52 4.747099459767278e+52 4.160638326956202e+52 3.710132908646676e+52 3.353115553285498e+52 3.06256402740175e+52 2.821572175511344e+52 2.6176079086205173e+52 2.4427166745842703e+52 
# SN_energy_per_final_crossing_time_list
0.0 0.0 2.7420552460622748e+53 1.339974685039689e+55 4.978311325499715e+55 9.541991200759589e+55 1.3440238319831668e+56 1.4825412714462611e+56 1.3383203527128496e+56 1.1006392332483239e+56 8.561729893040875e+55 6.444525072829524e+55 4.762565928219458e+55 3.489790454491948e+55 2.5538032870958e+55 1.8769350856047927e+55 7.294714853245331e+54 1.793575468018997e+54 1.1437562576178236e+54 8.446188625170675e+53 6.704800196346156e+53 5.562259819070811e+53 4.753155633229638e+53 4.15035596983529e+53 3.683498044479025e+53 3.465295297043018e+53 3.429057351090535e+53 3.3939099551035373e+53 3.3592078256026865e+53 3.325310690423851e+53 3.29199915859162e+53 3.2591042528334473e+53 3.2269037783085664e+53 3.179997248014029e+53 3.007236052762844e+53 2.6479259972517873e+53 2.279286400292574e+53 2.0007723726810396e+53 1.783130679700332e+53 1.5712990331892377e+53 1.3736564407676949e+53 1.2202175642608791e+53 1.1349522829168904e+53 1.0791215342511617e+53 9.97416203963048e+52 9.140606423799659e+52 8.544096600453334e+52 8.220776707979281e+52 7.741145207570336e+52 7.001261203653789e+52 6.047966403410591e+52 5.103957273413515e+52 4.416769917366002e+52 3.8922275878784917e+52 3.4783291814819635e+52 3.146039780817739e+52 2.8702980740990996e+52 2.6390798955727845e+52 2.4427166745842703e+52 
# total_energy_release_list
0 0 6.766270101091754e+52 3.374171809689166e+54 1.5658606678033963e+55 3.9204335692537535e+55 7.243572796329494e+55 1.1221997659168631e+56 1.5522028637241725e+56 1.985845762667472e+56 2.403883180558767e+56 2.795424337363957e+56 3.1557189185381864e+56 3.4839674175067715e+56 3.781632181769895e+56 4.0512931488531964e+56 5.063256252262143e+56 6.243472304265346e+56 6.996091593996492e+56 7.551871240374202e+56 7.993063314992728e+56 8.359073468506395e+56 8.671842609032331e+56 8.944946073283944e+56 9.18732915652371e+56 9.210131637977244e+56 9.232695664978943e+56 9.255028413611432e+56 9.27713281383592e+56 9.299014162709799e+56 9.320676313644783e+56 9.342122008141231e+56 9.363355815724674e+56 9.4052061182556e+56 9.603089526281555e+56 9.95156940038742e+56 1.0251534519748588e+57 1.0514845845393647e+57 1.074951447111098e+57 1.105970030513925e+57 1.1330870056884724e+57 1.157174986071047e+57 1.1646432466847793e+57 1.1788450082442435e+57 1.198534728059805e+57 1.2165789485881897e+57 1.2278233931488177e+57 1.2332328631174321e+57 1.2536083064656907e+57 1.2766433027737804e+57 1.3164403849627173e+57 1.3500256586812204e+57 1.3790890733377428e+57 1.404700872557642e+57 1.4275891201242214e+57 1.44829082303981e+57 1.467178078811808e+57 1.4845438630278138e+57 1.5006175297412886e+57 
# binding_energy_list
8.669618757582214e+54 8.669618757582214e+54 8.669618757582214e+54 8.669618757582214e+54 8.669618757582214e+54 8.669618757582214e+54 8.669618757582214e+54 8.649679187756885e+54 8.649679187756885e+54 8.629785477669702e+54 8.629785477669702e+54 8.629785477669702e+54 8.609937521846052e+54 8.609937521846052e+54 8.590135215053907e+54 8.590135215053907e+54 8.550667128846876e+54 8.491804750363178e+54 8.452788451602891e+54 8.413951416451895e+54 8.375292821268861e+54 8.336811846196331e+54 8.317637711026743e+54 8.279421637123327e+54 8.260379495771817e+54 8.260379495771817e+54 8.260379495771817e+54 8.260379495771817e+54 8.241381150129963e+54 8.241381150129963e+54 8.241381150129963e+54 8.241381150129963e+54 8.241381150129963e+54 8.241381150129963e+54 8.20351544329821e+54 8.165823713585906e+54 8.128305161640929e+54 8.090958991783846e+54 8.072350302488317e+54 8.016780633876855e+54 7.979946872679785e+54 7.94328234724279e+54 7.94328234724279e+54 7.90678627999831e+54 7.888601176185516e+54 7.852356346100775e+54 7.834296427662088e+54 7.834296427662088e+54 7.798301105232642e+54 7.780365510398008e+54 7.72680585095699e+54 7.673614893618154e+54 7.638357835776954e+54 7.603262769401822e+54 7.568328950209705e+54 7.533555637337217e+54 7.498942093324558e+54 7.464487584100623e+54 7.447319739059888e+54 
# total_gas_kinetic_energy_list
2.1445709002276886e+57 9.913623423350328e+58 2.317500900214197e+59 2.5124503404889357e+59 2.2533239488883474e+59 1.825342501016838e+59 1.3931472471383087e+59 1.025081224047819e+59 7.370526600659459e+58 5.222053476150417e+58 3.665114290437995e+58 2.556949039996398e+58 1.7771066433730404e+58 1.2322548385502434e+58 8.533219581810049e+57 5.9054331258932924e+57 5.947715742323595e+57 6.0046856565748274e+57 6.050917111968741e+57 6.089822647917749e+57 6.1235977089268096e+57 6.153602137140273e+57 6.181030197359938e+57 6.206538125646547e+57 6.230406241010709e+57 6.232734235106963e+57 6.235039138599455e+57 6.237317093979499e+57 6.239573039512174e+57 6.24181470555894e+57 6.2440498366364325e+57 6.246285001024128e+57 6.248522695571342e+57 6.252950382509202e+57 6.2742571534486106e+57 6.313819878366967e+57 6.349579695854658e+57 6.382712343602965e+57 6.41329859800387e+57 6.454504510513617e+57 6.491647600341802e+57 6.525421697020551e+57 6.536312223437846e+57 6.556526580449834e+57 6.585340385942725e+57 6.610495639426422e+57 6.626635541267397e+57 6.633742944234824e+57 6.662438059887417e+57 6.692721203553706e+57 6.7448698979032e+57 6.787161842105351e+57 6.824890832793906e+57 6.860207368567737e+57 6.894035765167441e+57 6.923573713508604e+57 6.953258939874455e+57 6.980555675996683e+57 7.005556326789127e+57 
