# time_axis
5.999999999999999 7.0 7.30102999566398 7.477121254719661 7.602059991327962 7.698970004336018 7.778151250383643 7.845098040014256 7.903089986991943 7.954242509439324 8.0 8.041392685158224 8.079181246047623 8.113943352306837 8.146128035678238 8.176091259055681 8.301029995663981 8.47712125471966 8.60205999132796 8.698970004336019 8.778151250383644 8.845098040014257 8.903089986991942 8.954242509439323 8.999999999999998 9.004321373782641 9.008600171761916 9.012837224705171 9.017033339298779 9.021189299069936 9.02530586526477 9.02938377768521 9.033423755486949 9.041392685158224 9.079181246047623 9.146128035678236 9.204119982655923 9.255272505103305 9.301029995663981 9.361727836017593 9.414973347970816 9.462397997898954 9.477121254719663 9.505149978319904 9.544068044350274 9.57978359661681 9.60205999132796 9.612783856719734 9.653212513775342 9.698970004336017 9.778151250383642 9.845098040014257 9.903089986991944 9.954242509439325 10.0 10.041392685158225 10.079181246047623 10.113943352306835 10.146128035678236 
# total_gas_mass_list
8.563351467391335 10.23917360954592 10.608097414433864 10.64321170467838 10.595953111396774 10.504482318016965 10.387140782258124 10.253906656336797 10.110650920286082 9.960997253884184 9.807246275001825 9.650882374866967 9.49287319001322 9.333856141075785 9.17425897159387 9.014379904902924 9.017355280408268 9.02120746762251 9.024280203592447 9.026913739437488 9.029244210372996 9.03133357826383 9.033233930750143 9.034982310465402 9.036601915053996 9.036759077197033 9.03691454298798 9.037068059139994 9.037219964251703 9.037370780939206 9.037521032772684 9.037671161201578 9.037821334348903 9.038118098317845 9.03953997621023 9.042150955534362 9.044475314166151 9.046599317342752 9.048537082641337 9.05112288341386 9.053431472979401 9.055512316016816 9.056180271283324 9.057414215060257 9.05916343074656 9.060681465713971 9.061650644313096 9.062076536709345 9.06378750823191 9.065580282547993 9.06863273671615 9.071077453950908 9.073247843214475 9.075267492099625 9.077193496575218 9.078868121127584 9.080542830111074 9.082079850191864 9.083481525394488 
# ejected_gas_mass_list
-10.0 -10.0 3.119553924351236 4.822990816252849 5.539957046749797 5.966722137646407 6.2458914606316345 6.445320205954019 6.597020382782667 6.717265738210452 6.815348592887893 6.896923000274544 6.965780108242891 7.024642589963785 7.075539312690395 7.1200124847396316 7.278689494282898 7.451044076023871 7.552757214145581 7.624688483784071 7.680008359737422 7.7244592898356705 7.761445075393491 7.7930251661849494 7.82046515718287 7.82304310233574 7.825579164545591 7.828069857962452 7.83052129221899 7.832942390219323 7.835341902574658 7.837727098136983 7.840100788403238 7.844756117239488 7.866435681155245 7.903795112454218 7.934717206622247 7.9613009439037095 7.984315917765165 8.013389068586067 8.037930882487009 8.059026405285843 8.06560711599469 8.077533500494663 8.09395312796942 8.107767333260453 8.11638690549166 8.120127193995076 8.134872519631388 8.14986316816543 8.174386200768492 8.193190706565089 8.209312895076751 8.223864962156286 8.237362572788495 8.248813688965859 8.260013723291598 8.270081504520226 8.279093746593615 
# stellar_mass_list
-10.0 6.35574315688959 8.040288654366973 8.552711361877373 8.790752580872404 8.926678788693717 9.00970200281508 9.061911998531983 9.095109157196616 9.116191059153556 9.129407566738395 9.1374640302989 9.142118609130577 9.144529380025372 9.145465557477397 9.145440622442198 9.134451373689988 9.120079362326251 9.109809804005652 9.101624453701485 9.094733865001572 9.088738461937625 9.0834036625416 9.078574869661685 9.074157907774598 9.073731996786085 9.073311114284403 9.072895893013202 9.07248541980764 9.072078261373226 9.071673008579587 9.071268448124993 9.070864115007758 9.070065945807173 9.066260840101384 9.059320648555177 9.053126443954383 9.047443136980686 9.04223395321937 9.03516263948047 9.02871097310755 9.022778751185596 9.020853625158077 9.01726060798913 9.012025071259043 9.007270091587742 9.004120535555005 9.00270473554603 8.996820509438342 8.99027801124391 8.978040111652307 8.967368921481045 8.958023460452793 8.949434196309367 8.941342822261333 8.934373513579327 8.927448401331977 8.921161455336254 8.91545177485666 
# remnant_mass_list
-10.0 -10.0 4.227577261997747 5.918981497545679 6.518028463986453 6.851976393345843 7.06830840455941 7.219498883165442 7.330315380600667 7.414474830679111 7.480242670433414 7.532899405611384 7.5759638391158015 7.611853878038997 7.6422735092261265 7.668448156196437 7.7583664149683615 7.856064548510535 7.915130785320333 7.957216471177673 7.989765909210785 8.016217965766495 8.038446457797514 8.057598889287016 8.07437491150111 8.075957110053606 8.077514564253384 8.079045182369068 8.080552638596636 8.08204243211152 8.08351990554846 8.084989609345268 8.086453281158224 8.089327184692774 8.102753589955558 8.126141535742718 8.145907974763832 8.163203495319578 8.178400000310605 8.198098728885721 8.215207855175132 8.230266550486169 8.235022868123885 8.243734068864667 8.25606044241368 8.266892628634459 8.273888530257159 8.276986703500334 8.289577666654372 8.303048384094117 8.326878146602892 8.346324689728608 8.362430410097037 8.37653533234275 8.389255265843278 8.399794068037268 8.409910347057375 8.418800237816228 8.426641697382317 
# BH_mass_list
-10.0 -10.0 3.875692127975072 5.56058038517607 6.077791740747309 6.321988713528364 6.463673356862906 6.5519872383690965 6.609060096483474 6.646730493369283 6.671929587646026 6.688937880998192 6.700489549809254 6.708370370170666 6.713764580729611 6.717465967975813 6.720010717135535 6.720010717135535 6.720010717135535 6.720010717135535 6.720010717135535 6.720010717135535 6.720010717135535 6.720010717135535 6.720010717135535 6.720010717135535 6.720010717135535 6.720010717135535 6.720010717135535 6.720010717135535 6.720010717135535 6.720010717135535 6.720010717135535 6.720010717135535 6.720010717135535 6.720010717135535 6.720010717135535 6.720010717135535 6.720010717135535 6.720010717135535 6.720010717135535 6.720010717135535 6.720010717135535 6.720010717135535 6.720010717135535 6.720010717135535 6.720010717135535 6.720010717135535 6.720010717135535 6.720010717135535 6.720010717135535 6.720010717135535 6.720010717135535 6.720010717135535 6.720010717135535 6.720010717135535 6.720010717135535 6.720010717135535 6.720010717135535 
# NS_mass_list
-10.0 -10.0 3.9720667029196584 5.668620542021068 6.322249563426362 6.70004549562567 6.94283017653405 7.1024325504470625 7.205717880400771 7.273739130045476 7.319091879753041 7.349600003489775 7.370255464083578 7.384307366303979 7.3939015231812775 7.4004703476682945 7.409299928412858 7.409299928412858 7.409299928412858 7.409299928412858 7.409299928412858 7.409299928412858 7.409299928412858 7.409299928412858 7.409299928412858 7.409299928412858 7.409299928412858 7.409299928412858 7.409299928412858 7.409299928412858 7.409299928412858 7.409299928412858 7.409299928412858 7.409299928412858 7.409299928412858 7.409299928412858 7.409299928412858 7.409299928412858 7.409299928412858 7.409299928412858 7.409299928412858 7.409299928412858 7.409299928412858 7.409299928412858 7.409299928412858 7.409299928412858 7.409299928412858 7.409299928412858 7.409299928412858 7.409299928412858 7.409299928412858 7.409299928412858 7.409299928412858 7.409299928412858 7.409299928412858 7.409299928412858 7.409299928412858 7.409299928412858 7.409299928412858 
# WD_mass_list
-10.0 -10.0 -10.0 -10.0 -10.0 2.6682230569439223 4.450149884515952 5.546983916754961 6.104206812187094 6.440114491848586 6.669214377811131 6.83625844403546 6.963487342262697 7.06353832745484 7.144226299129143 7.210667673778617 7.421886606487079 7.611503845612184 7.710441220396 7.776030020433114 7.824518283785245 7.862692768015142 7.8940142282948464 7.920496730680686 7.9433387808472204 7.945476836406783 7.947578789968534 7.949641965417088 7.951671454565981 7.953674774572143 7.955659195037261 7.957630888362064 7.959592230827769 7.9634367964670405 7.981286266897178 8.01196082422006 8.037499475266834 8.059576142142635 8.078778515777408 8.103414507489962 8.124591447442008 8.143070619527744 8.148877467436423 8.159476735859101 8.174397419460858 8.18743720015126 8.195824102166286 8.199529765713114 8.214537023603345 8.230502321789531 8.258527425923353 8.281203370184313 8.299859340582673 8.31610969369608 8.330696894252846 8.342736054516715 8.354254001351862 8.364345364749092 8.373223702815922 
