# time_axis
1000000 10000000 20000000 30000000 40000000 50000000 60000000 70000000 80000000 90000000 100000000 110000000 120000000 130000000 140000000 150000000 200000000 300000000 400000000 500000000 600000000 700000000 800000000 900000000 1000000000 1010000000 1020000000 1030000000 1040000000 1050000000 1060000000 1070000000 1080000000 1100000000 1200000000 1400000000 1600000000 1800000000 2000000000 2300000000 2600000000 2900000000 3000000000 3200000000 3500000000 3800000000 4000000000 4100000000 4500000000 5000000000 6000000000 7000000000 8000000000 9000000000 10000000000 11000000000 12000000000 13000000000 14000000000 
# SNIa_energy_release_list
0 0.0 0.0 0.0 0.0 0.0 1.9006071831291294e+53 8.612362418813126e+54 3.19725392903825e+55 5.533202793809223e+55 7.674323657466639e+55 9.583474948826475e+55 1.1281322568625783e+56 1.280113145615722e+56 1.4173759510155032e+56 1.5424351342508141e+56 2.040923854942162e+56 2.699767149875361e+56 3.147391072897104e+56 3.4869215452421765e+56 3.760560255307564e+56 3.989770743498306e+56 4.1869974545286045e+56 4.360075405459845e+56 4.5142911872362415e+56 4.528819842422729e+56 4.543206034226622e+56 4.557457059363004e+56 4.571558733949934e+56 4.585523310903649e+56 4.599352332793335e+56 4.613042285460039e+56 4.626601097018246e+56 4.653339942157319e+56 4.779956407163831e+56 5.0035660592964365e+56 5.196628491368701e+56 5.3664929089832725e+56 5.518164403752296e+56 5.718975421897399e+56 5.894812956387151e+56 6.051204367887043e+56 6.099739986090341e+56 6.192027114578419e+56 6.320092035651775e+56 6.437558060261185e+56 6.510776383221855e+56 6.54600569595743e+56 6.678790826995749e+56 6.828963619259743e+56 7.088637019479416e+56 7.307981859714523e+56 7.497843378092693e+56 7.6652723888944415e+56 7.814875770885046e+56 7.950311500018322e+56 8.073867773013448e+56 8.187499640026971e+56 8.292687624763818e+56 
# SNII_energy_release_list
0 0.0 1.8645486602786327e+53 8.569359859347582e+54 3.684778627531995e+55 7.573493371726252e+55 1.1472268947710399e+56 1.42140448250291e+56 1.5014044891895413e+56 1.5324965992631634e+56 1.5437525615456072e+56 1.5476538698446462e+56 1.5489679413695698e+56 1.549413387539836e+56 1.5495671635461844e+56 1.5496283193256183e+56 1.5496867210899999e+56 1.5496867210899999e+56 1.5496867210899999e+56 1.5496867210899999e+56 1.5496867210899999e+56 1.5496867210899999e+56 1.5496867210899999e+56 1.5496867210899999e+56 1.5496867210899999e+56 1.5496867210899999e+56 1.5496867210899999e+56 1.5496867210899999e+56 1.5496867210899999e+56 1.5496867210899999e+56 1.5496867210899999e+56 1.5496867210899999e+56 1.5496867210899999e+56 1.5496867210899999e+56 1.5496867210899999e+56 1.5496867210899999e+56 1.5496867210899999e+56 1.5496867210899999e+56 1.5496867210899999e+56 1.5496867210899999e+56 1.5496867210899999e+56 1.5496867210899999e+56 1.5496867210899999e+56 1.5496867210899999e+56 1.5496867210899999e+56 1.5496867210899999e+56 1.5496867210899999e+56 1.5496867210899999e+56 1.5496867210899999e+56 1.5496867210899999e+56 1.5496867210899999e+56 1.5496867210899999e+56 1.5496867210899999e+56 1.5496867210899999e+56 1.5496867210899999e+56 1.5496867210899999e+56 1.5496867210899999e+56 1.5496867210899999e+56 1.5496867210899999e+56 
# SN_energy_per_current_crossing_time_list
0.0 0.0 8.142936945643898e+53 2.1435150308319382e+55 6.782601901662847e+55 9.154157286734051e+55 9.153818000094674e+55 6.526154768578681e+55 2.0968490532976558e+55 9.453283231228127e+54 4.5926739995914576e+54 2.6437106712843407e+54 1.8421710000998087e+54 1.4784020632227623e+54 1.279233456686169e+54 1.1496675003690146e+54 9.186571921429712e+53 6.165979145795856e+53 4.250955428762489e+53 3.2644556907894333e+53 2.6594277671720704e+53 2.2491529758227805e+53 1.952256093021014e+53 1.7270000536413133e+53 1.550292260845528e+53 1.4615914616665457e+53 1.448267081201081e+53 1.4356456212386319e+53 1.4215775824222575e+53 1.4087305914596358e+53 1.3960271778921435e+53 1.3829571977117336e+53 1.3706711924069688e+53 1.353336901205536e+53 1.2900533119445143e+53 1.1529155600559077e+53 1.0062119042204227e+53 8.941386289223938e+52 8.056296840058334e+52 7.198639580762233e+52 6.373879102794924e+52 5.72662789778973e+52 5.34939426251935e+52 5.116400822707138e+52 4.7746042638505584e+52 4.4136202685522655e+52 4.1469753713686695e+52 3.999598496148826e+52 3.8031377900972273e+52 3.4745557437087777e+52 3.05638018132219e+52 2.6190091760606715e+52 2.2959253002225364e+52 2.0486397724675902e+52 1.8512831358856908e+52 1.6923238143008704e+52 1.5590444648055885e+52 1.4466528852129647e+52 1.3501549534096025e+52 
# SN_energy_per_final_crossing_time_list
0.0 0.0 6.382046050465907e+53 2.869331696393064e+55 9.679244283947928e+55 1.3310436516505171e+56 1.3347312653994258e+56 9.492757403471399e+55 3.038112576423884e+55 1.3640661856332864e+55 6.600997714294152e+54 3.785871814219731e+54 2.6290810956479346e+54 2.1032407178518303e+54 1.814490778123497e+54 1.6261471013375113e+54 1.2836822037962244e+54 8.45667440440255e+53 5.7455388887277664e+53 4.35809042465313e+53 3.5123275796535397e+53 2.942062981607484e+53 2.531530778048688e+53 2.221566021636552e+53 1.979458035822669e+53 1.8648456680189407e+53 1.8465595831426256e+53 1.829210078240796e+53 1.8100399815197687e+53 1.7924426248390218e+53 1.7750432667647427e+53 1.7571928439486766e+53 1.740360045251928e+53 1.7160507591856013e+53 1.6252031811374138e+53 1.4350863371531364e+53 1.2390397992308266e+53 1.0901591347344268e+53 9.734002436958114e+52 8.591792162261683e+52 7.523290129273726e+52 6.691278775345355e+52 6.229856527617761e+52 5.9228211271397e+52 5.479316798959985e+52 5.025838118314383e+52 4.699019649107355e+52 4.521907251493406e+52 4.260954871867033e+52 3.855127367442744e+52 3.333073910032788e+52 2.815431090244417e+52 2.4369938272081373e+52 2.149058267861912e+52 1.9202549392572657e+52 1.738404067873392e+52 1.5859236625413229e+52 1.4585375743942157e+52 1.3501549534096025e+52 
# total_energy_release_list
0 0 1.8645486602786327e+53 8.569359859347582e+54 3.684778627531995e+55 7.573493371726252e+55 1.149127501954169e+56 1.5075281066910412e+56 1.8211298820933662e+56 2.0858168786440858e+56 2.311184927292271e+56 2.5060013647272938e+56 2.677100198232148e+56 2.829526533155558e+56 2.9669431145616874e+56 3.0920634535764327e+56 3.5906105760321617e+56 4.249453870965361e+56 4.6970777939871035e+56 5.036608266332176e+56 5.310246976397563e+56 5.539457464588305e+56 5.736684175618605e+56 5.909762126549845e+56 6.063977908326241e+56 6.078506563512729e+56 6.092892755316622e+56 6.107143780453003e+56 6.121245455039933e+56 6.135210031993649e+56 6.149039053883335e+56 6.162729006550038e+56 6.176287818108245e+56 6.203026663247319e+56 6.32964312825383e+56 6.553252780386437e+56 6.7463152124587e+56 6.916179630073272e+56 7.067851124842295e+56 7.268662142987398e+56 7.444499677477151e+56 7.600891088977042e+56 7.6494267071803405e+56 7.74171383566842e+56 7.869778756741775e+56 7.987244781351186e+56 8.060463104311855e+56 8.095692417047429e+56 8.22847754808575e+56 8.378650340349744e+56 8.638323740569416e+56 8.857668580804523e+56 9.047530099182693e+56 9.214959109984441e+56 9.364562491975045e+56 9.499998221108322e+56 9.623554494103449e+56 9.737186361116972e+56 9.842374345853818e+56 
# binding_energy_list
8.669618757582214e+54 8.669618757582214e+54 8.669618757582214e+54 8.669618757582214e+54 8.669618757582214e+54 8.649679187756885e+54 8.649679187756885e+54 8.629785477669702e+54 8.629785477669702e+54 8.609937521846052e+54 8.609937521846052e+54 8.590135215053907e+54 8.590135215053907e+54 8.590135215053907e+54 8.570378452303692e+54 8.570378452303692e+54 8.531001140175843e+54 8.491804750363178e+54 8.433347577642791e+54 8.394599865193965e+54 8.375292821268861e+54 8.336811846196331e+54 8.298507675144166e+54 8.279421637123327e+54 8.260379495771817e+54 8.260379495771817e+54 8.241381150129963e+54 8.241381150129963e+54 8.241381150129963e+54 8.241381150129963e+54 8.241381150129963e+54 8.241381150129963e+54 8.241381150129963e+54 8.222426499470695e+54 8.20351544329821e+54 8.165823713585906e+54 8.128305161640929e+54 8.090958991783846e+54 8.053784411990643e+54 8.016780633876855e+54 7.979946872679785e+54 7.94328234724279e+54 7.94328234724279e+54 7.90678627999831e+54 7.888601176185516e+54 7.852356346100775e+54 7.834296427662088e+54 7.834296427662088e+54 7.798301105232642e+54 7.780365510398008e+54 7.709034690644309e+54 7.673614893618154e+54 7.638357835776954e+54 7.603262769401822e+54 7.568328950209705e+54 7.533555637337217e+54 7.498942093324558e+54 7.464487584100623e+54 7.447319739059888e+54 
# total_gas_kinetic_energy_list
3.555417159551863e+57 1.5233471809408873e+59 3.03513808265869e+59 7.504965531385317e+58 3.0467943301799365e+58 1.1298891289010104e+58 3.973918008555859e+57 1.3501264682500941e+57 4.4796611313341825e+56 1.4634681623916878e+56 4.91600202374714e+55 1.9128062356266157e+55 9.406083986083584e+54 6.215496700102679e+54 5.1022573168722514e+54 4.6497378626400246e+54 2.5673500786208483e+55 6.056523538712371e+55 8.941170950450265e+55 1.1387347278263973e+56 1.352498203288321e+56 1.5437178945516938e+56 1.7197911558978634e+56 1.8839447763574719e+56 2.038396702809741e+56 2.0535948396481184e+56 2.06815080290177e+56 2.082531208348166e+56 2.096945124329251e+56 2.1114471197633332e+56 2.1260567796453994e+56 2.1407836089666715e+56 2.155547160759313e+56 2.1837447650449926e+56 2.3211297867412436e+56 2.5772062664558747e+56 2.8093598406954186e+56 3.024834803272065e+56 3.2224210412524856e+56 3.4895571617734227e+56 3.731405951620992e+56 3.951019550090419e+56 4.0228328957731786e+56 4.153051437754908e+56 4.3399134725138225e+56 4.504895291549102e+56 4.608304430162764e+56 4.654996679551594e+56 4.842391232499564e+56 5.0398221579792675e+56 5.3800991613516335e+56 5.656285717533445e+56 5.902782047138513e+56 6.133429531873792e+56 6.355773170131373e+56 6.54835285891574e+56 6.743143787329e+56 6.921261556985645e+56 7.085461357134721e+56 
