# time_axis
5.999999999999999 7.0 7.30102999566398 7.477121254719661 7.602059991327962 7.698970004336018 7.778151250383643 7.845098040014256 7.903089986991943 7.954242509439324 8.0 8.041392685158224 8.079181246047623 8.113943352306837 8.146128035678238 8.176091259055681 8.301029995663981 8.47712125471966 8.60205999132796 8.698970004336019 8.778151250383644 8.845098040014257 8.903089986991942 8.954242509439323 8.999999999999998 9.004321373782641 9.008600171761916 9.012837224705171 9.017033339298779 9.021189299069936 9.02530586526477 9.02938377768521 9.033423755486949 9.041392685158224 9.079181246047623 9.146128035678236 9.204119982655923 9.255272505103305 9.301029995663981 9.361727836017593 9.414973347970816 9.462397997898954 9.477121254719663 9.505149978319904 9.544068044350274 9.57978359661681 9.60205999132796 9.612783856719734 9.653212513775342 9.698970004336017 9.778151250383642 9.845098040014257 9.903089986991944 9.954242509439325 10.0 10.041392685158225 10.079181246047623 10.113943352306835 10.146128035678236 
# total_gas_mass_list
8.7873673767305 10.425823514698086 10.725280405973717 10.118532071570213 9.727062055638186 9.29638519988903 8.842889416360418 8.374975238869663 7.898732165267752 7.421600729718986 6.958829594118155 6.542777203422942 6.224684030938008 6.034225717391223 5.941342924072112 5.89702500475378 6.628402418810162 6.995284374527839 7.163093489421702 7.270346567303761 7.347866650507148 7.407771184801791 7.456262560278104 7.4968009085671286 7.531571865666895 7.5348376096668295 7.537941365265403 7.540984775360046 7.544012471945952 7.547035946402419 7.550059358162016 7.553084467368905 7.556094506195805 7.561781375162621 7.58841950432875 7.6338016368318105 7.670874318068981 7.702391969188588 7.729239134824376 7.762954881332631 7.791265685953136 7.815379902586977 7.822970024523352 7.83637877587545 7.854884598724941 7.870556706748583 7.880082694739984 7.884312707523683 7.900849373603847 7.9175644358847235 7.944790209839231 7.965577650413362 7.9833310629311125 7.999298927195362 8.014153381867564 8.026621827087862 8.038849909605931 8.049786643813569 8.05960764060219 
# ejected_gas_mass_list
-10.0 -10.0 3.559778315954065 5.228246473971994 5.915679250948522 6.267568877216073 6.456214419348486 6.582875982128265 6.6807243398835 6.759669722900245 6.825279392990032 6.880322113555309 6.927208670220338 6.967817109855652 7.003505867607 7.035262845631475 7.155228323089132 7.299688143492796 7.391006053430079 7.457609908092159 7.509522476478934 7.5516777818054495 7.5870312892263385 7.617388180369027 7.643981130508802 7.646504289269567 7.648906284204994 7.651265339333825 7.653615895897876 7.655966824823104 7.658321338479285 7.6606807964550425 7.663032082594519 7.667484073673183 7.688504218331531 7.724925154361716 7.7552196264602635 7.781337527197506 7.803835736377108 7.8324012518587125 7.856642834428696 7.877466419991512 7.884053081276836 7.895725944636207 7.9119115542240035 7.9256853918456684 7.934086675175643 7.937824202005085 7.95247578814943 7.967349112032053 7.991707221711058 8.010411184989803 8.026455036490328 8.04093840049262 8.054455685294604 8.065833472895678 8.077019352930899 8.087046441857677 8.096068316260766 
# stellar_mass_list
-10.0 6.795967548492419 8.443922307876326 8.908083419307582 8.962108786917634 8.977621150863278 8.979627941543768 8.977305034831568 8.973917452739116 8.9705076519604 8.967349783870427 8.964477886241424 8.96186041687115 8.959457910908005 8.957235356631479 8.955164816583075 8.946434465198433 8.933679682994926 8.924129061111827 8.91636229519326 8.90975510175666 8.903962787437228 8.898781894898367 8.894073836436961 8.88973982108654 8.889318012517272 8.88891472063148 8.888516949722757 8.888118937052683 8.887719125465823 8.887316985458014 8.886912309912397 8.886507255394346 8.88573535244673 8.882009091047028 8.87517448073973 8.869051763009377 8.863421255828715 8.858290396597429 8.851291757936956 8.844878685492327 8.838990683397448 8.83705281536261 8.833520211066011 8.828325388267343 8.823554698842491 8.82046391111587 8.819043340998318 8.813162609191775 8.806638047144197 8.794427192699686 8.783795797403986 8.774492498716315 8.76594592886555 8.757841717858847 8.750913608793596 8.743979876881273 8.737733396628169 8.732016808415377 
# remnant_mass_list
-10.0 -10.0 4.667801653600576 6.323212916930232 6.883295440564702 7.101948743131282 7.222093486559704 7.300026806378469 7.355562953506416 7.398170381885308 7.432513717599381 7.461184510578346 7.4857537424819185 7.507216961374 7.526251523036694 7.543333608271759 7.609216247966142 7.6913949054326 7.744503817865423 7.783462388435032 7.814069715573153 7.839217271015396 7.860510246916449 7.878961889796838 7.895248850036216 7.896800166062759 7.898277459087792 7.899729192099306 7.901176825725686 7.902625889087346 7.9040783104841115 7.905534891192832 7.906987618440268 7.9097411747651245 7.922775752587194 7.945633217814039 7.965042966141614 7.982076939164326 7.996966191945241 8.016374207606574 8.033313569706504 8.048206376290672 8.05297819685852 8.06151496303432 8.073710979884888 8.08455027436051 8.091398305086054 8.094499724696712 8.1070547516599 8.12045963427205 8.144190409754444 8.163531611769669 8.179542011356839 8.193560684331155 8.2062878578914 8.216754353477706 8.226874869286368 8.235700782509173 8.243546729143652 
# BH_mass_list
-10.0 -10.0 4.315916519577901 5.964244155846421 6.433769282920601 6.499506752953277 6.5235941242674285 6.53220038095985 6.535189389309491 6.536202396904427 6.536531335305044 6.536633324465257 6.536661717306347 6.536665932817117 6.536667824610458 6.53666904476214 6.536670029974671 6.536670029974671 6.536670029974671 6.536670029974671 6.536670029974671 6.536670029974671 6.536670029974671 6.536670029974671 6.536670029974671 6.536670029974671 6.536670029974671 6.536670029974671 6.536670029974671 6.536670029974671 6.536670029974671 6.536670029974671 6.536670029974671 6.536670029974671 6.536670029974671 6.536670029974671 6.536670029974671 6.536670029974671 6.536670029974671 6.536670029974671 6.536670029974671 6.536670029974671 6.536670029974671 6.536670029974671 6.536670029974671 6.536670029974671 6.536670029974671 6.536670029974671 6.536670029974671 6.536670029974671 6.536670029974671 6.536670029974671 6.536670029974671 6.536670029974671 6.536670029974671 6.536670029974671 6.536670029974671 6.536670029974671 6.536670029974671 
# NS_mass_list
-10.0 -10.0 4.4122910945224865 6.073294075776907 6.692719981705004 6.9770784991476065 7.122692778068721 7.195181805707598 7.214744358658865 7.22204840140935 7.224647042360548 7.225538425832841 7.225834789756246 7.225931460064843 7.225962053259611 7.2259725189346495 7.225980658271147 7.225980658271147 7.225980658271147 7.225980658271147 7.225980658271147 7.225980658271147 7.225980658271147 7.225980658271147 7.225980658271147 7.225980658271147 7.225980658271147 7.225980658271147 7.225980658271147 7.225980658271147 7.225980658271147 7.225980658271147 7.225980658271147 7.225980658271147 7.225980658271147 7.225980658271147 7.225980658271147 7.225980658271147 7.225980658271147 7.225980658271147 7.225980658271147 7.225980658271147 7.225980658271147 7.225980658271147 7.225980658271147 7.225980658271147 7.225980658271147 7.225980658271147 7.225980658271147 7.225980658271147 7.225980658271147 7.225980658271147 7.225980658271147 7.225980658271147 7.225980658271147 7.225980658271147 7.225980658271147 7.225980658271147 7.225980658271147 
# WD_mass_list
-10.0 -10.0 -10.0 -10.0 -10.0 3.1084474485467517 4.861385030343457 5.941576523969 6.454905977191979 6.690351473020695 6.836159481979248 6.938000208648843 7.014567500460581 7.075098829664937 7.124734824388421 7.1665576715199 7.309581215941292 7.460425288511301 7.547283227143395 7.607148127840522 7.652308485748909 7.68834546467085 7.718185060351532 7.743586372668906 7.765681181234262 7.767770471462192 7.7697576698208115 7.7717082192968325 7.773651036241651 7.775593559711368 7.777538376118045 7.779486553644408 7.781427386823277 7.785100159267272 7.802382468210487 7.832295328095235 7.857328848605304 7.879039572942809 7.897830441493984 7.922078479395076 7.943027954531691 7.961290716853311 7.967112735575986 7.977493598399135 7.992249068009103 8.005291432830239 8.013497659002295 8.017205810018247 8.03216483270318 8.048046912552495 8.075947857446844 8.098495943505661 8.117038239024884 8.133187009550603 8.147780778001168 8.159736085906447 8.171257808180172 8.18127575090557 8.190158559141318 
