# time_axis
1000000 10000000 20000000 30000000 40000000 50000000 60000000 70000000 80000000 90000000 100000000 110000000 120000000 130000000 140000000 150000000 200000000 300000000 400000000 500000000 600000000 700000000 800000000 900000000 1000000000 1010000000 1020000000 1030000000 1040000000 1050000000 1060000000 1070000000 1080000000 1100000000 1200000000 1400000000 1600000000 1800000000 2000000000 2300000000 2600000000 2900000000 3000000000 3200000000 3500000000 3800000000 4000000000 4100000000 4500000000 5000000000 6000000000 7000000000 8000000000 9000000000 10000000000 11000000000 12000000000 13000000000 14000000000 
# SNIa_energy_release_list
0 0.0 0.0 0.0 0.0 0.0 2.8260793654532246e+55 7.953462728657614e+55 1.3843150996183796e+56 1.976503193248733e+56 2.5397234599386073e+56 3.0620914703481044e+56 3.541474410247386e+56 3.9801062308467875e+56 4.381892045164184e+56 4.75110926564549e+56 6.234999496733114e+56 8.19994442853807e+56 9.537461230482064e+56 1.0553787577367483e+57 1.1373967354330701e+57 1.2061578358748214e+57 1.2653655440341836e+57 1.3173543044820863e+57 1.3636978260496507e+57 1.3680673022099892e+57 1.372392859935666e+57 1.3766746351342675e+57 1.3809144680861806e+57 1.3851122284399713e+57 1.3892683588036467e+57 1.3933845351959545e+57 1.397461415740051e+57 1.4055014172006544e+57 1.443576599643143e+57 1.5108433878485078e+57 1.5689432969208613e+57 1.6200786618492275e+57 1.665745147853709e+57 1.726222632899725e+57 1.77919034923924e+57 1.8263088615563852e+57 1.840935417475886e+57 1.8687441879137852e+57 1.9073405626342368e+57 1.9427405027892853e+57 1.9648083556090067e+57 1.9754292933476216e+57 2.015460901109008e+57 2.0607291951556466e+57 2.139016059996344e+57 2.205152576617977e+57 2.262410087558275e+57 2.3129030919836655e+57 2.3580387985225938e+57 2.3988689107423106e+57 2.436134461158477e+57 2.4704081509441493e+57 2.5021353827174844e+57 
# SNII_energy_release_list
0 0.0 7.19721204965671e+55 1.7743094964526524e+56 2.72777543775802e+56 3.5012643805874034e+56 4.006868876019127e+56 4.300154003140522e+56 4.47029155232484e+56 4.56899936167435e+56 4.626273922971742e+56 4.659512172112802e+56 4.678801070417601e+56 4.689994044682291e+56 4.69649258858146e+56 4.7002774499964104e+56 4.703953856156179e+56 4.703953856156179e+56 4.703953856156179e+56 4.703953856156179e+56 4.703953856156179e+56 4.703953856156179e+56 4.703953856156179e+56 4.703953856156179e+56 4.703953856156179e+56 4.703953856156179e+56 4.703953856156179e+56 4.703953856156179e+56 4.703953856156179e+56 4.703953856156179e+56 4.703953856156179e+56 4.703953856156179e+56 4.703953856156179e+56 4.703953856156179e+56 4.703953856156179e+56 4.703953856156179e+56 4.703953856156179e+56 4.703953856156179e+56 4.703953856156179e+56 4.703953856156179e+56 4.703953856156179e+56 4.703953856156179e+56 4.703953856156179e+56 4.703953856156179e+56 4.703953856156179e+56 4.703953856156179e+56 4.703953856156179e+56 4.703953856156179e+56 4.703953856156179e+56 4.703953856156179e+56 4.703953856156179e+56 4.703953856156179e+56 4.703953856156179e+56 4.703953856156179e+56 4.703953856156179e+56 4.703953856156179e+56 4.703953856156179e+56 4.703953856156179e+56 4.703953856156179e+56 
# SN_energy_per_current_crossing_time_list
0.0 0.0 8.893535565005312e+55 1.317487403387572e+56 1.2260411936033608e+56 1.0241407932628248e+56 7.015670533879064e+55 4.343617122703765e+55 2.7228413866202687e+55 1.7403666123071328e+55 1.1437739062772222e+55 7.797299901224374e+54 5.55593926285726e+54 4.157476799948207e+54 3.2689445383618735e+54 2.6911685252775738e+54 1.860709663919841e+54 1.194948623218986e+54 8.313321760988137e+53 6.420161619452163e+53 5.248063563171878e+53 4.4465963573231776e+53 3.863380059831521e+53 3.418841840047671e+53 3.068676575481874e+53 2.8951330939799942e+53 2.867832706230331e+53 2.8405720071947165e+53 2.814489777231861e+53 2.7882836274437573e+53 2.7623391011411986e+53 2.737466734805135e+53 2.71295534588983e+53 2.6782027002922437e+53 2.550696118480764e+53 2.2750431380828563e+53 1.9811219315843293e+53 1.7560495865495486e+53 1.5779713777129383e+53 1.4042979703776237e+53 1.2383433180395367e+53 1.1081602562748935e+53 1.033947716895471e+53 9.86193506563739e+52 9.167788188688793e+52 8.442837907563865e+52 7.914519266389372e+52 7.626920122779798e+52 7.218675524293368e+52 6.56069622763091e+52 5.717149564625949e+52 4.859644555765857e+52 4.229951415031739e+52 3.7487148695640555e+52 3.3666916629013564e+52 3.057837632379928e+52 2.802010861424457e+52 2.5865223251979476e+52 2.4023591761738253e+52 
# SN_energy_per_final_crossing_time_list
0.0 0.0 1.4532448368128311e+56 2.129400911065029e+56 1.925216940558257e+56 1.561811441351423e+56 1.042304036553702e+56 6.310188324530975e+55 3.8813412675259155e+55 2.4414856604725173e+55 1.5829406598130963e+55 1.0666718785817465e+55 7.524617981315661e+54 5.581343213473574e+54 4.3544595682459315e+54 3.559912276769498e+54 2.395644613555989e+54 1.4878396959816346e+54 1.0127564186476715e+54 7.695537205610737e+53 6.210331955136752e+53 5.2065324132336846e+53 4.483157623490079e+53 3.936545003742964e+53 3.50909228669664e+53 3.3085304207609703e+53 3.275275753203851e+53 3.2421239937231774e+53 3.210365678997746e+53 3.1785086632686282e+53 3.1469867865813984e+53 3.1167339771263312e+53 3.086979492962033e+53 3.0439105786663423e+53 2.8830206359849842e+53 2.546692176792901e+53 2.199638006429162e+53 1.9359633081178536e+53 1.7289138630222467e+53 1.5264346854060397e+53 1.3368902388362657e+53 1.189257977095108e+53 1.1075104528521515e+53 1.0528282977360958e+53 9.74161624931983e+52 8.934845169710797e+52 8.354795826288684e+52 8.042084294720076e+52 7.577898769235057e+52 6.855353935042892e+52 5.927815242992292e+52 5.007801144494465e+52 4.335490338236833e+52 3.8232876218297845e+52 3.4176375534916767e+52 3.091621590436922e+52 2.8217159831979116e+52 2.595174824774445e+52 2.4023591761738253e+52 
# total_energy_release_list
0 0 7.19721204965671e+55 1.7743094964526524e+56 2.72777543775802e+56 3.5012643805874034e+56 4.289476812564449e+56 5.095500276006283e+56 5.854606651943219e+56 6.545502554923083e+56 7.165997382910349e+56 7.721603642460906e+56 8.220275480664986e+56 8.670100275529077e+56 9.078384633745644e+56 9.4513867156419e+56 1.0938953352889293e+57 1.290389828469425e+57 1.4241415086638243e+57 1.5257741433523662e+57 1.607792121048688e+57 1.6765532214904393e+57 1.7357609296498015e+57 1.7877496900977042e+57 1.8340932116652684e+57 1.8384626878256073e+57 1.8427882455512838e+57 1.8470700207498856e+57 1.8513098537017985e+57 1.8555076140555892e+57 1.8596637444192648e+57 1.8637799208115724e+57 1.867856801355669e+57 1.875896802816272e+57 1.913971985258761e+57 1.9812387734641257e+57 2.0393386825364792e+57 2.0904740474648454e+57 2.136140533469327e+57 2.1966180185153428e+57 2.249585734854858e+57 2.296704247172003e+57 2.311330803091504e+57 2.339139573529403e+57 2.3777359482498547e+57 2.4131358884049032e+57 2.4352037412246246e+57 2.4458246789632395e+57 2.485856286724626e+57 2.5311245807712645e+57 2.609411445611962e+57 2.6755479622335948e+57 2.732805473173893e+57 2.7832984775992834e+57 2.8284341841382117e+57 2.8692642963579285e+57 2.906529846774095e+57 2.9408035365597672e+57 2.9725307683331023e+57 
# binding_energy_list
8.810488730080146e+54 8.810488730080146e+54 8.790225168308896e+54 8.729713683881166e+54 8.669618757582214e+54 8.609937521846052e+54 8.570378452303692e+54 8.531001140175843e+54 8.491804750363178e+54 8.452788451602891e+54 8.433347577642791e+54 8.394599865193965e+54 8.375292821268861e+54 8.356030182312423e+54 8.336811846196331e+54 8.317637711026743e+54 8.241381150129963e+54 8.147042840208421e+54 8.090958991783846e+54 8.035261221856194e+54 7.99834255007026e+54 7.96159350417325e+54 7.94328234724279e+54 7.90678627999831e+54 7.888601176185516e+54 7.888601176185516e+54 7.888601176185516e+54 7.888601176185516e+54 7.870457896951001e+54 7.870457896951001e+54 7.870457896951001e+54 7.870457896951001e+54 7.870457896951001e+54 7.870457896951001e+54 7.852356346100775e+54 7.816278045883308e+54 7.780365510398008e+54 7.762471166286928e+54 7.744617978025239e+54 7.709034690644309e+54 7.691304402866145e+54 7.673614893618154e+54 7.673614893618154e+54 7.655966069112569e+54 7.638357835776954e+54 7.620790100254084e+54 7.620790100254084e+54 7.620790100254084e+54 7.603262769401822e+54 7.585775750291883e+54 7.550922276654341e+54 7.533555637337217e+54 7.516228940182015e+54 7.498942093324558e+54 7.498942093324558e+54 7.481695005111584e+54 7.464487584100623e+54 7.447319739059888e+54 7.447319739059888e+54 
# total_gas_kinetic_energy_list
4.278785394632788e+59 4.267019828837152e+59 2.4749332933625178e+59 1.4355660602500118e+59 8.327335490217771e+58 4.830774606030466e+58 2.802644990311848e+58 1.626227814747332e+58 9.438219331467252e+57 5.479551752274307e+57 3.1829066439332056e+57 1.8503245618084203e+57 1.0769831505196206e+57 6.280741527733883e+56 3.6739463206366494e+56 2.159353888832745e+56 2.2732844048021763e+56 2.425393330270292e+56 2.528714853749668e+56 2.6054481498910052e+56 2.666110805838365e+56 2.7161463372277964e+56 2.759212581374042e+56 2.7969833999760555e+56 2.83079791407902e+56 2.8339297683722804e+56 2.8370332883214895e+56 2.840112686442428e+56 2.8431810734253224e+56 2.8462458511630014e+56 2.8493166613947915e+56 2.852373493567502e+56 2.8553474068085177e+56 2.8611048588890607e+56 2.888709272964404e+56 2.9374303631415537e+56 2.9789205952136787e+56 3.0153238972207056e+56 3.047242428246562e+56 3.0882848916421115e+56 3.1234370625342936e+56 3.1539932522750657e+56 3.1637464340511837e+56 3.1809279547344706e+56 3.204851297975042e+56 3.2253903288894494e+56 3.237905321320161e+56 3.2435135698298824e+56 3.2654115968470194e+56 3.287819912380111e+56 3.3244196377669592e+56 3.3528920343199327e+56 3.378175865574219e+56 3.401746069816783e+56 3.424374892556083e+56 3.443973531054597e+56 3.4635089012945486e+56 3.481791058661902e+56 3.4984484798506596e+56 
