# time_axis
5.999999999999999 7.0 7.30102999566398 7.477121254719661 7.602059991327962 7.698970004336018 7.778151250383643 7.845098040014256 7.903089986991943 7.954242509439324 8.0 8.041392685158224 8.079181246047623 8.113943352306837 8.146128035678238 8.176091259055681 8.301029995663981 8.47712125471966 8.60205999132796 8.698970004336019 8.778151250383644 8.845098040014257 8.903089986991942 8.954242509439323 8.999999999999998 9.004321373782641 9.008600171761916 9.012837224705171 9.017033339298779 9.021189299069936 9.02530586526477 9.02938377768521 9.033423755486949 9.041392685158224 9.079181246047623 9.146128035678236 9.204119982655923 9.255272505103305 9.301029995663981 9.361727836017593 9.414973347970816 9.462397997898954 9.477121254719663 9.505149978319904 9.544068044350274 9.57978359661681 9.60205999132796 9.612783856719734 9.653212513775342 9.698970004336017 9.778151250383642 9.845098040014257 9.903089986991944 9.954242509439325 10.0 10.041392685158225 10.079181246047623 10.113943352306835 10.146128035678236 
# total_gas_mass_list
10.87444351720968 10.873247676327233 10.63668717407601 10.400151338039553 10.16364257345288 9.927162818572173 9.690725147113334 9.4543518257791 9.218076020631758 8.981948151271549 8.746045258233917 8.510487548443551 8.275464907876886 8.041277631500718 7.808398601792971 7.577568708593567 7.599664190515543 7.627090675912261 7.644830883138173 7.657923316617871 7.668214419692696 7.67661396408461 7.683690260714368 7.68976828004606 7.69510990151531 7.695603449158613 7.69608875722032 7.696569696210275 7.697047920774077 7.697524546618421 7.6980011609010175 7.6984747165233305 7.698935219075104 7.699825338787862 7.704053387118923 7.71138776340125 7.717492436596814 7.722737292881267 7.7272649796653745 7.73300195974285 7.737850887849044 7.742029173744558 7.743358812520042 7.745679599784524 7.748870914875445 7.751608615368685 7.7532703033757 7.754017700677926 7.756903502457434 7.75985687333392 7.764638697499935 7.768339958955657 7.771590182264609 7.774581295815757 7.777414112302154 7.779859592557307 7.782265504635773 7.784506678412958 7.786538782920318 
# ejected_gas_mass_list
-10.0 -10.0 6.059752999504895 6.510568881345442 6.729375202121921 6.854827882692646 6.938312843792747 6.999040609928281 7.04549634761544 7.0822451203204295 7.112029466527877 7.136674821187196 7.157459150264767 7.175287905174264 7.190806755933795 7.204487430702591 7.254953774675308 7.313445184451321 7.3492134283664425 7.374704757862527 7.394249378303785 7.409901660396728 7.422889920321063 7.433907458307532 7.44348840008493 7.444368956182288 7.445234047707889 7.446090605832315 7.446941595995017 7.44778901552453 7.44863569202409 7.449476221470705 7.450292902379365 7.451869595912696 7.459325122598425 7.472129134412637 7.482665674873253 7.491633636162532 7.4993143191640925 7.508967492908451 7.517059470300644 7.523984367631336 7.526178918889569 7.529998930919132 7.535230459464389 7.539698939308815 7.542402510335649 7.5436164189002 7.548291314685901 7.553055879482827 7.56072853546447 7.566632672902645 7.571792842460295 7.576521741697676 7.580983053815038 7.5848209935414115 7.588584897659094 7.59208054980861 7.595241424073012 
# stellar_mass_list
-10.0 8.321601548551902 8.457086618751326 8.411961150157753 8.356679104756001 8.305944844770055 8.262738037262412 8.22706085912471 8.197925169327608 8.174114778233347 8.154490762915339 8.138104292587679 8.124211666844108 8.112245805723656 8.10178436359117 8.09251112003942 8.057212884865807 8.01418886858892 7.986282881886379 7.965729137574171 7.949515828365603 7.936174826229052 7.924844366592269 7.915033554649653 7.906342834644153 7.905537983397355 7.904746990733447 7.903962728604893 7.9031812110046875 7.902400454294629 7.901618798770053 7.900840824899719 7.900085074580503 7.898624669801752 7.891648756508481 7.879423913456328 7.869003060726576 7.859895799695033 7.851893852539236 7.841448364524741 7.832332311651823 7.8243142566859225 7.821739216691521 7.817146201061765 7.810575278317484 7.804717759511485 7.801030005791893 7.799352946271112 7.792582309897842 7.785324456624122 7.772490924357633 7.761846187117459 7.752549798289464 7.744008457825804 7.735903495151291 7.728981066179052 7.722047069074553 7.715805360582285 7.710089453880525 
# remnant_mass_list
-10.0 -10.0 7.3718963305637155 7.7102793103063565 7.851973256259275 7.927154451849928 7.971407527972624 7.999200093472787 8.017582353194914 8.030306017862712 8.03949735875539 8.046408921780928 8.051798661461083 8.056146655864161 8.059758794377199 8.062835381439845 8.073579632261056 8.085686967583744 8.092947816620162 8.09801735452431 8.101857830534197 8.104916866153262 8.107445819217284 8.109585120481567 8.111443080453643 8.111613137977486 8.111779859110609 8.111944902154663 8.112109236151518 8.112273303373259 8.1124375107645 8.112600762463964 8.11275876327473 8.11306269510477 8.114503361961097 8.11697626989551 8.119032586611766 8.120792538500364 8.122308890150785 8.124247640897432 8.125905225325894 8.127335605798063 8.127792010802434 8.128593318602672 8.12973133899974 8.130728933379986 8.131351781196026 8.131631055998097 8.132760445744035 8.13394439485243 8.136002022068837 8.137663329671472 8.139086305171558 8.140377592673111 8.141592199032145 8.14260413147464 8.143616699322385 8.144512415084115 8.145320605267445 
# BH_mass_list
-10.0 -10.0 7.228017093717806 7.528449580537711 7.638907437371013 7.6920865334998645 7.720191662451859 7.735699528389673 7.744449390923792 7.749446963847744 7.752321375376909 7.753977857338764 7.754924374033892 7.755462661140894 7.7557662063136315 7.755935047838941 7.756026948720076 7.756026948720076 7.756026948720076 7.756026948720076 7.756026948720076 7.756026948720076 7.756026948720076 7.756026948720076 7.756026948720076 7.756026948720076 7.756026948720076 7.756026948720076 7.756026948720076 7.756026948720076 7.756026948720076 7.756026948720076 7.756026948720076 7.756026948720076 7.756026948720076 7.756026948720076 7.756026948720076 7.756026948720076 7.756026948720076 7.756026948720076 7.756026948720076 7.756026948720076 7.756026948720076 7.756026948720076 7.756026948720076 7.756026948720076 7.756026948720076 7.756026948720076 7.756026948720076 7.756026948720076 7.756026948720076 7.756026948720076 7.756026948720076 7.756026948720076 7.756026948720076 7.756026948720076 7.756026948720076 7.756026948720076 7.756026948720076 
# NS_mass_list
-10.0 -10.0 6.822154811158304 7.244412414414717 7.440516556139214 7.5474266541218356 7.604144410417482 7.633941004967129 7.650333456491598 7.659567719687213 7.664837229976808 7.667865007714461 7.669607651811637 7.67061017344293 7.671185945992032 7.67151607314787 7.671826377369046 7.671826377369046 7.671826377369046 7.671826377369046 7.671826377369046 7.671826377369046 7.671826377369046 7.671826377369046 7.671826377369046 7.671826377369046 7.671826377369046 7.671826377369046 7.671826377369046 7.671826377369046 7.671826377369046 7.671826377369046 7.671826377369046 7.671826377369046 7.671826377369046 7.671826377369046 7.671826377369046 7.671826377369046 7.671826377369046 7.671826377369046 7.671826377369046 7.671826377369046 7.671826377369046 7.671826377369046 7.671826377369046 7.671826377369046 7.671826377369046 7.671826377369046 7.671826377369046 7.671826377369046 7.671826377369046 7.671826377369046 7.671826377369046 7.671826377369046 7.671826377369046 7.671826377369046 7.671826377369046 7.671826377369046 7.671826377369046 
# WD_mass_list
-10.0 -10.0 -10.0 -10.0 -10.0 4.8601671024830475 5.969429254605065 6.372279392345053 6.592053902484632 6.732518097608234 6.830248270351126 6.902122248767792 6.9571682424133465 7.000692109504857 7.036007941600726 7.065296907461679 7.1605153940942845 7.250920721154716 7.2982892216824276 7.328960938956914 7.351054688146777 7.368014100175518 7.381637302864825 7.392896535056509 7.402487230006839 7.403356594659462 7.404207546563648 7.405048615241269 7.405884772047263 7.406718283366393 7.407551222547624 7.4083780447897025 7.409177071801407 7.410710780114195 7.417922274601129 7.430082228071668 7.439991653596943 7.448333161627772 7.4554202741237 7.464351418401451 7.471875155938568 7.478287061705417 7.480317601470102 7.483864915453891 7.488864631359498 7.493211179635373 7.495908062114533 7.4971131325784635 7.501960441209767 7.506997813256236 7.515647699098876 7.5225371721195655 7.528373154919901 7.533618290206631 7.538508806889458 7.542551938161711 7.546569590323581 7.550100597178713 7.553268302188467 
