# time_axis
1000000 10000000 20000000 30000000 40000000 50000000 60000000 70000000 80000000 90000000 100000000 200000000 300000000 400000000 500000000 600000000 700000000 800000000 900000000 1000000000 1010000000 1020000000 1030000000 1040000000 1050000000 1060000000 1070000000 1080000000 1100000000 1200000000 1400000000 1600000000 1800000000 2000000000 2300000000 2600000000 2900000000 3000000000 3200000000 3500000000 3800000000 4000000000 4100000000 4500000000 5000000000 6000000000 7000000000 8000000000 9000000000 10000000000 11000000000 12000000000 13000000000 14000000000 
# SNIa_energy_release_list
0 0.0 0.0 0.0 0.0 0.0 5.16857475962655e+53 2.8885103936579197e+54 6.788634632483396e+54 1.1988506456432634e+55 1.831923464754283e+55 1.0078162733851637e+56 1.4508610072117617e+56 1.734063827218139e+56 1.9431122341962803e+56 2.1089858247147754e+56 2.2465379211346745e+56 2.3640491243092616e+56 2.4666362209359296e+56 2.5576661886910946e+56 2.5662304447670986e+56 2.5747043311502047e+56 2.583090848237979e+56 2.591391338854129e+56 2.599607731944633e+56 2.607740752554967e+56 2.615793219130611e+56 2.623766219047631e+56 2.6394823207894702e+56 2.7137782534453938e+56 2.8446028201652345e+56 2.9571933992728144e+56 3.0560188295675298e+56 3.1440855539874686e+56 3.26047516653665e+56 3.3622229097149648e+56 3.4525964001100724e+56 3.480618835844041e+56 3.5338901853969285e+56 3.6077623499662646e+56 3.675451862044454e+56 3.717630618386486e+56 3.7379234257392922e+56 3.8143606995881807e+56 3.9007599309933254e+56 4.0500276319651855e+56 4.175998876184438e+56 4.285004463467423e+56 4.381063170077561e+56 4.466907851310059e+56 4.54454128674051e+56 4.615377577717974e+56 4.6805020637049235e+56 4.740782278623377e+56 
# SNII_energy_release_list
0 0.0 6.433675415468297e+53 3.768798734040047e+54 9.40523558052038e+54 1.7091632309103966e+55 2.6058366530097394e+55 3.5026315661488287e+55 4.399472926031146e+55 5.296368537732759e+55 6.19332378694767e+55 8.309121488398157e+55 8.309121488398157e+55 8.309121488398157e+55 8.309121488398157e+55 8.309121488398157e+55 8.309121488398157e+55 8.309121488398157e+55 8.309121488398157e+55 8.309121488398157e+55 8.309121488398157e+55 8.309121488398157e+55 8.309121488398157e+55 8.309121488398157e+55 8.309121488398157e+55 8.309121488398157e+55 8.309121488398157e+55 8.309121488398157e+55 8.309121488398157e+55 8.309121488398157e+55 8.309121488398157e+55 8.309121488398157e+55 8.309121488398157e+55 8.309121488398157e+55 8.309121488398157e+55 8.309121488398157e+55 8.309121488398157e+55 8.309121488398157e+55 8.309121488398157e+55 8.309121488398157e+55 8.309121488398157e+55 8.309121488398157e+55 8.309121488398157e+55 8.309121488398157e+55 8.309121488398157e+55 8.309121488398157e+55 8.309121488398157e+55 8.309121488398157e+55 8.309121488398157e+55 8.309121488398157e+55 8.309121488398157e+55 8.309121488398157e+55 8.309121488398157e+55 8.309121488398157e+55 
# SN_energy_per_current_crossing_time_list
0.0 0.0 1.1174862035893617e+54 4.319581688794271e+54 6.891917287579138e+54 8.675121455608472e+54 9.572768807953869e+54 9.232395274303415e+54 8.973514741817686e+54 8.771644281323644e+54 8.610393362246157e+54 2.7508795942935767e+54 2.017272727774376e+53 1.3464636705350045e+53 1.0262840105543125e+53 8.353939040230341e+52 7.075541608786797e+52 6.154523265480708e+52 5.457837629718455e+52 4.910704859249641e+52 4.6261034642705576e+52 4.583149769152712e+52 4.5416451491516054e+52 4.5007146761315626e+52 4.460682291870068e+52 4.420894598913519e+52 4.382491012677484e+52 4.344519761448513e+52 4.292047857393917e+52 4.104063118049939e+52 3.685668275157656e+52 3.2257263712282485e+52 2.8732462327673224e+52 2.5936942423555764e+52 2.3235826597986026e+52 2.0605027296492923e+52 1.85343550604967e+52 1.730818234307335e+52 1.6570725833795872e+52 1.5473477131519954e+52 1.430154725558802e+52 1.3440798435672037e+52 1.296413450154255e+52 1.232597137481609e+52 1.1258022146603012e+52 9.889900244092018e+51 8.456781930751491e+51 7.401007832930018e+51 6.588941415520318e+51 5.9441608258264466e+51 5.4188676391011976e+51 4.9839556154975984e+51 4.615975379852187e+51 4.300172693833656e+51 
# SN_energy_per_final_crossing_time_list
0.0 0.0 1.2238804116192974e+54 5.9455191120765655e+54 1.0722214290063637e+55 1.4621860421230722e+55 1.7094321829003664e+55 1.7228947361487368e+55 1.7338866540086526e+55 1.7432617870158126e+55 1.7514423563325833e+55 4.6131465635959264e+54 3.160521025224063e+53 2.020266575120196e+53 1.4912757902288988e+53 1.1832822519639635e+53 9.81246947783128e+52 8.382824576761997e+52 7.318192747827048e+52 6.493748938866038e+52 6.109430792649944e+52 6.044964319482694e+52 5.982638221513584e+52 5.92127004544927e+52 5.861277909740225e+52 5.801802995270416e+52 5.744338657955715e+52 5.687650015429982e+52 5.605649519928888e+52 5.300003347733806e+52 4.666275910365652e+52 4.0159025188970026e+52 3.5249245327392996e+52 3.141180933896029e+52 2.7676047849029895e+52 2.419438768682144e+52 2.1489727387845577e+52 1.9990192988020159e+52 1.9000927835185298e+52 1.7565910879447402e+52 1.6095750592535565e+52 1.5044400266923263e+52 1.4476155431398974e+52 1.36318972253473e+52 1.2326817884084371e+52 1.06482183691425e+52 8.986333332299804e+51 7.776064676340476e+51 6.852480996106272e+51 6.1238493367389e+51 5.53808873472245e+51 5.0532050127196706e+51 4.645745485809635e+51 4.300172693833656e+51 
# total_energy_release_list
0 0 6.433675415468297e+53 3.768798734040047e+54 9.40523558052038e+54 1.7091632309103966e+55 2.657522400606005e+55 3.7914826055146206e+55 5.078336389279486e+55 6.495219183376022e+55 8.025247251701953e+55 1.8387284222249794e+56 2.2817731560515774e+56 2.564975976057955e+56 2.7740243830360963e+56 2.939897973554591e+56 3.07745006997449e+56 3.1949612731490773e+56 3.2975483697757453e+56 3.3885783375309103e+56 3.3971425936069143e+56 3.4056164799900205e+56 3.414002997077795e+56 3.422303487693945e+56 3.430519880784449e+56 3.438652901394783e+56 3.4467053679704266e+56 3.4546783678874467e+56 3.470394469629286e+56 3.5446904022852095e+56 3.6755149690050503e+56 3.78810554811263e+56 3.8869309784073455e+56 3.974997702827284e+56 4.091387315376466e+56 4.19313505855478e+56 4.283508548949888e+56 4.311530984683857e+56 4.364802334236744e+56 4.43867449880608e+56 4.506364010884269e+56 4.548542767226302e+56 4.568835574579108e+56 4.6452728484279965e+56 4.731672079833141e+56 4.880939780805001e+56 5.006911025024254e+56 5.115916612307238e+56 5.211975318917377e+56 5.2978200001498745e+56 5.375453435580326e+56 5.4462897265577895e+56 5.511414212544739e+56 5.571694427463192e+56 
# binding_energy_list
9.61612278383658e+54 9.61612278383658e+54 9.506047936562848e+54 9.246981739382249e+54 8.9536476554959e+54 8.68960429286302e+54 8.452788451602891e+54 8.241381150129963e+54 8.053784411990643e+54 7.888601176185516e+54 7.72680585095699e+54 6.998419960022717e+54 6.760829753919791e+54 6.606934480075964e+54 6.501296903430943e+54 6.412095765851648e+54 6.353309318517396e+54 6.295061828571968e+54 6.237348354824216e+54 6.194410750767837e+54 6.194410750767837e+54 6.194410750767837e+54 6.180164001384114e+54 6.180164001384114e+54 6.180164001384114e+54 6.165950018614809e+54 6.165950018614809e+54 6.165950018614809e+54 6.151768727098702e+54 6.1235039172477214e+54 6.0673632958850715e+54 6.011737374832828e+54 5.970352865838415e+54 5.929253245800042e+54 5.888436553555932e+54 5.8479008414448476e+54 5.807644175213159e+54 5.7942869642687856e+54 5.780960474057187e+54 5.754399373371543e+54 5.727960309858327e+54 5.7147863667186424e+54 5.701642722807478e+54 5.688529308438448e+54 5.6623928903825345e+54 5.6234132519034906e+54 5.584701947368306e+54 5.559042572704003e+54 5.546257129579105e+54 5.5207743928075396e+54 5.50807696405403e+54 5.4827696492085025e+54 5.47015962893971e+54 5.457578610912733e+54 
# total_gas_kinetic_energy_list
9.090988087978315e+58 3.427494629938196e+59 3.4292280939486338e+59 3.429327878521916e+59 3.429473753662e+59 3.4296479562932555e+59 3.429843399045618e+59 3.43005651630855e+59 3.4302851231760773e+59 3.4305276738420957e+59 3.430782417318406e+59 3.4320092910032533e+59 3.4324712763574035e+59 3.4327599704672875e+59 3.43296530562065e+59 3.433122168031913e+59 3.4332482316503884e+59 3.433354281727438e+59 3.4334462466946883e+59 3.4335273116192294e+59 3.4335349225054603e+59 3.4335423920392125e+59 3.4335497860440026e+59 3.4335571244843745e+59 3.4335644116195767e+59 3.433571634197777e+59 3.4335787950060344e+59 3.4335858754655324e+59 3.4335996670321393e+59 3.4336650310199567e+59 3.4337790508258725e+59 3.433875020735687e+59 3.433958420429124e+59 3.4340312344482635e+59 3.4341239933553694e+59 3.434202670568974e+59 3.434270637410998e+59 3.4342913781061445e+59 3.434329909762962e+59 3.4343825313206845e+59 3.434427212001786e+59 3.4344550469577165e+59 3.434467073736275e+59 3.4345147636916322e+59 3.434563058279736e+59 3.4346404707260085e+59 3.434697898171572e+59 3.434746942177125e+59 3.434790902042758e+59 3.4348311779666975e+59 3.434866315227968e+59 3.4348990635532793e+59 3.434930831298549e+59 3.4349577298009166e+59 
