# time_axis
1000000 10000000 20000000 30000000 40000000 50000000 60000000 70000000 80000000 90000000 100000000 110000000 120000000 130000000 200000000 300000000 400000000 500000000 600000000 700000000 800000000 900000000 1000000000 1010000000 1020000000 1030000000 1040000000 1050000000 1060000000 1070000000 1080000000 1100000000 1200000000 1400000000 1600000000 1800000000 2000000000 2300000000 2600000000 2900000000 3000000000 3200000000 3500000000 3800000000 4000000000 4100000000 4500000000 5000000000 6000000000 7000000000 8000000000 9000000000 10000000000 11000000000 12000000000 13000000000 14000000000 
# SNIa_energy_release_list
0 0 0 0 0 0 0 0 0 0 0 0 0 0 0 0 0 0 0 0 0 0 0 0 0 0 0 0 0 0 0 0 0 0 0 0 0 0 0 0 0 0 0 0 0 0 0 0 0 0 0 0 0 0 0 0 1e-10 
# SNII_energy_release_list
0 -3.095183029000746e+55 -1.4452696766425661e+57 -3.214938242634384e+57 -3.868171196060298e+57 -3.214129472925345e+57 -1.5010165264088868e+57 8.895597884685247e+56 -1.1335448724039918e+57 -4.553903734799586e+57 -8.672774979090826e+57 -8.622362796996023e+57 -7.19507585624433e+57 -5.0536841589871226e+57 -7.915772905514138e+56 6.331491732874565e+57 1.3135063322749864e+58 1.622988148207611e+58 1.836918302680949e+58 2.000432358026726e+58 2.1325619938873646e+58 2.243255017667647e+58 2.338381663539505e+58 2.3471926155382605e+58 2.3558915964083438e+58 2.3644817138922746e+58 2.3729621718373306e+58 2.3813329535520813e+58 2.389604430954144e+58 2.3977714097239618e+58 2.4058413137011382e+58 2.4216945427430504e+58 2.4957499970753007e+58 2.622839898981287e+58 2.729240442939013e+58 2.820631887842107e+58 2.9006501101911854e+58 2.9251832513488365e+58 2.9251832513488365e+58 2.9251832513488365e+58 2.9251832513488365e+58 2.9251832513488365e+58 2.9251832513488365e+58 2.9251832513488365e+58 2.9251832513488365e+58 2.9251832513488365e+58 2.9251832513488365e+58 2.9251832513488365e+58 2.9251832513488365e+58 2.9251832513488365e+58 2.9251832513488365e+58 2.9251832513488365e+58 2.9251832513488365e+58 2.9251832513488365e+58 2.9251832513488365e+58 2.9251832513488365e+58 2.9251832513488365e+58 
# SN_energy_per_current_crossing_time_list
0.0 -1.4963716851795646e+57 -5.652855640658785e+57 -3.591060510548709e+57 -1.0137580816133543e+57 9.202490711970437e+56 2.2445026022459972e+57 3.1565353319899586e+57 -1.8009284742320555e+57 -2.248206436616187e+57 -2.1919039307774757e+57 2.647933763759114e+55 7.561792923669555e+56 1.1294507908566502e+57 3.513592013444353e+56 8.449206754022483e+56 1.576148927346565e+57 8.981680841593143e+56 7.520978823557593e+56 6.636916096122802e+56 5.877436138565649e+56 5.2922848848352465e+56 4.821661155116621e+56 4.489321763625852e+56 4.454997937694097e+56 4.421362192906036e+56 4.386422583495267e+56 4.350616033832447e+56 4.319450793235051e+56 4.284840570747639e+56 4.253419530069337e+56 4.2154786847117395e+56 4.102318365222823e+56 3.7593531858569897e+56 3.310692553293658e+56 2.9609541930973856e+56 2.6798803838069677e+56 5.704813051871347e+55 0.0 0.0 0.0 0.0 0.0 0.0 0.0 0.0 0.0 0.0 0.0 0.0 0.0 0.0 0.0 0.0 0.0 0.0 0.0 
# SN_energy_per_final_crossing_time_list
0.0 -3.3611827649804496e+56 -1.382277769146752e+58 -1.7295783432534903e+58 -6.384345583444129e+57 6.392250061154328e+57 1.6743039396088485e+58 2.3364199950002523e+58 -1.977273075209541e+58 -3.342873760793192e+58 -4.025561983570105e+58 4.9270140218858665e+56 1.3949530605744342e+58 2.0928804269759646e+58 5.9507896223711266e+57 6.961702409802716e+57 6.649442898381368e+57 3.0247078845966528e+57 2.0908376249458155e+57 1.598097939797591e+57 1.2913635981235327e+57 1.0818537457171827e+57 9.297163871704873e+56 8.611347940145275e+56 8.501913414978211e+56 8.395516229269033e+56 8.288340926946194e+56 8.181149311324211e+56 8.084094647011183e+56 7.981963335700027e+56 7.887087683696978e+56 7.74704431904735e+56 7.237779574904429e+56 6.210539821042966e+56 5.1995068476716255e+56 4.466052765491835e+56 3.910274135514258e+56 7.992455094639556e+55 0.0 0.0 0.0 0.0 0.0 0.0 0.0 0.0 0.0 0.0 0.0 0.0 0.0 0.0 0.0 0.0 0.0 0.0 0.0 
# total_energy_release_list
0 -3.095183029000746e+55 -1.4452696766425661e+57 -3.214938242634384e+57 -3.868171196060298e+57 -3.214129472925345e+57 -1.5010165264088868e+57 8.895597884685247e+56 -1.1335448724039918e+57 -4.553903734799586e+57 -8.672774979090826e+57 -8.622362796996023e+57 -7.19507585624433e+57 -5.0536841589871226e+57 -7.915772905514138e+56 6.331491732874565e+57 1.3135063322749864e+58 1.622988148207611e+58 1.836918302680949e+58 2.000432358026726e+58 2.1325619938873646e+58 2.243255017667647e+58 2.338381663539505e+58 2.3471926155382605e+58 2.3558915964083438e+58 2.3644817138922746e+58 2.3729621718373306e+58 2.3813329535520813e+58 2.389604430954144e+58 2.3977714097239618e+58 2.4058413137011382e+58 2.4216945427430504e+58 2.4957499970753007e+58 2.622839898981287e+58 2.729240442939013e+58 2.820631887842107e+58 2.9006501101911854e+58 2.9251832513488365e+58 2.9251832513488365e+58 2.9251832513488365e+58 2.9251832513488365e+58 2.9251832513488365e+58 2.9251832513488365e+58 2.9251832513488365e+58 2.9251832513488365e+58 2.9251832513488365e+58 2.9251832513488365e+58 2.9251832513488365e+58 2.9251832513488365e+58 2.9251832513488365e+58 2.9251832513488365e+58 2.9251832513488365e+58 2.9251832513488365e+58 2.9251832513488365e+58 2.9251832513488365e+58 2.9251832513488365e+58 2.9251832513488365e+58 
# binding_energy_list
7.888601176185516e+55 1.083926914021195e+56 1.475706533275884e+56 1.725837891990211e+56 1.8113400926196137e+56 1.8030177408595698e+56 1.8113400926196137e+56 1.7458221529204932e+56 1.9724227361148615e+56 2.1727011788637612e+56 2.3067471887200668e+56 2.2961486481123466e+56 2.2646443075930433e+56 2.2594357702209734e+56 2.157744409152682e+56 1.581248039270376e+56 1.183041555725166e+56 1.0641430182243186e+56 9.727472237769641e+55 9.141132414702471e+55 8.729713683881166e+55 8.413951416451896e+55 8.165823713585906e+55 8.147042840208421e+55 8.109610578538388e+55 8.090958991783847e+55 8.072350302488317e+55 8.053784411990644e+55 8.035261221856193e+55 8.016780633876855e+55 7.99834255007026e+55 7.961593504173249e+55 7.798301105232641e+55 7.533555637337217e+55 7.345138681571144e+55 7.194489780036983e+55 7.079457843841402e+55 6.934258060165708e+55 6.823386941416746e+55 6.729766562843224e+55 6.698846094165272e+55 6.63743070401913e+55 6.561452663029056e+55 6.501296903430943e+55 6.47142615748583e+55 6.441692655151735e+55 6.382634861905482e+55 6.324118513762223e+55 6.208690342300625e+55 6.137620051647895e+55 6.067363295885072e+55 6.025595860743593e+55 5.970352865838415e+55 5.942921586155739e+55 5.902010801718454e+55 5.874893525297745e+55 5.847900841444848e+55 
# total_gas_kinetic_energy_list
1.077948568961817e+58 4.924466962220097e+59 1.0953788795615817e+60 1.464242238008708e+60 1.648894497280696e+60 1.7305127680002748e+60 1.7618881084746134e+60 1.643271674837183e+60 1.6240314830308894e+60 1.599194673935807e+60 1.5722706961307999e+60 1.5617509012147272e+60 1.553372744853485e+60 1.544172532143878e+60 1.5578618491085034e+60 1.6098325806358572e+60 1.642261496466012e+60 1.6526203478716178e+60 1.6591162007465497e+60 1.663387285681718e+60 1.6665036251578666e+60 1.6689062367949643e+60 1.670816295852979e+60 1.67098712852432e+60 1.6711546852575483e+60 1.6713188182483925e+60 1.671479559180006e+60 1.6716372123340083e+60 1.6717924482567404e+60 1.671945268880228e+60 1.672095801889584e+60 1.6723887249090873e+60 1.6737154810380333e+60 1.6758520341420592e+60 1.6775124424583447e+60 1.6788537528702544e+60 1.679967464586951e+60 1.681340835107326e+60 1.6824745472402713e+60 1.683435664031906e+60 1.6837256366538586e+60 1.6842656017675277e+60 1.684994393481772e+60 1.68562866081159e+60 1.686009675438199e+60 1.686186554017821e+60 1.68683221611772e+60 1.6875092823952872e+60 1.6885765113493552e+60 1.6893863590499454e+60 1.6900344512155456e+60 1.6905715259967444e+60 1.6910280880994202e+60 1.6914178091739075e+60 1.6917616656865467e+60 1.6920634447936845e+60 1.6923309973299667e+60 
