# time_axis
5.999999999999999 7.0 7.30102999566398 7.477121254719661 7.602059991327962 7.698970004336018 7.778151250383643 7.845098040014256 7.903089986991943 7.954242509439324 8.0 8.041392685158224 8.079181246047623 8.113943352306837 8.301029995663981 8.47712125471966 8.60205999132796 8.698970004336019 8.778151250383644 8.845098040014257 8.903089986991942 8.954242509439323 8.999999999999998 9.004321373782641 9.008600171761916 9.012837224705171 9.017033339298779 9.021189299069936 9.02530586526477 9.02938377768521 9.033423755486949 9.041392685158224 9.079181246047623 9.146128035678236 9.204119982655923 9.255272505103305 9.301029995663981 9.361727836017593 9.414973347970816 9.462397997898954 9.477121254719663 9.505149978319904 9.544068044350274 9.57978359661681 9.60205999132796 9.612783856719734 9.653212513775342 9.698970004336017 9.778151250383642 9.845098040014257 9.903089986991944 9.954242509439325 10.0 10.041392685158225 10.079181246047623 10.113943352306835 10.146128035678236 
# total_gas_mass_list
9.266143005958538 10.935328662469482 11.282274243509015 11.408015216790073 11.459586207756585 11.480750058248809 11.487885673485101 11.457774503516893 11.450685316982707 11.441669565195085 11.433276789198993 11.430351383039456 11.42822811849934 11.425167187310048 11.429281079215803 11.445589443128478 11.454710696484339 11.457760535139807 11.459946979442428 11.461349712880114 11.462359419897602 11.46312874835602 11.463733880383167 11.463787527015196 11.463840033186042 11.463891379182138 11.463941564325784 11.463990668280209 11.464038877294144 11.464086195324686 11.46413266881987 11.46422279638945 11.4646254364718 11.465252824094952 11.465720879138324 11.466085254177933 11.466377690844608 11.466728387781037 11.467014996276124 11.46725608043103 11.467328499275775 11.467462894768913 11.46764340634726 11.46779973812367 11.467893244029796 11.467936574354603 11.468094493099207 11.468260035661142 11.468519281985426 11.468714071038205 11.468869103791626 11.46899685414919 11.46910487830099 11.469196687361062 11.469277609071893 11.469348745823028 11.469411901538997 
# ejected_gas_mass_list
-10.0 -10.0 -10.0 -10.0 -10.0 -10.0 -10.0 -10.0 -10.0 -10.0 -10.0 -10.0 -10.0 -10.0 -10.0 8.70834504345942 9.808370571098273 9.926352902377122 9.99512320514338 10.034277228578706 10.060495129270683 10.079498236131654 10.093904788553385 10.095160155075638 10.096385479714105 10.097580538155583 10.098745544986405 10.099882565774976 10.10099609999964 10.102086404564622 10.103154706716833 10.105219363887947 10.114330203279284 10.12817241297181 10.138231810746131 10.145912038778581 10.151983760643208 10.159160184963266 10.164942558972816 10.16975045961848 10.171184878576167 10.173835024442926 10.177370552025717 10.18041057863796 10.182219294239628 10.183055031228768 10.1860880618146 10.189246111044326 10.194148442711892 10.197797720021914 10.200681582859778 10.20304440795 10.20503294038306 10.206716240147692 10.208194825713155 10.209490704195588 10.210638140108573 
# stellar_mass_list
-10.0 7.893193253307515 9.564152185481742 9.945611883452063 10.10928963913214 10.195690375503688 10.248105157998275 10.283366584020634 10.477636976314322 10.617027130748722 10.722209185762452 10.736406980744064 10.74559585419543 10.753028475207799 10.728283191465273 10.490158594019322 10.241646459970386 10.15309638618608 10.095463279067356 10.05317470543173 10.020054231992537 9.993005095749865 9.970266707408719 9.968176966200923 9.966118841000617 9.964094267880679 9.962103766797208 9.96014428851758 9.95820789959752 9.956294657693265 9.954403300480932 9.950703382494511 9.9336170897443 9.904898600249641 9.881454616222797 9.861730775378334 9.844781778312944 9.823238174468885 9.805126083912858 9.78955581063252 9.784804933831117 9.77593358070659 9.763832501906663 9.75307807192934 9.746414858301948 9.743303188061828 9.731552756186787 9.718716968607886 9.697143640409822 9.679653125099616 9.664878135250888 9.651993664257885 9.6405245582951 9.630453980036375 9.621157509725212 9.612742355277353 9.605095440260959 
# remnant_mass_list
-10.0 -10.0 6.370551718580595 8.044421536346006 8.478192861223256 8.722795202668227 8.900784621418484 9.042033224077038 9.02029565986104 9.083161268809695 9.119391249560573 9.241655426575514 9.295536107540944 9.35519917226176 9.44633783333086 9.488294253999184 9.567194359063762 9.643928640802045 9.609261196951408 9.56233567893293 9.586929642320925 9.605240213255383 9.619540745118417 9.620810261415604 9.622052903899368 9.623267310313544 9.62445345791583 9.625614255218794 9.626755957913492 9.627878907349444 9.62898402873729 9.631127754847316 9.640741535341366 9.655933285606087 9.66750905635541 9.676724647029745 9.684286321702475 9.693449971106 9.700792865944404 9.706858009787311 9.708666486476002 9.711986585090305 9.716411610495905 9.720234527824033 9.722563548888866 9.723633325092344 9.727625369658517 9.731857814010283 9.738719929979224 9.744051458253164 9.748410153211655 9.752113947845075 9.755338800172789 9.758101686278797 9.760614110160981 9.762846650298224 9.764839663542565 
# BH_mass_list
-10.0 -10.0 -10.0 -10.0 -10.0 -10.0 -10.0 -10.0 -10.0 -10.0 -10.0 -10.0 -10.0 -10.0 -10.0 -10.0 -10.0 -10.0 -10.0 -10.0 -10.0 -10.0 -10.0 -10.0 -10.0 -10.0 -10.0 -10.0 -10.0 -10.0 -10.0 -10.0 -10.0 -10.0 -10.0 -10.0 -10.0 -10.0 -10.0 -10.0 -10.0 -10.0 -10.0 -10.0 -10.0 -10.0 -10.0 -10.0 -10.0 -10.0 -10.0 -10.0 -10.0 -10.0 -10.0 -10.0 -10.0 
# NS_mass_list
-10.0 -10.0 6.370551718580595 8.053680796627535 8.61759483613247 8.949262165533288 9.17239432114808 9.333553467093997 9.391939645966632 9.41207055304635 9.418996966342766 9.473607245618988 9.544649930714487 9.612624731057387 9.655930542214175 9.655930542214175 9.699154749480618 9.750232288139102 9.77681916208106 9.793720161459468 9.805644658266202 9.814623528983553 9.821693143849275 9.822320062017598 9.822934550501529 9.823537050971597 9.824127690441657 9.82470669089469 9.825274937524973 9.82583225900582 9.82637933034874 9.827443649362095 9.832239279942767 9.839841215936898 9.845655240837678 9.850289219165694 9.854096622211221 9.855220678649657 9.855220678649657 9.855220678649657 9.855220678649657 9.855220678649657 9.855220678649657 9.855220678649657 9.855220678649657 9.855220678649657 9.855220678649657 9.855220678649657 9.855220678649657 9.855220678649657 9.855220678649657 9.855220678649657 9.855220678649657 9.855220678649657 9.855220678649657 9.855220678649657 9.855220678649657 
# WD_mass_list
-10.0 -10.0 -10.0 -10.0 -10.0 4.212096223181738 5.981300637189115 7.049978513920045 7.585705673083229 7.928112795252691 8.171980049618657 8.35216368602256 8.45351261070812 8.52098839227608 8.89184463202528 9.026539766266714 9.080043893209039 9.111090620389556 9.132098834897203 9.147584305540358 9.159646754932393 9.16940666010217 9.1775024788998 9.17825482684149 9.178992367712004 9.179709063540708 9.180403977536693 9.181083920380368 9.181762152978324 9.18244017205734 9.183117388053708 9.184428126078823 9.190380808513318 9.200258332127387 9.208159292735976 9.214712033932937 9.220253932595137 9.24182362778969 9.26228337383867 9.278732252655425 9.283562018804274 9.292342512078395 9.30387689269571 9.313692684654216 9.31960720695079 9.322307639642162 9.332296469826654 9.34273901500273 9.359360701187082 9.372023584680258 9.382220227890675 9.390778847011074 9.398153907865487 9.404417085050737 9.410069125311367 9.4150575612935 9.41948426982075 
