# time_axis
1000000 10000000 20000000 30000000 40000000 50000000 60000000 70000000 80000000 90000000 100000000 110000000 120000000 130000000 140000000 150000000 200000000 300000000 400000000 500000000 600000000 700000000 800000000 900000000 1000000000 1010000000 1020000000 1030000000 1040000000 1050000000 1060000000 1070000000 1080000000 1100000000 1200000000 1400000000 1600000000 1800000000 2000000000 2300000000 2600000000 2900000000 3000000000 3200000000 3500000000 3800000000 4000000000 4100000000 4500000000 5000000000 6000000000 7000000000 8000000000 9000000000 10000000000 11000000000 12000000000 13000000000 14000000000 
# SNIa_energy_release_list
0 0.0 0.0 0.0 0.0 0.0 7.598677444918382e+53 3.443321105503002e+55 9.511386776433355e+55 1.6177798644750483e+56 2.247847425686882e+56 2.81541392601562e+56 3.3215909513523714e+56 3.7747982125527587e+56 4.183892602603358e+56 4.556358155210757e+56 6.038815421544297e+56 7.99479045870043e+56 9.322568297390379e+56 1.0329363680144639e+57 1.1140631072335233e+57 1.1820096056266668e+57 1.240470608670453e+57 1.2917709406751287e+57 1.3374776574888686e+57 1.34178377323075e+57 1.3460485552031599e+57 1.350270986968719e+57 1.3544507448916357e+57 1.3585897795641701e+57 1.362687897791561e+57 1.3667454219711501e+57 1.3707641967113559e+57 1.3786889077048887e+57 1.4162146605174949e+57 1.4824829065065932e+57 1.539696815059723e+57 1.5900355236494087e+57 1.6349811139509496e+57 1.6944890360531586e+57 1.746594641383925e+57 1.792937626423429e+57 1.8073227135505435e+57 1.834666697210572e+57 1.872616439445742e+57 1.907422639393031e+57 1.9291181293923314e+57 1.9395581019908985e+57 1.9789041562846677e+57 2.0234031128894944e+57 2.1003480392567602e+57 2.1653390188536742e+57 2.2215990828561288e+57 2.2712114360391588e+57 2.3155453274021703e+57 2.3556685715918745e+57 2.3922788277239085e+57 2.4259489178018373e+57 2.4571167432221838e+57 
# SNII_energy_release_list
0 0.0 1.935164791780382e+54 8.701605093810251e+55 2.1137629944002187e+56 3.1627988914955865e+56 3.9211418786298344e+56 4.338620770569416e+56 4.51568601245659e+56 4.582919389096601e+56 4.606932631567905e+56 4.61518726846589e+56 4.617984426667428e+56 4.618951720993211e+56 4.6192867359819895e+56 4.619441331575826e+56 4.619554218885169e+56 4.619554218885169e+56 4.619554218885169e+56 4.619554218885169e+56 4.619554218885169e+56 4.619554218885169e+56 4.619554218885169e+56 4.619554218885169e+56 4.619554218885169e+56 4.619554218885169e+56 4.619554218885169e+56 4.619554218885169e+56 4.619554218885169e+56 4.619554218885169e+56 4.619554218885169e+56 4.619554218885169e+56 4.619554218885169e+56 4.619554218885169e+56 4.619554218885169e+56 4.619554218885169e+56 4.619554218885169e+56 4.619554218885169e+56 4.619554218885169e+56 4.619554218885169e+56 4.619554218885169e+56 4.619554218885169e+56 4.619554218885169e+56 4.619554218885169e+56 4.619554218885169e+56 4.619554218885169e+56 4.619554218885169e+56 4.619554218885169e+56 4.619554218885169e+56 4.619554218885169e+56 4.619554218885169e+56 4.619554218885169e+56 4.619554218885169e+56 4.619554218885169e+56 4.619554218885169e+56 4.619554218885169e+56 4.619554218885169e+56 4.619554218885169e+56 4.619554218885169e+56 
# SN_energy_per_current_crossing_time_list
0.0 0.0 2.6263125542491838e+54 9.553252163112694e+55 1.456787586745307e+56 1.3126206118798892e+56 9.992851309702944e+55 5.869906199856106e+55 2.795565310488202e+55 1.3143291242354724e+55 6.887912242519425e+54 4.3218565768014726e+54 3.218967554927686e+54 2.6783959513598714e+54 2.3557273107313073e+54 2.1370620483795906e+54 1.7322070962432506e+54 1.1798039816972042e+54 8.187598998206194e+53 6.310652844037776e+53 5.151311987794034e+53 4.360599379653865e+53 3.78590540722223e+53 3.348313091611843e+53 3.003935611339664e+53 2.8319084747503393e+53 2.806495948339093e+53 2.780350917885062e+53 2.7539491171950193e+53 2.7287973234940977e+53 2.7034861861293337e+53 2.6783589394687855e+53 2.6544086276703473e+53 2.6202079206542203e+53 2.495251887384058e+53 2.2247562439255924e+53 1.9365676999728553e+53 1.7160359296559238e+53 1.5417122318660677e+53 1.371699898087754e+53 1.2093105248674835e+53 1.0819907312135008e+53 1.0094706180630172e+53 9.626661329806938e+52 8.948805133197378e+52 8.241022678948241e+52 7.724603206967639e+52 7.442658224981531e+52 7.043724190213999e+52 6.402524843874343e+52 5.578514311073762e+52 4.7409499202416635e+52 4.126225639098353e+52 3.6567178316442e+52 3.282981955073066e+52 2.983195941310377e+52 2.7328452140252683e+52 2.522607886399734e+52 2.3429460078767962e+52 
# SN_energy_per_final_crossing_time_list
0.0 0.0 3.879202617731787e+54 1.7055188150364469e+56 2.4929070825363068e+56 2.1028817883582043e+56 1.520734303188756e+56 8.621848966640364e+55 4.0055718459359173e+55 1.8488774241335264e+55 9.549999246571513e+54 5.921219943011599e+54 4.365745250277292e+54 3.6007494427628716e+54 3.142398640112608e+54 2.8308859465531827e+54 2.2333097183519044e+54 1.4703444475211915e+54 9.981164051551335e+53 7.56827655109042e+53 6.098454647441481e+53 5.107670330298361e+53 4.394627210934536e+53 3.856345652996594e+53 3.4358627285559105e+53 3.2369908875041244e+53 3.205919489717959e+53 3.174084016201922e+53 3.1420052593710045e+53 3.1113928006501584e+53 3.0806351136721595e+53 3.0501197790415204e+53 3.020991072407127e+53 2.978579630671768e+53 2.8208837658424603e+53 2.4907564177993596e+53 2.1504403472446905e+53 1.8920292760444759e+53 1.6893236847367222e+53 1.4911087170403636e+53 1.3056265379578474e+53 1.1612307491998762e+53 1.0813549550823033e+53 1.0277501957818782e+53 9.509186249035018e+52 8.721498972743636e+52 8.154460729494968e+52 7.847930291020346e+52 7.394298414311792e+52 6.690146093022138e+52 5.784099648507126e+52 4.885498238680195e+52 4.229178345929595e+52 3.7294570045837197e+52 3.332664771498688e+52 3.016142240580131e+52 2.7520641012029297e+52 2.5310461050464985e+52 2.3429460078767962e+52 
# total_energy_release_list
0 0 1.935164791780382e+54 8.701605093810251e+55 2.1137629944002187e+56 3.1627988914955865e+56 3.928740556074753e+56 4.6829528811197165e+56 5.4668246900999255e+56 6.200699253571649e+56 6.854780057254787e+56 7.430601194481511e+56 7.939575378019799e+56 8.39374993354597e+56 8.803179338585347e+56 9.175799486786584e+56 1.0658369640429466e+57 1.2614344677585599e+57 1.3942122516275549e+57 1.4948917899029809e+57 1.57601852912204e+57 1.6439650275151836e+57 1.7024260305589698e+57 1.7537263625636455e+57 1.7994330793773856e+57 1.803739195119267e+57 1.808003977091677e+57 1.812226408857236e+57 1.8164061667801525e+57 1.820545201452687e+57 1.824643319680078e+57 1.828700843859667e+57 1.832719618599873e+57 1.8406443295934057e+57 1.8781700824060117e+57 1.9444383283951102e+57 2.0016522369482398e+57 2.0519909455379257e+57 2.0969365358394666e+57 2.1564444579416756e+57 2.208550063272442e+57 2.254893048311946e+57 2.2692781354390604e+57 2.296622119099089e+57 2.334571861334259e+57 2.369378061281548e+57 2.3910735512808484e+57 2.4015135238794155e+57 2.4408595781731847e+57 2.4853585347780114e+57 2.5623034611452772e+57 2.6272944407421912e+57 2.6835545047446458e+57 2.7331668579276758e+57 2.7775007492906873e+57 2.8176239934803915e+57 2.8542342496124255e+57 2.8879043396903543e+57 2.9190721651107008e+57 
# binding_energy_list
8.790225168308896e+54 8.790225168308896e+54 8.790225168308896e+54 8.770008211436303e+54 8.709635899560761e+54 8.629785477669702e+54 8.570378452303692e+54 8.531001140175843e+54 8.491804750363178e+54 8.452788451602891e+54 8.433347577642791e+54 8.413951416451895e+54 8.375292821268861e+54 8.356030182312423e+54 8.336811846196331e+54 8.317637711026743e+54 8.260379495771817e+54 8.165823713585906e+54 8.090958991783846e+54 8.035261221856194e+54 7.99834255007026e+54 7.96159350417325e+54 7.94328234724279e+54 7.90678627999831e+54 7.888601176185516e+54 7.888601176185516e+54 7.888601176185516e+54 7.888601176185516e+54 7.888601176185516e+54 7.870457896951001e+54 7.870457896951001e+54 7.870457896951001e+54 7.870457896951001e+54 7.870457896951001e+54 7.852356346100775e+54 7.816278045883308e+54 7.780365510398008e+54 7.762471166286928e+54 7.744617978025239e+54 7.709034690644309e+54 7.691304402866145e+54 7.673614893618154e+54 7.673614893618154e+54 7.655966069112569e+54 7.638357835776954e+54 7.620790100254084e+54 7.620790100254084e+54 7.620790100254084e+54 7.603262769401822e+54 7.585775750291883e+54 7.550922276654341e+54 7.533555637337217e+54 7.516228940182015e+54 7.498942093324558e+54 7.498942093324558e+54 7.481695005111584e+54 7.464487584100623e+54 7.447319739059888e+54 7.447319739059888e+54 
# total_gas_kinetic_energy_list
3.555417159551863e+57 1.523382735112521e+59 1.5273289394235687e+59 7.50511443302547e+58 3.046964558233557e+58 1.1299657895105825e+58 3.974208146127323e+57 1.3502069559496515e+57 4.478681057228635e+56 1.4615175957583116e+56 4.7285074933594906e+55 1.5360048326310873e+55 5.150258750595518e+54 2.8961566989594913e+54 2.4356016849326593e+54 2.0372296562162735e+54 1.3434846332408515e+55 2.853147023046761e+55 3.8786193343488337e+55 4.6383101990459724e+55 5.237967212931101e+55 5.731611371657681e+55 6.155856998967351e+55 6.528529074824059e+55 6.861408999867874e+55 6.892869911887372e+55 6.923455566908223e+55 6.953554586460529e+55 6.983503343439903e+55 7.013440619123891e+55 7.043417970853829e+55 7.073498133623713e+55 7.103433097768193e+55 7.160512304699269e+55 7.431510612859907e+55 7.911411379296214e+55 8.319432978948175e+55 8.677851384871049e+55 8.991641609878202e+55 9.394650551461597e+55 9.740060592205211e+55 1.0040308928101733e+56 1.0135761531736835e+56 1.0305221092441378e+56 1.0540398205017011e+56 1.074189691057084e+56 1.0865085092607197e+56 1.0920100055468841e+56 1.113528271172236e+56 1.1354801689129433e+56 1.1713689505151437e+56 1.1992706025944158e+56 1.2240430018354272e+56 1.2471370220037985e+56 1.2693033192865527e+56 1.288533225191377e+56 1.3076682724725632e+56 1.3255881638576724e+56 1.341916749788975e+56 
