# time_axis
5.999999999999999 7.0 7.30102999566398 7.477121254719661 7.602059991327962 7.698970004336018 7.778151250383643 7.845098040014256 7.903089986991943 7.954242509439324 8.0 8.041392685158224 8.079181246047623 8.113943352306837 8.146128035678238 8.176091259055681 8.301029995663981 8.47712125471966 8.60205999132796 8.698970004336019 8.778151250383644 8.845098040014257 8.903089986991942 8.954242509439323 8.999999999999998 9.004321373782641 9.008600171761916 9.012837224705171 9.017033339298779 9.021189299069936 9.02530586526477 9.02938377768521 9.033423755486949 9.041392685158224 9.079181246047623 9.146128035678236 9.204119982655923 9.255272505103305 9.301029995663981 9.361727836017593 9.414973347970816 9.462397997898954 9.477121254719663 9.505149978319904 9.544068044350274 9.57978359661681 9.60205999132796 9.612783856719734 9.653212513775342 9.698970004336017 9.778151250383642 9.845098040014257 9.903089986991944 9.954242509439325 10.0 10.041392685158225 10.079181246047623 10.113943352306835 10.146128035678236 
# total_gas_mass_list
8.7873673767305 10.425833499125893 10.427111333123682 10.118571804892959 9.727209767664709 9.296682510983066 8.843409849706655 8.375807797761523 7.89980418764498 7.422162735080337 6.955130472990145 6.523946083667078 6.170718831785526 5.93047228696408 5.7920964938160955 5.713793544899789 6.396587215023833 6.705323928100583 6.834225239449604 6.911945275194269 6.965860276237814 7.006161164311338 7.037933410363572 7.063895251043823 7.0857260440865355 7.087733681095501 7.089672481886971 7.091571458866196 7.093452010679651 7.095321864909994 7.09718364273911 7.099041658571656 7.100881981067755 7.104374083106108 7.120514238366463 7.1476318448852165 7.169249489113625 7.1872527065710425 7.202357297150007 7.22096881549187 7.2362871656952725 7.249203259525079 7.253224272769267 7.2602835669565 7.269818784383525 7.27787425131951 7.282730061051427 7.284896291487096 7.293209375409794 7.301588752582215 7.314952877752322 7.3251157914070735 7.333915864210072 7.341916392594674 7.349405096006069 7.355819765283788 7.362054384502566 7.367820607394064 7.373010066173334 
# ejected_gas_mass_list
-10.0 -10.0 4.489306655029051 6.145635989871171 6.587413270994739 6.795920158914079 6.908108010193986 6.978460616993728 7.028531206929349 7.067031215833251 7.0979339955353264 7.123364643631771 7.144714795845095 7.16296704299307 7.178824595170907 7.1927886727250465 7.244331510297383 7.303922217083758 7.340183715978972 7.365950879955983 7.385676924436405 7.4014491951620816 7.41451670149579 7.425614505624321 7.435241462083163 7.4361403891122775 7.43701067316736 7.437865157356041 7.438713376444872 7.439558769902807 7.440402493587366 7.441246484624888 7.442084381516485 7.443679650300966 7.451143449842594 7.464019935422381 7.474587608765102 7.4835936495605235 7.491293575493111 7.5009616835570645 7.509068329128643 7.516008170423196 7.518188148897735 7.522037660699072 7.527282447103517 7.531753640970138 7.534466674839256 7.535681305244204 7.540367229394504 7.5451300772647985 7.55280817616697 7.558714237141645 7.563874981637578 7.568604306528733 7.5730633021268625 7.5769074832187275 7.5806655359839255 7.5841603013361745 7.587321110840299 
# stellar_mass_list
-10.0 6.751155204076056 8.393288591495825 8.528983081965746 8.451682602481512 8.355363551680895 8.279684951930593 8.227292470914934 8.191409238568816 8.165660255026017 8.145996431528294 8.130134151655362 8.11680490940308 8.105286399078926 8.095131906413899 8.086049576185289 8.051096499838577 8.00752754155256 7.979307794265904 7.9585655737564425 7.94223007019486 7.92880053140808 7.9174132391717205 7.907537907645919 7.898813280482346 7.89798936235583 7.897193562845675 7.896412275790281 7.895635405654653 7.894858505033393 7.894080218938148 7.893299447573376 7.892522911451407 7.891046265655209 7.884051825203921 7.871780705166292 7.861350279107358 7.852193455581262 7.8441759566604965 7.833722300953054 7.824591961309938 7.816559632101269 7.813985944184343 7.8093776990189125 7.802793569244696 7.796938744668638 7.79323812711093 7.791561761748822 7.784776416309781 7.777524744625964 7.764682858684952 7.754030925405739 7.744727706997611 7.736180463343274 7.728077397819868 7.721148700072848 7.714215998699685 7.707968764434652 7.7022530670325295 
# remnant_mass_list
-10.0 -10.0 5.80144998608787 7.451563768767876 7.785164725540696 7.91294320343652 7.970498911671145 7.999484227537152 8.015887313361405 8.026375380560944 8.033823230415384 8.039547653546405 8.04418456638838 8.04808508023128 8.051445049280641 8.054387805387314 8.065163055716681 8.07747342678562 8.084834777712604 8.089960447487313 8.093835615128258 8.09691878148637 8.099462943823129 8.101618641895167 8.103485251018828 8.103659835993023 8.103827727900274 8.103992137400407 8.104155412237041 8.104318629169448 8.104482082162686 8.104646044691242 8.104808922044844 8.105116693064284 8.106561980460038 8.109045758892846 8.111104547729818 8.112875497732183 8.114395295748494 8.116335935075249 8.117996606553568 8.119430008766265 8.119886212795207 8.120690594311897 8.121831294374628 8.122828414053261 8.123453784881201 8.12373291953647 8.124865203143479 8.126048039392561 8.128107335040271 8.129770036271779 8.131194309311276 8.132486719056086 8.133701131998079 8.13471415976669 8.135726586268287 8.136623283049158 8.137431498416678 
# BH_mass_list
-10.0 -10.0 5.657570749241961 7.305908145554919 7.602662675847785 7.697232815821615 7.730441707991037 7.7421464799486905 7.74619434058005 7.747553354565325 7.747981917390405 7.748105665201958 7.748126670837861 7.748131370223499 7.748133453804756 7.748134652095643 7.7481355234311815 7.7481355234311815 7.7481355234311815 7.7481355234311815 7.7481355234311815 7.7481355234311815 7.7481355234311815 7.7481355234311815 7.7481355234311815 7.7481355234311815 7.7481355234311815 7.7481355234311815 7.7481355234311815 7.7481355234311815 7.7481355234311815 7.7481355234311815 7.7481355234311815 7.7481355234311815 7.7481355234311815 7.7481355234311815 7.7481355234311815 7.7481355234311815 7.7481355234311815 7.7481355234311815 7.7481355234311815 7.7481355234311815 7.7481355234311815 7.7481355234311815 7.7481355234311815 7.7481355234311815 7.7481355234311815 7.7481355234311815 7.7481355234311815 7.7481355234311815 7.7481355234311815 7.7481355234311815 7.7481355234311815 7.7481355234311815 7.7481355234311815 7.7481355234311815 7.7481355234311815 7.7481355234311815 7.7481355234311815 
# NS_mass_list
-10.0 -10.0 5.25170846668246 6.906312440143678 7.320587954702703 7.50560342825689 7.597333115056613 7.638740977359328 7.654905899466235 7.660834054490371 7.66291111654267 7.663610414822579 7.663834683217773 7.663904366436162 7.663925191845156 7.663933307569703 7.663938642571786 7.663938642571786 7.663938642571786 7.663938642571786 7.663938642571786 7.663938642571786 7.663938642571786 7.663938642571786 7.663938642571786 7.663938642571786 7.663938642571786 7.663938642571786 7.663938642571786 7.663938642571786 7.663938642571786 7.663938642571786 7.663938642571786 7.663938642571786 7.663938642571786 7.663938642571786 7.663938642571786 7.663938642571786 7.663938642571786 7.663938642571786 7.663938642571786 7.663938642571786 7.663938642571786 7.663938642571786 7.663938642571786 7.663938642571786 7.663938642571786 7.663938642571786 7.663938642571786 7.663938642571786 7.663938642571786 7.663938642571786 7.663938642571786 7.663938642571786 7.663938642571786 7.663938642571786 7.663938642571786 7.663938642571786 7.663938642571786 
# WD_mass_list
-10.0 -10.0 -10.0 -10.0 -10.0 3.2897207580072028 5.032925153978345 6.052971423366252 6.448181386281913 6.657672826285979 6.786021209689781 6.872383523848268 6.934656394505215 6.981995718517364 7.019491265770652 7.0501247488211245 7.148294263577632 7.240812939023495 7.28900600368204 7.320088149595706 7.342418162446617 7.3595329460487005 7.373252050020703 7.384607052943267 7.39424908731628 7.395142153638862 7.39599959139725 7.3968379272067475 7.397669192042555 7.398498886385953 7.399328506883306 7.400159437257933 7.400983606880328 7.402537530754756 7.40977575581466 7.421994258343355 7.431919046872058 7.440315054225024 7.447419811022028 7.456361355698403 7.463900359316933 7.470326704967586 7.472356607547651 7.4759179362476145 7.480929880322486 7.485274713726985 7.4879827179430745 7.48918726006089 7.494047244577809 7.499080109491321 7.507737377483089 7.514632841525387 7.520474266366756 7.525724022262365 7.530613801453929 7.5346613303400325 7.538678429462271 7.542213300374749 7.545381090488767 
