# time_axis
1000000 10000000 20000000 30000000 40000000 50000000 60000000 70000000 80000000 90000000 100000000 110000000 120000000 130000000 140000000 150000000 200000000 300000000 400000000 500000000 600000000 700000000 800000000 900000000 1000000000 1010000000 1020000000 1030000000 1040000000 1050000000 1060000000 1070000000 1080000000 1100000000 1200000000 1400000000 1600000000 1800000000 2000000000 2300000000 2600000000 2900000000 3000000000 3200000000 3500000000 3800000000 4000000000 4100000000 4500000000 5000000000 6000000000 7000000000 8000000000 9000000000 10000000000 11000000000 12000000000 13000000000 14000000000 
# SNIa_energy_release_list
0 0.0 0.0 0.0 0.0 0.0 1.37085701937816e+55 6.331498342274407e+55 1.1492051643158117e+56 1.6145547540805241e+56 2.0240960977925577e+56 2.3859889096973937e+56 2.7091248594442567e+56 3.000743880539186e+56 3.2664031805220134e+56 3.5103542457188484e+56 4.498868342562151e+56 5.8353877825476085e+56 6.756891074037164e+56 7.461060011338179e+56 8.0311658458646e+56 8.510088253017388e+56 8.923095258800468e+56 9.286129048821343e+56 9.61000717892599e+56 9.64054581610443e+56 9.670803427063848e+56 9.700743200303104e+56 9.730389371630002e+56 9.759750050571701e+56 9.788814809683627e+56 9.817599291430463e+56 9.846115943653018e+56 9.902357733124223e+56 1.016878604805541e+57 1.0639748154623261e+57 1.1046786789245875e+57 1.1405218414136753e+57 1.1725452114310967e+57 1.214969474809134e+57 1.2521380320343905e+57 1.2852111216887255e+57 1.2954844658032251e+57 1.3150033206621164e+57 1.3421042202854131e+57 1.3669660563568814e+57 1.3824654325442443e+57 1.3899251480100811e+57 1.4180445457163436e+57 1.449848381089077e+57 1.5048563526844953e+57 1.551337466404358e+57 1.5915801476536688e+57 1.627077274663212e+57 1.6588030604324447e+57 1.687505710586459e+57 1.71370542028141e+57 1.7378027656128485e+57 1.7601101550743976e+57 
# SNII_energy_release_list
0 0.0 1.7683273898436323e+55 8.55978186993301e+55 1.6572734849978004e+56 2.3723083243743898e+56 2.8699251409331783e+56 3.0092978547337934e+56 3.048336233688985e+56 3.0592743823389685e+56 3.062411357352291e+56 3.0633319832565664e+56 3.0636265289209524e+56 3.063763678157296e+56 3.0638253333393023e+56 3.063868723538737e+56 3.063950711450865e+56 3.063950711450865e+56 3.063950711450865e+56 3.063950711450865e+56 3.063950711450865e+56 3.063950711450865e+56 3.063950711450865e+56 3.063950711450865e+56 3.063950711450865e+56 3.063950711450865e+56 3.063950711450865e+56 3.063950711450865e+56 3.063950711450865e+56 3.063950711450865e+56 3.063950711450865e+56 3.063950711450865e+56 3.063950711450865e+56 3.063950711450865e+56 3.063950711450865e+56 3.063950711450865e+56 3.063950711450865e+56 3.063950711450865e+56 3.063950711450865e+56 3.063950711450865e+56 3.063950711450865e+56 3.063950711450865e+56 3.063950711450865e+56 3.063950711450865e+56 3.063950711450865e+56 3.063950711450865e+56 3.063950711450865e+56 3.063950711450865e+56 3.063950711450865e+56 3.063950711450865e+56 3.063950711450865e+56 3.063950711450865e+56 3.063950711450865e+56 3.063950711450865e+56 3.063950711450865e+56 3.063950711450865e+56 3.063950711450865e+56 3.063950711450865e+56 3.063950711450865e+56 
# SN_energy_per_current_crossing_time_list
0.0 0.0 3.6372998272260733e+55 1.322689200418902e+56 1.5643623922949014e+56 1.411143128702789e+56 1.0028420591130184e+56 3.1808798406917674e+55 1.1853732635171064e+55 5.804897232816e+54 3.806192815953832e+54 2.999689561073355e+54 2.582865692732578e+54 2.3154061962355358e+54 2.1055356999980462e+54 1.9388542488830062e+54 1.5955908303650725e+54 1.1048087790649513e+54 7.767770068652182e+53 6.030905453219792e+53 4.949113974205475e+53 4.206664324177069e+53 3.6658490067643976e+53 3.2527998795307343e+53 2.9272227625406377e+53 2.762320660957348e+53 2.7390755142093205e+53 2.7124551583923772e+53 2.6879966707913393e+53 2.6642459763966023e+53 2.6395201137966474e+53 2.6161779048674403e+53 2.593876854975786e+53 2.5617101390595074e+53 2.444982418166738e+53 2.19003008088109e+53 1.9152361524401453e+53 1.704492264146564e+53 1.5374451381734528e+53 1.3752605995038236e+53 1.218646014240831e+53 1.0954398746143812e+53 1.0242151401154429e+53 9.787258404498148e+52 9.136558384543741e+52 8.445107522732253e+52 7.934419745433731e+52 7.653882213816531e+52 7.274907081072404e+52 6.642723246247219e+52 5.836287244796902e+52 4.995803311195038e+52 4.374921207115141e+52 3.900059201147696e+52 3.521215296384291e+52 3.2135262585248894e+52 2.958999204775218e+52 2.743455652801123e+52 2.558356185664417e+52 
# SN_energy_per_final_crossing_time_list
0.0 0.0 5.408086946715432e+55 2.077034859830521e+56 2.4506065259701607e+56 2.1867956145955785e+56 1.5375865651548107e+56 4.831363143423941e+55 1.7857589776839712e+55 8.682152066097493e+54 5.6562689698351825e+54 4.431977222788084e+54 3.796013857068334e+54 3.386420616519435e+54 3.065609293590816e+54 2.811059178379136e+54 2.2723991134580145e+54 1.532807226251791e+54 1.0568397749795375e+54 8.075866338381016e+53 6.538343676466892e+53 5.49259295851083e+53 4.736632360273139e+53 4.163507092149913e+53 3.7144445744442737e+53 3.502369089932396e+53 3.470139179436029e+53 3.433687487102486e+53 3.4000153144847105e+53 3.3672731950673572e+53 3.3333351886379425e+53 3.301191161569613e+53 3.2704747336653702e+53 3.2250866968213365e+53 3.055572812386793e+53 2.7006495328112293e+53 2.334091603336494e+53 2.0553632379484244e+53 1.8363239434875738e+53 1.621829944475591e+53 1.4209104484317984e+53 1.264345515672423e+53 1.178213771185175e+53 1.1192744707175171e+53 1.0360356793853914e+53 9.504388999297396e+52 8.887845216319223e+52 8.555285789139744e+52 8.062287519453631e+52 7.294940458535813e+52 6.308671152873672e+52 5.33075575726841e+52 4.615291837682726e+52 4.071040881530086e+52 3.638518994241142e+52 3.291806183464831e+52 3.0047527289656103e+52 2.763639940614358e+52 2.558356185664417e+52 
# total_energy_release_list
0 0 1.7683273898436323e+55 8.55978186993301e+55 1.6572734849978004e+56 2.3723083243743898e+56 3.0070108428709944e+56 3.642447688961234e+56 4.197541398004797e+56 4.6738291364194924e+56 5.086507455144849e+56 5.44932089295396e+56 5.772751388365209e+56 6.064507558696481e+56 6.330228513861316e+56 6.574222969257585e+56 7.562819054013016e+56 8.899338493998474e+56 9.820841785488029e+56 1.0525010722789044e+57 1.1095116557315464e+57 1.1574038964468253e+57 1.1987045970251333e+57 1.2350079760272208e+57 1.2673957890376855e+57 1.2704496527555295e+57 1.2734754138514712e+57 1.2764693911753968e+57 1.2794340083080867e+57 1.2823700762022566e+57 1.2852765521134491e+57 1.2881550002881328e+57 1.2910066655103882e+57 1.2966308444575088e+57 1.3232736759506274e+57 1.3703698866074126e+57 1.411073750069674e+57 1.4469169125587618e+57 1.4789402825761831e+57 1.5213645459542205e+57 1.558533103179477e+57 1.591606192833812e+57 1.6018795369483116e+57 1.621398391807203e+57 1.6484992914304998e+57 1.673361127501968e+57 1.6888605036893308e+57 1.6963202191551676e+57 1.72443961686143e+57 1.7562434522341635e+57 1.8112514238295817e+57 1.8577325375494446e+57 1.8979752187987552e+57 1.9334723458082985e+57 1.9651981315775312e+57 1.9939007817315454e+57 2.0201004914264965e+57 2.044197836757935e+57 2.066505226219484e+57 
# binding_energy_list
8.85115609830841e+54 8.85115609830841e+54 8.85115609830841e+54 8.830799004185586e+54 8.810488730080146e+54 8.790225168308896e+54 8.770008211436303e+54 8.749837752274363e+54 8.729713683881166e+54 8.729713683881166e+54 8.709635899560761e+54 8.68960429286302e+54 8.68960429286302e+54 8.669618757582214e+54 8.649679187756885e+54 8.649679187756885e+54 8.590135215053907e+54 8.531001140175843e+54 8.472274141405911e+54 8.413951416451895e+54 8.375292821268861e+54 8.336811846196331e+54 8.298507675144166e+54 8.260379495771817e+54 8.241381150129963e+54 8.241381150129963e+54 8.222426499470695e+54 8.222426499470695e+54 8.222426499470695e+54 8.222426499470695e+54 8.222426499470695e+54 8.222426499470695e+54 8.20351544329821e+54 8.20351544329821e+54 8.184647881347836e+54 8.128305161640929e+54 8.090958991783846e+54 8.053784411990643e+54 8.016780633876855e+54 7.979946872679785e+54 7.94328234724279e+54 7.90678627999831e+54 7.888601176185516e+54 7.870457896951001e+54 7.852356346100775e+54 7.816278045883308e+54 7.798301105232642e+54 7.798301105232642e+54 7.762471166286928e+54 7.744617978025239e+54 7.691304402866145e+54 7.655966069112569e+54 7.620790100254084e+54 7.585775750291883e+54 7.550922276654341e+54 7.516228940182015e+54 7.498942093324558e+54 7.464487584100623e+54 7.447319739059888e+54 
# total_gas_kinetic_energy_list
1.5237098334911527e+59 4.2678146838316735e+59 1.1952198185934747e+59 3.347318034080556e+58 9.382338235017818e+57 2.6364498422858225e+57 7.468920983381679e+56 2.174557342007734e+56 6.889375864999194e+55 2.6975575927332277e+55 1.4810565025851346e+55 1.0959508257371338e+55 9.476801830698343e+54 8.70676639150519e+54 8.178795483757369e+54 7.748459670810181e+54 3.171567735295591e+55 6.923713731670568e+55 9.84541879384156e+55 1.2223204126047945e+56 1.4239631408225194e+56 1.599589929090039e+56 1.7582454420077776e+56 1.9030324720090148e+56 2.037623934814442e+56 2.050221839754078e+56 2.062669897522319e+56 2.0751116937472708e+56 2.087605575836351e+56 2.100185669400225e+56 2.1128458779418773e+56 2.1255380877880137e+56 2.137928262423657e+56 2.161488748851031e+56 2.2776301671783395e+56 2.4899975817949045e+56 2.6792984016358877e+56 2.850748715130339e+56 3.005942348994138e+56 3.212549466154516e+56 3.396250083961396e+56 3.5602926118433946e+56 3.613914080624368e+56 3.708964247082573e+56 3.8445923549196615e+56 3.963580994499473e+56 4.0369349502313684e+56 4.0701681323564475e+56 4.201925276244099e+56 4.339507888001172e+56 4.571952678766185e+56 4.757866245443514e+56 4.923458956037039e+56 5.078462488295379e+56 5.228194616640239e+56 5.357410141454491e+56 5.487443387720625e+56 5.608020398983967e+56 5.718465793966959e+56 
