# time_axis
5.999999999999999 7.0 7.30102999566398 7.477121254719661 7.602059991327962 7.698970004336018 7.778151250383643 7.845098040014256 7.903089986991943 7.954242509439324 8.0 8.041392685158224 8.079181246047623 8.113943352306837 8.146128035678238 8.176091259055681 8.301029995663981 8.47712125471966 8.60205999132796 8.698970004336019 8.778151250383644 8.845098040014257 8.903089986991942 8.954242509439323 8.999999999999998 9.004321373782641 9.008600171761916 9.012837224705171 9.017033339298779 9.021189299069936 9.02530586526477 9.02938377768521 9.033423755486949 9.041392685158224 9.079181246047623 9.146128035678236 9.204119982655923 9.255272505103305 9.301029995663981 9.361727836017593 9.414973347970816 9.462397997898954 9.477121254719663 9.505149978319904 9.544068044350274 9.57978359661681 9.60205999132796 9.612783856719734 9.653212513775342 9.698970004336017 9.778151250383642 9.845098040014257 9.903089986991944 9.954242509439325 10.0 10.041392685158225 10.079181246047623 10.113943352306835 10.146128035678236 
# total_gas_mass_list
10.425925345093205 10.873328822695887 10.32057173536864 9.76783539347765 9.21554311737171 8.6644305223377 8.116874179480973 7.581275557664416 7.0819792953949925 6.672873472908103 6.408108772999025 6.272639730198851 6.205956994098521 6.1664251383391475 6.137093028385707 6.112004357232531 6.721434241701983 7.055932177786401 7.208122030465944 7.304310342690912 7.37320167325637 7.4259029697483765 7.468353849584868 7.503543041944694 7.533708366822938 7.5364212007725895 7.539081463563346 7.541723371822436 7.544359625552006 7.546996529417847 7.54963224251866 7.552257275591292 7.554801842043885 7.559603801436624 7.582466880410406 7.621140600605665 7.652651125513226 7.679103964255881 7.701598392458578 7.729721715142101 7.7532249441007925 7.773113500726872 7.779441039349787 7.790326131500839 7.805416698726538 7.818212612440662 7.825904230555099 7.8293442920299565 7.8426841041548405 7.856156403619103 7.877894521389729 7.8944504058937595 7.908673939656939 7.921569968345088 7.933663225619984 7.943839768745804 7.953819158989536 7.962904881738413 7.971049046230034 
# ejected_gas_mass_list
-10.0 -10.0 5.510765448482439 6.242789233775506 6.582835556075345 6.752965588299771 6.860049301931357 6.940988131600737 7.0056275587402 7.059074943065179 7.103734663748547 7.141601420096895 7.17426500873106 7.202873403628096 7.228260713507715 7.2510256410544915 7.338378115029114 7.445684012941759 7.5142654828002655 7.564456188146647 7.603646363285742 7.635415985686108 7.662106586721594 7.684957030452311 7.705056087973365 7.706886366367671 7.708684784470104 7.710474322611186 7.712263527764203 7.714056661322815 7.7158524627660965 7.717644435685659 7.719384755604616 7.722677751756061 7.738512137016739 7.765871107058161 7.788680874193018 7.808177142234856 7.824998449306494 7.846333463525489 7.864415527180241 7.87989065941926 7.884846813764879 7.893409145493897 7.90535461589797 7.915550830552163 7.921708952447784 7.924470174323335 7.9352181271149504 7.946137312425784 7.963889388520644 7.977517321079037 7.989297940996153 8.00003575776364 8.010153174372432 8.018702402572886 8.027116869264358 8.034803983320367 8.041715376521896 
# stellar_mass_list
-10.0 8.283257841524474 8.847923207472908 8.889302466336757 8.884093461181829 8.872973785231174 8.862754336542405 8.854237108002803 8.847139103165514 8.841099489854843 8.835848117462346 8.831195551492794 8.82701256498323 8.82320754712842 8.819713824193702 8.816481782899062 8.803098134829883 8.784285482039765 8.770754897399035 8.76008133058776 8.751203999666053 8.743593393672313 8.736888864013382 8.730903295983287 8.725440232724383 8.724932317619716 8.72443391885403 8.723935736082051 8.723435535793039 8.722932653719962 8.722427063189055 8.721920832191763 8.721427029925486 8.720491074209905 8.715910672162776 8.707640037910567 8.700331662873065 8.693753882986467 8.68782297852632 8.679834192216381 8.672635256558008 8.666124153440212 8.663989453611615 8.6601545243115 8.65455378999265 8.649438253916916 8.646180125684879 8.6446774386956 8.638527310894519 8.631762938209926 8.619360437513688 8.608737688675914 8.599450807143441 8.590918756034776 8.582811593630966 8.575897849737737 8.568962543703007 8.56272918053858 8.557012674207304 
# remnant_mass_list
-10.0 -10.0 6.679758212351109 7.311652804444406 7.506612389319374 7.600660769445438 7.6568400744754355 7.694998591459096 7.723563501569917 7.746298187992304 7.765130555124155 7.781184035332359 7.7951494024892085 7.807489266676326 7.818528390851809 7.828502404131902 7.8674716537044915 7.916834394845167 7.948989784083282 7.972635263613148 7.991256412216138 8.006521790982399 8.019469857724651 8.030654335369581 8.040569937425946 8.041477661939153 8.042365927645697 8.043251754620362 8.044139123046978 8.045029137757803 8.045921956413418 8.04681389051163 8.047681544089768 8.049319042658658 8.057227582505027 8.07106761429964 8.082848392886444 8.09311030456002 8.102096927043593 8.113822399306203 8.124034610167124 8.132994148729882 8.135878109585619 8.140987581954349 8.148303288014077 8.154832594122041 8.158918025509864 8.16078282653463 8.168299870326589 8.17634424237841 8.190535521970636 8.20213850502443 8.211889473993295 8.220545359105504 8.228515928991518 8.235115606348252 8.24157257832189 8.247233062896695 8.252309441602256 
# BH_mass_list
-10.0 -10.0 6.409448672778586 6.989413137982465 7.0708997158953455 7.091225201889065 7.0967568784705035 7.0982594613577925 7.098662082751046 7.098754853026655 7.098765231680521 7.0987692777002245 7.098771476877155 7.098773086741285 7.098774467459301 7.098775728043376 7.098776906296192 7.098776906296192 7.098776906296192 7.098776906296192 7.098776906296192 7.098776906296192 7.098776906296192 7.098776906296192 7.098776906296192 7.098776906296192 7.098776906296192 7.098776906296192 7.098776906296192 7.098776906296192 7.098776906296192 7.098776906296192 7.098776906296192 7.098776906296192 7.098776906296192 7.098776906296192 7.098776906296192 7.098776906296192 7.098776906296192 7.098776906296192 7.098776906296192 7.098776906296192 7.098776906296192 7.098776906296192 7.098776906296192 7.098776906296192 7.098776906296192 7.098776906296192 7.098776906296192 7.098776906296192 7.098776906296192 7.098776906296192 7.098776906296192 7.098776906296192 7.098776906296192 7.098776906296192 7.098776906296192 7.098776906296192 7.098776906296192 
# NS_mass_list
-10.0 -10.0 6.345668159484234 7.030844713792265 7.308235532259678 7.438811873215492 7.503031851755326 7.51942934612399 7.523902769166487 7.525136969788033 7.5254775097355955 7.525569453087351 7.525594636714491 7.525604478759317 7.5256086475789274 7.52561161979337 7.525617229507197 7.525617229507197 7.525617229507197 7.525617229507197 7.525617229507197 7.525617229507197 7.525617229507197 7.525617229507197 7.525617229507197 7.525617229507197 7.525617229507197 7.525617229507197 7.525617229507197 7.525617229507197 7.525617229507197 7.525617229507197 7.525617229507197 7.525617229507197 7.525617229507197 7.525617229507197 7.525617229507197 7.525617229507197 7.525617229507197 7.525617229507197 7.525617229507197 7.525617229507197 7.525617229507197 7.525617229507197 7.525617229507197 7.525617229507197 7.525617229507197 7.525617229507197 7.525617229507197 7.525617229507197 7.525617229507197 7.525617229507197 7.525617229507197 7.525617229507197 7.525617229507197 7.525617229507197 7.525617229507197 7.525617229507197 7.525617229507197 
# WD_mass_list
-10.0 -10.0 -10.0 -10.0 -10.0 4.825096424959404 6.016006879810003 6.595091164445007 6.8420212157251825 6.986616032123289 7.084251515638448 7.156135211030356 7.212155987408959 7.257589736353794 7.295535163204866 7.3279307404326355 7.440951155431911 7.561986602512728 7.631646532530347 7.679386189501015 7.715241096097659 7.743627314098408 7.767059917590505 7.786861124687181 7.804096990300088 7.8056604941887535 7.8071882016306455 7.808709480225165 7.810231179852444 7.811755190437674 7.813281772569621 7.814804623336875 7.8162839009320475 7.819070046231248 7.832424049053913 7.855403447430786 7.874595027791598 7.8910526801567125 7.905276745476985 7.923584720330474 7.939309602474337 7.952944838696073 7.957302972507783 7.964988260073951 7.975913835439492 7.9855894472922 7.991608283038133 7.994346734392989 8.005330310242526 8.016988946277653 8.037325797390388 8.053745232352789 8.067406070020413 8.07943157688806 8.090423832429991 8.099468418109154 8.108268788679917 8.115945000636323 8.122799112286799 
