# time_axis
1000000 10000000 20000000 30000000 40000000 50000000 60000000 70000000 80000000 90000000 100000000 110000000 120000000 130000000 140000000 150000000 200000000 300000000 400000000 500000000 600000000 700000000 800000000 900000000 1000000000 1010000000 1020000000 1030000000 1040000000 1050000000 1060000000 1070000000 1080000000 1100000000 1200000000 1400000000 1600000000 1800000000 2000000000 2300000000 2600000000 2900000000 3000000000 3200000000 3500000000 3800000000 4000000000 4100000000 4500000000 5000000000 6000000000 7000000000 8000000000 9000000000 10000000000 11000000000 12000000000 13000000000 14000000000 
# SNIa_energy_release_list
0 0.0 0.0 0.0 0.0 0.0 5.8401607356168216e+54 1.666765829561338e+55 2.595855898941431e+55 3.390844408224786e+55 4.084527863329288e+55 4.699845434374701e+55 5.252771371462077e+55 5.754834737050457e+55 6.214630150168883e+55 6.638739377263781e+55 8.372815839764314e+55 1.0747154997795148e+56 1.239788120927663e+56 1.3664631250943175e+56 1.4692889781026458e+56 1.5558135725198765e+56 1.6305216673875298e+56 1.6962535760701235e+56 1.7549403752567019e+56 1.7604787025576853e+56 1.7659633857087848e+56 1.7713901670445495e+56 1.7767654694070499e+56 1.7820879560548327e+56 1.7873568873266232e+56 1.7925765020968627e+56 1.7977474666955383e+56 1.8079471575315362e+56 1.8562747828112692e+56 1.9417532787730468e+56 2.015674013945473e+56 2.0807977125326975e+56 2.1389996735567403e+56 2.2161319258542003e+56 2.283731672152528e+56 2.343898234664751e+56 2.3625882446133393e+56 2.398108737642128e+56 2.4474305346534926e+56 2.4926806932310548e+56 2.520893308972676e+56 2.534474399898389e+56 2.585674291424393e+56 2.6435766763171713e+56 2.7437455390667887e+56 2.828404580320078e+56 2.9017103157221407e+56 2.9663745830133364e+56 3.0241871498600154e+56 3.0764719705732035e+56 3.1242084892216613e+56 3.168116645584444e+56 3.208764270058908e+56 
# SNII_energy_release_list
0 0.0 1.767530300914059e+54 4.908485228612381e+54 7.312768968908037e+54 9.186810946107583e+54 1.0079981188197434e+55 1.0182530500944243e+55 1.0193314835876808e+55 1.0194297719982886e+55 1.0194534329837289e+55 1.019454026323221e+55 1.0194540347632886e+55 1.0194540347632886e+55 1.0194540347632886e+55 1.0194540347632886e+55 1.0194540347632886e+55 1.0194540347632886e+55 1.0194540347632886e+55 1.0194540347632886e+55 1.0194540347632886e+55 1.0194540347632886e+55 1.0194540347632886e+55 1.0194540347632886e+55 1.0194540347632886e+55 1.0194540347632886e+55 1.0194540347632886e+55 1.0194540347632886e+55 1.0194540347632886e+55 1.0194540347632886e+55 1.0194540347632886e+55 1.0194540347632886e+55 1.0194540347632886e+55 1.0194540347632886e+55 1.0194540347632886e+55 1.0194540347632886e+55 1.0194540347632886e+55 1.0194540347632886e+55 1.0194540347632886e+55 1.0194540347632886e+55 1.0194540347632886e+55 1.0194540347632886e+55 1.0194540347632886e+55 1.0194540347632886e+55 1.0194540347632886e+55 1.0194540347632886e+55 1.0194540347632886e+55 1.0194540347632886e+55 1.0194540347632886e+55 1.0194540347632886e+55 1.0194540347632886e+55 1.0194540347632886e+55 1.0194540347632886e+55 1.0194540347632886e+55 1.0194540347632886e+55 1.0194540347632886e+55 1.0194540347632886e+55 1.0194540347632886e+55 1.0194540347632886e+55 
# SN_energy_per_current_crossing_time_list
0.0 0.0 1.8864843343019564e+53 3.5610771281053293e+53 2.812237462334439e+53 2.2433248510968853e+53 1.3577335279961181e+53 6.319362526560637e+52 4.5314815054575836e+52 3.825551196223292e+52 3.3711713530611975e+52 3.0216539866956866e+52 2.7438138045610725e+52 2.5159666275318105e+52 2.3254967735685684e+52 2.163883216380768e+52 1.8394417275501774e+52 1.3395355927449957e+52 9.791127199630688e+51 7.846515497807705e+51 6.615369970915816e+51 5.75759126727229e+51 5.126349393925392e+51 4.639345345114264e+51 4.252527200237795e+51 4.022847171674034e+51 3.993873973864746e+51 3.9610758586834065e+51 3.933198646745765e+51 3.9044202626244195e+51 3.874766472605585e+51 3.8480055696449476e+51 3.82123465552189e+51 3.7860628858621387e+51 3.671291916454241e+51 3.3882385839333754e+51 3.0471051857306084e+51 2.7827328042162493e+51 2.5709823989503454e+51 2.3790523434441764e+51 2.1761262390236334e+51 2.0152254773958537e+51 1.9027224433477653e+51 1.8515143842891146e+51 1.7756512926202158e+51 1.6841762021466303e+51 1.608712796426556e+51 1.5644922254115943e+51 1.5361487507746175e+51 1.4560769939279718e+51 1.3761094061346255e+51 1.2537225796022127e+51 1.1512803202888086e+51 1.0659382654237712e+51 9.939367728424722e+50 9.301677512069248e+50 8.762743770762207e+50 8.235304420705728e+50 7.824790496608443e+50 
# SN_energy_per_final_crossing_time_list
0.0 0.0 9.07346459061348e+53 1.6123821641103135e+54 1.2342183538284396e+54 9.620233108677069e+53 5.709261106416371e+53 2.610754053239095e+53 1.8438869035017827e+53 1.5354224457014237e+53 1.3365762216542592e+53 1.1845353698827986e+53 1.064399564525935e+53 9.664871447086194e+52 8.851200594055724e+52 8.164230733289217e+52 6.676299143971473e+52 4.570674601453542e+52 3.177697820992619e+52 2.43853209523671e+52 1.9794287312674548e+52 1.6656245792277435e+52 1.4381533934594087e+52 1.2653590979385126e+52 1.1297386120067225e+52 1.066144735200132e+52 1.0558180743034217e+52 1.0446717999459523e+52 1.0347619420885929e+52 1.0245947574639546e+52 1.0142851858094872e+52 1.0047916102892072e+52 9.954263053043805e+51 9.817356481926767e+51 9.303213850789433e+51 8.227434339813687e+51 7.11498240743317e+51 6.268254349395532e+51 5.6020266546085576e+51 4.949397187514445e+51 4.337718454212242e+51 3.860748343403768e+51 3.597883372473949e+51 3.4189011028322526e+51 3.164864970749083e+51 2.903597404814162e+51 2.7155068764005527e+51 2.614401027933591e+51 2.4640334448802944e+51 2.229276799802306e+51 1.9282808661837224e+51 1.629712117289663e+51 1.4111575501326583e+51 1.244806678649045e+51 1.1129093753821178e+51 1.0064985925326738e+51 9.189424038698494e+50 8.452452734278825e+50 7.824790496608443e+50 
# total_energy_release_list
0 0 1.767530300914059e+54 4.908485228612381e+54 7.312768968908037e+54 9.186810946107583e+54 1.5920141923814257e+55 2.6850188796557626e+55 3.615187382529112e+55 4.4102741802230745e+55 5.103981296313017e+55 5.719299460697922e+55 6.272225406225365e+55 6.774288771813745e+55 7.234084184932171e+55 7.658193412027069e+55 9.392269874527602e+55 1.1766609032558437e+56 1.3417335244039918e+56 1.4684085285706463e+56 1.5712343815789746e+56 1.6577589759962053e+56 1.7324670708638587e+56 1.7981989795464523e+56 1.8568857787330307e+56 1.8624241060340141e+56 1.8679087891851136e+56 1.8733355705208784e+56 1.8787108728833787e+56 1.8840333595311615e+56 1.889302290802952e+56 1.8945219055731915e+56 1.8996928701718671e+56 1.909892561007865e+56 1.958220186287598e+56 2.0436986822493757e+56 2.117619417421802e+56 2.1827431160090265e+56 2.2409450770330694e+56 2.3180773293305294e+56 2.385677075628857e+56 2.44584363814108e+56 2.4645336480896683e+56 2.500054141118457e+56 2.5493759381298217e+56 2.594626096707384e+56 2.622838712449005e+56 2.636419803374718e+56 2.687619694900722e+56 2.7455220797935003e+56 2.8456909425431178e+56 2.930349983796407e+56 3.0036557191984698e+56 3.0683199864896655e+56 3.1261325533363445e+56 3.1784173740495325e+56 3.2261538926979903e+56 3.270062049060773e+56 3.310709673535237e+56 
# binding_energy_list
8.790225168308896e+52 8.790225168308896e+52 8.770008211436304e+52 8.70963589956076e+52 8.669618757582214e+52 8.629785477669701e+52 8.590135215053908e+52 8.550667128846876e+52 8.511380382023759e+52 8.472274141405911e+52 8.433347577642791e+52 8.413951416451896e+52 8.37529282126886e+52 8.356030182312423e+52 8.317637711026743e+52 8.298507675144167e+52 8.184647881347836e+52 7.979946872679785e+52 7.816278045883308e+52 7.673614893618154e+52 7.533555637337216e+52 7.430191378967051e+52 7.328245331389074e+52 7.227698036021732e+52 7.128530301265221e+52 7.128530301265221e+52 7.112135136533237e+52 7.112135136533237e+52 7.095777679633873e+52 7.095777679633873e+52 7.079457843841402e+52 7.079457843841402e+52 7.063175542629565e+52 7.046930689671452e+52 6.966265141107744e+52 6.823386941416747e+52 6.698846094165272e+52 6.576578373554173e+52 6.471426157485831e+52 6.309573444801891e+52 6.16595001861481e+52 6.039486293763782e+52 5.997910762555076e+52 5.929253245800043e+52 5.821032177708721e+52 5.714786366718643e+52 5.649369748123057e+52 5.623413251903491e+52 5.49540873857627e+52 5.357966575133406e+52 5.105049999754044e+52 4.897788193684436e+52 4.7315125896147736e+52 4.61317574560381e+52 4.497798548932866e+52 4.4157044735331566e+52 4.3351087838752935e+52 4.2854852039743744e+52 4.2169650342858223e+52 
# total_gas_kinetic_energy_list
1.0314321036570264e+58 1.0696791510188687e+58 1.6047247646624486e+57 2.4109219407650894e+56 3.648181848457202e+55 5.74120450547266e+54 1.125631601053429e+54 4.3570853144765555e+53 3.138672221683723e+53 2.868763815700143e+53 2.690985190164745e+53 2.5361691867584453e+53 2.3908697716351837e+53 2.2731964315015933e+53 2.1585100191537107e+53 2.065940823424418e+53 9.848869701135739e+53 2.254377860111733e+54 3.287746246234867e+54 4.161095474828874e+54 4.907346572129786e+54 5.5585536859749006e+54 6.14973038301324e+54 6.68739067895017e+54 7.189244688050936e+54 7.234043059301108e+54 7.283737593139613e+54 7.326244223266792e+54 7.373323898026072e+54 7.422210930033936e+54 7.4705003716753e+54 7.516877933960377e+54 7.561975154645984e+54 7.649177627252493e+54 8.08144364778771e+54 8.869678751217665e+54 9.583813965444425e+54 1.0228622062990608e+55 1.0816472514946198e+55 1.1614621756422607e+55 1.232556719491767e+55 1.29683116649968e+55 1.317760088612513e+55 1.3558379215655268e+55 1.41035914082304e+55 1.4602654997633168e+55 1.490761348184828e+55 1.5050985245272926e+55 1.5623474548859134e+55 1.6247471436768255e+55 1.736149646672811e+55 1.8250343648837358e+55 1.8938569447702468e+55 1.9500493913149493e+55 1.9985614683241611e+55 2.037658599168069e+55 2.0732023420309588e+55 2.0966818368016205e+55 2.1269880242137458e+55 
