# time_axis
5.999999999999999 7.0 7.30102999566398 7.477121254719661 7.602059991327962 7.698970004336018 7.778151250383643 7.845098040014256 7.903089986991943 7.954242509439324 8.0 8.041392685158224 8.079181246047623 8.113943352306837 8.146128035678238 8.176091259055681 8.301029995663981 8.47712125471966 8.60205999132796 8.698970004336019 8.778151250383644 8.845098040014257 8.903089986991942 8.954242509439323 8.999999999999998 9.004321373782641 9.008600171761916 9.012837224705171 9.017033339298779 9.021189299069936 9.02530586526477 9.02938377768521 9.033423755486949 9.041392685158224 9.079181246047623 9.146128035678236 9.204119982655923 9.255272505103305 9.301029995663981 9.361727836017593 9.414973347970816 9.462397997898954 9.477121254719663 9.505149978319904 9.544068044350274 9.57978359661681 9.60205999132796 9.612783856719734 9.653212513775342 9.698970004336017 9.778151250383642 9.845098040014257 9.903089986991944 9.954242509439325 10.0 10.041392685158225 10.079181246047623 10.113943352306835 10.146128035678236 
# total_gas_mass_list
9.256561334612494 9.272376557608982 8.44855130358066 7.625613810543647 6.806638485088411 6.009552369032184 5.3334686069585215 4.981020295218821 4.853454614458449 4.796241085134361 4.75756520510643 4.726225820490108 4.698576059241566 4.674172794729505 4.651356640996956 4.631973116090418 5.309800844871257 5.668461967895192 5.8342258133554985 5.940193229768835 6.015662477571011 6.073295106604027 6.119845128279264 6.158415636985477 6.191570963868355 6.194483521936627 6.197520264874081 6.200290559649944 6.203224880594945 6.206248216952008 6.209159618969352 6.212024375331318 6.214764987299909 6.220023341569625 6.245228841205577 6.288003212029131 6.323739001421034 6.353931081632155 6.3799113352451435 6.413420213752753 6.441992215514073 6.466718098947569 6.474557638349688 6.488330302803265 6.507946660413863 6.525530492176813 6.536266929276588 6.541305786156463 6.560936281366702 6.582049526003135 6.618823939545584 6.647277105176797 6.668053929809246 6.684276794087416 6.697801439510085 6.708467353536989 6.717943544594436 6.724061829745714 6.731748892868235 
# ejected_gas_mass_list
-10.0 -10.0 4.732343668025356 5.171226169469636 5.343793521199809 5.450126310884162 5.5366784100385855 5.610119439283965 5.6669798384752035 5.712937200518948 5.751418601718552 5.784500571695828 5.813451039693122 5.839187034282879 5.862287337127154 5.883316393811193 5.966432939682938 6.074678186481243 6.1474394318854655 6.202186181626617 6.245083750258396 6.279982964101202 6.309486865882297 6.334798734242334 6.357166442370232 6.3591577583036 6.361238471769706 6.363140610739585 6.365159514913583 6.3672441097763235 6.369255779024923 6.37123928069177 6.373140589543022 6.376798858666345 6.39452004421859 6.425279909650287 6.451617835899906 6.47430624805624 6.494138375491283 6.520124247423203 6.54263030022144 6.5623561211859585 6.568657328638751 6.579781024042811 6.595740137180769 6.61015838723205 6.619013144604788 6.623182045340415 6.639502100938409 6.657191529909162 6.688327313543426 6.712688254790611 6.730619133222341 6.744700324390717 6.756491933798707 6.7658239841935295 6.774138936815474 6.779519207713961 6.786291902772017 
# stellar_mass_list
-10.0 6.955531338948513 7.191176669256828 7.122883565937293 7.09068697665674 7.068336081827901 7.051247690293657 7.037375794373103 7.025761369391104 7.015380367108158 7.006288192066843 6.99798545702458 6.990372251053265 6.983326097372457 6.976760333487741 6.970576240499982 6.943940886218232 6.90324949675351 6.871272139337984 6.844083942722402 6.820638733572704 6.799990963702352 6.781363843524444 6.764321652468535 6.748526125947212 6.747045818647731 6.745584225401744 6.744095424625811 6.742612665308489 6.741136239167219 6.739634148961396 6.738135212886636 6.736694827374015 6.733928471580544 6.720144580842501 6.694646166428785 6.671342315391685 6.649799187178781 6.629740807200124 6.601808042021339 6.575639187856873 6.5510349712341585 6.542765864004626 6.527621679141605 6.504889686630205 6.483335928646783 6.469234095151698 6.462598095975254 6.434726532406867 6.402386655844095 6.338026926357108 6.279117430568985 6.229899075275028 6.186531602746917 6.146915094749987 6.114221218398206 6.082470158461853 6.0546973022736505 6.029913544973264 
# remnant_mass_list
-10.0 -10.0 5.71982308641644 6.092607918653698 6.182952559709461 6.230043522225125 6.259842633554147 6.280524674380891 6.297083965547822 6.31094088337545 6.322875957922779 6.3333850537240055 6.3427495178059035 6.351205526697391 6.358903742345919 6.365985705463249 6.3947709320213 6.433966860903678 6.461312074060505 6.482377051446319 6.499081340416406 6.512773360972131 6.524393011355362 6.534399862656183 6.543267841710132 6.544085339455234 6.5448593715724925 6.545651441848435 6.546452068816293 6.547251967749062 6.548056851910542 6.548851798678841 6.549608042667841 6.551064118885316 6.558112499600784 6.570415895174403 6.580883697839438 6.58994706069168 6.597890941087464 6.6082374257438925 6.617225655947823 6.625092700065799 6.627649062915519 6.632119917318273 6.6385387306359185 6.6442588591453795 6.647839698138554 6.649466575058577 6.6560494294734465 6.663073729490518 6.6754726153645185 6.685114014944663 6.692024149029045 6.697399431754359 6.7018049085458555 6.705045678100783 6.707961381920954 6.710284630101881 6.71218727933045 
# BH_mass_list
-10.0 -10.0 5.522040446212103 5.834028953409807 5.8422327988465526 5.842533485874148 5.84253774038926 5.84253774038926 5.84253774038926 5.84253774038926 5.84253774038926 5.84253774038926 5.84253774038926 5.84253774038926 5.84253774038926 5.84253774038926 5.84253774038926 5.84253774038926 5.84253774038926 5.84253774038926 5.84253774038926 5.84253774038926 5.84253774038926 5.84253774038926 5.84253774038926 5.84253774038926 5.84253774038926 5.84253774038926 5.84253774038926 5.84253774038926 5.84253774038926 5.84253774038926 5.84253774038926 5.84253774038926 5.84253774038926 5.84253774038926 5.84253774038926 5.84253774038926 5.84253774038926 5.84253774038926 5.84253774038926 5.84253774038926 5.84253774038926 5.84253774038926 5.84253774038926 5.84253774038926 5.84253774038926 5.84253774038926 5.84253774038926 5.84253774038926 5.84253774038926 5.84253774038926 5.84253774038926 5.84253774038926 5.84253774038926 5.84253774038926 5.84253774038926 5.84253774038926 5.84253774038926 
# NS_mass_list
-10.0 -10.0 5.283082179038384 5.744523387001684 5.918286906370029 5.999275653756546 6.0301085870716955 6.0334858154510265 6.033831478263453 6.03386050168559 6.0338665890257515 6.033866702365361 6.0338667031158435 6.0338667031158435 6.0338667031158435 6.0338667031158435 6.0338667031158435 6.0338667031158435 6.0338667031158435 6.0338667031158435 6.0338667031158435 6.0338667031158435 6.0338667031158435 6.0338667031158435 6.0338667031158435 6.0338667031158435 6.0338667031158435 6.0338667031158435 6.0338667031158435 6.0338667031158435 6.0338667031158435 6.0338667031158435 6.0338667031158435 6.0338667031158435 6.0338667031158435 6.0338667031158435 6.0338667031158435 6.0338667031158435 6.0338667031158435 6.0338667031158435 6.0338667031158435 6.0338667031158435 6.0338667031158435 6.0338667031158435 6.0338667031158435 6.0338667031158435 6.0338667031158435 6.0338667031158435 6.0338667031158435 6.0338667031158435 6.0338667031158435 6.0338667031158435 6.0338667031158435 6.0338667031158435 6.0338667031158435 6.0338667031158435 6.0338667031158435 6.0338667031158435 6.0338667031158435 
# WD_mass_list
-10.0 -10.0 -10.0 -10.0 -10.0 3.623427023052952 4.710700549489139 5.119666045036909 5.311775775064423 5.430065413577353 5.513471213174372 5.57715132518034 5.6280503260783235 5.670205549527653 5.70595327266737 5.73693233865642 5.84808821369849 5.972778656875021 6.047574796942934 6.100211559349468 6.139440820940822 6.170167671967271 6.19534288292081 6.2164184945693615 6.234661407098698 6.2363235580805405 6.23789436279937 6.239498798640467 6.2411175256669855 6.242731744136597 6.244352976411614 6.245951209420571 6.2474688944083985 6.2503835908781245 6.264356715882517 6.2882323270215235 6.308062687159914 6.324897387878547 6.339411257558996 6.35799490918887 6.3738606928203945 6.387546025953401 6.391954031305976 6.399618552103817 6.410525533336069 6.42015184986475 6.426134432798305 6.428841626653924 6.439727925793157 6.451227426981252 6.471244302070248 6.48657320307738 6.497438533623902 6.505823056130563 6.5126520219136745 6.517651449903589 6.522132233641471 6.5256910556678855 6.52859808657726 
