# time_axis
5.999999999999999 7.0 7.30102999566398 7.477121254719661 7.602059991327962 7.698970004336018 7.778151250383643 7.845098040014256 7.903089986991943 7.954242509439324 8.0 8.041392685158224 8.079181246047623 8.113943352306837 8.146128035678238 8.176091259055681 8.301029995663981 8.47712125471966 8.60205999132796 8.698970004336019 8.778151250383644 8.845098040014257 8.903089986991942 8.954242509439323 8.999999999999998 9.004321373782641 9.008600171761916 9.012837224705171 9.017033339298779 9.021189299069936 9.02530586526477 9.02938377768521 9.033423755486949 9.041392685158224 9.079181246047623 9.146128035678236 9.204119982655923 9.255272505103305 9.301029995663981 9.361727836017593 9.414973347970816 9.462397997898954 9.477121254719663 9.505149978319904 9.544068044350274 9.57978359661681 9.60205999132796 9.612783856719734 9.653212513775342 9.698970004336017 9.778151250383642 9.845098040014257 9.903089986991944 9.954242509439325 10.0 10.041392685158225 10.079181246047623 10.113943352306835 10.146128035678236 
# total_gas_mass_list
9.734045203312506 10.756437611369554 10.401447034497394 10.004811499191288 9.607018476630364 9.209312685441098 8.811836628115291 8.415043624531682 8.019788291161726 7.627951814619292 7.243621195441036 6.875195572824153 6.538213314879012 6.254854890611887 6.044239351670876 5.905597407766193 6.368252288160174 6.660638250501175 6.797154430700794 6.8841707005377355 6.946472358606758 6.9940413717022105 7.032144999510087 7.0637644386353475 7.090486327240687 7.092921333216798 7.095279885079753 7.097641835814226 7.1000280426835305 7.102344847755101 7.104631463025162 7.106967689899889 7.1092440389561045 7.113569774280391 7.133789179671337 7.16795008453176 7.19545947559792 7.218710012904765 7.2384848179131 7.262941410063156 7.283447699608165 7.300711030145884 7.306129337028713 7.31587387447457 7.328873100708718 7.340123043871104 7.346790140772714 7.3498069714791985 7.361417782168582 7.373348793182927 7.392622874414618 7.406805000384686 7.418069828226636 7.427380186955554 7.435428256938338 7.441737477521414 7.44788246010153 7.452942892710471 7.45759921301229 
# ejected_gas_mass_list
-10.0 -10.0 4.758447538826859 5.996886114897514 6.316733439824606 6.468955823134091 6.5606714593719 6.635713219157916 6.6961181924024205 6.74505850507879 6.785358820290721 6.819104246914481 6.8479134562969355 6.872886863695749 6.894895611338153 6.914459930806916 6.988665493568319 7.07864455855947 7.1359572766899015 7.1780138595801946 7.210799499444418 7.2373252809115005 7.259494070090851 7.278503596422181 7.2949960443481485 7.296518158090571 7.297995528922736 7.299478030758602 7.3009788035376655 7.302438852509673 7.30388269820055 7.305360761984659 7.3068037501307534 7.309553475412626 7.322537973871573 7.344961956364492 7.363455361711322 7.379382088851606 7.393137363392171 7.410410214351098 7.425111003227955 7.4376378868516735 7.441597632908989 7.448752343077446 7.458362728490843 7.466739997219059 7.471730679200672 7.473995255250544 7.482747293987983 7.491800294276494 7.506550527087257 7.5175011102892 7.526256749606665 7.5335312083102455 7.539846732216223 7.544815274907428 7.549669163099956 7.553677166422843 7.557373654068022 
# stellar_mass_list
-10.0 7.21116645803217 8.259883503721534 8.185210686023074 8.132388308153438 8.10125159726565 8.077934093588487 8.058579534951619 8.041997823335029 8.027612829461484 8.015025061551054 8.003854184861092 7.993845584756771 7.9847558030521375 7.976449886340825 7.968792452916918 7.937100237374602 7.8921424121886306 7.858841752688486 7.831716121181633 7.8086545800326 7.788514770657525 7.770538259917762 7.754227085834109 7.739234678836146 7.737797612281632 7.73639635931821 7.735010957296259 7.733619364952852 7.732239279995486 7.730846716959219 7.729445315830104 7.72805589372146 7.725397973695242 7.712498819485573 7.68879534174811 7.667459091364724 7.647769502216219 7.6296655465390275 7.604742237348356 7.581647544061742 7.560152539597438 7.553017149632773 7.539894939809375 7.520427768353899 7.502244293568393 7.490332830879563 7.484807153288191 7.461684978855424 7.435380166392509 7.384201866708548 7.338393546495695 7.299926974471124 7.265864974766938 7.234629666808201 7.208644020559848 7.183311348716768 7.161010130519072 7.141006579724629 
# remnant_mass_list
-10.0 -10.0 6.007141397886268 7.292581912653078 7.464602595512533 7.531479707315033 7.566292411905417 7.587042694540432 7.601276671916657 7.612066880777796 7.620776240514562 7.628093577665174 7.6344091187710825 7.639964192510075 7.644923781068276 7.649399580309951 7.6669511553458385 7.689581061043314 7.704747537025999 7.7161960813757915 7.7253310575324 7.732881454265991 7.73930473792246 7.744872129377739 7.749803988572339 7.750262222087981 7.750709881589572 7.751151787975158 7.751588953855315 7.752030071104339 7.752470535815953 7.752914555353978 7.753351127030949 7.754178483961954 7.758124683310466 7.765050241476501 7.770942922642344 7.776111091089139 7.780639249435636 7.7865468174363635 7.791708920089672 7.796259779096376 7.797726458102278 7.800331416049758 7.804071588418493 7.807392980741378 7.809495832813943 7.810445002133615 7.814315089961317 7.818436033743755 7.825774406614013 7.831577446648103 7.835906536775831 7.839389045261524 7.842324495662491 7.844545366232546 7.846591898849566 7.848261109062774 7.8496548295656865 
# BH_mass_list
-10.0 -10.0 5.817056927816142 7.147726108176078 7.261151787710771 7.286895148448237 7.293389344096948 7.295054941497304 7.295471819894072 7.2955596996981615 7.295575375973876 7.295577281422057 7.29557742040962 7.295577426409781 7.295577426409781 7.295577426409781 7.295577426409781 7.295577426409781 7.295577426409781 7.295577426409781 7.295577426409781 7.295577426409781 7.295577426409781 7.295577426409781 7.295577426409781 7.295577426409781 7.295577426409781 7.295577426409781 7.295577426409781 7.295577426409781 7.295577426409781 7.295577426409781 7.295577426409781 7.295577426409781 7.295577426409781 7.295577426409781 7.295577426409781 7.295577426409781 7.295577426409781 7.295577426409781 7.295577426409781 7.295577426409781 7.295577426409781 7.295577426409781 7.295577426409781 7.295577426409781 7.295577426409781 7.295577426409781 7.295577426409781 7.295577426409781 7.295577426409781 7.295577426409781 7.295577426409781 7.295577426409781 7.295577426409781 7.295577426409781 7.295577426409781 7.295577426409781 7.295577426409781 
# NS_mass_list
-10.0 -10.0 5.556722522687618 6.745316888953235 7.037516275402094 7.165333965497679 7.231481095529308 7.256813499368677 7.266064062701233 7.269347699579363 7.270485119415317 7.270863741263465 7.270982981604344 7.271017243470539 7.271028471978439 7.271031876968438 7.271033002104009 7.271033002104009 7.271033002104009 7.271033002104009 7.271033002104009 7.271033002104009 7.271033002104009 7.271033002104009 7.271033002104009 7.271033002104009 7.271033002104009 7.271033002104009 7.271033002104009 7.271033002104009 7.271033002104009 7.271033002104009 7.271033002104009 7.271033002104009 7.271033002104009 7.271033002104009 7.271033002104009 7.271033002104009 7.271033002104009 7.271033002104009 7.271033002104009 7.271033002104009 7.271033002104009 7.271033002104009 7.271033002104009 7.271033002104009 7.271033002104009 7.271033002104009 7.271033002104009 7.271033002104009 7.271033002104009 7.271033002104009 7.271033002104009 7.271033002104009 7.271033002104009 7.271033002104009 7.271033002104009 7.271033002104009 7.271033002104009 
# WD_mass_list
-10.0 -10.0 -10.0 -10.0 -10.0 3.8748750104522105 5.16443729833718 5.929312171401749 6.23788921556567 6.413263093211839 6.527559677814962 6.60881492008066 6.670218216391995 6.718748804009667 6.758442970950054 6.791761548751151 6.904749001528051 7.021808191902343 7.088275122125568 7.133775075609 7.1677084285096395 7.194375260784263 7.216179021376085 7.234476171456638 7.25025096268661 7.251696887964858 7.25310628094121 7.254494508147133 7.255864874783332 7.2572446509088016 7.258619418312316 7.260002295475546 7.2613590696153505 7.263922469618913 7.276010391619826 7.296695269706017 7.3137969463128565 7.328443167629974 7.341019449429571 7.357086180711583 7.3708260572708815 7.382719115910956 7.386509756301304 7.393192806731827 7.402680252283882 7.411001833076321 7.416221457979122 7.418565256692157 7.428044826756867 7.438006645241857 7.4554233528165135 7.4689175423725205 7.478831712333283 7.4867159794237965 7.493300436582956 7.498245629901008 7.50277539025535 7.506450948751959 7.509506953309586 
