# time_axis
1000000 10000000 20000000 30000000 40000000 50000000 60000000 70000000 80000000 90000000 100000000 110000000 120000000 130000000 140000000 150000000 200000000 300000000 400000000 500000000 600000000 700000000 800000000 900000000 1000000000 1010000000 1020000000 1030000000 1040000000 1050000000 1060000000 1070000000 1080000000 1100000000 1200000000 1400000000 1600000000 1800000000 2000000000 2300000000 2600000000 2900000000 3000000000 3200000000 3500000000 3800000000 4000000000 4100000000 4500000000 5000000000 6000000000 7000000000 8000000000 9000000000 10000000000 11000000000 12000000000 13000000000 14000000000 
# SNIa_energy_release_list
0 0.0 0.0 0.0 0.0 0.0 9.900634028842265e+54 4.5747289295595053e+55 8.859109140644232e+55 1.3097451424087573e+56 1.7031275686730977e+56 2.060149203971496e+56 2.38245375753525e+56 2.674052548306735e+56 2.9392665532938906e+56 3.181999684327579e+56 4.155576177736126e+56 5.451419433704791e+56 6.33643248831266e+56 7.009690260981336e+56 7.5533171436742415e+56 8.00922594794483e+56 8.401888077172166e+56 8.746720531583395e+56 9.054138642509594e+56 9.083115652256194e+56 9.111816747866808e+56 9.140222905228873e+56 9.168348173006232e+56 9.196199767041582e+56 9.223773011890977e+56 9.251078276380374e+56 9.278125713629504e+56 9.33146491778966e+56 9.58408249697573e+56 1.0030397386990805e+57 1.0415916762926648e+57 1.0755244502470846e+57 1.1058303201355124e+57 1.14596663199768e+57 1.181119841306865e+57 1.2123920145481775e+57 1.2221021021163473e+57 1.2405562015252706e+57 1.2661727580225726e+57 1.2896692533799115e+57 1.3043165291561526e+57 1.3113656562479823e+57 1.3379345710776269e+57 1.3679826618347833e+57 1.4199468085419979e+57 1.4638466669772185e+57 1.501852277207687e+57 1.5353706819782822e+57 1.565327531972175e+57 1.5924313455574118e+57 1.6171680650863616e+57 1.639918927079523e+57 1.6609794204566434e+57 
# SNII_energy_release_list
0 0.0 1.2771253371092896e+55 6.184618934514725e+55 1.2691221803971478e+56 1.9146746714392876e+56 2.4224659437954574e+56 2.6662386037418417e+56 2.7832746917207985e+56 2.8394781855943114e+56 2.8664764994266912e+56 2.8794480317230906e+56 2.88567992173829e+56 2.888694286892843e+56 2.8901685452106616e+56 2.890895150946652e+56 2.8915693272052216e+56 2.8915693272052216e+56 2.8915693272052216e+56 2.8915693272052216e+56 2.8915693272052216e+56 2.8915693272052216e+56 2.8915693272052216e+56 2.8915693272052216e+56 2.8915693272052216e+56 2.8915693272052216e+56 2.8915693272052216e+56 2.8915693272052216e+56 2.8915693272052216e+56 2.8915693272052216e+56 2.8915693272052216e+56 2.8915693272052216e+56 2.8915693272052216e+56 2.8915693272052216e+56 2.8915693272052216e+56 2.8915693272052216e+56 2.8915693272052216e+56 2.8915693272052216e+56 2.8915693272052216e+56 2.8915693272052216e+56 2.8915693272052216e+56 2.8915693272052216e+56 2.8915693272052216e+56 2.8915693272052216e+56 2.8915693272052216e+56 2.8915693272052216e+56 2.8915693272052216e+56 2.8915693272052216e+56 2.8915693272052216e+56 2.8915693272052216e+56 2.8915693272052216e+56 2.8915693272052216e+56 2.8915693272052216e+56 2.8915693272052216e+56 2.8915693272052216e+56 2.8915693272052216e+56 2.8915693272052216e+56 2.8915693272052216e+56 2.8915693272052216e+56 
# SN_energy_per_current_crossing_time_list
0.0 0.0 2.930890828180968e+55 1.0004963306056518e+56 1.2805985105880361e+56 1.2598616947658444e+56 9.998167045291386e+55 5.054754836504858e+55 2.632946177754355e+55 1.4357666489460572e+55 8.3675895723039e+54 5.314598172620036e+54 3.713654863146684e+54 2.8423427242267782e+54 2.337913999108804e+54 2.0211187693043085e+54 1.557731770523522e+54 1.0454600130424412e+54 7.2829602634803304e+53 5.630083335012205e+53 4.608366614192649e+53 3.910766440927026e+53 3.4038677969624006e+53 3.01771850565983e+53 2.7137817016613944e+53 2.560085826460392e+53 2.5377472480487934e+53 2.51367461687005e+53 2.490806448067087e+53 2.468545776478867e+53 2.445841275152567e+53 2.424023603033276e+53 2.403037319275535e+53 2.373064659460747e+53 2.264454218236506e+53 2.0273608803439974e+53 1.7720130802348706e+53 1.5763724016149481e+53 1.4214240492126085e+53 1.2711057881080316e+53 1.1260264822755615e+53 1.0119563156400775e+53 9.457789374766863e+52 9.040613852458025e+52 8.437757169644373e+52 7.797972467931006e+52 7.326103772749871e+52 7.066592444380238e+52 6.71609024464441e+52 6.132048371926869e+52 5.386955185363217e+52 4.6102514221682746e+52 4.037086450899674e+52 3.598337854431718e+52 3.248742752249839e+52 2.9650622377355776e+52 2.729833481442877e+52 2.530887185385968e+52 2.360078975188215e+52 
# SN_energy_per_final_crossing_time_list
0.0 0.0 3.8164558988174345e+55 1.466514863029768e+56 1.9443794732478672e+56 1.9291157577458904e+56 1.5285363463998752e+56 7.686405316719652e+55 3.977525612143398e+55 2.1544955045972583e+55 1.2476271513777107e+55 7.87715800107009e+54 5.474092728238783e+54 4.1684995450857084e+54 3.412593803745387e+54 2.937246527313356e+54 2.2223097531018738e+54 1.452146618214376e+54 9.917624746703683e+53 7.544654750983271e+53 6.091986323475645e+53 5.109000840080815e+53 4.400246560932253e+53 3.864258120859739e+53 3.4449858661774016e+53 3.247218868151406e+53 3.216299404888031e+53 3.183248063358932e+53 3.1517710418406814e+53 3.121102641390054e+53 3.089910301791272e+53 3.0598799125658796e+53 3.0309873012638746e+53 2.988646373033716e+53 2.8308806765548003e+53 2.50074480539557e+53 2.1601017539844222e+53 1.9012856191356797e+53 1.6980667325242192e+53 1.499250501421588e+53 1.3131118490498823e+53 1.1681397526904887e+53 1.0881308954409926e+53 1.0340007530010866e+53 9.56880026873514e+52 8.776873312902762e+52 8.207008018351058e+52 7.899385994883816e+52 7.443407920245233e+52 6.734492489863127e+52 5.82320119055372e+52 4.919501696919407e+52 4.25898102375777e+52 3.75613623880579e+52 3.3570216313289643e+52 3.0373049407966095e+52 2.7720438752316673e+52 2.5495048998141135e+52 2.360078975188215e+52 
# total_energy_release_list
0 0 1.2771253371092896e+55 6.184618934514725e+55 1.2691221803971478e+56 1.9146746714392876e+56 2.52147228408388e+56 3.1237114966977923e+56 3.6691856057852214e+56 4.149223328003068e+56 4.569604068099789e+56 4.939597235694587e+56 5.26813367927354e+56 5.562746835199578e+56 5.829435098504552e+56 6.0728948352742315e+56 7.047145504941348e+56 8.342988760910013e+56 9.228001815517881e+56 9.901259588186558e+56 1.0444886470879463e+57 1.090079527515005e+57 1.1293457404377387e+57 1.1638289858788617e+57 1.1945707969714815e+57 1.1974684979461415e+57 1.200338607507203e+57 1.2031792232434094e+57 1.2059917500211453e+57 1.2087769094246803e+57 1.2115342339096198e+57 1.2142647603585595e+57 1.2169695040834725e+57 1.2223034244994881e+57 1.247565182418095e+57 1.2921966714196027e+57 1.3307486090131869e+57 1.3646813829676067e+57 1.3949872528560345e+57 1.4351235647182021e+57 1.4702767740273871e+57 1.5015489472686997e+57 1.5112590348368695e+57 1.5297131342457927e+57 1.5553296907430947e+57 1.5788261861004338e+57 1.5934734618766748e+57 1.6005225889685044e+57 1.6270915037981492e+57 1.6571395945553056e+57 1.70910374126252e+57 1.7530035996977406e+57 1.791009209928209e+57 1.8245276146988045e+57 1.854484464692697e+57 1.881588278277934e+57 1.9063249978068837e+57 1.929075859800045e+57 1.9501363531771655e+57 
# binding_energy_list
8.85115609830841e+54 8.85115609830841e+54 8.85115609830841e+54 8.830799004185586e+54 8.810488730080146e+54 8.790225168308896e+54 8.790225168308896e+54 8.770008211436303e+54 8.749837752274363e+54 8.729713683881166e+54 8.709635899560761e+54 8.709635899560761e+54 8.68960429286302e+54 8.669618757582214e+54 8.669618757582214e+54 8.649679187756885e+54 8.609937521846052e+54 8.531001140175843e+54 8.472274141405911e+54 8.413951416451895e+54 8.375292821268861e+54 8.336811846196331e+54 8.298507675144166e+54 8.260379495771817e+54 8.241381150129963e+54 8.241381150129963e+54 8.222426499470695e+54 8.222426499470695e+54 8.222426499470695e+54 8.222426499470695e+54 8.222426499470695e+54 8.222426499470695e+54 8.222426499470695e+54 8.20351544329821e+54 8.184647881347836e+54 8.128305161640929e+54 8.090958991783846e+54 8.053784411990643e+54 8.016780633876855e+54 7.979946872679785e+54 7.94328234724279e+54 7.90678627999831e+54 7.888601176185516e+54 7.870457896951001e+54 7.852356346100775e+54 7.816278045883308e+54 7.798301105232642e+54 7.798301105232642e+54 7.762471166286928e+54 7.744617978025239e+54 7.691304402866145e+54 7.655966069112569e+54 7.620790100254084e+54 7.585775750291883e+54 7.550922276654341e+54 7.516228940182015e+54 7.498942093324558e+54 7.464487584100623e+54 7.447319739059888e+54 
# total_gas_kinetic_energy_list
1.5237098334911527e+59 4.270862103498616e+59 2.0502408847570315e+59 9.84166388344479e+58 4.724777825525916e+58 2.2687188314429691e+58 1.0897939801129072e+58 5.2389107009360056e+57 2.522333953290168e+57 1.2181025837764913e+57 5.91710760032644e+56 2.906494915522377e+56 1.457600068809071e+56 7.586492046505866e+55 4.2002161859339466e+55 2.546424385489636e+55 4.864443328493815e+55 8.463693233462806e+55 1.1255158132363684e+56 1.3521546862169036e+56 1.5439587561595108e+56 1.7108447404334103e+56 1.8612858133691252e+56 1.9986347260036167e+56 2.1259581431635125e+56 2.1380209309068298e+56 2.14989224669388e+56 2.1616942027688744e+56 2.173506334005408e+56 2.185364392001561e+56 2.1972804302956404e+56 2.209234697557891e+56 2.2209900712368765e+56 2.2435130419069204e+56 2.353506705428677e+56 2.554596526966886e+56 2.7335021218462653e+56 2.8958618033089676e+56 3.042794474394565e+56 3.2381094012313763e+56 3.411768458408029e+56 3.5668774953957814e+56 3.617400350770128e+56 3.7074845188169854e+56 3.835820982044248e+56 3.948114302814568e+56 4.0176479447391555e+56 4.049014330732839e+56 4.173590510799295e+56 4.303477914931049e+56 4.523088241532839e+56 4.698670450838723e+56 4.855070445412136e+56 5.0014576384556765e+56 5.142700720083146e+56 5.264794574522261e+56 5.387677929413153e+56 5.501387663509235e+56 5.605602532252407e+56 
