# time_axis
5.999999999999999 7.0 7.30102999566398 7.477121254719661 7.602059991327962 7.698970004336018 7.778151250383643 7.845098040014256 7.903089986991943 7.954242509439324 8.0 8.041392685158224 8.079181246047623 8.113943352306837 8.146128035678238 8.176091259055681 8.301029995663981 8.47712125471966 8.60205999132796 8.698970004336019 8.778151250383644 8.845098040014257 8.903089986991942 8.954242509439323 8.999999999999998 9.004321373782641 9.008600171761916 9.012837224705171 9.017033339298779 9.021189299069936 9.02530586526477 9.02938377768521 9.033423755486949 9.041392685158224 9.079181246047623 9.146128035678236 9.204119982655923 9.255272505103305 9.301029995663981 9.361727836017593 9.414973347970816 9.462397997898954 9.477121254719663 9.505149978319904 9.544068044350274 9.57978359661681 9.60205999132796 9.612783856719734 9.653212513775342 9.698970004336017 9.778151250383642 9.845098040014257 9.903089986991944 9.954242509439325 10.0 10.041392685158225 10.079181246047623 10.113943352306835 10.146128035678236 
# total_gas_mass_list
10.425925345093205 10.873638747159266 10.554928375610404 10.236195569451459 9.917522556706308 9.598942605784291 9.280528557701569 8.962450330798358 8.64503132214335 8.328905107091183 8.01525030206236 7.706266319093552 7.405960135590465 7.121179867072458 6.862285954424448 6.6417476004905724 6.915457504467466 7.149177778578283 7.270801236897646 7.351521089226079 7.4109159922437025 7.457169580675744 7.494850612998225 7.526400794390073 7.553576454048188 7.556059141287407 7.558485731537207 7.560883758254922 7.563269657805098 7.565650547938948 7.568028570524038 7.570399850868827 7.572716881768202 7.57712345545475 7.597973377624682 7.633449679821793 7.662487965898253 7.687037023373642 7.707988719021418 7.73424632033241 7.756273996777669 7.7749737389739 7.780908096622913 7.791202632176336 7.805467125495179 7.817552238115516 7.824857717979592 7.828113205754234 7.840771733057894 7.853557532958554 7.874244764743271 7.89002631580378 7.903608501498456 7.915938256412518 7.927502055102183 7.937260282743025 7.9468356092785495 7.955549474345662 7.963368301854937 
# ejected_gas_mass_list
-10.0 -10.0 5.3694362956859685 6.101621038042712 6.4618612081772016 6.656215010347065 6.781388374175276 6.873957523429227 6.946509348212594 7.00560729284449 7.054615207750716 7.095925748265762 7.131331569180546 7.162140622264439 7.189309598855071 7.213535798946805 7.305330150022647 7.416084024967211 7.486050246871754 7.536983424087473 7.576642472047165 7.608749390606356 7.635664290230544 7.658704567577603 7.678906589469759 7.68076825922897 7.682590432974668 7.684393645696966 7.68619018690607 7.6879853830549285 7.6897808303489255 7.691573582024747 7.693327623301084 7.69666975306819 7.71259326025701 7.740094616849321 7.762973582195818 7.782564256957129 7.799458372712647 7.8208498463804474 7.83897703413728 7.854491459551894 7.859438559170398 7.868046958819849 7.880029767116348 7.890230567412134 7.8964182887197865 7.899180788655541 7.909951974347056 7.920878486068854 7.938655037283524 7.952295094866983 7.964087439486435 7.974834027367543 7.984948251046241 7.993509269983468 8.001932576511699 8.009617331711205 8.016528143508616 
# stellar_mass_list
-10.0 8.141928688728004 8.706830663333895 8.804675071060096 8.832488825183384 8.838123323905402 8.83569459876201 8.83048965081402 8.824611003563506 8.818871650749983 8.813548465383588 8.80869590073244 8.804286818250741 8.80026860929972 8.796586427847588 8.793191524403111 8.779260873108186 8.759985211971049 8.746242431256196 8.735444978198286 8.726489237666765 8.718817722339786 8.712071854294408 8.70604896257162 8.700567884243146 8.700052333071886 8.699547586905739 8.699046246263151 8.698545002713088 8.698042449978322 8.697537843350025 8.697032308965122 8.69653560291817 8.69558654822732 8.690987080835498 8.682686064033563 8.675365716338082 8.668764128761213 8.662814349782407 8.654814137067333 8.647604546613952 8.641082042999146 8.638949468612061 8.63510085141698 8.62948872183599 8.624376872261777 8.62110600345933 8.619604043799132 8.613446326318263 8.606683169009845 8.59427320307934 8.583642299774302 8.574346924580235 8.565806902107356 8.557701690120108 8.55078029972502 8.54384612362064 8.537605417612165 8.531889390226139 
# remnant_mass_list
-10.0 -10.0 6.538429059554639 7.170526335135792 7.40033806723158 7.5205688155885415 7.594031042028735 7.643316194813786 7.678966211155694 7.706286306545324 7.728171127120075 7.746322785596132 7.76178651967648 7.775236948510369 7.787126676813831 7.797771591198341 7.8387100352343095 7.889613682010155 7.9224117811072645 7.946407264330218 7.965240215009864 7.980660155732055 7.993711321010788 8.004983214344591 8.014945121505123 8.01586786665976 8.016768732279969 8.017661317936055 8.018551611662492 8.019442103874544 8.020334206566291 8.021225921075752 8.022099763419803 8.023762431433797 8.031712704928529 8.045617180730144 8.05742710892409 8.067734124649906 8.076755308057107 8.088504123185327 8.098736628197003 8.107715951509919 8.110598194927844 8.115728131964078 8.123061384016637 8.129587850886741 8.133690770649217 8.13555500577884 8.14308328955201 8.151128063980046 8.165331033301488 8.176945139148048 8.186706556951377 8.195371603966828 8.203341076841586 8.209948653332203 8.216405034051085 8.222072630527663 8.227148816927182 
# BH_mass_list
-10.0 -10.0 6.2681195199821165 6.848312405974491 6.979880588513845 7.031211084554759 7.053853337955998 7.064320374122912 7.0692602313834945 7.071615229447723 7.072729988968752 7.073252706602368 7.07349444289266 7.073603538541279 7.073647818230631 7.0736611637617655 7.073665952432968 7.073665952432968 7.073665952432968 7.073665952432968 7.073665952432968 7.073665952432968 7.073665952432968 7.073665952432968 7.073665952432968 7.073665952432968 7.073665952432968 7.073665952432968 7.073665952432968 7.073665952432968 7.073665952432968 7.073665952432968 7.073665952432968 7.073665952432968 7.073665952432968 7.073665952432968 7.073665952432968 7.073665952432968 7.073665952432968 7.073665952432968 7.073665952432968 7.073665952432968 7.073665952432968 7.073665952432968 7.073665952432968 7.073665952432968 7.073665952432968 7.073665952432968 7.073665952432968 7.073665952432968 7.073665952432968 7.073665952432968 7.073665952432968 7.073665952432968 7.073665952432968 7.073665952432968 7.073665952432968 7.073665952432968 7.073665952432968 
# NS_mass_list
-10.0 -10.0 6.204339006687765 6.889694847709281 7.192877446463112 7.3495322956634945 7.434531947439719 7.470096058972523 7.486188826371667 7.493710505514584 7.497274751758606 7.498971511909312 7.499778792162384 7.500163190723849 7.500345700536057 7.500429875370418 7.50049412760226 7.50049412760226 7.50049412760226 7.50049412760226 7.50049412760226 7.50049412760226 7.50049412760226 7.50049412760226 7.50049412760226 7.50049412760226 7.50049412760226 7.50049412760226 7.50049412760226 7.50049412760226 7.50049412760226 7.50049412760226 7.50049412760226 7.50049412760226 7.50049412760226 7.50049412760226 7.50049412760226 7.50049412760226 7.50049412760226 7.50049412760226 7.50049412760226 7.50049412760226 7.50049412760226 7.50049412760226 7.50049412760226 7.50049412760226 7.50049412760226 7.50049412760226 7.50049412760226 7.50049412760226 7.50049412760226 7.50049412760226 7.50049412760226 7.50049412760226 7.50049412760226 7.50049412760226 7.50049412760226 7.50049412760226 7.50049412760226 
# WD_mass_list
-10.0 -10.0 -10.0 -10.0 -10.0 4.683767272162934 5.874733686777232 6.458067866389116 6.731369736451543 6.896999331497671 7.0098535520314265 7.092535537967785 7.156265260942945 7.207289408381591 7.249366388692566 7.284888029958588 7.406038556587388 7.532096018644815 7.603493196140196 7.65208665498645 7.688427286456066 7.717147596600646 7.740797276875325 7.760774366511378 7.77810630047472 7.779696993801911 7.781247615494298 7.782781702954393 7.784309599604362 7.785835598562013 7.7873621238271085 7.7888857618701275 7.790376716913706 7.793207743224878 7.806641082255878 7.82974024601083 7.848988132554638 7.865524540444488 7.8798078959353575 7.898157306773115 7.913917129931132 7.927585241822918 7.93194159705234 7.939659009401173 7.950612418419507 7.960285148788673 7.966330514961355 7.969068453568624 7.980069649596489 7.991730034076628 8.012085476397312 8.028521895346696 8.042198235103667 8.054237102574177 8.06522836823196 8.07428417431261 8.083084088034768 8.090770223107048 8.097624300252015 
