# time_axis
1000000 10000000 20000000 30000000 40000000 50000000 60000000 70000000 80000000 90000000 100000000 110000000 120000000 130000000 140000000 150000000 200000000 300000000 400000000 500000000 600000000 700000000 800000000 900000000 1000000000 1010000000 1020000000 1030000000 1040000000 1050000000 1060000000 1070000000 1080000000 1100000000 1200000000 1400000000 1600000000 1800000000 2000000000 2300000000 2600000000 2900000000 3000000000 3200000000 3500000000 3800000000 4000000000 4100000000 4500000000 5000000000 6000000000 7000000000 8000000000 9000000000 10000000000 11000000000 12000000000 13000000000 14000000000 
# SNIa_energy_release_list
0 0.0 0.0 0.0 0.0 0.0 1.0316167116330984e+54 5.039964829688251e+55 1.7865852178690862e+56 3.0709174234321147e+56 4.235282572505848e+56 5.271458398576807e+56 6.191648095914296e+56 7.014481083429613e+56 7.757426920910837e+56 8.434480828718557e+56 1.1136147559063212e+57 1.4712771491779897e+57 1.7145177580143707e+57 1.899105541962038e+57 2.0479118736819287e+57 2.172579289703384e+57 2.279864940624349e+57 2.374023201202408e+57 2.4579261438950906e+57 2.4658308655985635e+57 2.4736584474368385e+57 2.4814121352887697e+57 2.4890848154285648e+57 2.496682878611257e+57 2.504207123815131e+57 2.5116557911529966e+57 2.5190331823775324e+57 2.5335820221102065e+57 2.6024771161356028e+57 2.7241543293106337e+57 2.8292155543914867e+57 2.921657170113499e+57 3.0042010780075417e+57 3.113491547100507e+57 3.209193304978486e+57 3.29431344757169e+57 3.320731630764969e+57 3.370961415334162e+57 3.44066662382715e+57 3.5046037241063796e+57 3.5444569189893314e+57 3.56363269658453e+57 3.635909670420558e+57 3.717651946765879e+57 3.858999847286752e+57 3.978397573048409e+57 4.081747417834469e+57 4.172888014858014e+57 4.25432516715045e+57 4.328049191128848e+57 4.39530802582978e+57 4.457164712387171e+57 4.514424989609945e+57 
# SNII_energy_release_list
0 0.0 2.2792110294898353e+53 2.724879013924465e+55 1.016786265072253e+56 1.5579365996709132e+56 1.9663115053293243e+56 2.2298731677376612e+56 2.332759479579987e+56 2.374632048742972e+56 2.3904949020875803e+56 2.3959764081862506e+56 2.3977650472136307e+56 2.3982958516004745e+56 2.398504925626911e+56 2.3985720247447225e+56 2.398595012774156e+56 2.398595012774156e+56 2.398595012774156e+56 2.398595012774156e+56 2.398595012774156e+56 2.398595012774156e+56 2.398595012774156e+56 2.398595012774156e+56 2.398595012774156e+56 2.398595012774156e+56 2.398595012774156e+56 2.398595012774156e+56 2.398595012774156e+56 2.398595012774156e+56 2.398595012774156e+56 2.398595012774156e+56 2.398595012774156e+56 2.398595012774156e+56 2.398595012774156e+56 2.398595012774156e+56 2.398595012774156e+56 2.398595012774156e+56 2.398595012774156e+56 2.398595012774156e+56 2.398595012774156e+56 2.398595012774156e+56 2.398595012774156e+56 2.398595012774156e+56 2.398595012774156e+56 2.398595012774156e+56 2.398595012774156e+56 2.398595012774156e+56 2.398595012774156e+56 2.398595012774156e+56 2.398595012774156e+56 2.398595012774156e+56 2.398595012774156e+56 2.398595012774156e+56 2.398595012774156e+56 2.398595012774156e+56 2.398595012774156e+56 2.398595012774156e+56 2.398595012774156e+56 
# SN_energy_per_current_crossing_time_list
0.0 0.0 2.5838809452535365e+53 1.887966406400721e+55 5.6314994299328e+55 4.185481688372484e+55 3.221206951627821e+55 2.263831595667374e+55 1.2329825301696805e+55 7.467719661155872e+54 5.0063864407760726e+54 3.775482560202238e+54 3.1252726417893294e+54 2.7299868265456656e+54 2.4639858128367624e+54 2.2536139904560077e+54 1.8580045737102907e+54 1.2915808328142864e+54 9.103936974483199e+53 7.110725280418042e+53 5.873389611124241e+53 5.024998224338253e+53 4.4050726472827264e+53 3.930951872016086e+53 3.5558993996021804e+53 3.3549735348432535e+53 3.3268500542577663e+53 3.30004940388136e+53 3.2700693246109676e+53 3.242713314683202e+53 3.2156304353259157e+53 3.1877331570672197e+53 3.1615689429002176e+53 3.125754264387704e+53 2.9982202863368432e+53 2.70904408617468e+53 2.3864557105234736e+53 2.1379410951877776e+53 1.940072874375224e+53 1.7495159096782496e+53 1.5611638097336918e+53 1.4123293161175868e+53 1.3221295704717523e+53 1.269585737348362e+53 1.191087674070929e+53 1.1063304686586529e+53 1.0424644410154613e+53 1.0067359537750257e+53 9.621791652535406e+52 8.838397168151041e+52 7.846332755297774e+52 6.767399201667946e+52 5.959267420036232e+52 5.332714278396264e+52 4.827857123554231e+52 4.417606422305976e+52 4.0710465853103185e+52 3.777838097058581e+52 3.5253345374209063e+52 
# SN_energy_per_final_crossing_time_list
0.0 0.0 3.741968778377026e+53 4.4362389875353075e+55 1.221976027077385e+56 8.884511483474725e+55 6.710979067441277e+55 4.631052634301821e+55 2.478818862678386e+55 1.4781793136077806e+55 9.772964212697989e+54 7.279351589674437e+54 5.9589731512239606e+54 5.1530695277730954e+54 4.6084084323820644e+54 4.179423426898546e+54 3.3274166926803196e+54 2.202014466035032e+54 1.497555654329133e+54 1.1364487241390654e+54 9.161536165081696e+53 7.675379315429927e+53 6.60523890043157e+53 5.79702691113222e+53 5.165639357891874e+53 4.8666876553075015e+53 4.819195075077917e+53 4.773700880009901e+53 4.723826988501693e+53 4.677887683155566e+53 4.6324402835220435e+53 4.585909376892575e+53 4.542026923610488e+53 4.478630708462377e+53 4.241653484869837e+53 3.745640982091345e+53 3.2341440112166977e+53 2.845669252804364e+53 2.540983937437421e+53 2.242889742484651e+53 1.964018389377447e+53 1.7468595046355959e+53 1.6264841552346257e+53 1.5462446475770705e+53 1.430509891889032e+53 1.3121351529611962e+53 1.2268177099529943e+53 1.1805921018380228e+53 1.1124662876373114e+53 1.0065227901235473e+53 8.702344097279118e+52 7.350941118910068e+52 6.362923739329735e+52 5.611238890762578e+52 5.013828425747464e+52 4.538955460476334e+52 4.1409141628042123e+52 3.808320952460609e+52 3.5253345374209063e+52 
# total_energy_release_list
0 0 2.2792110294898353e+53 2.724879013924465e+55 1.016786265072253e+56 1.5579365996709132e+56 1.976627672445655e+56 2.7338696507064865e+56 4.119344697449073e+56 5.445549472175087e+56 6.625777474593428e+56 7.667434806763058e+56 8.589413143127927e+56 9.412776935030087e+56 1.0155931846537748e+57 1.083305285346328e+57 1.3534742571837368e+57 1.7111366504554053e+57 1.9543772592917862e+57 2.1389650432394535e+57 2.287771374959344e+57 2.4124387909807995e+57 2.5197244419017645e+57 2.6138827024798234e+57 2.697785645172506e+57 2.705690366875979e+57 2.713517948714254e+57 2.721271636566185e+57 2.7289443167059802e+57 2.7365423798886724e+57 2.7440666250925465e+57 2.751515292430412e+57 2.758892683654948e+57 2.773441523387622e+57 2.8423366174130183e+57 2.964013830588049e+57 3.069075055668902e+57 3.161516671390915e+57 3.2440605792849576e+57 3.3533510483779224e+57 3.4490528062559016e+57 3.534172948849105e+57 3.560591132042385e+57 3.610820916611577e+57 3.680526125104566e+57 3.744463225383795e+57 3.784316420266747e+57 3.803492197861945e+57 3.875769171697974e+57 3.957511448043294e+57 4.098859348564167e+57 4.218257074325824e+57 4.321606919111884e+57 4.41274751613543e+57 4.494184668427866e+57 4.567908692406263e+57 4.635167527107196e+57 4.697024213664586e+57 4.7542844908873604e+57 
# binding_energy_list
3.854783576657705e+54 3.854783576657705e+54 3.854783576657705e+54 3.845917820453543e+54 3.8106582339377575e+54 3.784425847170959e+54 3.7583740428844664e+54 3.741105882720537e+54 3.7239170625456675e+54 3.7068072178257826e+54 3.6897759857015045e+54 3.6812897364253355e+54 3.672823004980827e+54 3.655947916131269e+54 3.647539469256058e+54 3.6391503612720705e+54 3.597493351557402e+54 3.531831697919584e+54 3.491403154785855e+54 3.451437393358536e+54 3.41979442513708e+54 3.3884415613920346e+54 3.365115693754915e+54 3.3419504002611496e+54 3.3189445755261096e+54 3.3189445755261096e+54 3.311311214825935e+54 3.311311214825935e+54 3.311311214825935e+54 3.311311214825935e+54 3.303695410368136e+54 3.303695410368136e+54 3.303695410368136e+54 3.2960971217745825e+54 3.280952931131177e+54 3.250872973854347e+54 3.221068791283454e+54 3.191537855100745e+54 3.1695674630434736e+54 3.140508693876217e+54 3.118889584093935e+54 3.090295432513605e+54 3.0831879502493346e+54 3.0690219883911704e+54 3.054921113215509e+54 3.0338911841942658e+54 3.026913428101317e+54 3.0199517204019945e+54 2.9991625189876288e+54 2.9853826189179692e+54 2.951209226666378e+54 2.9241523778433426e+54 2.904022654464457e+54 2.8840315031266116e+54 2.8707805820246804e+54 2.857590543374967e+54 2.84446110744792e+54 2.831391995799367e+54 2.8248799749157104e+54 
# total_gas_kinetic_energy_list
1.4698392966937008e+57 6.557371842281074e+58 1.3912033623336258e+59 4.7254520387967305e+58 2.1318826280296442e+58 9.128301100742695e+57 3.710073514719676e+57 1.4556944993035314e+57 5.583157718093776e+56 2.1158443773949644e+56 8.046269972880758e+55 3.155960727315527e+55 1.3454998471505405e+55 6.725052778142317e+54 4.169307670778241e+54 3.15298907905483e+54 1.4405647475997002e+55 3.074003740248509e+55 4.305692767854262e+55 5.290035026864235e+55 6.112666007588734e+55 6.817060177255337e+55 7.443129026554015e+55 8.011754770020429e+55 8.526863050634513e+55 8.577066490675033e+55 8.624522395205127e+55 8.673405391986006e+55 8.720680988964726e+55 8.768139496878813e+55 8.816090902003662e+55 8.864012657100165e+55 8.911413676936743e+55 9.004058678921977e+55 9.443078143539713e+55 1.0237227637778325e+56 1.0932532944156918e+56 1.1559904398633636e+56 1.2121026875608935e+56 1.2860217142948194e+56 1.3503576848137134e+56 1.4082606433375526e+56 1.426573161434714e+56 1.460683154434795e+56 1.507200829206565e+56 1.5487843170302859e+56 1.5738327439615213e+56 1.585225832561821e+56 1.6301400967332339e+56 1.6771615177963196e+56 1.7563230094147115e+56 1.816554657525994e+56 1.866341427339583e+56 1.9087353579318427e+56 1.9469362879749838e+56 1.9781314083991203e+56 2.0068792126303895e+56 2.0331361582135935e+56 2.056841621094353e+56 
