# time_axis
5.999999999999999 7.0 7.30102999566398 7.477121254719661 7.602059991327962 7.698970004336018 7.778151250383643 7.845098040014256 7.903089986991943 7.954242509439324 8.0 8.041392685158224 8.079181246047623 8.113943352306837 8.146128035678238 8.176091259055681 8.301029995663981 8.47712125471966 8.60205999132796 8.698970004336019 8.778151250383644 8.845098040014257 8.903089986991942 8.954242509439323 8.999999999999998 9.004321373782641 9.008600171761916 9.012837224705171 9.017033339298779 9.021189299069936 9.02530586526477 9.02938377768521 9.033423755486949 9.041392685158224 9.079181246047623 9.146128035678236 9.204119982655923 9.255272505103305 9.301029995663981 9.361727836017593 9.414973347970816 9.462397997898954 9.477121254719663 9.505149978319904 9.544068044350274 9.57978359661681 9.60205999132796 9.612783856719734 9.653212513775342 9.698970004336017 9.778151250383642 9.845098040014257 9.903089986991944 9.954242509439325 10.0 10.041392685158225 10.079181246047623 10.113943352306835 10.146128035678236 
# total_gas_mass_list
8.40231034070977 10.059728783226301 10.38648508767809 9.917619667100764 9.571983644360232 9.203616565082237 8.812647806199466 8.406485510739182 7.9907045276963125 7.569911259815219 7.151155036295446 6.746905822026616 6.38068502878536 6.085886166008061 5.8849914124614235 5.766640234903121 6.421978153282947 6.745138527431799 6.888458571503486 6.97824660940798 7.042206811014811 7.09083262090698 7.129610328552702 7.161804185548188 7.1889264776307655 7.1914553352432105 7.193850312633353 7.196285589124102 7.1986359010378616 7.20098868726265 7.203333925135478 7.205674920378669 7.207979831231183 7.212420393037099 7.23293728309565 7.2674621052827995 7.295373794289194 7.318832262265779 7.33872286139658 7.363506077205005 7.383950333028594 7.401459470892593 7.406840444827103 7.416708997864584 7.429776188957567 7.4410983483824715 7.44781650503207 7.450831630656876 7.462518352746095 7.474458415063627 7.49384377433724 7.508000211341327 7.519472623133303 7.529010475826659 7.537455443513911 7.544221738146471 7.550509237259691 7.556117997615149 7.561112857967918 
# ejected_gas_mass_list
-10.0 -10.0 3.8165649172191873 5.884365849406725 6.458463870276478 6.647420258243867 6.750306672452887 6.8215623327719825 6.878251431612666 6.922763650324815 6.959427562917667 6.990198627631817 7.016498714040522 7.039335811367802 7.059442270181728 7.07735796276518 7.14518438561202 7.22757716659391 7.2801710143025735 7.318868337631329 7.349234443038687 7.373894306849416 7.394533517550003 7.412321305088591 7.427763080245226 7.429223985863327 7.430610860431545 7.432024370768562 7.433391717175467 7.434763601374898 7.436134166474541 7.437505318334098 7.438858325263482 7.441473335760549 7.453697828167828 7.474791782571923 7.4923182473086865 7.507370086379496 7.520359289517713 7.536829927394113 7.550652223927251 7.562656361359367 7.566375960475508 7.573234439761521 7.582388665655008 7.590386731905042 7.595161317366805 7.5973110958002685 7.605684007939082 7.614304012902301 7.62843819658944 7.638866944639681 7.647383647914299 7.6545080784287896 7.660849043712387 7.665951638125908 7.670710618525658 7.674969950542655 7.678774188844829 
# stellar_mass_list
-10.0 6.3054003277017125 7.970734770897925 8.379858718421714 8.274046591686368 8.240459968084831 8.216123843010491 8.195252532706716 8.17730676860144 8.16185018984764 8.148380056967799 8.136570534029659 8.12607143888791 8.116644186611797 8.108102034006812 8.100276285196193 8.06843870174335 8.024239031878434 7.992135831488193 7.96632486805712 7.944507825726364 7.925524254161062 7.908665545184035 7.893391192792905 7.879429135992952 7.878066952582575 7.8767524207589785 7.875465859541632 7.874171711621699 7.872892711047098 7.871608555574805 7.870313461899628 7.869018353464578 7.866517483110363 7.854545289273299 7.832639892849149 7.813056795427725 7.795009178183166 7.778504743972635 7.755930756593829 7.735121975804978 7.715861780390388 7.709506266288158 7.697804152567879 7.680526736789182 7.664534808746319 7.654038996658374 7.649217222251706 7.629065808541749 7.606346561420966 7.562679198582474 7.524046003066824 7.491489609780459 7.462584710872652 7.4360617522698025 7.413890751363183 7.392292635492007 7.373190833191155 7.356066252231936 
# remnant_mass_list
-10.0 -10.0 4.795952191639302 6.941170939271879 7.4804165910373825 7.596337782600829 7.649847479835971 7.679948647868797 7.698687632351019 7.7120256976410575 7.722350999289903 7.730782089804303 7.737919911966487 7.744113483040666 7.749586762530592 7.754487547967061 7.773352681718593 7.797081811202572 7.812693402519322 7.824351734760078 7.833615960940475 7.841263031839758 7.847760984417614 7.85340277142365 7.858374261515306 7.8588490692397155 7.859305497958557 7.859751653395023 7.86019274489957 7.860634107147729 7.861075141489133 7.861520229030547 7.8619627401441825 7.8628096946948896 7.866794218858547 7.873781368106278 7.879705527169622 7.884919154725897 7.889475425539718 7.89540885124446 7.9005951537736046 7.905161661163215 7.906628869817278 7.909249784408525 7.9130026096516906 7.91632317354855 7.918442831986097 7.919392682662003 7.9232695624286285 7.927393606721173 7.934739451422766 7.9405860976179055 7.945045493167107 7.948699426066547 7.95182623930387 7.954238210582255 7.95647856060082 7.958343300314359 7.959917116874999 
# BH_mass_list
-10.0 -10.0 4.5411133823678815 6.789118240490495 7.308082388342962 7.368457907841902 7.3860892671023315 7.391351316348892 7.3927273142724745 7.393027647562106 7.393079439756246 7.393085655641287 7.393086166303368 7.39308622449056 7.39308622480903 7.39308622480903 7.39308622480903 7.39308622480903 7.39308622480903 7.39308622480903 7.39308622480903 7.39308622480903 7.39308622480903 7.39308622480903 7.39308622480903 7.39308622480903 7.39308622480903 7.39308622480903 7.39308622480903 7.39308622480903 7.39308622480903 7.39308622480903 7.39308622480903 7.39308622480903 7.39308622480903 7.39308622480903 7.39308622480903 7.39308622480903 7.39308622480903 7.39308622480903 7.39308622480903 7.39308622480903 7.39308622480903 7.39308622480903 7.39308622480903 7.39308622480903 7.39308622480903 7.39308622480903 7.39308622480903 7.39308622480903 7.39308622480903 7.39308622480903 7.39308622480903 7.39308622480903 7.39308622480903 7.39308622480903 7.39308622480903 7.39308622480903 7.39308622480903 
# NS_mass_list
-10.0 -10.0 4.443226943983533 6.411570309164572 6.995682288606786 7.207265931530129 7.307032265477758 7.3567342970223075 7.374680273113975 7.381635836756586 7.384178918243278 7.385028319288548 7.3852907755522565 7.3853616159428155 7.385385708479156 7.385392175686523 7.385394215637683 7.385394215637683 7.385394215637683 7.385394215637683 7.385394215637683 7.385394215637683 7.385394215637683 7.385394215637683 7.385394215637683 7.385394215637683 7.385394215637683 7.385394215637683 7.385394215637683 7.385394215637683 7.385394215637683 7.385394215637683 7.385394215637683 7.385394215637683 7.385394215637683 7.385394215637683 7.385394215637683 7.385394215637683 7.385394215637683 7.385394215637683 7.385394215637683 7.385394215637683 7.385394215637683 7.385394215637683 7.385394215637683 7.385394215637683 7.385394215637683 7.385394215637683 7.385394215637683 7.385394215637683 7.385394215637683 7.385394215637683 7.385394215637683 7.385394215637683 7.385394215637683 7.385394215637683 7.385394215637683 7.385394215637683 7.385394215637683 
# WD_mass_list
-10.0 -10.0 -10.0 -10.0 -10.0 2.9557905147377834 4.674872896256265 5.69609747890566 6.195758280384443 6.435883032619554 6.582470724141187 6.682161034095407 6.7548840187820325 6.810810427459374 6.8555699831825025 6.892541872682305 7.014117782115456 7.135543036106233 7.202945836562295 7.248571946105517 7.282469643690558 7.3090827802566025 7.330824485966285 7.349105676435457 7.364787880214774 7.366265635411711 7.367682981029826 7.369065402305511 7.370429210909763 7.371790963977979 7.373148830172967 7.37451627687865 7.375872936510568 7.378461617130142 7.390503201262041 7.411097706012864 7.428070823668341 7.442661266831484 7.455160487784569 7.471104374680708 7.484747647399314 7.496545545007864 7.500294979247917 7.506944173742112 7.516359289268889 7.52458919856979 7.529794607053915 7.532115300146934 7.541512372883956 7.551379736701186 7.568641074733998 7.5821053280464605 7.592219296002703 7.600409850397414 7.607351781089708 7.61266543905732 7.617569489971569 7.621628581717589 7.625038546372901 
