# time_axis
1000000 10000000 20000000 30000000 40000000 50000000 60000000 70000000 80000000 90000000 100000000 110000000 120000000 130000000 140000000 150000000 200000000 300000000 400000000 500000000 600000000 700000000 800000000 900000000 1000000000 1010000000 1020000000 1030000000 1040000000 1050000000 1060000000 1070000000 1080000000 1100000000 1200000000 1400000000 1600000000 1800000000 2000000000 2300000000 2600000000 2900000000 3000000000 3200000000 3500000000 3800000000 4000000000 4100000000 4500000000 5000000000 6000000000 7000000000 8000000000 9000000000 10000000000 11000000000 12000000000 13000000000 14000000000 
# SNIa_energy_release_list
0 0.0 0.0 0.0 0.0 0.0 3.876658076074556e+53 1.3153346986294434e+55 4.250766757076277e+55 6.986099709309215e+55 9.36332011127723e+55 1.1436714835090466e+56 1.3270259176335086e+56 1.4913083630764756e+56 1.640119836247107e+56 1.7761358127639767e+56 2.322070444799768e+56 3.0502152216064068e+56 3.547648312735234e+56 3.925954517524183e+56 4.231324406869979e+56 4.4873690767424e+56 4.707853053288925e+56 4.901445771447121e+56 5.0740150610105205e+56 5.090275044902552e+56 5.106379416227176e+56 5.122331677935015e+56 5.138116052304272e+56 5.153748130695733e+56 5.169228172547936e+56 5.184552476462653e+56 5.199731328317447e+56 5.229667211941704e+56 5.371443307857319e+56 5.6219022227413075e+56 5.83821876107817e+56 6.028594576681474e+56 6.198618458651487e+56 6.423767554446093e+56 6.620953510635213e+56 6.796357804916019e+56 6.850807361014808e+56 6.954319790442916e+56 7.09798096422757e+56 7.229768073775034e+56 7.311915173098279e+56 7.351440982530096e+56 7.5004323322788105e+56 7.668943202367759e+56 7.960348378937302e+56 8.206531212466997e+56 8.419624746705294e+56 8.60756285868229e+56 8.775484498402458e+56 8.927512479602926e+56 9.066212214346704e+56 9.193773101452747e+56 9.31185684915772e+56 
# SNII_energy_release_list
0 0.0 3.803109704238164e+53 1.3149363391573555e+55 5.008694854260869e+55 9.729584203485864e+55 1.4183122840172204e+56 1.68622022108453e+56 1.7304207061014623e+56 1.7382597767422724e+56 1.73966213689406e+56 1.7399160239704615e+56 1.7399818348980296e+56 1.740010102567338e+56 1.7400267352881431e+56 1.7400416670142426e+56 1.7400769761302428e+56 1.7400769761302428e+56 1.7400769761302428e+56 1.7400769761302428e+56 1.7400769761302428e+56 1.7400769761302428e+56 1.7400769761302428e+56 1.7400769761302428e+56 1.7400769761302428e+56 1.7400769761302428e+56 1.7400769761302428e+56 1.7400769761302428e+56 1.7400769761302428e+56 1.7400769761302428e+56 1.7400769761302428e+56 1.7400769761302428e+56 1.7400769761302428e+56 1.7400769761302428e+56 1.7400769761302428e+56 1.7400769761302428e+56 1.7400769761302428e+56 1.7400769761302428e+56 1.7400769761302428e+56 1.7400769761302428e+56 1.7400769761302428e+56 1.7400769761302428e+56 1.7400769761302428e+56 1.7400769761302428e+56 1.7400769761302428e+56 1.7400769761302428e+56 1.7400769761302428e+56 1.7400769761302428e+56 1.7400769761302428e+56 1.7400769761302428e+56 1.7400769761302428e+56 1.7400769761302428e+56 1.7400769761302428e+56 1.7400769761302428e+56 1.7400769761302428e+56 1.7400769761302428e+56 1.7400769761302428e+56 1.7400769761302428e+56 1.7400769761302428e+56 
# SN_energy_per_current_crossing_time_list
0.0 0.0 1.496716335846934e+54 3.215293449954243e+55 8.991817629786412e+55 1.1511521272529472e+56 1.092419856142178e+56 6.722663865014116e+55 1.367551981330924e+55 4.501941963997247e+54 2.576640629418818e+54 2.0124737830841024e+54 1.7456811145792374e+54 1.5612105076071014e+54 1.4160377981502445e+54 1.2977734960014068e+54 1.0530774534836755e+54 7.141419575865343e+53 4.950100610027711e+53 3.8111511192724653e+53 3.1095632148646125e+53 2.632374949757546e+53 2.286572509286179e+53 2.023795010617222e+53 1.817489332314619e+53 1.7137299793749525e+53 1.6984999998522527e+53 1.6836072645544098e+53 1.6670333911466557e+53 1.6520923415552334e+53 1.6371654384109967e+53 1.6218332735737e+53 1.6075671703641316e+53 1.5873362782920821e+53 1.5133106583382417e+53 1.352824702314364e+53 1.1810729279068604e+53 1.0497880417279661e+53 9.460649820319168e+52 8.454901083820674e+52 7.487547565660984e+52 6.728113200194966e+52 6.286459414840176e+52 6.011437098588278e+52 5.610526843608167e+52 5.18696775404268e+52 4.873673514506268e+52 4.700517437659625e+52 4.469949068685436e+52 4.0839869861366904e+52 3.592701181505087e+52 3.078986143689039e+52 2.699156493561091e+52 2.4087044209611045e+52 2.1765669018812152e+52 1.9897772702240974e+52 1.8331547894984433e+52 1.7010196062020484e+52 1.5875783203731438e+52 
# SN_energy_per_final_crossing_time_list
0.0 0.0 1.363492071527432e+54 4.5779646371372516e+55 1.3242874492597553e+56 1.6925347146976427e+56 1.5972052520073842e+56 9.77667202392926e+55 1.9793316654162214e+55 6.487987610370803e+54 3.698831333092894e+54 2.8786016230443628e+54 2.488705377789888e+54 2.2188317833829197e+54 2.006660751255596e+54 1.834021706419891e+54 1.4704967099317016e+54 9.789550926511224e+53 6.687744983207831e+53 5.0861421733168125e+53 4.105549031449882e+53 3.442395544153457e+53 2.964299388849584e+53 2.6027595524655783e+53 2.320109822035252e+53 2.1860754268324025e+53 2.165154077094789e+53 2.1447036819629737e+53 2.1221320491871805e+53 2.1016565987270356e+53 2.081216028511325e+53 2.060277823379763e+53 2.0407225042543202e+53 2.0123666790211344e+53 1.9061103716416827e+53 1.683648898100007e+53 1.4541351086678667e+53 1.2797549343127357e+53 1.1429440300102543e+53 1.0090065462922685e+53 8.836896276644411e+52 7.860750253181683e+52 7.320476906978459e+52 6.958370311035479e+52 6.438181076640183e+52 5.906044427184137e+52 5.522138164726666e+52 5.314052049392079e+52 5.007789839444279e+52 4.5310927083517716e+52 3.917800287996973e+52 3.309807970663723e+52 2.8649385012206593e+52 2.526736133849636e+52 2.257624439624837e+52 2.0439419626736758e+52 1.8647501980617557e+52 1.714993831353258e+52 1.5875783203731438e+52 
# total_energy_release_list
0 0 3.803109704238164e+53 1.3149363391573555e+55 5.008694854260869e+55 9.729584203485864e+55 1.422188942093295e+56 1.8177536909474743e+56 2.15549738180909e+56 2.4368697476731938e+56 2.675994148021783e+56 2.8835875074795083e+56 3.0670077525315385e+56 3.2313184656438134e+56 3.3801465715352502e+56 3.5161774797782193e+56 4.062147420930011e+56 4.79029219773665e+56 5.287725288865477e+56 5.666031493654426e+56 5.971401383000222e+56 6.227446052872644e+56 6.447930029419168e+56 6.641522747577363e+56 6.814092037140763e+56 6.8303520210327955e+56 6.8464563923574185e+56 6.862408654065258e+56 6.878193028434515e+56 6.8938251068259765e+56 6.909305148678179e+56 6.924629452592896e+56 6.939808304447689e+56 6.969744188071947e+56 7.111520283987562e+56 7.361979198871551e+56 7.578295737208412e+56 7.768671552811716e+56 7.93869543478173e+56 8.163844530576336e+56 8.361030486765457e+56 8.536434781046261e+56 8.590884337145051e+56 8.694396766573158e+56 8.838057940357812e+56 8.969845049905276e+56 9.051992149228522e+56 9.09151795866034e+56 9.240509308409053e+56 9.409020178498002e+56 9.700425355067545e+56 9.94660818859724e+56 1.0159701722835537e+57 1.0347639834812533e+57 1.0515561474532702e+57 1.066758945573317e+57 1.0806289190476948e+57 1.093385007758299e+57 1.1051933825287964e+57 
# binding_energy_list
8.669618757582214e+54 8.669618757582214e+54 8.669618757582214e+54 8.669618757582214e+54 8.649679187756885e+54 8.649679187756885e+54 8.629785477669702e+54 8.629785477669702e+54 8.629785477669702e+54 8.609937521846052e+54 8.609937521846052e+54 8.590135215053907e+54 8.590135215053907e+54 8.590135215053907e+54 8.570378452303692e+54 8.570378452303692e+54 8.531001140175843e+54 8.491804750363178e+54 8.433347577642791e+54 8.394599865193965e+54 8.375292821268861e+54 8.336811846196331e+54 8.298507675144166e+54 8.279421637123327e+54 8.260379495771817e+54 8.241381150129963e+54 8.241381150129963e+54 8.241381150129963e+54 8.241381150129963e+54 8.241381150129963e+54 8.241381150129963e+54 8.241381150129963e+54 8.241381150129963e+54 8.222426499470695e+54 8.20351544329821e+54 8.165823713585906e+54 8.128305161640929e+54 8.090958991783846e+54 8.053784411990643e+54 8.016780633876855e+54 7.979946872679785e+54 7.94328234724279e+54 7.925013304804734e+54 7.90678627999831e+54 7.888601176185516e+54 7.852356346100775e+54 7.834296427662088e+54 7.834296427662088e+54 7.798301105232642e+54 7.780365510398008e+54 7.709034690644309e+54 7.673614893618154e+54 7.638357835776954e+54 7.603262769401822e+54 7.568328950209705e+54 7.533555637337217e+54 7.498942093324558e+54 7.464487584100623e+54 7.447319739059888e+54 
# total_gas_kinetic_energy_list
7.971549577055461e+57 2.542924218847008e+59 3.863450660559057e+59 6.263481324635457e+58 1.1140762313105118e+58 1.9742796604997964e+57 3.4337422094749327e+56 6.237458020344821e+55 1.5685906338301324e+55 8.158823700651122e+54 6.904204223290957e+54 6.520288947310707e+54 6.245968070984513e+54 6.003156020235015e+54 5.7853074993336054e+54 5.586073951415166e+54 2.889159946403006e+55 6.779734613624448e+55 1.0000553532155536e+56 1.2734383024668226e+56 1.5125360090210317e+56 1.7265252145708575e+56 1.9237688447875698e+56 2.107630935846705e+56 2.280936999551822e+56 2.297904510461772e+56 2.314104712884436e+56 2.330170363962105e+56 2.346341388367131e+56 2.362649892357313e+56 2.379090925790317e+56 2.3956653617530643e+56 2.412240774287464e+56 2.443639735072321e+56 2.5976095949791814e+56 2.88466583423554e+56 3.1452125251955264e+56 3.386747713475456e+56 3.6081702664625644e+56 3.907884099521064e+56 4.179209074008107e+56 4.425549883967203e+56 4.506228185938129e+56 4.652138073898729e+56 4.8616332743323164e+56 5.046909360857507e+56 5.162711655497959e+56 5.215142259442046e+56 5.425332265046757e+56 5.646959697934626e+56 6.028764212664853e+56 6.338688677731863e+56 6.615309752553285e+56 6.874125862360287e+56 7.123786752259191e+56 7.339856116306451e+56 7.55854125673493e+56 7.758409950943118e+56 7.942777105981079e+56 
