# time_axis
5.999999999999999 7.0 7.30102999566398 7.477121254719661 7.602059991327962 7.698970004336018 7.778151250383643 7.845098040014256 7.903089986991943 7.954242509439324 8.0 8.041392685158224 8.079181246047623 8.113943352306837 8.146128035678238 8.176091259055681 8.301029995663981 8.47712125471966 8.60205999132796 8.698970004336019 8.778151250383644 8.845098040014257 8.903089986991942 8.954242509439323 8.999999999999998 9.004321373782641 9.008600171761916 9.012837224705171 9.017033339298779 9.021189299069936 9.02530586526477 9.02938377768521 9.033423755486949 9.041392685158224 9.079181246047623 9.146128035678236 9.204119982655923 9.255272505103305 9.301029995663981 9.361727836017593 9.414973347970816 9.462397997898954 9.477121254719663 9.505149978319904 9.544068044350274 9.57978359661681 9.60205999132796 9.612783856719734 9.653212513775342 9.698970004336017 9.778151250383642 9.845098040014257 9.903089986991944 9.954242509439325 10.0 10.041392685158225 10.079181246047623 10.113943352306835 10.146128035678236 
# total_gas_mass_list
9.141744852470868 10.648419559439846 10.83009356826659 10.039965653774113 9.290112746547173 8.538847330569924 7.779702399481983 7.039275271546973 6.438970989024233 6.1494468581671775 6.070979831159089 6.041898858434535 6.020339805243193 6.000897832271841 5.982874902371833 5.966013962259099 6.677383231001552 7.043142299860858 7.211038694130648 7.3184511383503565 7.396095716029992 7.456090036589604 7.504677623941209 7.545282603518223 7.580167332811521 7.583426913658807 7.586515359558737 7.589555307666634 7.592592246570469 7.595632059725859 7.5986738338380775 7.601717457255456 7.604738448148137 7.610399582858045 7.637087471661426 7.68255644531843 7.719738305021941 7.751300588906248 7.77817952959096 7.811971428045312 7.840340025653953 7.864497191832453 7.872111237471125 7.885528326839659 7.904054855327686 7.919769450512072 7.929294149312768 7.933535049620247 7.950094800277303 7.966845801190912 7.99411444077385 8.014935680831151 8.032716453638784 8.048708050162274 8.063593078514764 8.07607665226391 8.088324288879353 8.099276825830426 8.10911596970407 
# ejected_gas_mass_list
-10.0 -10.0 3.86934344727807 5.416190579215019 6.055787909910082 6.37878480320772 6.55042262158018 6.666307436611588 6.757367961697762 6.831809771691267 6.894057923397257 6.946435634949009 6.991186084469166 7.0300842105709975 7.064399276885172 7.095038579225938 7.211629647910277 7.353453197397512 7.44370815760551 7.509741428768256 7.5612872631927255 7.603180694688553 7.6383568332302385 7.668568007031748 7.695088485259344 7.697592396084299 7.699968858121472 7.702311800105374 7.704656170371004 7.707006496163728 7.7093620659784445 7.7117227860388 7.714069615411578 7.7184771964878784 7.739424735781293 7.775734974418264 7.80598080118615 7.832025259681772 7.854460481147699 7.882983632746314 7.907189899869637 7.927981756858592 7.934568127224188 7.946211863571454 7.962366761494797 7.97613785853417 7.98451428826296 7.988251006926795 8.002883132411547 8.017749351815828 8.042084892042514 8.06077491468167 8.076807050739411 8.09128026055054 8.104796797330637 8.116165094120056 8.127346574986436 8.137368693235334 8.14639013138978 
# stellar_mass_list
-10.0 7.105532679816425 8.625024076534102 9.011964133418449 9.03972401846513 9.03746381598148 9.03218615993712 9.027386203461221 9.023304295360154 9.019782855331606 9.01667813402344 9.013891887816348 9.011355792527572 9.009022948937977 9.006858709364998 9.004837303854197 8.996268370181406 8.983664250239967 8.974187431569066 8.9664656048733 8.95988825827223 8.954119642999858 8.948955315433995 8.944262175936352 8.939933802543946 8.939514642336857 8.939115122336764 8.938719562698257 8.938322081628778 8.937921840858868 8.937518989585044 8.93711356149912 8.936708736572063 8.935943620700694 8.932226011620944 8.925404266905677 8.919285757051101 8.913665082709212 8.908544198472466 8.901550200844268 8.895141823379277 8.889259190386603 8.887319965888771 8.883794392486504 8.87860552983722 8.873832222771977 8.870748343500699 8.86932722002439 8.86345048641979 8.85692478802435 8.844717613880338 8.834091036470435 8.8247927430497 8.81625120896111 8.808145995446115 8.801222478362199 8.794288097528097 8.788046028395197 8.78232899234642 
# remnant_mass_list
-10.0 -10.0 4.977366784924581 6.506851869373337 7.005305833297792 7.200264099297414 7.304757396822509 7.37284799109839 7.422390677338325 7.4612680413999755 7.493176093159265 7.520165021253487 7.543511442444428 7.564047414366666 7.582354494347598 7.598849643174876 7.662955616566446 7.743703951465734 7.796208507761958 7.834835910904903 7.865238775016989 7.890238329547928 7.911430753349412 7.929799424612757 7.94604586555653 7.947585640711663 7.949047415180289 7.950489497635225 7.951933680402687 7.953382774226542 7.954836266710997 7.956294027981457 7.957744405767797 7.960470832632819 7.973462789318113 7.996258268640415 8.015640620580346 8.032633736002289 8.047485708558042 8.06687146607346 8.083791097085882 8.098664491185 8.103437923511752 8.111954702953469 8.124133123565475 8.134975423348669 8.141806317287605 8.144908242575127 8.157451908966149 8.170856374875612 8.194575413577947 8.213904704166138 8.229904422976848 8.243913443821011 8.256641137504669 8.26709991000628 8.277220768627373 8.286039970875146 8.293886228937177 
# BH_mass_list
-10.0 -10.0 4.625481650901906 6.145474194092959 6.538789702403003 6.57883227336816 6.585584100210402 6.58674700602473 6.586931524375506 6.586954391939263 6.586956881137864 6.58695815914575 6.586959225902341 6.586960223564108 6.586961172907436 6.586962080686999 6.58696295156352 6.58696295156352 6.58696295156352 6.58696295156352 6.58696295156352 6.58696295156352 6.58696295156352 6.58696295156352 6.58696295156352 6.58696295156352 6.58696295156352 6.58696295156352 6.58696295156352 6.58696295156352 6.58696295156352 6.58696295156352 6.58696295156352 6.58696295156352 6.58696295156352 6.58696295156352 6.58696295156352 6.58696295156352 6.58696295156352 6.58696295156352 6.58696295156352 6.58696295156352 6.58696295156352 6.58696295156352 6.58696295156352 6.58696295156352 6.58696295156352 6.58696295156352 6.58696295156352 6.58696295156352 6.58696295156352 6.58696295156352 6.58696295156352 6.58696295156352 6.58696295156352 6.58696295156352 6.58696295156352 6.58696295156352 6.58696295156352 
# NS_mass_list
-10.0 -10.0 4.7218562258464924 6.2587978390029795 6.823813291116326 7.081501023314058 7.209591944738326 7.265816864911951 7.2744520430307 7.275958480898184 7.276221873311908 7.27626659313881 7.276276456060387 7.276280079091177 7.276282144894727 7.276284011096691 7.276288320045577 7.276288320045577 7.276288320045577 7.276288320045577 7.276288320045577 7.276288320045577 7.276288320045577 7.276288320045577 7.276288320045577 7.276288320045577 7.276288320045577 7.276288320045577 7.276288320045577 7.276288320045577 7.276288320045577 7.276288320045577 7.276288320045577 7.276288320045577 7.276288320045577 7.276288320045577 7.276288320045577 7.276288320045577 7.276288320045577 7.276288320045577 7.276288320045577 7.276288320045577 7.276288320045577 7.276288320045577 7.276288320045577 7.276288320045577 7.276288320045577 7.276288320045577 7.276288320045577 7.276288320045577 7.276288320045577 7.276288320045577 7.276288320045577 7.276288320045577 7.276288320045577 7.276288320045577 7.276288320045577 7.276288320045577 7.276288320045577 
# WD_mass_list
-10.0 -10.0 -10.0 -10.0 -10.0 3.418012579870757 5.0734550303627675 6.111506620948611 6.576579553094422 6.791218392607909 6.923085168255539 7.015816137093439 7.086357313619051 7.142775690732813 7.189493366060565 7.229164821815759 7.366706082245376 7.514135638311994 7.59979030637688 7.659055669040016 7.703866872913621 7.739663543989253 7.769343960672895 7.794618468175478 7.816649045778202 7.818721988771029 7.8206875743309014 7.822624452818007 7.824561946913305 7.826503823775668 7.828449387878904 7.830398458034617 7.832335474142345 7.835970836963119 7.85319142537526 7.883015721452253 7.908008801047148 7.929663723760439 7.948404907149231 7.972622308758601 7.993545302689091 8.011782713681972 8.01760624519894 8.027962058968107 8.042695343798306 8.055740601513998 8.063925875531757 8.067634458927746 8.082579301960084 8.098460267870804 8.12634644558343 8.148880009099527 8.167409512181655 8.183546867786959 8.198140996783586 8.210087309783171 8.22160927332551 8.231619482269608 8.240502550690364 
