# time_axis
1000000 10000000 20000000 30000000 40000000 50000000 60000000 70000000 80000000 90000000 100000000 110000000 120000000 130000000 140000000 150000000 200000000 300000000 400000000 500000000 600000000 700000000 800000000 900000000 1000000000 1010000000 1020000000 1030000000 1040000000 1050000000 1060000000 1070000000 1080000000 1100000000 1200000000 1400000000 1600000000 1800000000 2000000000 2300000000 2600000000 2900000000 3000000000 3200000000 3500000000 3800000000 4000000000 4100000000 4500000000 5000000000 6000000000 7000000000 8000000000 9000000000 10000000000 11000000000 12000000000 13000000000 14000000000 
# SNIa_energy_release_list
0 0.0 0.0 0.0 0.0 0.0 7.212365346046993e+55 2.0317662269710247e+56 3.8405375640045106e+56 6.080902870628175e+56 8.701962324822803e+56 1.1663564166051168e+57 1.4933224038686092e+57 1.848411903767608e+57 2.229372516101698e+57 2.6342861804674126e+57 4.967000755521602e+57 8.16813704613983e+57 1.0036716567916655e+58 1.1374138380246876e+58 1.2418656959843564e+58 1.327644279282376e+58 1.4004465367651643e+58 1.4637004275750297e+58 1.5196279538864866e+58 1.524880614927072e+58 1.5300770371185486e+58 1.5352184259653472e+58 1.5403057035319004e+58 1.5453406328812147e+58 1.5503232547935833e+58 1.5552545637060079e+58 1.5601362949618504e+58 1.5697545828019405e+58 1.6151710108726183e+58 1.6949328118811606e+58 1.7633971772461322e+58 1.823367878027784e+58 1.8767271644936886e+58 1.94714794547648e+58 2.0086216574137313e+58 2.063169524726039e+58 2.0800695269306072e+58 2.1122134694048496e+58 2.1567108754388675e+58 2.1974818402188124e+58 2.222873774523066e+58 2.235088040541908e+58 2.2810732473184873e+58 2.3330453431559778e+58 2.4227687572652143e+58 2.4984297953763803e+58 2.563874557082934e+58 2.621525626858726e+58 2.6730369670257783e+58 2.71960545725e+58 2.762089674593086e+58 2.8011455028368393e+58 2.8372896069313563e+58 
# SNII_energy_release_list
0 -6.606831249826392e+55 -4.245910353073077e+55 7.857424212114221e+55 2.7942462172282924e+56 5.446013279152009e+56 8.097780341075726e+56 1.0749547402999444e+57 1.3401314464923161e+57 1.605308152684688e+57 1.870484603025153e+57 2.1356024848860686e+57 2.4005649987023787e+57 2.665285525103151e+57 2.930004445439974e+57 3.1947182219558496e+57 3.9776505928855754e+57 3.9776505928855754e+57 3.9776505928855754e+57 3.9776505928855754e+57 3.9776505928855754e+57 3.9776505928855754e+57 3.9776505928855754e+57 3.9776505928855754e+57 3.9776505928855754e+57 3.9776505928855754e+57 3.9776505928855754e+57 3.9776505928855754e+57 3.9776505928855754e+57 3.9776505928855754e+57 3.9776505928855754e+57 3.9776505928855754e+57 3.9776505928855754e+57 3.9776505928855754e+57 3.9776505928855754e+57 3.9776505928855754e+57 3.9776505928855754e+57 3.9776505928855754e+57 3.9776505928855754e+57 3.9776505928855754e+57 3.9776505928855754e+57 3.9776505928855754e+57 3.9776505928855754e+57 3.9776505928855754e+57 3.9776505928855754e+57 3.9776505928855754e+57 3.9776505928855754e+57 3.9776505928855754e+57 3.9776505928855754e+57 3.9776505928855754e+57 3.9776505928855754e+57 3.9776505928855754e+57 3.9776505928855754e+57 3.9776505928855754e+57 3.9776505928855754e+57 3.9776505928855754e+57 3.9776505928855754e+57 3.9776505928855754e+57 3.9776505928855754e+57 
# SN_energy_per_current_crossing_time_list
0.0 -1.5201629339206323e+57 3.5981702464511182e+56 1.577140493234273e+57 2.366187751920648e+57 2.9052382741971025e+57 2.767705259242859e+57 2.656722353601627e+57 2.5644190463042856e+57 2.485877675176283e+57 2.4178431513098893e+57 2.3575499920138437e+57 2.3030957726440975e+57 2.2534149842749112e+57 2.2102420800833908e+57 2.1708475406019976e+57 1.4361237468170427e+57 1.0094249479275008e+56 5.95975094215459e+55 4.301132542303738e+55 3.3812497986107294e+55 2.7919083577732913e+55 2.3806309457184407e+55 2.0768602611654066e+55 1.843000043101096e+55 1.731521084224272e+55 1.7135619803360845e+55 1.695981871414411e+55 1.6786900480902227e+55 1.66196381195122e+55 1.6452360332345117e+55 1.6288212785256602e+55 1.6129614909749323e+55 1.5899783888370403e+55 1.5060350443407536e+55 1.329494930953629e+55 1.1464268703471113e+55 1.0082856311334716e+55 9.003926525174092e+54 7.960279286114727e+54 6.97852367578823e+54 6.215912564000477e+54 5.7843284374768084e+54 5.513406348543087e+54 5.1043895572944175e+54 4.690325969334466e+54 4.389834511324479e+54 4.226882619115769e+54 3.9917670856994406e+54 3.622586322605034e+54 3.147819229646504e+54 2.6693737428013272e+54 2.32010475637107e+54 2.0527508263206613e+54 1.841446322459729e+54 1.670517592026722e+54 1.529061765314797e+54 1.4099648930100333e+54 1.308339347817192e+54 
# SN_energy_per_final_crossing_time_list
0.0 -7.0860200301689115e+56 2.278941132033628e+56 1.1683062746109323e+57 1.938761235449722e+57 2.559688059985586e+57 2.5857952816458344e+57 2.6071264349560064e+57 2.6251617180200022e+57 2.6407844976362554e+57 2.654562342762831e+57 2.6663239019303947e+57 2.6759752135066263e+57 2.6838194769143056e+57 2.693168763934397e+57 2.701789604935e+57 1.6803707877122234e+57 1.1587429462324886e+56 6.763858654438031e+55 4.8411812259196865e+55 3.780934101005395e+55 3.1050014529434513e+55 2.635286181822969e+55 2.2896557079591212e+55 2.0244569655957125e+55 1.9013510757312025e+55 1.8809938138736702e+55 1.8610729188650967e+55 1.8414857914819892e+55 1.8225368552395374e+55 1.8036026805924547e+55 1.7850284708936862e+55 1.76708241841774e+55 1.740807353657799e+55 1.6439776658122217e+55 1.4436033943371796e+55 1.2391318774437896e+55 1.085405621669698e+55 9.657460850632116e+54 8.496939401501584e+54 7.417390120166891e+54 6.581720858038912e+54 6.117439736399091e+54 5.8177102167271885e+54 5.369036771794025e+54 4.9194060651017814e+54 4.5956688649096004e+54 4.42130334600879e+54 4.1614155994833424e+54 3.7625576661080464e+54 3.247795900339356e+54 2.7387679329020075e+54 2.3689605537129223e+54 2.0868455567243383e+54 1.8646004621698406e+54 1.6856798544367027e+54 1.537837902021999e+54 1.413737541239687e+54 1.308339347817192e+54 
# total_energy_release_list
0 -6.606831249826392e+55 -4.245910353073077e+55 7.857424212114221e+55 2.7942462172282924e+56 5.446013279152009e+56 8.819016875680426e+56 1.2781313629970468e+57 1.7241852028927673e+57 2.2133984397475054e+57 2.740680835507433e+57 3.301958901491185e+57 3.893887402570988e+57 4.513697428870759e+57 5.159376961541672e+57 5.829004402423262e+57 8.944651348407178e+57 1.2145787639025404e+58 1.401436716080223e+58 1.535178897313245e+58 1.639630755272914e+58 1.7254093385709333e+58 1.7982115960537218e+58 1.861465486863587e+58 1.917393013175044e+58 1.9226456742156294e+58 1.927842096407106e+58 1.9329834852539047e+58 1.9380707628204579e+58 1.9431056921697722e+58 1.9480883140821408e+58 1.9530196229945653e+58 1.9579013542504078e+58 1.967519642090498e+58 2.0129360701611758e+58 2.092697871169718e+58 2.1611622365346896e+58 2.2211329373163414e+58 2.274492223782246e+58 2.3449130047650375e+58 2.4063867167022888e+58 2.4609345840145966e+58 2.4778345862191647e+58 2.509978528693407e+58 2.554475934727425e+58 2.59524689950737e+58 2.6206388338116237e+58 2.6328530998304655e+58 2.678838306607045e+58 2.7308104024445355e+58 2.820533816553772e+58 2.896194854664938e+58 2.961639616371492e+58 3.0192906861472836e+58 3.070802026314336e+58 3.117370516538558e+58 3.1598547338816437e+58 3.198910562125397e+58 3.235054666219914e+58 
# binding_energy_list
4.30526610491711e+59 4.6025657358135255e+59 4.56036915951295e+59 4.47713304176366e+59 4.375221051582503e+59 4.285485203974374e+59 4.216965034285822e+59 4.149540426343649e+59 4.092606597300127e+59 4.04575891697442e+59 4.0086671762730423e+59 3.962780342554385e+59 3.9264493539960095e+59 3.899419866765444e+59 3.863669770540721e+59 3.8370724549228157e+59 3.741105882720537e+59 3.741105882720537e+59 3.741105882720537e+59 3.741105882720537e+59 3.741105882720537e+59 3.741105882720537e+59 3.741105882720537e+59 3.741105882720537e+59 3.741105882720537e+59 3.741105882720537e+59 3.741105882720537e+59 3.741105882720537e+59 3.741105882720537e+59 3.741105882720537e+59 3.741105882720537e+59 3.741105882720537e+59 3.741105882720537e+59 3.741105882720537e+59 3.741105882720537e+59 3.741105882720537e+59 3.741105882720537e+59 3.741105882720537e+59 3.741105882720537e+59 3.741105882720537e+59 3.741105882720537e+59 3.741105882720537e+59 3.741105882720537e+59 3.7325015779572293e+59 3.7325015779572293e+59 3.7325015779572293e+59 3.7325015779572293e+59 3.7325015779572293e+59 3.7325015779572293e+59 3.7325015779572293e+59 3.7325015779572293e+59 3.7325015779572293e+59 3.7325015779572293e+59 3.7325015779572293e+59 3.7325015779572293e+59 3.7325015779572293e+59 3.7325015779572293e+59 3.7325015779572293e+59 3.7325015779572293e+59 
# total_gas_kinetic_energy_list
1.0733416654733845e+60 1.0666162337069704e+60 1.060254738653786e+60 1.0541320509485525e+60 1.0481460049385402e+60 1.0422482962431044e+60 1.0363514257439185e+60 1.0304551783803517e+60 1.0245593922387544e+60 1.0186640164271944e+60 1.0127697962137075e+60 1.0068757626180352e+60 1.0009816740817337e+60 9.95087666617474e+59 9.891943196342486e+59 9.833016216906416e+59 9.849370381169656e+59 9.849480019851344e+59 9.84954402735925e+59 9.84958983348195e+59 9.849625784231983e+59 9.849653914451498e+59 9.849679950939938e+59 9.849701624353492e+59 9.849720770614025e+59 9.849722570909338e+59 9.849724360537183e+59 9.849726128768513e+59 9.849727871611956e+59 9.84972957235528e+59 9.849731277226271e+59 9.849733002414062e+59 9.84973463736361e+59 9.849738019736297e+59 9.84975353945883e+59 9.84978080897901e+59 9.849804272350002e+59 9.849824839924945e+59 9.849843081006681e+59 9.849867237449559e+59 9.849888146473536e+59 9.849907001421879e+59 9.849912728170339e+59 9.849923758516499e+59 9.849938973042883e+59 9.849953007927612e+59 9.849961766459638e+59 9.84996595363611e+59 9.84998171785333e+59 9.849999473284547e+59 9.85003018087438e+59 9.850056095950963e+59 9.850078543747108e+59 9.850098267378348e+59 9.850115917239573e+59 9.850131698219535e+59 9.85014639835362e+59 9.85015980052402e+59 9.85017218630961e+59 
