# time_axis
5.999999999999999 7.0 7.30102999566398 7.477121254719661 7.602059991327962 7.698970004336018 7.778151250383643 7.845098040014256 7.903089986991943 7.954242509439324 8.0 8.041392685158224 8.079181246047623 8.113943352306837 8.146128035678238 8.176091259055681 8.301029995663981 8.47712125471966 8.60205999132796 8.698970004336019 8.778151250383644 8.845098040014257 8.903089986991942 8.954242509439323 8.999999999999998 9.004321373782641 9.008600171761916 9.012837224705171 9.017033339298779 9.021189299069936 9.02530586526477 9.02938377768521 9.033423755486949 9.041392685158224 9.079181246047623 9.146128035678236 9.204119982655923 9.255272505103305 9.301029995663981 9.361727836017593 9.414973347970816 9.462397997898954 9.477121254719663 9.505149978319904 9.544068044350274 9.57978359661681 9.60205999132796 9.612783856719734 9.653212513775342 9.698970004336017 9.778151250383642 9.845098040014257 9.903089986991944 9.954242509439325 10.0 10.041392685158225 10.079181246047623 10.113943352306835 10.146128035678236 
# total_gas_mass_list
11.221848749616354 11.21904527316885 11.216457589170624 11.21397331847865 11.21153951726187 11.209133267997736 11.206713879114394 11.20428117878281 11.201835004412823 11.199375184384442 11.196901552752339 11.194413835634101 11.191911803920188 11.189395219440721 11.18686405012465 11.184318115828257 11.185216810838472 11.18522892110276 11.185235990918127 11.185241050909086 11.185245008115741 11.185248194580483 11.185251000337754 11.185253395155668 11.185255510669837 11.18525570945258 11.185255906207525 11.185256101334073 11.185256293784965 11.185256483094463 11.185256671478454 11.185256859693439 11.185257042612376 11.185257415516084 11.185259129607461 11.1852621421372 11.185264732151975 11.185267002546096 11.185269019582176 11.185271684754005 11.185274003028924 11.185276074738724 11.185276712230486 11.185277928429839 11.185279609822496 11.185281155919467 11.185282119006551 11.185282581262321 11.185284320512553 11.18528628541999 11.185289678343192 11.18529254144021 11.185295017274694 11.185297197473874 11.185299146547464 11.185300898772981 11.185302513717623 11.185303992572557 11.185305359742713 
# ejected_gas_mass_list
-10.0 -10.0 -10.0 6.692825913831198 7.955561629012928 8.28102715314927 8.465114479776615 8.59409540872735 8.69348679874117 8.774370483342162 8.842574470887737 8.901523508760066 8.953422033491863 8.999766948869988 9.041651249295812 9.079858450441382 9.18142462312936 9.182644572329194 9.183355197513427 9.18386309853824 9.184259897244356 9.18457915112475 9.184860069453984 9.185099701449705 9.185311276716947 9.185331151988727 9.185350823624427 9.185370331581465 9.185389571187555 9.185408495920411 9.185427327322762 9.185446141023316 9.18546442456544 9.185501695550467 9.185672974860434 9.1859738377094 9.186232338921515 9.186458814584283 9.186659919324448 9.186925503899378 9.187156389489576 9.187362615980563 9.187426055025266 9.187547057856174 9.18771428903049 9.18786800746819 9.187963733779505 9.188009672404007 9.188182474674292 9.188377615146253 9.188714371661879 9.188998340582518 9.189243751757617 9.189459745180214 9.189652750890186 9.189826191403087 9.189985982749535 9.1901322576145 9.190267442268398 
# stellar_mass_list
-10.0 9.044775312263758 9.320339775903266 9.480491327862826 9.594133114290873 9.682336742964054 9.754444239967276 9.815435001314526 9.868281759847864 9.914903884479017 9.956612344177945 9.99434480212654 10.028793338112058 10.06048345781418 10.089823928814086 10.117138657938929 10.086645144362299 10.061307764097291 10.045542356480482 10.033757512100618 10.024237724379292 10.016201948219447 10.009217043799104 10.003021079420884 9.99743716129885 9.996908547501407 9.996385460322507 9.995867656178405 9.995352944829783 9.994842010068473 9.994334187696312 9.993830084834059 9.99333265530128 9.992353528727547 9.987672398942328 9.979280080982571 9.971908563579639 9.965291253026448 9.959298033014344 9.95122593041343 9.944012208002038 9.937471338664503 9.935404637946668 9.931453039936002 9.925865338239227 9.920784436423942 9.917445892766635 9.915912881423838 9.909843621793383 9.903042242690034 9.890629547209247 9.879935619123641 9.870552492197193 9.861909728014222 9.85390770524169 9.84685621349169 9.84000744144382 9.833618386841152 9.827970887962854 
# remnant_mass_list
-10.0 -10.0 6.6012205714454995 7.305819612993179 7.6429243735379755 7.864420598683468 8.028295366930182 8.15801086271727 8.265156900241577 8.356295803769028 8.435510049646059 8.505478816932026 8.568059765652176 8.624619676648702 8.676182895807255 8.72353796602729 8.875524928770172 8.986537586354466 9.043872749257341 9.082170152557739 9.110695314945715 9.133291923135184 9.151934753104657 9.167755139762981 9.181474417624417 9.182747848832848 9.18400372987397 9.185242828532378 9.1864705632623 9.187685339715195 9.188888908181061 9.190079925060676 9.191251350668377 9.193546478877536 9.204328955489858 9.222905988260164 9.238476266501095 9.251900251851023 9.2636326375508 9.278833268979522 9.291869285806056 9.303268529377775 9.306790912405113 9.313422612947594 9.32257692448246 9.330679577344835 9.335896417032325 9.338262067571678 9.347461381514455 9.35745431883516 9.374895737275352 9.38914504713754 9.40109701343549 9.411682613805421 9.421139885050298 9.42920865087946 9.436824903752555 9.443739190075847 9.44969834634273 
# BH_mass_list
-10.0 -10.0 -10.0 -10.0 -10.0 -10.0 -10.0 -10.0 -10.0 -10.0 -10.0 -10.0 -10.0 -10.0 -10.0 -10.0 -10.0 -10.0 -10.0 -10.0 -10.0 -10.0 -10.0 -10.0 -10.0 -10.0 -10.0 -10.0 -10.0 -10.0 -10.0 -10.0 -10.0 -10.0 -10.0 -10.0 -10.0 -10.0 -10.0 -10.0 -10.0 -10.0 -10.0 -10.0 -10.0 -10.0 -10.0 -10.0 -10.0 -10.0 -10.0 -10.0 -10.0 -10.0 -10.0 -10.0 -10.0 -10.0 -10.0 
# NS_mass_list
-10.0 -10.0 7.056967483146173 7.544570627777378 7.820691405766145 8.01053780620038 8.142194117864202 8.243085360106791 8.324900626684233 8.393719126415908 8.453109300103403 8.50529186759724 8.55178484958641 8.593681299625171 8.631813259983101 8.666794473818943 8.73452439917542 8.73452439917542 8.73452439917542 8.73452439917542 8.73452439917542 8.73452439917542 8.73452439917542 8.73452439917542 8.73452439917542 8.73452439917542 8.73452439917542 8.73452439917542 8.73452439917542 8.73452439917542 8.73452439917542 8.73452439917542 8.73452439917542 8.73452439917542 8.73452439917542 8.73452439917542 8.73452439917542 8.73452439917542 8.73452439917542 8.73452439917542 8.73452439917542 8.73452439917542 8.73452439917542 8.73452439917542 8.73452439917542 8.73452439917542 8.73452439917542 8.73452439917542 8.73452439917542 8.73452439917542 8.73452439917542 8.73452439917542 8.73452439917542 8.73452439917542 8.73452439917542 8.73452439917542 8.73452439917542 8.73452439917542 8.73452439917542 
# WD_mass_list
-10.0 -10.0 -10.0 -10.0 -10.0 5.56363103230021 6.702554263395838 7.124523775162769 7.392850627304329 7.589212705804142 7.743595682289189 7.870463396746026 7.977923987327608 8.070980693662994 8.152857003325606 8.225864616143733 8.50356615014298 8.730387468016328 8.828874769380752 8.8900413938199 8.933663241500458 8.967201876966117 8.994263604759215 9.016831428106535 9.036126630592477 9.0379051989422 9.039657234571695 9.041383901057033 9.043092825015808 9.044781853000954 9.046453482888285 9.048105910755417 9.049729449100333 9.05290550345983 9.06774170332179 9.092988183347524 9.11385927848117 9.131654353401784 9.147063698308433 9.166839212088222 9.18363681876568 9.198208655574478 9.202690081227384 9.211100810549635 9.22265508661658 9.232829504142595 9.239354824677863 9.242307382619128 9.253751525326564 9.26611702440368 9.287541621062779 9.304902931737995 9.319371212893012 9.332116702282246 9.343450868191454 9.353082766915524 9.362143073664711 9.370342524089637 9.377390037377968 
