# time_axis
5.999999999999999 7.0 7.30102999566398 7.477121254719661 7.602059991327962 7.698970004336018 7.778151250383643 7.845098040014256 7.903089986991943 7.954242509439324 8.0 8.301029995663981 8.47712125471966 8.60205999132796 8.698970004336019 8.778151250383644 8.845098040014257 8.903089986991942 8.954242509439323 8.999999999999998 9.004321373782641 9.008600171761916 9.012837224705171 9.017033339298779 9.021189299069936 9.02530586526477 9.02938377768521 9.033423755486949 9.041392685158224 9.079181246047623 9.146128035678236 9.204119982655923 9.255272505103305 9.301029995663981 9.361727836017593 9.414973347970816 9.462397997898954 9.477121254719663 9.505149978319904 9.544068044350274 9.57978359661681 9.60205999132796 9.612783856719734 9.653212513775342 9.698970004336017 9.778151250383642 9.845098040014257 9.903089986991944 9.954242509439325 10.0 10.041392685158225 10.079181246047623 10.113943352306835 10.146128035678236 
# total_gas_mass_list
9.106442163091026 10.774670542002717 11.101903989663292 11.209535915249194 11.247689067075669 11.25820177979716 11.257232792732761 11.251634959200851 11.241157924496436 11.237115642664675 11.280609687940078 11.308690994711695 11.313573875082362 11.315976505163873 11.317490592749955 11.318561409727884 11.319366929266241 11.320001391721554 11.320518774988232 11.32095110203651 11.320990448822378 11.32102921550832 11.321067459921599 11.32110512750578 11.321142206808394 11.321178694051884 11.321214606230445 11.321249900218827 11.32131940892966 11.321638785708204 11.322166744689824 11.322584492952885 11.322928928323417 11.323216603334739 11.323567972338383 11.323853848345967 11.324090909250078 11.324162667062849 11.324291941959446 11.324465894717607 11.324611453781646 11.324700790935555 11.324740092360829 11.32489050502984 11.325042882845056 11.32528329271009 11.325463514890188 11.325617443806788 11.325754883184157 11.3258799998681 11.325988809693987 11.326092227042064 11.326185889609004 11.326270619313082 
# ejected_gas_mass_list
-10.0 -10.0 -10.0 -10.0 -10.0 -10.0 -10.0 -10.0 -10.0 -10.0 8.649967941409091 10.116603020142731 10.186996719538822 10.218101056554165 10.23669843965839 10.249423644493865 10.258776236263946 10.266015414564583 10.27183835502901 10.276650081426403 10.2770856055101 10.277514320360739 10.277936882635569 10.278352706346912 10.278761682526945 10.279163786862004 10.279559223478856 10.27994753439392 10.2807113603028 10.284205360390047 10.289925863458777 10.29440426776358 10.29806550854481 10.30110212688178 10.304785203725537 10.307761078388712 10.31021490431945 10.310955209641824 10.312286033915079 10.314071005943546 10.315559552556298 10.31647087683686 10.316871243277253 10.318400441033313 10.319944684054114 10.32237105358847 10.324181996693088 10.325723369820373 10.327095476064725 10.328341178152984 10.329421917246648 10.330446859570465 10.331373251956716 10.332209764330527 
# stellar_mass_list
-10.0 8.51484906149487 10.184854621063 10.548212920655521 10.695826145501478 10.770396981469663 10.813589390281965 10.841834774070083 10.862397853592189 10.876786999046606 10.52924397607177 10.265024077615928 10.192561858786906 10.15018783019255 10.120697300478652 10.098296468907773 10.080365621161636 10.065496305889024 10.052830255045865 10.041836204480626 10.040816022263714 10.039807358659425 10.038808934836364 10.037822502642264 10.03684844387577 10.035887129835746 10.03493833120113 10.03400308560324 10.032151791052101 10.023504551719725 10.00862824886273 9.99623299639156 9.985512491013212 9.976180979522248 9.964249578354558 9.954017866934564 9.945114819944571 9.94232690147859 9.937234847926561 9.930081824687973 9.923878551237484 9.919882471157777 9.91812647573942 9.911021955685264 9.903501793731087 9.890400823046427 9.879692783389281 9.870343538906505 9.861750279586726 9.853660108887079 9.846687646491336 9.839762905140654 9.8334725059682 9.827763510406838 
# remnant_mass_list
-10.0 -10.0 6.992207526767949 8.674409605653937 9.2225691834063 9.439352436294213 9.529183142208227 9.579345520026214 9.617886449021448 9.6542237463606 9.68993614054654 9.65466543015873 9.726956221630834 9.760135639303547 9.78019467405599 9.794003641166277 9.804254982996632 9.812254088130823 9.818731461143727 9.824113594628528 9.824601768237473 9.82508275916099 9.825557413988065 9.826024635318259 9.82648424231144 9.826936033505275 9.827380209768812 9.827816175183102 9.828676563885097 9.832616676945191 9.839103608704365 9.844230723427925 9.848489639163496 9.852053794603801 9.85640963037754 9.859992971427486 9.862995115435634 9.863923150404945 9.865566774764835 9.867848178577853 9.869733440310027 9.870950599445173 9.871454599380613 9.87355097003172 9.875641374538953 9.879189328444166 9.881930399514433 9.884263648087844 9.886409018126464 9.888442458828912 9.89010245488496 9.89180375407301 9.893306728704216 9.89462832417991 
# BH_mass_list
-10.0 -10.0 -10.0 -10.0 -10.0 -10.0 -10.0 -10.0 -10.0 -10.0 -10.0 -10.0 -10.0 -10.0 -10.0 -10.0 -10.0 -10.0 -10.0 -10.0 -10.0 -10.0 -10.0 -10.0 -10.0 -10.0 -10.0 -10.0 -10.0 -10.0 -10.0 -10.0 -10.0 -10.0 -10.0 -10.0 -10.0 -10.0 -10.0 -10.0 -10.0 -10.0 -10.0 -10.0 -10.0 -10.0 -10.0 -10.0 -10.0 -10.0 -10.0 -10.0 -10.0 -10.0 
# NS_mass_list
-10.0 -10.0 6.992207526767949 8.674409605653937 9.226828639822761 9.548142085992476 9.762629300124294 9.916421954072783 10.032469175811602 10.123943228520117 10.198389655239142 10.24252912180474 10.24252912180474 10.24252912180474 10.24252912180474 10.24252912180474 10.24252912180474 10.24252912180474 10.24252912180474 10.24252912180474 10.24252912180474 10.24252912180474 10.24252912180474 10.24252912180474 10.24252912180474 10.24252912180474 10.24252912180474 10.24252912180474 10.24252912180474 10.24252912180474 10.24252912180474 10.24252912180474 10.24252912180474 10.24252912180474 10.24252912180474 10.24252912180474 10.24252912180474 10.24252912180474 10.24252912180474 10.24252912180474 10.24252912180474 10.24252912180474 10.24252912180474 10.24252912180474 10.24252912180474 10.24252912180474 10.24252912180474 10.24252912180474 10.24252912180474 10.24252912180474 10.24252912180474 10.24252912180474 10.24252912180474 10.24252912180474 
# WD_mass_list
-10.0 -10.0 -10.0 -10.0 -10.0 4.833752031369093 6.597014868381491 7.645809112318749 8.168616456323232 8.50048008678925 8.735683477410944 9.479330123156563 9.583542077498656 9.629043890392902 9.655955796775611 9.674242994786308 9.68769947576751 9.698131679510503 9.70653700598251 9.713493014725419 9.714122700824419 9.71474292161311 9.7153547774742 9.715956862536258 9.716548953108212 9.717130799051192 9.717702668271249 9.718263802785957 9.719370741940516 9.724431936087958 9.732736421263231 9.73927574050739 9.744691687941735 9.749213111686782 9.75472541178525 9.759249191124232 9.763031740366788 9.764199645944935 9.766266521350664 9.76913208492594 9.771497174731277 9.773022734920282 9.773654120470757 9.776278365442218 9.778891977336452 9.78332077937046 9.786736255420081 9.789639408354834 9.792305443547443 9.794829444951219 9.796887802172563 9.798995420853123 9.80085571324198 9.802490243642767 
