# time_axis
1000000 10000000 20000000 30000000 40000000 50000000 60000000 70000000 80000000 90000000 100000000 110000000 120000000 130000000 140000000 150000000 200000000 300000000 400000000 500000000 600000000 700000000 800000000 900000000 1000000000 1010000000 1020000000 1030000000 1040000000 1050000000 1060000000 1070000000 1080000000 1100000000 1200000000 1400000000 1600000000 1800000000 2000000000 2300000000 2600000000 2900000000 3000000000 3200000000 3500000000 3800000000 4000000000 4100000000 4500000000 5000000000 6000000000 7000000000 8000000000 9000000000 10000000000 11000000000 12000000000 13000000000 14000000000 
# SNIa_energy_release_list
0 0.0 0.0 0.0 0.0 0.0 3.5503140354769805e+53 1.7474943990698343e+55 7.081016830589263e+55 1.3030652127811219e+56 1.8924805757426499e+56 2.4437007738803187e+56 2.946448283537788e+56 3.4013588285152765e+56 3.8132667547138083e+56 4.18796845192761e+56 5.666865461900446e+56 7.589238264280228e+56 8.882565529919268e+56 9.859163361664193e+56 1.064416388908857e+57 1.1300606690560266e+57 1.1864747997707485e+57 1.2359372516565319e+57 1.2799777936517701e+57 1.2841259235048583e+57 1.288232481142344e+57 1.2922998108464949e+57 1.2963250630616531e+57 1.300310805443081e+57 1.3042576936477706e+57 1.30816506897176e+57 1.3120346598333065e+57 1.3196647434021197e+57 1.3557862853772883e+57 1.4195457913448728e+57 1.4745648951964654e+57 1.5229523280072454e+57 1.566141866533621e+57 1.6233077439863867e+57 1.6733489886667065e+57 1.7178458452560654e+57 1.7316518499624766e+57 1.7579055515698082e+57 1.7943318646507755e+57 1.827736563714765e+57 1.848557724850074e+57 1.858575811763629e+57 1.8963302742397353e+57 1.939024816141864e+57 2.012840418083807e+57 2.075179195774998e+57 2.1291382575882063e+57 2.176714147647218e+57 2.2192278546627668e+57 2.2577077050267943e+57 2.2928126779474394e+57 2.3250967926338517e+57 2.3549812447344966e+57 
# SNII_energy_release_list
0 0.0 9.04162964018612e+53 4.4188074990768847e+55 1.6468581189952553e+56 2.63243687292902e+56 3.4036553812788228e+56 3.926452805154919e+56 4.17690491434847e+56 4.306976688337719e+56 4.3711506033660255e+56 4.401756920158525e+56 4.416006923909602e+56 4.422523718345467e+56 4.4254776195893465e+56 4.426821419112337e+56 4.427787708215885e+56 4.427787708215885e+56 4.427787708215885e+56 4.427787708215885e+56 4.427787708215885e+56 4.427787708215885e+56 4.427787708215885e+56 4.427787708215885e+56 4.427787708215885e+56 4.427787708215885e+56 4.427787708215885e+56 4.427787708215885e+56 4.427787708215885e+56 4.427787708215885e+56 4.427787708215885e+56 4.427787708215885e+56 4.427787708215885e+56 4.427787708215885e+56 4.427787708215885e+56 4.427787708215885e+56 4.427787708215885e+56 4.427787708215885e+56 4.427787708215885e+56 4.427787708215885e+56 4.427787708215885e+56 4.427787708215885e+56 4.427787708215885e+56 4.427787708215885e+56 4.427787708215885e+56 4.427787708215885e+56 4.427787708215885e+56 4.427787708215885e+56 4.427787708215885e+56 4.427787708215885e+56 4.427787708215885e+56 4.427787708215885e+56 4.427787708215885e+56 4.427787708215885e+56 4.427787708215885e+56 4.427787708215885e+56 4.427787708215885e+56 4.427787708215885e+56 4.427787708215885e+56 
# SN_energy_per_current_crossing_time_list
0.0 0.0 1.65319236382491e+54 4.744438259651067e+55 1.427348517326895e+56 1.212610710370739e+56 9.862045104774447e+55 6.993414972196158e+55 3.6703280102089483e+55 2.11182632019499e+55 1.2158471499244276e+55 7.325166479036113e+54 4.782921941125329e+54 3.4395864022788246e+54 2.7072972860313703e+54 2.2821428850587816e+54 1.7211848491436295e+54 1.138588210578701e+54 7.834196080619874e+53 6.014457280147501e+53 4.8981033267089415e+53 4.140207188144537e+53 3.590593826423213e+53 3.17306863472132e+53 2.844950942005808e+53 2.6813981084035115e+53 2.656215397261958e+53 2.632486557511154e+53 2.6068680783807123e+53 2.5828750662341645e+53 2.55927384363388e+53 2.535216305587185e+53 2.512246494570629e+53 2.4797644319039276e+53 2.360971321860893e+53 2.10417021156391e+53 1.8306858472842257e+53 1.6215759610576925e+53 1.4564143178186054e+53 1.295447412332103e+53 1.1417887760560938e+53 1.021361387143351e+53 9.524822465932003e+52 9.086979309358905e+52 8.44485990413829e+52 7.775938497081105e+52 7.288473750158966e+52 7.02164088496834e+52 6.645034078990389e+52 6.03952763831281e+52 5.261618385999544e+52 4.4710030824188245e+52 3.8909280868631007e+52 3.4476710030060954e+52 3.095268107724713e+52 2.8129048362853996e+52 2.576426289815708e+52 2.3781182426862297e+52 2.208715789518715e+52 
# SN_energy_per_final_crossing_time_list
0.0 0.0 1.7820093723655924e+54 8.530800306340457e+55 2.374882682275267e+56 1.9424712652554706e+56 1.5202523391304198e+56 1.0430313875729823e+56 5.330338403512668e+55 3.003305577834403e+55 1.7004280527761318e+55 1.0106167857854167e+55 6.524257420238146e+54 4.64656787405141e+54 3.626533373453419e+54 3.0342136369948307e+54 2.2241510150361165e+54 1.420797392456133e+54 9.558791116570064e+53 7.217890573065778e+53 5.801823148249616e+53 4.851671951834643e+53 4.169485217327886e+53 3.6556968854745743e+53 3.2549715201821447e+53 3.065821609389467e+53 3.035096197827126e+53 3.006103410724333e+53 2.975004559050765e+53 2.945803423521408e+53 2.917086874406829e+53 2.8878834869068214e+53 2.859957547854883e+53 2.8196411292783715e+53 2.669689905427397e+53 2.3561855356799414e+53 2.033190419434911e+53 1.7881219053894074e+53 1.5960375543103319e+53 1.408348570090225e+53 1.2328248691589428e+53 1.0962323529961283e+53 1.0203814506126555e+53 9.701861870871528e+52 8.974050294885697e+52 8.229640173009796e+52 7.694306591399782e+52 7.404220319053909e+52 6.975941629692038e+52 6.310981276010318e+52 5.455602296904221e+52 4.607367139344756e+52 3.988034694866651e+52 3.5162638826321476e+52 3.142125398182935e+52 2.8439890010736395e+52 2.5945567855595395e+52 2.386071312880947e+52 2.208715789518715e+52 
# total_energy_release_list
0 0 9.04162964018612e+53 4.4188074990768847e+55 1.6468581189952553e+56 2.63243687292902e+56 3.4072056953143e+56 4.1012022450619025e+56 4.885006597407396e+56 5.610041901118841e+56 6.263631179108675e+56 6.845457694038844e+56 7.36245520744739e+56 7.823882546860744e+56 8.238744374303155e+56 8.614789871039948e+56 1.0094653170116331e+57 1.2017025972496113e+57 1.3310353238135153e+57 1.4286951069880078e+57 1.5071951597304456e+57 1.5728394398776153e+57 1.629253570592337e+57 1.6787160224781204e+57 1.7227565644733586e+57 1.726904694326447e+57 1.7310112519639325e+57 1.7350785816680836e+57 1.7391038338832416e+57 1.7430895762646694e+57 1.7470364644693593e+57 1.7509438397933486e+57 1.7548134306548952e+57 1.762443514223708e+57 1.798565056198877e+57 1.8623245621664613e+57 1.9173436660180538e+57 1.9657310988288337e+57 2.0089206373552097e+57 2.066086514807975e+57 2.116127759488295e+57 2.1606246160776538e+57 2.1744306207840653e+57 2.2006843223913966e+57 2.2371106354723642e+57 2.2705153345363533e+57 2.2913364956716624e+57 2.3013545825852177e+57 2.339109045061324e+57 2.3818035869634523e+57 2.4556191889053955e+57 2.5179579665965863e+57 2.5719170284097947e+57 2.619492918468807e+57 2.6620066254843555e+57 2.700486475848383e+57 2.735591448769028e+57 2.76787556345544e+57 2.797760015556085e+57 
# binding_energy_list
8.810488730080146e+54 8.810488730080146e+54 8.810488730080146e+54 8.790225168308896e+54 8.729713683881166e+54 8.669618757582214e+54 8.609937521846052e+54 8.550667128846876e+54 8.51138038202376e+54 8.472274141405911e+54 8.452788451602891e+54 8.413951416451895e+54 8.394599865193965e+54 8.375292821268861e+54 8.356030182312423e+54 8.336811846196331e+54 8.260379495771817e+54 8.165823713585906e+54 8.090958991783846e+54 8.035261221856194e+54 7.99834255007026e+54 7.96159350417325e+54 7.94328234724279e+54 7.90678627999831e+54 7.888601176185516e+54 7.888601176185516e+54 7.888601176185516e+54 7.888601176185516e+54 7.888601176185516e+54 7.870457896951001e+54 7.870457896951001e+54 7.870457896951001e+54 7.870457896951001e+54 7.870457896951001e+54 7.852356346100775e+54 7.816278045883308e+54 7.798301105232642e+54 7.762471166286928e+54 7.744617978025239e+54 7.709034690644309e+54 7.691304402866145e+54 7.673614893618154e+54 7.673614893618154e+54 7.655966069112569e+54 7.638357835776954e+54 7.620790100254084e+54 7.620790100254084e+54 7.620790100254084e+54 7.603262769401822e+54 7.585775750291883e+54 7.550922276654341e+54 7.533555637337217e+54 7.516228940182015e+54 7.498942093324558e+54 7.498942093324558e+54 7.481695005111584e+54 7.464487584100623e+54 7.447319739059888e+54 7.447319739059888e+54 
# total_gas_kinetic_energy_list
2.1445709002276886e+57 9.913408966260361e+58 2.3164889565101942e+59 9.133732664980813e+58 5.197460867545227e+58 2.705495694805804e+58 1.336404704666693e+58 6.377325509942582e+57 2.9698668282572977e+57 1.358180348838797e+57 6.125925159786581e+56 2.7338130697398074e+56 1.210513022273856e+56 5.334651918129892e+55 2.3499376345921315e+55 1.0908711283491572e+55 2.95943495520374e+55 4.4542623540665316e+55 5.452815289482129e+55 6.190356121040619e+55 6.770849640643573e+55 7.2481238658068e+55 7.657422202300901e+55 8.016814241235007e+55 8.337119158874381e+55 8.367583328235118e+55 8.397122781688268e+55 8.426186180165362e+55 8.455023507460226e+55 8.483788301356085e+55 8.512536863273927e+55 8.54134666629448e+55 8.570118224953088e+55 8.625448093981589e+55 8.886360615771901e+55 9.348379407564097e+55 9.740457761679012e+55 1.0085154476564387e+56 1.0386974804800563e+56 1.0774229790740188e+56 1.1105939542865934e+56 1.1394474408276525e+56 1.148558776057342e+56 1.1648837568748085e+56 1.1874947206987826e+56 1.2068105818452244e+56 1.2186673473131105e+56 1.2239422638923786e+56 1.244605926623313e+56 1.2656672082959794e+56 1.3001165081486176e+56 1.3268830639106177e+56 1.3506494521065055e+56 1.3727994631931772e+56 1.3940407234050407e+56 1.4124727963523772e+56 1.4308089606534656e+56 1.448019845006577e+56 1.4636672647632503e+56 
