# time_axis
5.999999999999999 7.0 7.30102999566398 7.477121254719661 7.602059991327962 7.698970004336018 7.778151250383643 7.845098040014256 7.903089986991943 7.954242509439324 8.0 8.041392685158224 8.079181246047623 8.113943352306837 8.146128035678238 8.176091259055681 8.301029995663981 8.47712125471966 8.60205999132796 8.698970004336019 8.778151250383644 8.845098040014257 8.903089986991942 8.954242509439323 8.999999999999998 9.004321373782641 9.008600171761916 9.012837224705171 9.017033339298779 9.021189299069936 9.02530586526477 9.02938377768521 9.033423755486949 9.041392685158224 9.079181246047623 9.146128035678236 9.204119982655923 9.255272505103305 9.301029995663981 9.361727836017593 9.414973347970816 9.462397997898954 9.477121254719663 9.505149978319904 9.544068044350274 9.57978359661681 9.60205999132796 9.612783856719734 9.653212513775342 9.698970004336017 9.778151250383642 9.845098040014257 9.903089986991944 9.954242509439325 10.0 10.041392685158225 10.079181246047623 10.113943352306835 10.146128035678236 
# total_gas_mass_list
8.563351467391335 10.239164448042462 10.60790790300644 10.20384458941359 9.95905097699051 9.675586597428444 9.369383350738751 9.048271546037688 8.716738895668602 8.37767078403293 8.033301029183882 7.685713504799784 7.3375710171221895 6.99310388277384 6.659699378683544 6.349791802418565 6.739605506289182 6.905602345480244 6.989176727103846 7.0434122767477625 7.082617903513459 7.112746699645447 7.1369500168945255 7.157025515245092 7.174077930981331 7.175670322084238 7.1772007476394215 7.178700142671692 7.180182673363382 7.18165530779698 7.183120245281622 7.184581880055976 7.186035465623199 7.188819024346628 7.201654052725625 7.2234527391144026 7.240987039394659 7.255722880276228 7.268171519115271 7.283597608290481 7.296370106780778 7.30720448077516 7.310562007103684 7.3165333165180595 7.324602406059017 7.331417177937295 7.335551068056608 7.3373911663621225 7.344472752883599 7.351626090617953 7.363079715736511 7.3718185298649495 7.379408576312666 7.386325766875181 7.392811110773796 7.398373583521876 7.403801382444715 7.40883398849121 7.413361912380278 
# ejected_gas_mass_list
-10.0 -10.0 4.158835414775599 5.851067130472912 6.4591210597279725 6.710806272821222 6.8417122285602385 6.924438860541891 6.983744315587109 7.028330631852657 7.063467232653794 7.091883382386297 7.115417320636319 7.13531838143435 7.152448531594765 7.1674164610844695 7.2217887505105836 7.283349563113997 7.320345416789474 7.346489749497981 7.366442673287039 7.382376396701806 7.395552839393483 7.406735282797997 7.416413208891715 7.417325334734593 7.418203312607717 7.419064767649574 7.4199177773491725 7.420766316790129 7.421611630732054 7.422456240559788 7.4232973889054605 7.4249114638645 7.432410112321661 7.445355951183371 7.455959935927707 7.465001883047324 7.472732444510078 7.482428028574787 7.490552197102314 7.497511502294019 7.499680740174469 7.50355333607435 7.50881606842334 7.513287144358979 7.516011067651364 7.517226395903862 7.521919844900264 7.526686980092581 7.534374250686953 7.5402841002416965 7.545448202149219 7.550179556499833 7.554637096526421 7.558476863047013 7.562238311505979 7.5657387571688455 7.568898700894482 
# stellar_mass_list
-10.0 6.420683963822604 8.099863192794151 8.529838925557618 8.413389501040601 8.348581481382714 8.287331102079667 8.235869622430602 8.195535124921292 8.164631007177759 8.14076583679949 8.121881579645093 8.106471255253954 8.093518733593788 8.0823533129636 8.07253104679213 8.035666676090033 7.990798841023954 7.962056819714815 7.94103252781849 7.9245305518767015 7.9109776242158505 7.899506135444252 7.889563288537625 7.880799889914764 7.879964400984491 7.879161060721304 7.878373681177125 7.877592648725555 7.876813763761138 7.876034874440828 7.875254753680849 7.874475778488033 7.872981579499303 7.865951617115708 7.853629649221294 7.843172323315587 7.833982784943761 7.825937080998321 7.815461563635284 7.806314943809246 7.798266461647505 7.795694113768188 7.791069199642735 7.784470797099049 7.778618016327295 7.774903314892418 7.7732270725581705 7.766434606033804 7.759180386356491 7.746328737256822 7.735669115364614 7.726357980922816 7.717803416233459 7.709702768844482 7.702766691503491 7.695835599067112 7.6895811562353105 7.683866272416706 
# remnant_mass_list
-10.0 -10.0 5.470978745834418 7.157491335197275 7.6965891094593095 7.843696436171314 7.918203799646539 7.959736599337128 7.984199794915348 7.999572148823139 8.009899568163002 8.017308236310457 8.022952219423003 8.027471115044715 8.03123006108232 8.034443902762636 8.045876016923303 8.058616070469567 8.06613664265301 8.07134349661266 8.07526471661575 8.078380692979337 8.080946661624523 8.083119371267697 8.084995679851753 8.085173027505041 8.085342728144035 8.085508597804278 8.085672891033735 8.085836591859689 8.086000233121814 8.086164066438789 8.086327562403863 8.086639465349945 8.088093176350887 8.090588768918277 8.092653711123074 8.094431907608229 8.095957787753058 8.097903060362778 8.0995671168355 8.101003794034959 8.101459760964138 8.102267439583041 8.103410930092352 8.10440763625707 8.105035704779578 8.105314806300674 8.106448418515289 8.107631698691916 8.109692755916797 8.111356794746424 8.112782439814344 8.11407610922122 8.115290090908454 8.11630432837545 8.117316473559661 8.118214345352863 8.119022411804945 
# BH_mass_list
-10.0 -10.0 5.327099508988509 7.011978793956569 7.529064491454711 7.634401270935486 7.684616183483961 7.7086288890037675 7.720020329467199 7.725355072043684 7.727819314709082 7.728930693321507 7.729416999608153 7.72962214378138 7.729703156632232 7.729726867867992 7.729732112784505 7.729732112784505 7.729732112784505 7.729732112784505 7.729732112784505 7.729732112784505 7.729732112784505 7.729732112784505 7.729732112784505 7.729732112784505 7.729732112784505 7.729732112784505 7.729732112784505 7.729732112784505 7.729732112784505 7.729732112784505 7.729732112784505 7.729732112784505 7.729732112784505 7.729732112784505 7.729732112784505 7.729732112784505 7.729732112784505 7.729732112784505 7.729732112784505 7.729732112784505 7.729732112784505 7.729732112784505 7.729732112784505 7.729732112784505 7.729732112784505 7.729732112784505 7.729732112784505 7.729732112784505 7.729732112784505 7.729732112784505 7.729732112784505 7.729732112784505 7.729732112784505 7.729732112784505 7.729732112784505 7.729732112784505 7.729732112784505 
# NS_mass_list
-10.0 -10.0 4.921237226429008 6.611880727606116 7.201810331945224 7.426203461651593 7.536617183054917 7.595387309530942 7.621335891259595 7.634129766378582 7.640276619430031 7.643164051741676 7.644491798228643 7.645089678289902 7.645353539493238 7.64546603446162 7.645534524750017 7.645534524750017 7.645534524750017 7.645534524750017 7.645534524750017 7.645534524750017 7.645534524750017 7.645534524750017 7.645534524750017 7.645534524750017 7.645534524750017 7.645534524750017 7.645534524750017 7.645534524750017 7.645534524750017 7.645534524750017 7.645534524750017 7.645534524750017 7.645534524750017 7.645534524750017 7.645534524750017 7.645534524750017 7.645534524750017 7.645534524750017 7.645534524750017 7.645534524750017 7.645534524750017 7.645534524750017 7.645534524750017 7.645534524750017 7.645534524750017 7.645534524750017 7.645534524750017 7.645534524750017 7.645534524750017 7.645534524750017 7.645534524750017 7.645534524750017 7.645534524750017 7.645534524750017 7.645534524750017 7.645534524750017 7.645534524750017 
# WD_mass_list
-10.0 -10.0 -10.0 -10.0 -10.0 2.9592495177537503 4.732063618292365 5.8001589019973085 6.328111474597449 6.568687240180455 6.71533820832434 6.81451169571515 6.885957414066658 6.939876592966502 6.982106441802883 7.016202265883987 7.122541861077351 7.219285339543836 7.268759177541602 7.300427743113751 7.323070458278912 7.34039478535849 7.354248793880365 7.365705126364339 7.375405705981467 7.376313631149743 7.377180980345808 7.378027405106158 7.37886448016802 7.37969724942352 7.380528435628455 7.381359319698335 7.382187222818075 7.383763118955189 7.391048191046005 7.403331376102746 7.413290227065098 7.421723750338826 7.42885916392704 7.437824400730172 7.445380462606913 7.451822737775299 7.453851949689398 7.457428470954346 7.462453383699762 7.466796980760495 7.469516994132578 7.4707215253708235 7.4755877186947055 7.480622956793328 7.489288380681337 7.496189901246302 7.502037321884426 7.507292472843877 7.512180757290833 7.516233306996882 7.520249461211477 7.523789103140434 7.526956422045546 
