# time_axis
1000000 10000000 20000000 30000000 40000000 50000000 60000000 70000000 80000000 90000000 100000000 110000000 120000000 130000000 140000000 150000000 200000000 300000000 400000000 500000000 600000000 700000000 800000000 900000000 1000000000 1010000000 1020000000 1030000000 1040000000 1050000000 1060000000 1070000000 1080000000 1100000000 1200000000 1400000000 1600000000 1800000000 2000000000 2300000000 2600000000 2900000000 3000000000 3200000000 3500000000 3800000000 4000000000 4100000000 4500000000 5000000000 6000000000 7000000000 8000000000 9000000000 10000000000 11000000000 12000000000 13000000000 14000000000 
# SNIa_energy_release_list
0 0.0 0.0 0.0 0.0 0.0 1.3293718447172488e+54 5.818211539698296e+55 1.9127192016598076e+56 3.1652631561638393e+56 4.252916176916543e+56 5.20059965344562e+56 6.038296925495576e+56 6.7886531409912105e+56 7.468221413479e+56 8.089269158675437e+56 1.0581251812246456e+57 1.3903752728650177e+57 1.6173026816867765e+57 1.7898645434659705e+57 1.929146739079101e+57 2.045925665097368e+57 2.1464821129838134e+57 2.2347718287201736e+57 2.3134719481384743e+57 2.320887236583449e+57 2.328231435690062e+57 2.3355063442504617e+57 2.3427047531478774e+57 2.349833604054698e+57 2.3568931622277146e+57 2.3638817010655032e+57 2.370803835907854e+57 2.3844557230545243e+57 2.4491106590414578e+57 2.5633267232159062e+57 2.661971394491976e+57 2.7487853349672362e+57 2.8263176706836834e+57 2.9289865613670706e+57 3.018903311842512e+57 3.098887036808381e+57 3.123715420535679e+57 3.170916591469451e+57 3.236424945380219e+57 3.296518510250493e+57 3.3339765474707655e+57 3.351999864000979e+57 3.4199378118792405e+57 3.4967762745176905e+57 3.629652372561442e+57 3.741906599180657e+57 3.8390727901347184e+57 3.924768148037796e+57 4.0013365014062414e+57 4.070657906312006e+57 4.1339015593968444e+57 4.1920661236255175e+57 4.245909316538482e+57 
# SNII_energy_release_list
0 -1.796421658366119e+52 -3.4826881304594455e+54 2.0193832292454937e+55 8.995970854532512e+55 1.356353680092239e+56 1.676059377036082e+56 1.8558297253413074e+56 1.8977105482608175e+56 1.9067914156384167e+56 1.908594418293474e+56 1.9089285667613382e+56 1.9089820930759948e+56 1.9089960620498179e+56 1.9089975913154319e+56 1.9089978342755365e+56 1.9089979318032897e+56 1.9089979318032897e+56 1.9089979318032897e+56 1.9089979318032897e+56 1.9089979318032897e+56 1.9089979318032897e+56 1.9089979318032897e+56 1.9089979318032897e+56 1.9089979318032897e+56 1.9089979318032897e+56 1.9089979318032897e+56 1.9089979318032897e+56 1.9089979318032897e+56 1.9089979318032897e+56 1.9089979318032897e+56 1.9089979318032897e+56 1.9089979318032897e+56 1.9089979318032897e+56 1.9089979318032897e+56 1.9089979318032897e+56 1.9089979318032897e+56 1.9089979318032897e+56 1.9089979318032897e+56 1.9089979318032897e+56 1.9089979318032897e+56 1.9089979318032897e+56 1.9089979318032897e+56 1.9089979318032897e+56 1.9089979318032897e+56 1.9089979318032897e+56 1.9089979318032897e+56 1.9089979318032897e+56 1.9089979318032897e+56 1.9089979318032897e+56 1.9089979318032897e+56 1.9089979318032897e+56 1.9089979318032897e+56 1.9089979318032897e+56 1.9089979318032897e+56 1.9089979318032897e+56 1.9089979318032897e+56 1.9089979318032897e+56 1.9089979318032897e+56 
# SN_energy_per_current_crossing_time_list
0.0 -9.769259803093634e+52 -2.586944773514139e+54 1.1843198831630593e+55 4.0151412977582025e+55 2.773180263908916e+55 2.0055950986184906e+55 1.2895425470191794e+55 6.006712406114861e+54 3.731978750786812e+54 2.8785987126765972e+54 2.456881032564971e+54 2.1809104914751032e+54 1.9722614910392296e+54 1.8030924741736506e+54 1.66278653654322e+54 1.3860427824881883e+54 9.754936797685183e+53 6.934477363982677e+53 5.446975105294561e+53 4.518506509518039e+53 3.879239645428616e+53 3.410775442224303e+53 3.051232509181122e+53 2.7665382983738345e+53 2.6109681077648868e+53 2.590090533762505e+53 2.5696659413500454e+53 2.5466812642121375e+53 2.525894612009675e+53 2.5052871397754568e+53 2.484005985922457e+53 2.4641987262493934e+53 2.437229717237111e+53 2.3416964470985907e+53 2.1229146907361326e+53 1.8756872232473474e+53 1.6848709996383316e+53 1.5325035311021367e+53 1.3863301127217028e+53 1.2407688624315712e+53 1.125322621011469e+53 1.0544910369753042e+53 1.013786578909787e+53 9.532696586240574e+52 8.870812985698204e+52 8.369441576270368e+52 8.087113162646106e+52 7.747462504803482e+52 7.130965800201561e+52 6.35801505453793e+52 5.501721475998093e+52 4.856933418148149e+52 4.354184049527549e+52 3.9470038714894646e+52 3.616565467758464e+52 3.3367913291490124e+52 3.096242097662422e+52 2.890059745713195e+52 
# SN_energy_per_final_crossing_time_list
0.0 -2.8570018426785707e+52 -4.959220071854867e+54 3.388930207187881e+55 9.985913522810657e+55 6.537769035547331e+55 4.58323142526997e+55 2.878296278550238e+55 1.313825691893723e+55 8.02287768609028e+54 6.096102983864774e+54 5.1345656871145546e+54 4.5040425980943044e+54 4.029573174387557e+54 3.647834870780235e+54 3.3335389600167e+54 2.6751705761718704e+54 1.7833686366102437e+54 1.2180439791059539e+54 9.26234243165196e+53 7.476040053693289e+53 6.268166038714851e+53 5.397416581113344e+53 4.738993726144282e+53 4.224267447907769e+53 3.980192384265373e+53 3.942034833788268e+53 3.904842793802392e+53 3.8637812250910044e+53 3.8264456330253323e+53 3.78925241884025e+53 3.7511324428873207e+53 3.715489773167372e+53 3.6638586384899564e+53 3.470385349537992e+53 3.0653015871286364e+53 2.647400517693294e+53 2.3298903831711443e+53 2.0807930429332917e+53 1.8369343275556995e+53 1.608775204165376e+53 1.4310552014112173e+53 1.3326756546064115e+53 1.2667729817465623e+53 1.1720643248347452e+53 1.0751838404080913e+53 1.005289245185788e+53 9.67410340475427e+52 9.11650655110283e+52 8.248684217254076e+52 7.132189629698147e+52 6.025300582801086e+52 5.215442880115745e+52 4.599740299029255e+52 4.109843861291619e+52 3.720860353847978e+52 3.3946340486863164e+52 3.1220114671870633e+52 2.890059745713195e+52 
# total_energy_release_list
0 -1.796421658366119e+52 -3.4826881304594455e+54 2.0193832292454937e+55 8.995970854532512e+55 1.356353680092239e+56 1.6893530954832545e+56 2.437650879311137e+56 3.810429749920625e+56 5.072054571802256e+56 6.161510595210017e+56 7.109528220206959e+56 7.94727901857157e+56 8.69764920304103e+56 9.377219004794433e+56 9.998266992950974e+56 1.2490249744049746e+57 1.5812750660453465e+57 1.8082024748671054e+57 1.9807643366462993e+57 2.12004653225943e+57 2.236825458277697e+57 2.3373819061641423e+57 2.4256716219005025e+57 2.504371741318803e+57 2.511787029763778e+57 2.519131228870391e+57 2.5264061374307906e+57 2.5336045463282063e+57 2.540733397235027e+57 2.5477929554080434e+57 2.554781494245832e+57 2.561703629088183e+57 2.575355516234853e+57 2.6400104522217866e+57 2.754226516396235e+57 2.852871187672305e+57 2.939685128147565e+57 3.0172174638640123e+57 3.1198863545473995e+57 3.2098031050228413e+57 3.28978682998871e+57 3.314615213716008e+57 3.36181638464978e+57 3.4273247385605484e+57 3.487418303430822e+57 3.524876340651095e+57 3.542899657181308e+57 3.61083760505957e+57 3.68767606769802e+57 3.820552165741771e+57 3.9328063923609865e+57 4.0299725833150476e+57 4.1156679412181255e+57 4.1922362945865706e+57 4.2615576994923355e+57 4.3248013525771736e+57 4.382965916805847e+57 4.436809109718811e+57 
# binding_energy_list
7.585775750291883e+54 7.585775750291883e+54 7.603262769401822e+54 7.585775750291883e+54 7.533555637337217e+54 7.481695005111584e+54 7.430191378967052e+54 7.396052750582375e+54 7.362070974947316e+54 7.328245331389074e+54 7.311390834834127e+54 7.277798045368272e+54 7.244359600749891e+54 7.227698036021732e+54 7.211074791828947e+54 7.177942912713644e+54 7.095777679633873e+54 6.950243175887948e+54 6.854882264526593e+54 6.760829753919791e+54 6.698846094165272e+54 6.622165037017589e+54 6.576578373554172e+54 6.516283940608428e+54 6.471426157485831e+54 6.471426157485831e+54 6.471426157485831e+54 6.45654229034659e+54 6.45654229034659e+54 6.45654229034659e+54 6.441692655151735e+54 6.441692655151735e+54 6.441692655151735e+54 6.426877173170194e+54 6.397348354826442e+54 6.324118513762223e+54 6.251726927756848e+54 6.208690342300624e+54 6.151768727098702e+54 6.081350012787164e+54 6.025595860743593e+54 5.970352865838415e+54 5.956621435290085e+54 5.929253245800042e+54 5.888436553555932e+54 5.8479008414448476e+54 5.834451042737424e+54 5.8210321777087214e+54 5.780960474057187e+54 5.74116462207328e+54 5.6623928903825345e+54 5.610479760324735e+54 5.559042572704003e+54 5.5207743928075396e+54 5.4827696492085025e+54 5.457578610912733e+54 5.432503314924325e+54 5.407543229455771e+54 5.382697825162903e+54 
# total_gas_kinetic_energy_list
4.6055799730817314e+57 1.6887868532816805e+59 2.868884455065098e+59 6.744945555660832e+58 1.7164700546395183e+58 4.272941551080532e+57 1.0237014395811954e+57 2.3879944540990057e+56 5.651301817112313e+55 1.5244003601842183e+55 5.937796919624207e+54 3.67807630477531e+54 3.027836572649411e+54 2.7195403814868343e+54 2.529192174733021e+54 2.3662514508045914e+54 1.1376994907978594e+55 2.4811497453294306e+55 3.498389732311253e+55 4.3142995186353444e+55 4.994487758304222e+55 5.577283571209186e+55 6.094371810901896e+55 6.559891584358988e+55 6.986057413584633e+55 7.02757599148948e+55 7.067996148951242e+55 7.106591339800542e+55 7.145807217086173e+55 7.184715062840525e+55 7.224181745455464e+55 7.264433021142704e+55 7.302951428228845e+55 7.378261827304728e+55 7.736311272351593e+55 8.39204227288278e+55 8.962833520991372e+55 9.478254966764853e+55 9.936571610616518e+55 1.0543666043983192e+56 1.1078435345061498e+56 1.155241621298167e+56 1.1704157506404042e+56 1.197866153439427e+56 1.2364894329489148e+56 1.270036579568169e+56 1.291030683730397e+56 1.3004210757525571e+56 1.3379320593025273e+56 1.374781031617556e+56 1.4404392212265979e+56 1.4888327262130975e+56 1.5294553451684466e+56 1.5625738033902189e+56 1.5919317244579817e+56 1.6167561918285604e+56 1.6400377661751513e+56 1.6568093830859018e+56 1.6734020967115525e+56 
