# time_axis
5.999999999999999 7.0 7.30102999566398 7.477121254719661 7.602059991327962 7.698970004336018 7.778151250383643 7.845098040014256 7.903089986991943 7.954242509439324 8.0 8.041392685158224 8.079181246047623 8.113943352306837 8.146128035678238 8.176091259055681 8.301029995663981 8.47712125471966 8.60205999132796 8.698970004336019 8.778151250383644 8.845098040014257 8.903089986991942 8.954242509439323 8.999999999999998 9.004321373782641 9.008600171761916 9.012837224705171 9.017033339298779 9.021189299069936 9.02530586526477 9.02938377768521 9.033423755486949 9.041392685158224 9.079181246047623 9.146128035678236 9.204119982655923 9.255272505103305 9.301029995663981 9.361727836017593 9.414973347970816 9.462397997898954 9.477121254719663 9.505149978319904 9.544068044350274 9.57978359661681 9.60205999132796 9.612783856719734 9.653212513775342 9.698970004336017 9.778151250383642 9.845098040014257 9.903089986991944 9.954242509439325 10.0 10.041392685158225 10.079181246047623 10.113943352306835 10.146128035678236 
# total_gas_mass_list
8.902365504625783 10.470642224012094 10.700826262059119 10.072130219207578 9.47782463283935 8.874020564256835 8.25359137413047 7.621902522135724 6.999552744974888 6.440108444514593 6.046397859031082 5.850757276752638 5.765387807457958 5.716033740612358 5.67983117377141 5.648600635537363 6.325304917816096 6.657243394541963 6.803455358738692 6.894846824875128 6.959587947583492 7.008663762250274 7.047766667982454 7.079940162565793 7.107268002746093 7.109811709504154 7.112303349972594 7.114719343620759 7.117100646833082 7.1194306302883055 7.121821686608128 7.124205781447552 7.126486117466678 7.130914693152035 7.151242355011858 7.185924312222471 7.21386868355073 7.237369910068328 7.25716704259802 7.281966315084972 7.302630378953094 7.3200929904304886 7.325506085500956 7.335188481215791 7.348413933842926 7.359598971206023 7.366448746237309 7.369489725088012 7.381327919170207 7.392875552913616 7.412397538855424 7.426461708804553 7.437892510017587 7.4471021802675414 7.455124599974762 7.461786458575148 7.4679551876547645 7.472593629095503 7.477004583467198 
# ejected_gas_mass_list
-10.0 -10.0 -10.0 5.590757695936386 6.231377889672737 6.458493275640919 6.568575597469226 6.645134042994264 6.711305915561398 6.764265506991418 6.807415084032903 6.8431085653344415 6.873305785675423 6.899244223513066 6.921972104085982 6.942147541279723 7.017972577559725 7.108886352335538 7.166356600062911 7.208364220415928 7.241023273786014 7.26738380814301 7.289369883494806 7.308105989818291 7.324472870237497 7.326017278858878 7.327533518622847 7.329006974854746 7.330462401580872 7.331889463668772 7.333357014210802 7.334823397136191 7.336228858716142 7.338966446074937 7.351668462267913 7.373850211209493 7.392182519414687 7.407911197352657 7.421377446587475 7.438520471943823 7.453033494097647 7.465456884571985 7.4693370442213745 7.4763114974797675 7.485907933716764 7.4940860351582925 7.499122179023323 7.5013647158963055 7.510133737082466 7.518746849579537 7.533438936945663 7.5441238346231865 7.552868891079125 7.559953785927572 7.566153442635545 7.571321356135843 7.576122514423632 7.579742565958589 7.583192927855814 
# stellar_mass_list
-10.0 6.392300449431411 8.0247390556115 8.361127777253563 8.204264043876059 8.141605173368026 8.105702011472543 8.08004156420184 8.060084360120259 8.043743500584272 8.029905262836381 8.017855902471728 8.007149464898214 7.997493021089365 7.988694052707013 7.9806077682256165 7.9472316555376405 7.900017446232401 7.865076746392729 7.836655373473954 7.812490705648044 7.791363241536235 7.772576031974424 7.755509886206517 7.739815012868096 7.7382871723842435 7.736814012049744 7.7353775543073 7.733881618491066 7.732478542848238 7.731020135642572 7.729552650739887 7.728084811605191 7.725288218699641 7.711759306274922 7.686858200697009 7.664419282664608 7.643635673296341 7.624528489385509 7.598166402893786 7.5736657979446385 7.550790318348987 7.543186739519488 7.529189010415626 7.508344968382994 7.48885602549173 7.476045888338867 7.470106074381346 7.445142552413619 7.416662990513388 7.360813525389083 7.31040372637414 7.267942087973611 7.2302388118738685 7.195598590759713 7.166756216529954 7.138604864689909 7.113803087716268 7.0915353434543125 
# remnant_mass_list
-10.0 -10.0 4.860499417981311 6.881854216638995 7.363754142290124 7.469810996316116 7.516067620028063 7.54258711343996 7.559746528128567 7.572616116235106 7.5829642541349305 7.591618192771726 7.599050251033095 7.605556891028976 7.611339172890937 7.616540733069216 7.63674592355551 7.6624152059496335 7.679417842173638 7.6921653011384565 7.702279085278248 7.710588715647994 7.7176216247589275 7.723710581347971 7.72908348927914 7.7295930909316 7.730078934295569 7.7305544341346595 7.7310306579167705 7.731508580166483 7.731987069574934 7.732468914077768 7.732948379272221 7.733854352683001 7.7381366904802285 7.74564798915343 7.752019974504694 7.757612869633398 7.762492816471378 7.768844696716161 7.774397182737254 7.779276738658199 7.780850400087538 7.783640826319104 7.787647987892288 7.791199808446996 7.7934514725335235 7.794461870686379 7.798598445002929 7.802989274083244 7.810807152165886 7.816963418619351 7.821509407411834 7.825131118572088 7.828160464990279 7.830423858217422 7.8324953984314645 7.834168167836051 7.835551816364511 
# BH_mass_list
-10.0 -10.0 4.561417225883905 6.6710846962029855 7.117909558455007 7.1524748737428485 7.156986670916731 7.157547349134966 7.157608608701135 7.1576127036369614 7.157612738036011 7.157612738036011 7.157612738036011 7.157612738036011 7.157612738036011 7.157612738036011 7.157612738036011 7.157612738036011 7.157612738036011 7.157612738036011 7.157612738036011 7.157612738036011 7.157612738036011 7.157612738036011 7.157612738036011 7.157612738036011 7.157612738036011 7.157612738036011 7.157612738036011 7.157612738036011 7.157612738036011 7.157612738036011 7.157612738036011 7.157612738036011 7.157612738036011 7.157612738036011 7.157612738036011 7.157612738036011 7.157612738036011 7.157612738036011 7.157612738036011 7.157612738036011 7.157612738036011 7.157612738036011 7.157612738036011 7.157612738036011 7.157612738036011 7.157612738036011 7.157612738036011 7.157612738036011 7.157612738036011 7.157612738036011 7.157612738036011 7.157612738036011 7.157612738036011 7.157612738036011 7.157612738036011 7.157612738036011 7.157612738036011 
# NS_mass_list
-10.0 -10.0 4.557512843512407 6.4667466831837155 6.999491412239977 7.184465104208009 7.264954496608159 7.3001956062574065 7.307916421241987 7.309553062376344 7.309872729476711 7.3099300435143535 7.309938430412714 7.309940225207866 7.309940382501363 7.309940407462707 7.309940417445943 7.309940417445943 7.309940417445943 7.309940417445943 7.309940417445943 7.309940417445943 7.309940417445943 7.309940417445943 7.309940417445943 7.309940417445943 7.309940417445943 7.309940417445943 7.309940417445943 7.309940417445943 7.309940417445943 7.309940417445943 7.309940417445943 7.309940417445943 7.309940417445943 7.309940417445943 7.309940417445943 7.309940417445943 7.309940417445943 7.309940417445943 7.309940417445943 7.309940417445943 7.309940417445943 7.309940417445943 7.309940417445943 7.309940417445943 7.309940417445943 7.309940417445943 7.309940417445943 7.309940417445943 7.309940417445943 7.309940417445943 7.309940417445943 7.309940417445943 7.309940417445943 7.309940417445943 7.309940417445943 7.309940417445943 7.309940417445943 
# WD_mass_list
-10.0 -10.0 -10.0 -10.0 -10.0 3.0502199561000922 4.735542797800621 5.7373874908302716 6.201925789226523 6.416052036956881 6.543169347034626 6.629459713767917 6.693208319479752 6.743011323632743 6.783482027018821 6.817331990673115 6.931254064215117 7.0482080290330344 7.11424902826378 7.159354955371176 7.192920959259708 7.2192167971891115 7.240658687486732 7.258668850727785 7.274163087982986 7.2756141311453515 7.276994603647239 7.278342939659615 7.279690619381823 7.281040393850689 7.282389062533907 7.283744464100255 7.285090473560367 7.287626523381321 7.299487156353275 7.319807261967797 7.33659091648945 7.351000142390836 7.363339310602162 7.379091314523679 7.392588829583525 7.404251190715254 7.407973918008352 7.414530246423869 7.423847450851728 7.43201214519704 7.437143703612513 7.439435411459167 7.448748046452975 7.45851372012965 7.475610055974131 7.488822204655583 7.498443313251281 7.506028978373064 7.512321382865057 7.516992209796774 7.521244601557302 7.524662925708541 7.527480099809346 
