# time_axis
5.999999999999999 7.0 7.30102999566398 7.477121254719661 7.602059991327962 7.698970004336018 7.778151250383643 7.845098040014256 7.903089986991943 7.954242509439324 8.0 8.041392685158224 8.079181246047623 8.113943352306837 8.146128035678238 8.176091259055681 8.204119982655925 8.230448921378272 8.255272505103306 8.278753600952827 8.301029995663981 8.47712125471966 8.60205999132796 8.698970004336019 8.778151250383644 8.845098040014257 8.903089986991942 8.954242509439323 8.999999999999998 9.004321373782641 9.008600171761916 9.012837224705171 9.017033339298779 9.021189299069936 9.02530586526477 9.02938377768521 9.033423755486949 9.041392685158224 9.079181246047623 9.146128035678236 9.204119982655923 9.255272505103305 9.301029995663981 9.361727836017593 9.414973347970816 9.462397997898954 9.477121254719663 9.505149978319904 9.544068044350274 9.57978359661681 9.60205999132796 9.612783856719734 9.653212513775342 9.698970004336017 9.778151250383642 9.845098040014257 9.903089986991944 9.954242509439325 10.0 10.041392685158225 10.079181246047623 10.113943352306835 10.146128035678236 
# total_gas_mass_list
8.039302159646388 7.984577360437039 6.658822866476383 6.749805828965005 6.793336885642136 6.791794917712212 6.807297995502577 6.792387529705071 6.808489623256552 6.792624588462768 6.808640391809635 6.792816194630539 6.80880179013447 6.792955686867553 6.8089287499187625 6.793095419747646 6.809026590240741 6.793203889401738 6.809123558497307 6.793318424699024 6.809189171334487 7.198565559127572 7.201435619555982 7.203338881498309 7.204665773418621 7.205664925393725 7.206565019512802 7.207545004049264 7.20835839201149 7.208418264720698 7.208494162458594 7.2085476322549376 7.208625317108152 7.2086811178668695 7.208731993082097 7.208763214788606 7.208788202493684 7.208901672044022 7.209493558665619 7.210627517125896 7.211498052073425 7.212276102870923 7.212942442159761 7.213844529870836 7.214657653286163 7.215310716841855 7.215517783191012 7.215923795355708 7.21648083880307 7.216948166856577 7.217301654339409 7.21753967596041 7.218039398062856 7.21841299870538 7.219703057016265 7.220871660641686 7.221581711388278 7.222251974749109 7.22288251823254 7.223542429301558 7.223508254129646 7.2244317900649255 7.224974732331716 
# ejected_gas_mass_list
-10.0 -10.0 6.621914347723306 6.991580873095933 7.204703654828656 7.34660729586664 7.456813779327789 7.541946512576143 7.615566784207436 7.676390817731339 7.731614993729112 7.778941804214998 7.823135477057792 7.861869582854383 7.898707440288306 7.9314925482518674 7.963073989565647 7.991494157369704 8.01913307094215 8.044215415845459 8.068785965543917 8.102138424066663 8.10249782093255 8.102737300571842 8.102904801412988 8.103031225254174 8.103145332886488 8.103269803479057 8.103373300523826 8.103380925528704 8.103390592697174 8.103397404082184 8.103407301467358 8.103414411677972 8.103420894963698 8.103424874031656 8.103428058783617 8.103442522802547 8.103518024357946 8.103662924006004 8.103774386924734 8.103874173198797 8.103959756250946 8.10407580074807 8.104180580998142 8.10426485952846 8.10429160470989 8.10434407844868 8.10441614127751 8.104476660031121 8.104522474155981 8.104553341493533 8.104618194834035 8.10466672271942 8.104834570993109 8.104986991687415 8.105079777748207 8.105167485652405 8.105250103434335 8.105336680833606 8.10533219439621 8.105453541951993 8.105524986267001 
# stellar_mass_list
-10.0 7.144004116335582 7.29055782809203 7.378886773304349 7.443094379485784 7.497589358828758 7.541550200115952 7.581730975092577 7.615547631551966 7.647638766596511 7.675262821965539 7.702090844509464 7.725506425010499 7.748613337062837 7.768969354920903 7.7892952069244545 7.807319655731609 7.825482575819434 7.8416684061166055 7.858098503989152 7.87279461679663 7.713015562335895 7.674263822260144 7.649247551113476 7.6307171671816105 7.616013702489931 7.603837697255063 7.5934639811199425 7.584427806828219 7.583585183934396 7.582757186098824 7.5819330650024295 7.581121052026928 7.580315195330726 7.579521658135231 7.578735215665485 7.577961054999857 7.576435468102289 7.569270626507889 7.5568584128838685 7.546370450600356 7.537273474911074 7.529285058062905 7.518846757511192 7.509845458567691 7.501925054405898 7.499459488684033 7.494849189111173 7.488454654086782 7.482667515743875 7.47905799156358 7.477347621708388 7.47086351526058 7.4636562603625105 7.451176668687576 7.440768079391166 7.431773605664681 7.42364770897712 7.416171753294953 7.409735548540621 7.403346878269255 7.39768883350585 7.392364439180423 
# remnant_mass_list
-10.0 -10.0 6.110853715082936 6.458172000500879 6.5671906386576815 6.726471558879462 6.793863175175353 6.898667746035632 6.9477248848523825 7.025671425628039 7.0642676391615 7.126201808255264 7.158018202918304 7.209331401174999 7.236393397724045 7.280155050034356 7.303698345592882 7.341820601927614 7.362653910672556 7.396406878732894 7.415089403968773 7.488416585463078 7.505502333704725 7.5159182839849334 7.523330303236864 7.52903285890428 7.533638639559904 7.5374811137585915 7.540768594710591 7.5410722723603465 7.541370152410071 7.541666351503312 7.541957698960771 7.5422464922338674 7.542530407279695 7.542811399723201 7.543087521680142 7.543630487540419 7.546160300066218 7.550464405118172 7.55402460208151 7.55705814882047 7.559679579707518 7.563047528716101 7.565900015962745 7.568371438972142 7.569134436005872 7.570549526858738 7.572494314101399 7.574233963294653 7.575309546284258 7.575816808838573 7.5777259238368195 7.579819665455139 7.5833843598243575 7.5862958942844685 7.588768241462109 7.590973759620354 7.59298068276221 7.594673548900381 7.5963555789199875 7.597816805399832 7.599185281201482 
# BH_mass_list
-10.0 -10.0 5.93204337602581 6.233073371689791 6.285888715955856 6.445078599106317 6.478248167109337 6.5869187116198376 6.611098042752016 6.693662580155545 6.712686477743027 6.779278162773318 6.794958905350117 6.850763233851769 6.864100288263267 6.9121280384159975 6.923730933030263 6.965885903667916 6.976153737089729 7.013716473407009 7.022924784552658 7.056797984540475 7.056797984540475 7.056797984540475 7.056797984540475 7.056797984540475 7.056797984540475 7.056797984540475 7.056797984540475 7.056797984540475 7.056797984540475 7.056797984540475 7.056797984540475 7.056797984540475 7.056797984540475 7.056797984540475 7.056797984540475 7.056797984540475 7.056797984540475 7.056797984540475 7.056797984540475 7.056797984540475 7.056797984540475 7.056797984540475 7.056797984540475 7.056797984540475 7.056797984540475 7.056797984540475 7.056797984540475 7.056797984540475 7.056797984540475 7.056797984540475 7.056797984540475 7.056797984540475 7.056797984540475 7.056797984540475 7.056797984540475 7.056797984540475 7.056797984540475 7.056797984540475 7.056797984540475 7.056797984540475 7.056797984540475 
# NS_mass_list
-10.0 -10.0 5.639120075424626 6.065061662050109 6.245493588225185 6.4040066831086015 6.498000522116006 6.590272777995606 6.654070264387921 6.720493388882348 6.768641124336586 6.820541964691331 6.859209487037084 6.901803055355333 6.93411092928988 6.97022937361444 6.997974686531236 7.029327668682773 7.053639910842028 7.0813387397997705 7.102974102551915 7.149717995747216 7.149717995747216 7.149717995747216 7.149717995747216 7.149717995747216 7.149717995747216 7.149717995747216 7.149717995747216 7.149717995747216 7.149717995747216 7.149717995747216 7.149717995747216 7.149717995747216 7.149717995747216 7.149717995747216 7.149717995747216 7.149717995747216 7.149717995747216 7.149717995747216 7.149717995747216 7.149717995747216 7.149717995747216 7.149717995747216 7.149717995747216 7.149717995747216 7.149717995747216 7.149717995747216 7.149717995747216 7.149717995747216 7.149717995747216 7.149717995747216 7.149717995747216 7.149717995747216 7.149717995747216 7.149717995747216 7.149717995747216 7.149717995747216 7.149717995747216 7.149717995747216 7.149717995747216 7.149717995747216 7.149717995747216 
# WD_mass_list
-10.0 -10.0 -10.0 -10.0 -10.0 3.7050331070591738 4.816214490668951 5.2124811108578255 5.436050867959936 5.618694442826206 5.751617042626184 5.870048992057066 5.964092400586533 6.051118971518287 6.123486102633698 6.191927629122325 6.250514102358032 6.3067147349781365 6.35578789346499 6.403337704549282 6.4454707938515385 6.722394297696527 6.813752512450136 6.862724853223366 6.8951245318287055 6.91884990291298 6.9373222559121555 6.952296379843905 6.9648110780608254 6.965953826651552 6.967072618506366 6.968183004704998 6.969273176799436 6.970351816915017 6.971410328670195 6.972456089180666 6.973481933123731 6.975494003651493 6.984780223462327 7.000256120888654 7.012764312287657 7.023223276088607 7.032119971416833 7.043365382616369 7.0527332456165475 7.060737883451812 7.0631887065887184 7.06770909378993 7.0738693886250275 7.079329778653074 7.082682585466929 7.084257748827745 7.090151554618396 7.096553907934122 7.1073106841764595 7.115966679333502 7.123228399545015 7.12963967042353 7.135420300220843 7.140257664368482 7.14502968943371 7.149147946814707 7.1529821215459455 
