# time_axis
1000000 10000000 20000000 30000000 40000000 50000000 60000000 70000000 80000000 90000000 100000000 110000000 120000000 130000000 140000000 150000000 160000000 170000000 180000000 200000000 300000000 400000000 500000000 600000000 700000000 800000000 900000000 1000000000 1010000000 1020000000 1030000000 1040000000 1050000000 1060000000 1070000000 1080000000 1100000000 1200000000 1400000000 1600000000 1800000000 2000000000 2300000000 2600000000 2900000000 3000000000 3200000000 3500000000 3800000000 4000000000 4100000000 4500000000 5000000000 6000000000 7000000000 8000000000 9000000000 10000000000 11000000000 12000000000 13000000000 14000000000 
# SNIa_energy_release_list
0 0 0 0 0 0 0 0 0 0 0 0 0 0 0 0 0 0 0 0 0 0 0 0 0 0 0 0 0 0 0 0 0 0 0 0 0 0 0 0 0 0 0 0 0 0 0 0 0 0 0 0 0 0 0 0 0 0 0 0 0 1e-10 
# SNII_energy_release_list
0 -4.285638040154879e+55 -2.0011426291973987e+57 -4.4514529513399145e+57 -5.355929348391181e+57 -4.45033311635817e+57 -2.07833057502769e+57 1.231698168648724e+57 -1.5695236694824514e+57 -6.305405171260966e+57 -1.2008457663356532e+58 -1.1938656180456032e+58 -9.962412724030614e+57 -6.997408835520634e+57 -9.56953192637344e+57 -1.39696963765841e+58 -1.9252999790938166e+58 -1.918455385177137e+58 -1.7360620243102063e+58 -5.564485420420526e+57 6.41127614512092e+57 2.3195417124042107e+58 3.0040502694888097e+58 3.462309398583879e+58 3.8075320009851375e+58 4.084124195785135e+58 4.3145310394761396e+58 4.511732396818529e+58 4.529965063758669e+58 4.547959614135744e+58 4.56572259125437e+58 4.5832544413880863e+58 4.600557691013802e+58 4.617649409233131e+58 4.634522942995807e+58 4.6511882935900815e+58 4.683915934363122e+58 4.836601575338663e+58 5.09793112185454e+58 5.316130733779093e+58 5.503189764933126e+58 5.666727760550217e+58 5.729353209473846e+58 5.729353209473846e+58 5.729353209473846e+58 5.729353209473846e+58 5.729353209473846e+58 5.729353209473846e+58 5.729353209473846e+58 5.729353209473846e+58 5.729353209473846e+58 5.729353209473846e+58 5.729353209473846e+58 5.729353209473846e+58 5.729353209473846e+58 5.729353209473846e+58 5.729353209473846e+58 5.729353209473846e+58 5.729353209473846e+58 5.729353209473846e+58 5.729353209473846e+58 5.729353209473846e+58 
# SN_energy_per_current_crossing_time_list
0.0 -3.4486623030220604e+57 -1.3028039988625005e+58 -8.276255915063217e+57 -2.3363909615974882e+57 2.120882340036708e+57 5.172866868616206e+57 7.27481314663124e+57 -4.150569140699739e+57 -5.181403032522274e+57 -5.051643607524642e+57 6.102647786255047e+55 1.742753518888521e+57 2.6030259755138396e+57 -1.942464654579499e+57 -2.888352460474705e+57 -3.0991741851696785e+57 3.9896451931881674e+55 1.0692710422403323e+57 4.031048636792032e+57 1.2973845676930926e+57 4.688978669656893e+57 2.446903420425232e+57 1.9979594255687477e+57 1.768888634610651e+57 1.5630664089855387e+57 1.4057351353385576e+57 1.279767431840836e+57 1.1897529087218484e+57 1.180557616000626e+57 1.1715343692897602e+57 1.162288030090453e+57 1.1529732911675707e+57 1.1445836418380421e+57 1.1355413239931455e+57 1.1269651470504035e+57 1.1170310479363552e+57 1.0878537931509495e+57 9.972451503654947e+56 8.777141033065654e+56 7.847080990819429e+56 7.100140331691995e+56 1.8903675958163233e+56 0.0 0.0 0.0 0.0 0.0 0.0 0.0 0.0 0.0 0.0 0.0 0.0 0.0 0.0 0.0 0.0 0.0 0.0 0.0 
# SN_energy_per_final_crossing_time_list
0.0 -6.096103192520314e+56 -2.5070067623931735e+58 -3.136898168666803e+58 -1.1579147048736304e+58 1.1593483225961294e+58 3.036648199509079e+58 4.237513514285849e+58 -3.586136651613901e+58 -6.062896554654413e+58 -7.301073156571678e+58 8.936016875174776e+56 2.529995659439613e+58 3.7958111606958913e+58 -3.292843416758249e+58 -5.633110092614535e+58 -6.763708521011732e+58 8.762479563701338e+56 2.3350079151614551e+58 7.550732123240064e+58 1.5331423201323102e+58 2.1487131904740442e+58 8.763108981551054e+57 5.866653745213073e+57 4.419555104791795e+57 3.540945575322023e+57 2.9496786569900192e+57 2.524580544414693e+57 2.334154128054638e+57 2.303670339782674e+57 2.274024228276666e+57 2.2444352489078203e+57 2.215169710236328e+57 2.1880893655422024e+57 2.160157294394995e+57 2.133505592616439e+57 2.094903561357282e+57 1.9546883642847854e+57 1.6727762367000827e+57 1.3967005665866912e+57 1.1973690168080385e+57 1.046810345454784e+57 2.6724459383127856e+56 0.0 0.0 0.0 0.0 0.0 0.0 0.0 0.0 0.0 0.0 0.0 0.0 0.0 0.0 0.0 0.0 0.0 0.0 0.0 
# total_energy_release_list
0 -4.285638040154879e+55 -2.0011426291973987e+57 -4.4514529513399145e+57 -5.355929348391181e+57 -4.45033311635817e+57 -2.07833057502769e+57 1.231698168648724e+57 -1.5695236694824514e+57 -6.305405171260966e+57 -1.2008457663356532e+58 -1.1938656180456032e+58 -9.962412724030614e+57 -6.997408835520634e+57 -9.56953192637344e+57 -1.39696963765841e+58 -1.9252999790938166e+58 -1.918455385177137e+58 -1.7360620243102063e+58 -5.564485420420526e+57 6.41127614512092e+57 2.3195417124042107e+58 3.0040502694888097e+58 3.462309398583879e+58 3.8075320009851375e+58 4.084124195785135e+58 4.3145310394761396e+58 4.511732396818529e+58 4.529965063758669e+58 4.547959614135744e+58 4.56572259125437e+58 4.5832544413880863e+58 4.600557691013802e+58 4.617649409233131e+58 4.634522942995807e+58 4.6511882935900815e+58 4.683915934363122e+58 4.836601575338663e+58 5.09793112185454e+58 5.316130733779093e+58 5.503189764933126e+58 5.666727760550217e+58 5.729353209473846e+58 5.729353209473846e+58 5.729353209473846e+58 5.729353209473846e+58 5.729353209473846e+58 5.729353209473846e+58 5.729353209473846e+58 5.729353209473846e+58 5.729353209473846e+58 5.729353209473846e+58 5.729353209473846e+58 5.729353209473846e+58 5.729353209473846e+58 5.729353209473846e+58 5.729353209473846e+58 5.729353209473846e+58 5.729353209473846e+58 5.729353209473846e+58 5.729353209473846e+58 5.729353209473846e+58 
# binding_energy_list
1.1939881044642683e+56 1.640589773199552e+56 2.2335722228305144e+56 2.6061535499988763e+56 2.7415741719278974e+56 2.7289777828080403e+56 2.735268726306697e+56 2.6424087573219288e+56 2.9785164294291665e+56 3.280952931131177e+56 3.491403154785855e+56 3.4753616144320328e+56 3.427677865464477e+56 3.4119291162192953e+56 3.580964371026377e+56 3.7497300224548187e+56 3.8815036599064703e+56 3.863669770540721e+56 3.837072454922816e+56 3.605786430216442e+56 2.9580124665515224e+56 1.9408858775927634e+56 1.7298163592150998e+56 1.5739828644662293e+56 1.4723125024327163e+56 1.3995873225726208e+56 1.3458603540559414e+56 1.3031667784523054e+56 1.300169578033282e+56 1.2971792709839546e+56 1.2941958414499915e+56 1.2882495516931322e+56 1.2852866599436207e+56 1.2823305826560126e+56 1.2793813041575227e+56 1.2764388088113488e+56 1.2705741052085394e+56 1.2416523075924145e+56 1.1994993031493806e+56 1.169499391019865e+56 1.1428783347897713e+56 1.1246049739669315e+56 1.101539309541419e+56 1.0814339512979354e+56 1.0665961212302547e+56 1.0616955571987327e+56 1.0519618738232192e+56 1.0399201658290665e+56 1.0303861204416117e+56 1.0232929922807495e+56 1.0209394837076807e+56 1.0115794542599044e+56 1e+56 9.817479430199784e+55 9.705099672454939e+55 9.594006315159316e+55 9.506047936562848e+55 9.440608762859265e+55 9.37562006925883e+55 9.332543007969886e+55 9.289663867799438e+55 9.246981739382249e+55 
# total_gas_kinetic_energy_list
1.4925441724086828e+58 6.818492716920193e+59 1.5166784486236921e+60 2.0274123295505363e+60 2.2830846885425217e+60 2.396094601846555e+60 2.4395373809648707e+60 2.2752992420822727e+60 2.248658976504328e+60 2.2142695485265214e+60 2.1769901946425936e+60 2.1624243247588718e+60 2.1508238005663123e+60 2.1380850445069267e+60 2.1041573036355817e+60 2.068652365212956e+60 2.0326520936752846e+60 2.018678398882388e+60 2.007819959482929e+60 2.0463639138526217e+60 2.127948956408597e+60 2.219889358683433e+60 2.2432333468848404e+60 2.257542555366896e+60 2.2667670162322292e+60 2.2733827397572285e+60 2.2784369015874714e+60 2.2824314113447753e+60 2.2827873391736642e+60 2.283136027679613e+60 2.2834773055422436e+60 2.2838112825841677e+60 2.2841389597043533e+60 2.2844614535492186e+60 2.2847788297277373e+60 2.2850909147894217e+60 2.285697372143152e+60 2.288441503121078e+60 2.2928412196789852e+60 2.296244471830694e+60 2.2989854457060233e+60 2.301254952718642e+60 2.3040479239657704e+60 2.3063480423294486e+60 2.308295093199772e+60 2.30888127719429e+60 2.3099758725295052e+60 2.3114489739156015e+60 2.312733924506803e+60 2.3135051103712728e+60 2.3138638159136154e+60 2.3151687957118685e+60 2.3165383624171758e+60 2.3186946970068097e+60 2.320329766767799e+60 2.3216365434511608e+60 2.3227190244316725e+60 2.3236369997553348e+60 2.3244218060295316e+60 2.325112570698229e+60 2.325720044949229e+60 2.3262566370580594e+60 
