# time_axis
5.999999999999999 7.0 7.30102999566398 7.477121254719661 7.602059991327962 7.698970004336018 7.778151250383643 7.845098040014256 7.903089986991943 7.954242509439324 8.0 8.301029995663981 8.47712125471966 8.60205999132796 8.698970004336019 8.778151250383644 8.845098040014257 8.903089986991942 8.954242509439323 8.999999999999998 9.004321373782641 9.008600171761916 9.012837224705171 9.017033339298779 9.021189299069936 9.02530586526477 9.02938377768521 9.033423755486949 9.041392685158224 9.079181246047623 9.146128035678236 9.204119982655923 9.255272505103305 9.301029995663981 9.361727836017593 9.414973347970816 9.462397997898954 9.477121254719663 9.505149978319904 9.544068044350274 9.57978359661681 9.60205999132796 9.612783856719734 9.653212513775342 9.698970004336017 9.778151250383642 9.845098040014257 9.903089986991944 9.954242509439325 10.0 10.041392685158225 10.079181246047623 10.113943352306835 10.146128035678236 
# total_gas_mass_list
9.152199653651701 10.821531979234507 11.171425568518803 11.300045015018602 11.353934351801708 11.377040534794052 11.386702905181917 11.295633832870946 11.202573065144467 11.108329336289392 11.010845423505643 11.013026398664719 11.016466918046973 11.017636042526433 11.018229002163173 11.01866382552097 11.01894731149876 11.019154487413784 11.01931412410655 11.019440900509156 11.01945217239164 11.019463240380004 11.019474084120292 11.019484704443649 11.01949510406859 11.019505287007178 11.019515266100258 11.019525087468267 11.019544228957347 11.019630105458631 11.019765205414142 11.019866890955235 11.01994694544373 11.020011567138514 11.020089000892083 11.020152132992434 11.020204914686582 11.02022080383729 11.020249974176949 11.020289155922894 11.020322737918503 11.020342869194641 11.020352065708344 11.020385979267848 11.020421011769749 11.02047562186138 11.020516268426244 11.020548944587125 11.020576274142432 11.0205997661912 11.020619733157652 11.02063768865825 11.02065352460068 11.020667617625792 
# ejected_gas_mass_list
-10.0 -10.0 -10.0 -10.0 -10.0 -10.0 -10.0 -10.0 -10.0 8.421090895197826 -10.0 8.526054980093836 9.06271056700844 9.156949549637668 9.198000299866349 9.225846224633683 9.243098105049626 9.255293063278906 9.264465394507907 9.271616449368926 9.272246697225494 9.272864671902335 9.273469289459218 9.27406064971226 9.27463895577634 9.27520448046767 9.275757983607264 9.276302062790208 9.277360533811438 9.282078338295872 9.28939998148469 9.294831940211715 9.299061974926227 9.30244731153503 9.30647003677022 9.309722956104974 9.312424347412009 9.31323434576177 9.314717549176343 9.316702013020006 9.318395817421527 9.319408100674975 9.319869770759302 9.321568105067247 9.32331566657822 9.326026167755955 9.328032902048532 9.329639573758199 9.330978898113715 9.332126935076188 9.33310037262212 9.33397392511336 9.334742933427076 9.335426184296859 
# stellar_mass_list
-10.0 7.177189909672716 8.848294913373119 9.232467479588506 9.398701550667022 9.487135603372707 9.54122132427178 9.578475919402292 9.548195502942537 9.511489240826167 9.637567411828776 9.585280704930218 9.32083807674822 9.171613806093676 9.100022741602432 9.053066254387918 9.01848372545966 8.991325647634712 8.969092220739743 8.950363852075744 8.948645224598945 8.946949065220762 8.945277525713486 8.943631142572745 8.942010218401272 8.940414917938636 8.938843183010764 8.937287349221997 8.934229504414516 8.920105087535815 8.896336033512148 8.876929165629472 8.860519693513618 8.846415659150363 8.828529770533315 8.813430271339104 8.800439102795114 8.796447248478298 8.789062770670958 8.778904362694645 8.769942390718713 8.76435175473934 8.76178011928175 8.751874798846803 8.741187713252874 8.723056025579936 8.708349403022542 8.695822008594448 8.684729148821718 8.674668716439854 8.665907115900609 8.657606591333456 8.650096227468792 8.643268502806405 
# remnant_mass_list
-10.0 -10.0 5.654548374945795 7.328563288620702 7.76472483353848 8.011221169458743 8.19053219385732 8.33283738730734 8.45000016213261 8.529407327939508 8.53604909753638 8.690035728470784 8.723419117402008 8.763084013210976 8.801171549942625 8.788325222394073 8.775767237198206 8.788240008973645 8.79790339539346 8.805683052221688 8.806381245074673 8.807068053479236 8.807742395962405 8.808404017215047 8.809052802634483 8.809688789823602 8.810313085289762 8.810929568992082 8.812136064572867 8.817603488008197 8.826437155705667 8.833322746799583 8.83893494098172 8.843605527898927 8.849330786213121 8.854005550392484 8.857914249615755 8.85909724537155 8.861254373739774 8.864176529685245 8.86669819983677 8.868253594337457 8.868958942817784 8.871659397329884 8.874503901095583 8.87920796691217 8.882903101245782 8.885975945666406 8.888646440806001 8.89102960249278 8.89306217747023 8.894967452868555 8.896664136899277 8.898183816786572 
# BH_mass_list
-10.0 -10.0 -10.0 -10.0 -10.0 -10.0 -10.0 -10.0 -10.0 -10.0 -10.0 -10.0 -10.0 -10.0 -10.0 -10.0 -10.0 -10.0 -10.0 -10.0 -10.0 -10.0 -10.0 -10.0 -10.0 -10.0 -10.0 -10.0 -10.0 -10.0 -10.0 -10.0 -10.0 -10.0 -10.0 -10.0 -10.0 -10.0 -10.0 -10.0 -10.0 -10.0 -10.0 -10.0 -10.0 -10.0 -10.0 -10.0 -10.0 -10.0 -10.0 -10.0 -10.0 -10.0 
# NS_mass_list
-10.0 -10.0 5.654548374945795 7.337819488667572 7.9034714340160415 8.236770625474765 8.4613267183836 8.623744254357943 8.747312577496437 8.835817226488167 8.870301123537786 8.8862661879368 8.8862661879368 8.902510534958898 8.923237345093174 8.93467604359621 8.94216391029348 8.947545466786801 8.951650511861976 8.954914322992252 8.955205137883565 8.955490345958125 8.955770089008537 8.956044600633863 8.956314034106043 8.956578475283697 8.956838111101442 8.957093105937293 8.957589705100258 8.959834836065072 8.963419724704844 8.966183106048735 8.968398869626714 8.970228652796514 8.970807416242248 8.970807416242248 8.970807416242248 8.970807416242248 8.970807416242248 8.970807416242248 8.970807416242248 8.970807416242248 8.970807416242248 8.970807416242248 8.970807416242248 8.970807416242248 8.970807416242248 8.970807416242248 8.970807416242248 8.970807416242248 8.970807416242248 8.970807416242248 8.970807416242248 8.970807416242248 
# WD_mass_list
-10.0 -10.0 -10.0 -10.0 -10.0 3.496092879546939 5.2654137959538385 6.334563224296579 6.871757454486696 7.215573573511885 7.460680337460328 8.16829198451861 8.270601125902632 8.317479633249167 8.345937539356942 8.365635050784093 8.380344650755976 8.391897449921535 8.401308427641926 8.409167369315078 8.409885804170836 8.410596458278038 8.411296084963652 8.411983178187624 8.412656867730416 8.413316901175225 8.413965337901132 8.414611226464439 8.415885778409253 8.421712526562294 8.431381645593754 8.43911115809657 8.4455868629793 8.451057071154992 8.46320172590351 8.474488571954577 8.483796282720622 8.486590722894723 8.491659749200103 8.498472913702775 8.50430380081564 8.507878375491385 8.509493937546791 8.515648144002132 8.52207830353441 8.532597508666285 8.540763337177822 8.54749077363089 8.553291857244872 8.558433793787671 8.562793701432636 8.566859489544706 8.570463237705253 8.573677674323047 
