# time_axis
5.999999999999999 7.0 7.30102999566398 7.477121254719661 7.602059991327962 7.698970004336018 7.778151250383643 7.845098040014256 7.903089986991943 7.954242509439324 8.0 8.041392685158224 8.079181246047623 8.113943352306837 8.146128035678238 8.176091259055681 8.204119982655925 8.230448921378272 8.255272505103306 8.278753600952827 8.301029995663981 8.47712125471966 8.60205999132796 8.698970004336019 8.778151250383644 8.845098040014257 8.903089986991942 8.954242509439323 8.999999999999998 9.004321373782641 9.008600171761916 9.012837224705171 9.017033339298779 9.021189299069936 9.02530586526477 9.02938377768521 9.033423755486949 9.041392685158224 9.079181246047623 9.146128035678236 9.204119982655923 9.255272505103305 9.301029995663981 9.361727836017593 9.414973347970816 9.462397997898954 9.477121254719663 9.505149978319904 9.544068044350274 9.57978359661681 9.60205999132796 9.612783856719734 9.653212513775342 9.698970004336017 9.778151250383642 9.845098040014257 9.903089986991944 9.954242509439325 10.0 10.041392685158225 10.079181246047623 10.113943352306835 10.146128035678236 
# total_gas_mass_list
8.446787486224654 8.426186718510252 8.412913597154486 8.401067574105056 8.389564681654248 8.37836743350772 8.366942985439128 8.355163073846324 8.343088466514619 8.3306415396525 8.317802420368285 8.304575653143342 8.290935120755762 8.276854617210233 8.262304952735914 8.247252562514353 8.231662068357743 8.215492334008996 8.198699910753936 8.181233145776725 8.163036405660032 8.190281075691408 8.190592034006384 8.190788181585903 8.19091276063644 8.191015547110268 8.191105566454736 8.191217382920525 8.191294345381685 8.191301238962547 8.191307383738595 8.191312497154986 8.191316950605586 8.19132194286179 8.19133205774323 8.191340592406052 8.191346425079816 8.191346891111124 8.191403644420797 8.19153117360823 8.191621700301162 8.191703655228178 8.191773750972184 8.191868325196966 8.191958794527023 8.192016421785029 8.192044168960864 8.192087436211478 8.192146158146354 8.192203068694832 8.192235636475893 8.192267207202708 8.192311105881487 8.192368756922026 8.192487627607218 8.192621657595895 8.192683312977099 8.192760639804288 8.192831808779019 8.192908711904487 8.19287386145576 8.192992044199123 8.1930567267165 
# ejected_gas_mass_list
-10.0 -10.0 6.621914347723306 6.991820801642571 7.199227866554838 7.345732424941356 7.4556500185675 7.542987894614702 7.61584861869967 7.678102517869941 7.732445343323903 7.780750035830737 7.82422087787618 7.863739856196695 7.899966995740094 7.933406922921944 7.96445952346214 7.993441451427933 8.020613795930615 8.046187284649251 8.070340802390186 8.103823600906148 8.104203025441898 8.104442329675377 8.10459430643098 8.104719690720183 8.104829495642555 8.104965881565438 8.105059750523068 8.105068158252204 8.105075652679748 8.10508188919988 8.105087320787105 8.105093409506324 8.105105745899975 8.10511615496551 8.105123268598955 8.105123836978185 8.105193053220123 8.105348580359477 8.10545897533665 8.10555891291031 8.105644385862249 8.105759702450158 8.10587000868943 8.10594026905818 8.105974098271451 8.106026848534329 8.106098438888402 8.106167818882017 8.106207521564643 8.106246008137264 8.10629952218981 8.106369799061472 8.106514696500575 8.106678061961881 8.106753208302589 8.106847451895995 8.10693418724171 8.107027907440976 8.106985436391858 8.107129458635297 8.107208279724135 
# stellar_mass_list
-10.0 7.144004116335582 7.29055782809203 7.378886773304349 7.445437551502157 7.498050297784113 7.542318418582643 7.581344594823581 7.616126912146164 7.647502051898781 7.67609311322873 7.702366778779945 7.726682200115038 7.749320167711177 7.770504475791984 7.790415367087724 7.809201862573404 7.826987819190707 7.843877208181179 7.8599595801606155 7.875309932485107 7.718986787086298 7.6813679886199635 7.657058701846519 7.63904235540498 7.62474826065594 7.612908417330974 7.602819229715456 7.594026552071767 7.593207609239838 7.592401624412014 7.591604709792746 7.590816276904104 7.590033859402186 7.5892569382490205 7.5884893382525815 7.587734343680569 7.586258089625656 7.579290209661573 7.567220590138696 7.557009938201971 7.548169187330221 7.5403964419410086 7.530244673598362 7.521499093372491 7.513794695495141 7.5113600105994225 7.506932946793765 7.500715292600419 7.4950094443407265 7.491601668913802 7.48991177103611 7.48362580940684 7.476545958731524 7.464491065013391 7.454397115357539 7.445759114938893 7.438092595080479 7.431171890800402 7.425203444075942 7.419309967746239 7.414193077914575 7.40920965922234 
# remnant_mass_list
-10.0 -10.0 6.110853715082936 6.458172000500879 6.632093395923365 6.726073662594132 6.7881447045744405 6.84036412647315 6.886734000964148 6.92881382378253 6.967476266073601 7.003299154378317 7.036699506008031 7.067997461468511 7.097447666471612 7.125259742259856 7.151606576987327 7.176634454916732 7.2004684796489435 7.223214944033736 7.244968539897126 7.314867157003657 7.336778080472488 7.350466712731783 7.360334165266404 7.367986441564341 7.374205720232013 7.379419244349805 7.38389921596644 7.384313279880119 7.384720142641522 7.385122065023866 7.385519234331707 7.385913061794949 7.38630391090404 7.386689632390215 7.387068269893818 7.387806764250536 7.391272532007758 7.397188227746556 7.402106791232377 7.406302665858501 7.409943127192015 7.414631090959788 7.418608856801549 7.422068257763721 7.423155922874586 7.42511320247343 7.427845366156507 7.430331430692762 7.4317982083195595 7.43252625450145 7.435212617335729 7.4382075002610915 7.443225609333183 7.447355021888498 7.450833772464315 7.4538852553307064 7.456612227914493 7.458922214628851 7.461212052553921 7.46316258493264 7.465062572669313 
# BH_mass_list
-10.0 -10.0 5.93204337602581 6.233073371689791 6.372226861317191 6.431705886198142 6.465872925652276 6.497546901999982 6.5270670263128645 6.554707667035797 6.580693891462133 6.605212613050489 6.628420755996245 6.6504513463325265 6.671418131026363 6.691419132338785 6.710539419030455 6.728853292771109 6.746426031863735 6.763315295667813 6.779572265989813 6.795242582428419 6.795242582428419 6.795242582428419 6.795242582428419 6.795242582428419 6.795242582428419 6.795242582428419 6.795242582428419 6.795242582428419 6.795242582428419 6.795242582428419 6.795242582428419 6.795242582428419 6.795242582428419 6.795242582428419 6.795242582428419 6.795242582428419 6.795242582428419 6.795242582428419 6.795242582428419 6.795242582428419 6.795242582428419 6.795242582428419 6.795242582428419 6.795242582428419 6.795242582428419 6.795242582428419 6.795242582428419 6.795242582428419 6.795242582428419 6.795242582428419 6.795242582428419 6.795242582428419 6.795242582428419 6.795242582428419 6.795242582428419 6.795242582428419 6.795242582428419 6.795242582428419 6.795242582428419 6.795242582428419 6.795242582428419 
# NS_mass_list
-10.0 -10.0 5.639120075424626 6.065061662050109 6.28558590828521 6.41743633438493 6.498430838076539 6.558292851076197 6.608604213255544 6.652477418469368 6.692016351492017 6.728254051563711 6.761699551444877 6.792752529478502 6.821732550429801 6.848899142193012 6.8744659524784675 6.898610964093233 6.921484016453091 6.9432124432056535 6.9639053652771965 7.002295012429142 7.002295012429142 7.002295012429142 7.002295012429142 7.002295012429142 7.002295012429142 7.002295012429142 7.002295012429142 7.002295012429142 7.002295012429142 7.002295012429142 7.002295012429142 7.002295012429142 7.002295012429142 7.002295012429142 7.002295012429142 7.002295012429142 7.002295012429142 7.002295012429142 7.002295012429142 7.002295012429142 7.002295012429142 7.002295012429142 7.002295012429142 7.002295012429142 7.002295012429142 7.002295012429142 7.002295012429142 7.002295012429142 7.002295012429142 7.002295012429142 7.002295012429142 7.002295012429142 7.002295012429142 7.002295012429142 7.002295012429142 7.002295012429142 7.002295012429142 7.002295012429142 7.002295012429142 7.002295012429142 7.002295012429142 
# WD_mass_list
-10.0 -10.0 -10.0 -10.0 -10.0 3.7050331070591738 4.816214490668951 5.2124811108578255 5.443964259587154 5.6116929109730656 5.7402947257166606 5.8440676430124805 5.931709571872712 6.007872116653161 6.075360934916828 6.136034679823526 6.191174732070569 6.241720457507565 6.288384118720601 6.331707519155622 6.372139949257965 6.638855218043909 6.734167088777553 6.786571482543076 6.821676765112064 6.847574778194483 6.8678555821740765 6.884367920071195 6.898223424069291 6.899489084606113 6.900730321907495 6.901954151445265 6.9031612382714895 6.904355950831589 6.905539454995018 6.9067053195519525 6.9078477399215545 6.9100701557863475 6.920400027510109 6.937665489685685 6.951686943104557 6.9634213611913465 6.973440719753324 6.986131027088107 6.99671929180314 7.005799034356493 7.0086297239854325 7.013695230295331 7.020706251136213 7.027026456694595 7.0307294254381665 7.032560373352216 7.039276394996248 7.046691233222457 7.058949366848266 7.068886312451108 7.077156038308062 7.084335971320342 7.090695291848596 7.0960410132481675 7.101303577704479 7.105758171107095 7.110072829696417 
