# time_axis
1000000 10000000 20000000 30000000 40000000 50000000 60000000 70000000 80000000 90000000 100000000 110000000 120000000 130000000 140000000 150000000 200000000 300000000 400000000 500000000 600000000 700000000 800000000 900000000 1000000000 1010000000 1020000000 1030000000 1040000000 1050000000 1060000000 1070000000 1080000000 1100000000 1200000000 1400000000 1600000000 1800000000 2000000000 2300000000 2600000000 2900000000 3000000000 3200000000 3500000000 3800000000 4000000000 4100000000 4500000000 5000000000 6000000000 7000000000 8000000000 9000000000 10000000000 11000000000 12000000000 13000000000 14000000000 
# SNIa_energy_release_list
0 0.0 0.0 0.0 0.0 0.0 2.6125304425719825e+53 8.86499585859206e+54 2.86738427049183e+55 5.492294512108106e+55 8.396779568273342e+55 1.1356897188035668e+56 1.4246965991248943e+56 1.7002172484588806e+56 1.9593876951305565e+56 2.201431539401744e+56 3.1829741620071173e+56 4.420343857857606e+56 5.227969799021447e+56 5.830328079997775e+56 6.311204328833222e+56 6.711582902652564e+56 7.054609086175e+56 7.354697752213848e+56 7.621424702108866e+56 7.646531485401925e+56 7.671382560486773e+56 7.695982818798516e+56 7.720332916598539e+56 7.744440239695731e+56 7.7683077064853125e+56 7.791937565352013e+56 7.815336537174619e+56 7.861462897686162e+56 8.079687682910776e+56 8.46439947205543e+56 8.795932930235886e+56 9.087211543893717e+56 9.346987295949245e+56 9.690579543645325e+56 9.991136492480357e+56 1.0258248207235284e+57 1.0341097740796259e+57 1.0498629787044864e+57 1.0717122580926723e+57 1.0917415139777735e+57 1.1042242814584943e+57 1.1102300939376268e+57 1.1328567096984225e+57 1.1584402847847037e+57 1.2026552085806636e+57 1.2399807813327951e+57 1.2722854789156515e+57 1.3007607029132755e+57 1.3262076284665832e+57 1.3492291343916944e+57 1.3702334308974561e+57 1.3895477672128217e+57 1.407425653458539e+57 
# SNII_energy_release_list
0 0.0 2.56296523546485e+53 8.862296392587601e+54 3.378159618950364e+55 7.328029915768546e+55 1.2102488399095615e+56 1.6374769576889674e+56 1.9476141565682683e+56 2.1645189014280626e+56 2.314698815701187e+56 2.418419024779695e+56 2.4900127569547987e+56 2.5394283776922374e+56 2.5735394741879125e+56 2.5970900971467955e+56 2.6306387474921287e+56 2.6306387474921287e+56 2.6306387474921287e+56 2.6306387474921287e+56 2.6306387474921287e+56 2.6306387474921287e+56 2.6306387474921287e+56 2.6306387474921287e+56 2.6306387474921287e+56 2.6306387474921287e+56 2.6306387474921287e+56 2.6306387474921287e+56 2.6306387474921287e+56 2.6306387474921287e+56 2.6306387474921287e+56 2.6306387474921287e+56 2.6306387474921287e+56 2.6306387474921287e+56 2.6306387474921287e+56 2.6306387474921287e+56 2.6306387474921287e+56 2.6306387474921287e+56 2.6306387474921287e+56 2.6306387474921287e+56 2.6306387474921287e+56 2.6306387474921287e+56 2.6306387474921287e+56 2.6306387474921287e+56 2.6306387474921287e+56 2.6306387474921287e+56 2.6306387474921287e+56 2.6306387474921287e+56 2.6306387474921287e+56 2.6306387474921287e+56 2.6306387474921287e+56 2.6306387474921287e+56 2.6306387474921287e+56 2.6306387474921287e+56 2.6306387474921287e+56 2.6306387474921287e+56 2.6306387474921287e+56 2.6306387474921287e+56 2.6306387474921287e+56 
# SN_energy_per_current_crossing_time_list
0.0 0.0 1.7794785022206185e+54 3.8208312132096804e+55 9.225203890057889e+55 1.3309850437758073e+56 1.5251190223355122e+56 1.3314722337907899e+56 9.635261046691319e+55 6.801355496908669e+55 4.800079207766602e+55 3.4104766519562023e+55 2.4454231116634252e+55 1.7726769424100864e+55 1.30167190411767e+55 9.704371666451252e+54 4.242688140206312e+54 1.4271346501306136e+54 9.45739856168915e+53 7.143633151704535e+53 5.766098954734987e+53 4.848101016977391e+53 4.190592205487087e+53 3.6959523707266165e+53 3.3098640514843833e+53 3.1178190813962094e+53 3.088274594004946e+53 3.059263769903362e+53 3.030275061779536e+53 3.0021570338291105e+53 2.9743617532173617e+53 2.946811273439435e+53 2.920060040891438e+53 2.8820946299371057e+53 2.745055572368999e+53 2.4491748552692585e+53 2.133675053047951e+53 1.8934142292715306e+53 1.7041338558526709e+53 1.5213047979443013e+53 1.3457048042832099e+53 1.2081823202787198e+53 1.12793168146297e+53 1.0788711032258635e+53 1.0063420565599633e+53 9.297073892026862e+52 8.734750850328517e+52 8.423852317439965e+52 8.006583786185547e+52 7.313360148081368e+52 6.430094997014304e+52 5.506837655354433e+52 4.827126865409716e+52 4.3054626337341014e+52 3.8911703184437593e+52 3.554790591383768e+52 3.275170218427173e+52 3.0387016011388835e+52 2.8358007866357345e+52 
# SN_energy_per_final_crossing_time_list
0.0 0.0 1.0841041244596947e+54 3.640236638416558e+55 1.0540570474645757e+56 1.6707486393528012e+56 2.019954136651801e+56 1.8207719539618406e+56 1.343264752100977e+56 9.591180176311247e+55 6.813144708960602e+55 4.8567783394463406e+55 3.486755000055368e+55 2.527255054800846e+55 1.853956907993021e+55 1.3800949916980322e+55 5.9519941480461356e+54 1.962723058321624e+54 1.2810609978058708e+54 9.554642330484788e+53 7.627687221964909e+53 6.350828386442879e+53 5.441101412660622e+53 4.7600239956627275e+53 4.230838500331317e+53 3.982452669951716e+53 3.9418920842071375e+53 3.90210738076516e+53 3.862426773886562e+53 3.823917708340802e+53 3.7858715603531834e+53 3.7481820524695467e+53 3.7115586143136743e+53 3.658295159323006e+53 3.461494323757806e+53 3.0511604651970236e+53 2.629401565102321e+53 2.3101392144133354e+53 2.0602890965491417e+53 1.816693451911666e+53 1.5891506416004137e+53 1.4123138876910756e+53 1.3141641534994234e+53 1.2493912717985692e+53 1.1552484975917093e+53 1.0590174329343981e+53 9.900119442168346e+52 9.526454927964897e+52 8.972617608630588e+52 8.11616332685978e+52 7.01339710737107e+52 5.920604209990404e+52 5.124190050120693e+52 4.516756707266435e+52 4.036406234479659e+52 3.6516847525870107e+52 3.331713813093365e+52 3.063651337952909e+52 2.8358007866357345e+52 
# total_energy_release_list
0 0 2.56296523546485e+53 8.862296392587601e+54 3.378159618950364e+55 7.328029915768546e+55 1.2128613703521336e+56 1.726126916274888e+56 2.2343525836174515e+56 2.7137483526388734e+56 3.154376772528521e+56 3.5541087435832617e+56 3.914709356079693e+56 4.239645626151118e+56 4.532927169318469e+56 4.798521636548539e+56 5.813612909499246e+56 7.0509826053497344e+56 7.858608546513575e+56 8.460966827489904e+56 8.941843076325351e+56 9.342221650144693e+56 9.685247833667128e+56 9.985336499705976e+56 1.0252063449600994e+57 1.0277170232894054e+57 1.0302021307978901e+57 1.0326621566290645e+57 1.0350971664090668e+57 1.037507898718786e+57 1.039894645397744e+57 1.0422576312844141e+57 1.0445975284666748e+57 1.049210164517829e+57 1.0710326430402904e+57 1.1095038219547558e+57 1.1426571677728014e+57 1.1717850291385845e+57 1.1977626043441373e+57 1.2321218291137453e+57 1.2621775239972485e+57 1.2888886954727412e+57 1.2971736488288387e+57 1.3129268534536993e+57 1.3347761328418852e+57 1.3548053887269863e+57 1.3672881562077071e+57 1.3732939686868397e+57 1.3959205844476354e+57 1.4215041595339166e+57 1.4657190833298764e+57 1.503044656082008e+57 1.5353493536648643e+57 1.5638245776624884e+57 1.5892715032157962e+57 1.6122930091409072e+57 1.633297305646669e+57 1.6526116419620345e+57 1.670489528207752e+57 
# binding_energy_list
8.669618757582214e+54 8.669618757582214e+54 8.669618757582214e+54 8.669618757582214e+54 8.669618757582214e+54 8.669618757582214e+54 8.649679187756885e+54 8.649679187756885e+54 8.629785477669702e+54 8.629785477669702e+54 8.629785477669702e+54 8.609937521846052e+54 8.609937521846052e+54 8.590135215053907e+54 8.590135215053907e+54 8.590135215053907e+54 8.550667128846876e+54 8.491804750363178e+54 8.452788451602891e+54 8.413951416451895e+54 8.375292821268861e+54 8.336811846196331e+54 8.317637711026743e+54 8.279421637123327e+54 8.260379495771817e+54 8.260379495771817e+54 8.260379495771817e+54 8.241381150129963e+54 8.241381150129963e+54 8.241381150129963e+54 8.241381150129963e+54 8.241381150129963e+54 8.241381150129963e+54 8.241381150129963e+54 8.20351544329821e+54 8.165823713585906e+54 8.128305161640929e+54 8.090958991783846e+54 8.072350302488317e+54 8.016780633876855e+54 7.979946872679785e+54 7.94328234724279e+54 7.94328234724279e+54 7.90678627999831e+54 7.888601176185516e+54 7.852356346100775e+54 7.834296427662088e+54 7.834296427662088e+54 7.798301105232642e+54 7.780365510398008e+54 7.72680585095699e+54 7.673614893618154e+54 7.638357835776954e+54 7.603262769401822e+54 7.568328950209705e+54 7.533555637337217e+54 7.498942093324558e+54 7.464487584100623e+54 7.447319739059888e+54 
# total_gas_kinetic_energy_list
7.971549577055461e+57 2.5431633653343306e+59 3.871316975398733e+59 2.9884766562173335e+59 2.1233350729225663e+59 1.4759192842705492e+59 1.0202394283378716e+59 7.043249444953078e+58 4.861080124472703e+58 3.3550508399456926e+58 2.315861426272527e+58 1.5988223778282754e+58 1.1040605146635882e+58 7.626619594790198e+57 5.2707904501724235e+57 3.645060128743667e+57 3.6826660759375916e+57 3.744391482037459e+57 3.794896687312872e+57 3.8375169432774224e+57 3.8746201901868584e+57 3.907661583250401e+57 3.937951127575365e+57 3.9661481763419006e+57 3.99258009919076e+57 3.9951616633812855e+57 3.997699350713814e+57 4.000203782546515e+57 4.002690631462618e+57 4.005171568820106e+57 4.007654598281507e+57 4.0101456212315204e+57 4.012639595349379e+57 4.0175214917339305e+57 4.041093211313362e+57 4.084920144289048e+57 4.124569611030029e+57 4.161338643844906e+57 4.1952035580911324e+57 4.240867671496599e+57 4.282105158983124e+57 4.31958226594141e+57 4.331731405989213e+57 4.354082785645942e+57 4.386027003962254e+57 4.4140282276600624e+57 4.431839682221587e+57 4.43975909422959e+57 4.471662295462654e+57 4.505300419382689e+57 4.56326167985952e+57 4.610287743706134e+57 4.6522455249010506e+57 4.691517363962595e+57 4.729224039098237e+57 4.7620478190123145e+57 4.795118915354834e+57 4.825460958120841e+57 4.853319529945877e+57 
