# time_axis
5.999999999999999 7.0 7.30102999566398 7.477121254719661 7.602059991327962 7.698970004336018 7.778151250383643 7.845098040014256 7.903089986991943 7.954242509439324 8.0 8.041392685158224 8.079181246047623 8.113943352306837 8.146128035678238 8.176091259055681 8.301029995663981 8.47712125471966 8.60205999132796 8.698970004336019 8.778151250383644 8.845098040014257 8.903089986991942 8.954242509439323 8.999999999999998 9.004321373782641 9.008600171761916 9.012837224705171 9.017033339298779 9.021189299069936 9.02530586526477 9.02938377768521 9.033423755486949 9.041392685158224 9.079181246047623 9.146128035678236 9.204119982655923 9.255272505103305 9.301029995663981 9.361727836017593 9.414973347970816 9.462397997898954 9.477121254719663 9.505149978319904 9.544068044350274 9.57978359661681 9.60205999132796 9.612783856719734 9.653212513775342 9.698970004336017 9.778151250383642 9.845098040014257 9.903089986991944 9.954242509439325 10.0 10.041392685158225 10.079181246047623 10.113943352306835 10.146128035678236 
# total_gas_mass_list
9.141744852470868 10.648460129959794 10.830976686434147 10.718574401175685 10.57014576244241 10.41219277809244 10.251835714647248 10.090910306141074 9.92987353146363 9.768842651008592 9.607857297991623 9.446943279532803 9.286129712129553 9.125455668523031 8.964975471184152 8.804764859476462 8.808989237682342 8.815693719976867 8.821072947699287 8.82568334458313 8.829752137034392 8.83339095144728 8.836693653843025 8.839725631258986 8.842531649504256 8.842803921651122 8.843071254251589 8.843334797525262 8.84359620925086 8.843856710014887 8.84411715104294 8.844378147428776 8.844639166349598 8.845149261394363 8.847598229369423 8.852085949386568 8.856068678795916 8.859697777219067 8.862990944982174 8.867374079654757 8.871279293913915 8.874785245774437 8.875914084729937 8.87797836581767 8.88090554439695 8.883449618109575 8.885057037558163 8.885769324040046 8.888620245709031 8.891596809293745 8.896649276014005 8.900681296055188 8.904249046776764 8.907558733977988 8.910713130889688 8.913440331138817 8.916166831033374 8.91866001067649 8.920933421723136 
# ejected_gas_mass_list
-10.0 -10.0 3.697947309430769 5.244831427587059 5.884698837470656 6.246131543723171 6.475046926236773 6.637716515956143 6.762531548467298 6.862692944425209 6.945273196253575 7.014495100170096 7.0733342000905886 7.123996385033656 7.168144877831527 7.207033745729005 7.349141604137038 7.510067125227079 7.607642084068104 7.677479754868439 7.731483452406448 7.775043391995372 7.811398468533334 7.842507788052753 7.8696151903356055 7.872166595855798 7.874658757714846 7.877103164241647 7.879515737804098 7.8819080784022155 7.884288191856928 7.88666178686173 7.8890240984214755 7.893607915944232 7.915036388791543 7.952036415531754 7.982712157331154 8.009118072772212 8.031941430139616 8.060815674826223 8.08524357534008 8.106235751238628 8.112819150082712 8.124648697201227 8.14098115252177 8.154778944067383 8.16331639327241 8.167056466965692 8.181770995305365 8.196718150177071 8.2211872948499 8.23996233583104 8.25606225630642 8.270594848186128 8.28410578294626 8.295533573314193 8.30673474828816 8.316790058778878 8.325809252558308 
# stellar_mass_list
-10.0 6.934136541969123 8.45366732945711 8.841118220417627 8.998104347102574 9.079304344411646 9.125631043787958 9.1532916054384 9.170062600141211 9.180146290595607 9.185998112013483 9.189127788549388 9.19049465092296 9.190721400847703 9.190217238352158 9.18925302482845 9.179161321388305 9.165416458976743 9.155423575558174 9.14739914472538 9.140615815328538 9.13469809958567 9.129422012458061 9.124639145827361 9.120254921963417 9.119831499423473 9.119416027388063 9.11900672246925 9.11860101586621 9.118196962923408 9.117793264952207 9.117388955214308 9.116984835195623 9.116195576774427 9.112420064548537 9.105519979215247 9.09935436759901 9.093691038384668 9.088510246826452 9.081467856312742 9.07503074757208 9.069115308664491 9.067185288960822 9.063615240160987 9.05839460052693 9.053634116828954 9.050506676365327 9.049089258947205 9.043205312237356 9.036670407052178 9.024442622159578 9.013786317471101 9.004456977251374 8.995883782805032 8.987787276407827 8.98083376998332 8.973905158527641 8.96763354129674 8.961921263484168 
# remnant_mass_list
-10.0 -10.0 4.805970647077279 6.3354942262521545 6.83433509848619 7.100612910130523 7.268092063183108 7.383645616928142 7.46833561332814 7.5332200432359455 7.584633122292053 7.626481106770479 7.661309640374134 7.6908458019503865 7.716301643414765 7.7385486222543705 7.8183770789295055 7.909837143460057 7.966558657820265 8.00742287380598 8.039224414129654 8.065171506018167 8.087039097529582 8.105921961199021 8.122505487422886 8.124072358803629 8.125603815292909 8.127106848110953 8.128591231140547 8.13006423100558 8.131530728767306 8.132994274953242 8.134451966680196 8.137283595833154 8.150561005564581 8.173745420531459 8.193370488157354 8.21056600400101 8.225648855150709 8.24523249197245 8.26227676012626 8.277271902042301 8.282034124821552 8.29067862604908 8.302956372757121 8.313789894306247 8.320729776378862 8.323828679094817 8.336407847133097 8.34985149556516 8.373643243861963 8.393049593937267 8.409118422931192 8.423190400381142 8.435913121160281 8.4464239048017 8.456541829380896 8.465407212928486 8.473250110897135 
# BH_mass_list
-10.0 -10.0 4.454085513054604 5.974117401589953 6.367935757873241 6.532358404758647 6.620117864250288 6.6721107722906146 6.70472743489416 6.72589548377336 6.739925848194355 6.749351693931237 6.755740683293611 6.760097280898367 6.763080361644268 6.76512904827233 6.766539200921718 6.766539200921718 6.766539200921718 6.766539200921718 6.766539200921718 6.766539200921718 6.766539200921718 6.766539200921718 6.766539200921718 6.766539200921718 6.766539200921718 6.766539200921718 6.766539200921718 6.766539200921718 6.766539200921718 6.766539200921718 6.766539200921718 6.766539200921718 6.766539200921718 6.766539200921718 6.766539200921718 6.766539200921718 6.766539200921718 6.766539200921718 6.766539200921718 6.766539200921718 6.766539200921718 6.766539200921718 6.766539200921718 6.766539200921718 6.766539200921718 6.766539200921718 6.766539200921718 6.766539200921718 6.766539200921718 6.766539200921718 6.766539200921718 6.766539200921718 6.766539200921718 6.766539200921718 6.766539200921718 6.766539200921718 6.766539200921718 
# NS_mass_list
-10.0 -10.0 4.550460087999191 6.087439540624649 6.6527819564177975 6.963711196669132 7.155020221064502 7.269955730467706 7.337167099419044 7.378581117478603 7.405089684131962 7.4224943726019195 7.434113566843543 7.441955969541764 7.447288221228235 7.450931994214882 7.45582841219904 7.45582841219904 7.45582841219904 7.45582841219904 7.45582841219904 7.45582841219904 7.45582841219904 7.45582841219904 7.45582841219904 7.45582841219904 7.45582841219904 7.45582841219904 7.45582841219904 7.45582841219904 7.45582841219904 7.45582841219904 7.45582841219904 7.45582841219904 7.45582841219904 7.45582841219904 7.45582841219904 7.45582841219904 7.45582841219904 7.45582841219904 7.45582841219904 7.45582841219904 7.45582841219904 7.45582841219904 7.45582841219904 7.45582841219904 7.45582841219904 7.45582841219904 7.45582841219904 7.45582841219904 7.45582841219904 7.45582841219904 7.45582841219904 7.45582841219904 7.45582841219904 7.45582841219904 7.45582841219904 7.45582841219904 7.45582841219904 
# WD_mass_list
-10.0 -10.0 -10.0 -10.0 -10.0 3.246616442023455 4.902087696244292 5.940232445583722 6.4144899313923105 6.6907891212306145 6.87605942726356 7.010490808647086 7.113178597830545 7.194543783263455 7.260833713698965 7.316045930244252 7.497159089940294 7.670674925585999 7.764792574898415 7.828128321709727 7.875326754684025 7.9126705785841756 7.943418577079794 7.9694840786413375 7.992032185375774 7.994146806575424 7.996211062933457 7.998234551764493 8.000230559837824 8.002208943510068 8.004176313718833 8.006137468538096 8.008088551060776 8.01187230706254 8.029505614511038 8.059887573497937 8.085226455786668 8.10716313378397 8.12621290932607 8.150695594998634 8.171785642786434 8.190181931988555 8.195994571690722 8.206510325914238 8.221369327263067 8.234408463945895 8.242726910312312 8.2464329226221 8.261424084652779 8.27735534347457 8.305332839725269 8.327960041588813 8.346572070545138 8.36278365499657 8.377373420996497 8.389380119560082 8.400899564504156 8.410962824211438 8.419842576751195 
