# time_axis
1000000 10000000 20000000 30000000 40000000 50000000 60000000 70000000 80000000 90000000 100000000 110000000 120000000 130000000 140000000 150000000 200000000 300000000 400000000 500000000 600000000 700000000 800000000 900000000 1000000000 1010000000 1020000000 1030000000 1040000000 1050000000 1060000000 1070000000 1080000000 1100000000 1200000000 1400000000 1600000000 1800000000 2000000000 2300000000 2600000000 2900000000 3000000000 3200000000 3500000000 3800000000 4000000000 4100000000 4500000000 5000000000 6000000000 7000000000 8000000000 9000000000 10000000000 11000000000 12000000000 13000000000 14000000000 
# SNIa_energy_release_list
0 0.0 0.0 0.0 0.0 0.0 1.6623645660620364e+54 7.492021717999229e+55 2.6427937216834303e+56 4.816939128490674e+56 6.917425154530983e+56 8.835285057594614e+56 1.0553267681931335e+57 1.2089741818532102e+57 1.3472906537224477e+57 1.4729003657171934e+57 1.9704038318205868e+57 2.6227405749549023e+57 3.0638427060842545e+57 3.3976661552987236e+57 3.666342114362335e+57 3.891200582210311e+57 4.084556870438241e+57 4.254159423966614e+57 4.405220987977692e+57 4.419451253277024e+57 4.433540482615551e+57 4.447493921706303e+57 4.461304803900475e+57 4.474979985217304e+57 4.488521512274644e+57 4.501928127764877e+57 4.515205371591428e+57 4.541386529496428e+57 4.6653477304046904e+57 4.884205913422807e+57 5.073112629964203e+57 5.239283359081961e+57 5.387626914035755e+57 5.5840043631756115e+57 5.7559305855086864e+57 5.908825005839198e+57 5.95627018170607e+57 6.046484254159159e+57 6.1716679015258134e+57 6.286474686028241e+57 6.35803432978621e+57 6.392467518724178e+57 6.522235876499008e+57 6.668990738920315e+57 6.922737529062612e+57 7.13704326831376e+57 7.322551223917779e+57 7.4861243491711e+57 7.63229492621189e+57 7.76459432475535e+57 7.885296185908703e+57 7.996302371400382e+57 8.099058079147433e+57 
# SNII_energy_release_list
0 0.0 4.106962829446247e+53 4.6004356125686304e+55 1.6903962725762283e+56 2.790361301225794e+56 3.673205753765226e+56 4.283363673900523e+56 4.605002794665864e+56 4.756309678973655e+56 4.821412138157395e+56 4.847135889106977e+56 4.856548947285316e+56 4.859814881956376e+56 4.860896445331771e+56 4.861337214042805e+56 4.861522811358963e+56 4.861522811358963e+56 4.861522811358963e+56 4.861522811358963e+56 4.861522811358963e+56 4.861522811358963e+56 4.861522811358963e+56 4.861522811358963e+56 4.861522811358963e+56 4.861522811358963e+56 4.861522811358963e+56 4.861522811358963e+56 4.861522811358963e+56 4.861522811358963e+56 4.861522811358963e+56 4.861522811358963e+56 4.861522811358963e+56 4.861522811358963e+56 4.861522811358963e+56 4.861522811358963e+56 4.861522811358963e+56 4.861522811358963e+56 4.861522811358963e+56 4.861522811358963e+56 4.861522811358963e+56 4.861522811358963e+56 4.861522811358963e+56 4.861522811358963e+56 4.861522811358963e+56 4.861522811358963e+56 4.861522811358963e+56 4.861522811358963e+56 4.861522811358963e+56 4.861522811358963e+56 4.861522811358963e+56 4.861522811358963e+56 4.861522811358963e+56 4.861522811358963e+56 4.861522811358963e+56 4.861522811358963e+56 4.861522811358963e+56 4.861522811358963e+56 4.861522811358963e+56 
# SN_energy_per_current_crossing_time_list
0.0 0.0 6.915634657944635e+53 4.7674670297301264e+55 1.279240056667871e+56 1.1583515655254595e+56 9.471864429603555e+55 6.962298330235047e+55 4.363220304563419e+55 2.629120996474068e+55 1.6480982229072298e+55 1.1330414156437791e+55 8.667527087291129e+54 7.221671525775661e+54 6.340206852396042e+54 5.742210631514895e+54 4.671972713134731e+54 3.21084906702347e+54 2.2470061058432784e+54 1.7475913790280277e+54 1.4390783343632228e+54 1.2283411559580752e+54 1.0745773379515889e+54 9.572442932648414e+53 8.64582484818064e+53 8.155359882763642e+53 8.085297830370864e+53 8.01762194397603e+53 7.945858777045815e+53 7.877690093268845e+53 7.810564171358178e+53 7.742579007196747e+53 7.677584248014334e+53 7.588857836236408e+53 7.270614803610668e+53 6.555452584834655e+53 5.763316562118054e+53 5.154007342882195e+53 4.669392361696824e+53 4.202000646709257e+53 3.742313658971435e+53 3.3799085944245392e+53 3.1618354396024598e+53 3.033177938386657e+53 2.8420061111684798e+53 2.6360164014433435e+53 2.4819317380020942e+53 2.3961291740836e+53 2.2865490771118502e+53 2.097028282477951e+53 1.8562220830560436e+53 1.5973748890229105e+53 1.4043336119050704e+53 1.2549182113983242e+53 1.134847923412708e+53 1.0373165263864161e+53 9.552638763808952e+52 8.858881847736506e+52 8.261597534214259e+52 
# SN_energy_per_final_crossing_time_list
0.0 0.0 8.805369480369449e+53 9.775326379853186e+55 2.6378885478742162e+56 2.358336049038585e+56 1.8941639044938242e+56 1.3670842867778317e+56 8.418429720015948e+55 4.992055849558366e+55 3.0846019134795304e+55 2.0934863715951082e+55 1.5830813998221459e+55 1.3053529490240672e+55 1.1352584610823584e+55 1.0193569321302578e+55 8.007851592690798e+54 5.244811939617363e+54 3.546477717661753e+54 2.683953081888272e+54 2.1601648118337663e+54 1.8078705351268125e+54 1.5545918266467198e+54 1.3636109066326837e+54 1.2145406538589491e+54 1.1441186799821938e+54 1.1327793357104984e+54 1.1218617487383027e+54 1.1104001206585888e+54 1.0994897191031844e+54 1.0887438663921663e+54 1.0778969256766218e+54 1.0674953952790472e+54 1.0524874692278137e+54 9.96652715665123e+53 8.798140097560286e+53 7.594085515019219e+53 6.680094546753832e+53 5.963438794269726e+53 5.262940246533794e+53 4.607644303938723e+53 4.097589625246896e+53 3.8146099768682932e+53 3.626622670754981e+53 3.3549374371629386e+53 3.0768362119962363e+53 2.876711130613872e+53 2.7684413358847546e+53 2.6083561879857996e+53 2.3598292223306564e+53 2.040133732439272e+53 1.7230262004750162e+53 1.4914909372897572e+53 1.3151340766229486e+53 1.1752169347395086e+53 1.0636921381294576e+53 9.70447501499699e+52 8.92493904667654e+52 8.261597534214259e+52 
# total_energy_release_list
0 0 4.106962829446247e+53 4.6004356125686304e+55 1.6903962725762283e+56 2.790361301225794e+56 3.6898293994258467e+56 5.032565845700446e+56 7.247796516349295e+56 9.573248807464329e+56 1.1738837292688378e+57 1.3682420946701591e+57 1.540981662921665e+57 1.6949556700488478e+57 1.8333802982556247e+57 1.9590340871214737e+57 2.456556112956483e+57 3.1088928560907986e+57 3.549994987220151e+57 3.88381843643462e+57 4.152494395498231e+57 4.377352863346207e+57 4.5707091515741376e+57 4.74031170510251e+57 4.891373269113588e+57 4.90560353441292e+57 4.9196927637514474e+57 4.9336462028421996e+57 4.9474570850363715e+57 4.9611322663532004e+57 4.9746737934105404e+57 4.9880804089007734e+57 5.0013576527273246e+57 5.027538810632324e+57 5.151500011540587e+57 5.3703581945587036e+57 5.5592649111000995e+57 5.7254356402178574e+57 5.873779195171651e+57 6.070156644311508e+57 6.242082866644583e+57 6.394977286975095e+57 6.442422462841966e+57 6.532636535295055e+57 6.65782018266171e+57 6.772626967164138e+57 6.844186610922106e+57 6.878619799860075e+57 7.008388157634904e+57 7.155143020056212e+57 7.408889810198508e+57 7.623195549449657e+57 7.808703505053675e+57 7.972276630306997e+57 8.118447207347786e+57 8.250746605891246e+57 8.3714484670446e+57 8.482454652536278e+57 8.58521036028333e+57 
# binding_energy_list
7.244359600749891e+54 7.244359600749891e+54 7.244359600749891e+54 7.211074791828947e+54 7.161434102128968e+54 7.095777679633873e+54 7.046930689671452e+54 7.014552984199657e+54 6.982324040771733e+54 6.950243175887948e+54 6.91830970918942e+54 6.902398038402398e+54 6.870684400142374e+54 6.854882264526593e+54 6.839116472814306e+54 6.823386941416746e+54 6.745280276979229e+54 6.622165037017589e+54 6.546361740672787e+54 6.471426157485831e+54 6.412095765851648e+54 6.367955209079188e+54 6.324118513762223e+54 6.280583588133205e+54 6.237348354824216e+54 6.237348354824216e+54 6.237348354824216e+54 6.237348354824216e+54 6.22300285169155e+54 6.22300285169155e+54 6.22300285169155e+54 6.22300285169155e+54 6.208690342300624e+54 6.208690342300624e+54 6.180164001384114e+54 6.1235039172477214e+54 6.0673632958850715e+54 6.025595860743593e+54 5.984115950603211e+54 5.942921586155739e+54 5.888436553555932e+54 5.8479008414448476e+54 5.834451042737424e+54 5.8210321777087214e+54 5.780960474057187e+54 5.754399373371543e+54 5.74116462207328e+54 5.727960309858327e+54 5.701642722807478e+54 5.6623928903825345e+54 5.610479760324735e+54 5.571857489319327e+54 5.533501092157394e+54 5.495408738576271e+54 5.47015962893971e+54 5.445026528424176e+54 5.4200089040162604e+54 5.407543229455771e+54 5.382697825162903e+54 
# total_gas_kinetic_energy_list
2.3295382953416163e+57 1.0392733993267531e+59 2.204908802043042e+59 1.2781151946224084e+59 6.658015725647468e+58 3.17613769665326e+58 1.4197897214794705e+58 6.050035993061886e+57 2.4886190358376614e+57 9.983855508642415e+56 3.9502927165379e+56 1.5675437023258202e+56 6.433212955964034e+55 2.883742727140694e+55 1.518133058491087e+55 9.797319082435474e+54 3.087704477654774e+55 6.092610129244527e+55 8.32205545607723e+55 1.0085543282634902e+56 1.1550974902943704e+56 1.280281390222824e+56 1.3908742250453027e+56 1.490875976255511e+56 1.5817895937374765e+56 1.5904708252963972e+56 1.5993492112520673e+56 1.6076874061462766e+56 1.6160481037910803e+56 1.624290987413585e+56 1.6326092364429949e+56 1.6409640509018829e+56 1.6493237341647496e+56 1.6664071389731312e+56 1.7427102073247016e+56 1.8822839603151422e+56 2.0039026994881185e+56 2.113655038527629e+56 2.2116011054214255e+56 2.3402790663404794e+56 2.4521928641989964e+56 2.553343717453384e+56 2.584795142606617e+56 2.6430144693960847e+56 2.7254580842739114e+56 2.797038647289737e+56 2.8405908388792204e+56 2.860292856497205e+56 2.9382051676110027e+56 3.0196443585970154e+56 3.1562437932622033e+56 3.2610064448998814e+56 3.348194352792747e+56 3.4233911358443424e+56 3.4906361795212065e+56 3.5465480747931024e+56 3.598652005672823e+56 3.646247942689979e+56 3.6887210625107243e+56 
